      0.000E+00      0.160E+02      0.226E+01      0.249E+10     -0.990E+02     -0.990E+02
      0.100E-03      0.160E+02      0.226E+01      0.249E+10     -0.990E+02     -0.990E+02
      0.140E-03      0.160E+02      0.226E+01      0.249E+10     -0.990E+02     -0.990E+02
      0.160E-03      0.160E+02      0.226E+01      0.249E+10     -0.990E+02     -0.990E+02
      0.180E-03      0.160E+02      0.226E+01      0.249E+10     -0.990E+02     -0.990E+02
      0.200E-03      0.160E+02      0.226E+01      0.249E+10     -0.990E+02     -0.990E+02
      0.220E-03      0.160E+02      0.226E+01      0.249E+10     -0.990E+02     -0.990E+02
      0.250E-03      0.160E+02      0.226E+01      0.249E+10     -0.990E+02     -0.990E+02
      0.280E-03      0.160E+02      0.226E+01      0.249E+10     -0.990E+02     -0.990E+02
      0.320E-03      0.160E+02      0.226E+01      0.249E+10     -0.990E+02     -0.990E+02
      0.350E-03      0.160E+02      0.226E+01      0.249E+10     -0.990E+02     -0.990E+02
      0.400E-03      0.160E+02      0.226E+01      0.249E+10     -0.990E+02     -0.990E+02
      0.450E-03      0.160E+02      0.226E+01      0.249E+10     -0.990E+02     -0.990E+02
      0.500E-03      0.160E+02      0.226E+01      0.249E+10     -0.990E+02     -0.990E+02
      0.560E-03      0.160E+02      0.226E+01      0.249E+10     -0.990E+02     -0.990E+02
      0.630E-03      0.160E+02      0.226E+01      0.249E+10     -0.990E+02     -0.990E+02
      0.710E-03      0.160E+02      0.226E+01      0.249E+10     -0.990E+02     -0.990E+02
      0.790E-03      0.160E+02      0.226E+01      0.249E+10     -0.990E+02     -0.990E+02
      0.890E-03      0.160E+02      0.226E+01      0.249E+10     -0.990E+02     -0.990E+02
      0.100E-02      0.160E+02      0.226E+01      0.249E+10     -0.990E+02     -0.990E+02
      0.105E-02      0.160E+02      0.226E+01      0.249E+10     -0.990E+02     -0.990E+02
      0.110E-02      0.160E+02      0.226E+01      0.249E+10     -0.990E+02     -0.990E+02
      0.115E-02      0.160E+02      0.226E+01      0.249E+10     -0.990E+02     -0.990E+02
      0.120E-02      0.160E+02      0.226E+01      0.249E+10     -0.990E+02     -0.990E+02
      0.126E-02      0.160E+02      0.226E+01      0.249E+10     -0.990E+02     -0.990E+02
      0.132E-02      0.160E+02      0.226E+01      0.249E+10     -0.990E+02     -0.990E+02
      0.138E-02      0.160E+02      0.226E+01      0.249E+10     -0.990E+02     -0.990E+02
      0.145E-02      0.160E+02      0.226E+01      0.249E+10     -0.990E+02     -0.990E+02
      0.151E-02      0.160E+02      0.226E+01      0.249E+10     -0.990E+02     -0.990E+02
      0.158E-02      0.160E+02      0.226E+01      0.249E+10     -0.990E+02     -0.990E+02
      0.166E-02      0.160E+02      0.226E+01      0.249E+10     -0.990E+02     -0.990E+02
      0.174E-02      0.160E+02      0.226E+01      0.249E+10     -0.990E+02     -0.990E+02
      0.182E-02      0.160E+02      0.226E+01      0.249E+10     -0.990E+02     -0.990E+02
      0.191E-02      0.160E+02      0.226E+01      0.249E+10     -0.990E+02     -0.990E+02
      0.200E-02      0.160E+02      0.226E+01      0.249E+10     -0.990E+02     -0.990E+02
      0.209E-02      0.160E+02      0.226E+01      0.249E+10     -0.990E+02     -0.990E+02
      0.219E-02      0.160E+02      0.226E+01      0.249E+10     -0.990E+02     -0.990E+02
      0.229E-02      0.160E+02      0.226E+01      0.249E+10     -0.990E+02     -0.990E+02
      0.240E-02      0.160E+02      0.226E+01      0.249E+10     -0.990E+02     -0.990E+02
      0.251E-02      0.160E+02      0.226E+01      0.249E+10     -0.990E+02     -0.990E+02
      0.263E-02      0.160E+02      0.226E+01      0.249E+10     -0.990E+02     -0.990E+02
      0.275E-02      0.160E+02      0.226E+01      0.249E+10     -0.990E+02     -0.990E+02
      0.288E-02      0.160E+02      0.226E+01      0.249E+10     -0.990E+02     -0.990E+02
      0.302E-02      0.160E+02      0.226E+01      0.249E+10     -0.990E+02     -0.990E+02
      0.316E-02      0.160E+02      0.226E+01      0.249E+10     -0.990E+02     -0.990E+02
      0.331E-02      0.160E+02      0.226E+01      0.249E+10     -0.990E+02     -0.990E+02
      0.347E-02      0.160E+02      0.226E+01      0.249E+10     -0.990E+02     -0.990E+02
      0.363E-02      0.160E+02      0.226E+01      0.249E+10     -0.990E+02     -0.990E+02
      0.380E-02      0.160E+02      0.226E+01      0.249E+10     -0.990E+02     -0.990E+02
      0.398E-02      0.160E+02      0.226E+01      0.249E+10     -0.990E+02     -0.990E+02
      0.417E-02      0.160E+02      0.226E+01      0.249E+10     -0.990E+02     -0.990E+02
      0.437E-02      0.160E+02      0.226E+01      0.249E+10     -0.990E+02     -0.990E+02
      0.457E-02      0.160E+02      0.226E+01      0.249E+10     -0.990E+02     -0.990E+02
      0.479E-02      0.160E+02      0.226E+01      0.249E+10     -0.990E+02     -0.990E+02
      0.501E-02      0.160E+02      0.226E+01      0.249E+10     -0.990E+02     -0.990E+02
      0.525E-02      0.160E+02      0.226E+01      0.249E+10     -0.990E+02     -0.990E+02
      0.550E-02      0.160E+02      0.226E+01      0.249E+10     -0.990E+02     -0.990E+02
      0.575E-02      0.160E+02      0.226E+01      0.249E+10     -0.990E+02     -0.990E+02
      0.603E-02      0.160E+02      0.226E+01      0.249E+10     -0.990E+02     -0.990E+02
      0.631E-02      0.160E+02      0.226E+01      0.249E+10     -0.990E+02     -0.990E+02
      0.661E-02      0.160E+02      0.226E+01      0.249E+10     -0.990E+02     -0.990E+02
      0.692E-02      0.160E+02      0.226E+01      0.249E+10     -0.990E+02     -0.990E+02
      0.724E-02      0.160E+02      0.226E+01      0.249E+10     -0.990E+02     -0.990E+02
      0.759E-02      0.160E+02      0.226E+01      0.249E+10     -0.990E+02     -0.990E+02
      0.794E-02      0.160E+02      0.226E+01      0.249E+10     -0.990E+02     -0.990E+02
      0.832E-02      0.160E+02      0.226E+01      0.249E+10     -0.990E+02     -0.990E+02
      0.871E-02      0.160E+02      0.226E+01      0.249E+10     -0.990E+02     -0.990E+02
      0.912E-02      0.160E+02      0.226E+01      0.249E+10     -0.990E+02     -0.990E+02
      0.955E-02      0.160E+02      0.226E+01      0.249E+10     -0.990E+02     -0.990E+02
      0.100E-01      0.160E+02      0.226E+01      0.249E+10     -0.796E+00      0.570E+00
      0.105E-01      0.702E+01      0.348E+01      0.232E+10     -0.796E+00      0.569E+00
      0.110E-01      0.699E+01      0.347E+01      0.232E+10     -0.796E+00      0.569E+00
      0.115E-01      0.697E+01      0.345E+01      0.232E+10     -0.797E+00      0.568E+00
      0.120E-01      0.697E+01      0.345E+01      0.231E+10     -0.797E+00      0.568E+00
      0.126E-01      0.698E+01      0.345E+01      0.231E+10     -0.797E+00      0.568E+00
      0.132E-01      0.701E+01      0.347E+01      0.231E+10     -0.797E+00      0.568E+00
      0.138E-01      0.700E+01      0.345E+01      0.230E+10     -0.798E+00      0.567E+00
      0.144E-01      0.695E+01      0.343E+01      0.230E+10     -0.798E+00      0.567E+00
      0.151E-01      0.696E+01      0.343E+01      0.230E+10     -0.798E+00      0.567E+00
      0.159E-01      0.699E+01      0.344E+01      0.229E+10     -0.798E+00      0.566E+00
      0.166E-01      0.698E+01      0.343E+01      0.229E+10     -0.799E+00      0.566E+00
      0.174E-01      0.699E+01      0.343E+01      0.228E+10     -0.799E+00      0.565E+00
      0.182E-01      0.702E+01      0.344E+01      0.228E+10     -0.799E+00      0.565E+00
      0.191E-01      0.701E+01      0.344E+01      0.227E+10     -0.800E+00      0.564E+00
      0.200E-01      0.698E+01      0.342E+01      0.227E+10     -0.800E+00      0.564E+00
      0.209E-01      0.697E+01      0.341E+01      0.226E+10     -0.800E+00      0.563E+00
      0.219E-01      0.698E+01      0.341E+01      0.226E+10     -0.801E+00      0.562E+00
      0.229E-01      0.699E+01      0.341E+01      0.225E+10     -0.801E+00      0.562E+00
      0.240E-01      0.699E+01      0.340E+01      0.224E+10     -0.802E+00      0.562E+00
      0.251E-01      0.700E+01      0.341E+01      0.224E+10     -0.802E+00      0.561E+00
      0.263E-01      0.699E+01      0.340E+01      0.223E+10     -0.803E+00      0.561E+00
      0.275E-01      0.698E+01      0.339E+01      0.222E+10     -0.803E+00      0.560E+00
      0.290E-01      0.698E+01      0.338E+01      0.222E+10     -0.804E+00      0.559E+00
      0.300E-01      0.699E+01      0.338E+01      0.221E+10     -0.804E+00      0.559E+00
      0.310E-01      0.699E+01      0.338E+01      0.220E+10     -0.804E+00      0.558E+00
      0.320E-01      0.699E+01      0.337E+01      0.220E+10     -0.805E+00      0.558E+00
      0.330E-01      0.699E+01      0.337E+01      0.219E+10     -0.805E+00      0.558E+00
      0.340E-01      0.699E+01      0.337E+01      0.219E+10     -0.806E+00      0.557E+00
      0.350E-01      0.699E+01      0.336E+01      0.218E+10     -0.806E+00      0.557E+00
      0.360E-01      0.699E+01      0.336E+01      0.217E+10     -0.806E+00      0.557E+00
      0.370E-01      0.698E+01      0.335E+01      0.217E+10     -0.807E+00      0.556E+00
      0.380E-01      0.699E+01      0.336E+01      0.216E+10     -0.807E+00      0.556E+00
      0.390E-01      0.699E+01      0.335E+01      0.216E+10     -0.808E+00      0.556E+00
      0.400E-01      0.699E+01      0.335E+01      0.215E+10     -0.808E+00      0.555E+00
      0.425E-01      0.699E+01      0.334E+01      0.214E+10     -0.809E+00      0.555E+00
      0.450E-01      0.699E+01      0.333E+01      0.213E+10     -0.810E+00      0.554E+00
      0.475E-01      0.699E+01      0.332E+01      0.211E+10     -0.811E+00      0.554E+00
      0.500E-01      0.698E+01      0.331E+01      0.210E+10     -0.812E+00      0.553E+00
      0.525E-01      0.698E+01      0.330E+01      0.209E+10     -0.814E+00      0.553E+00
      0.550E-01      0.698E+01      0.330E+01      0.207E+10     -0.816E+00      0.553E+00
      0.571E-01      0.699E+01      0.329E+01      0.206E+10     -0.817E+00      0.553E+00
      0.640E-01      0.700E+01      0.328E+01      0.203E+10     -0.823E+00      0.554E+00
      0.719E-01      0.701E+01      0.326E+01      0.199E+10     -0.831E+00      0.554E+00
      0.806E-01      0.703E+01      0.324E+01      0.195E+10     -0.843E+00      0.556E+00
      0.905E-01      0.706E+01      0.322E+01      0.190E+10     -0.857E+00      0.558E+00
      0.102E+00      0.708E+01      0.318E+01      0.184E+10     -0.875E+00      0.559E+00
      0.114E+00      0.709E+01      0.312E+01      0.178E+10     -0.897E+00      0.560E+00
      0.128E+00      0.710E+01      0.307E+01      0.171E+10     -0.921E+00      0.563E+00
      0.143E+00      0.708E+01      0.300E+01      0.163E+10     -0.947E+00      0.567E+00
      0.161E+00      0.695E+01      0.284E+01      0.154E+10     -0.968E+00      0.554E+00
      0.181E+00      0.680E+01      0.267E+01      0.145E+10     -0.994E+00      0.542E+00
      0.203E+00      0.664E+01      0.250E+01      0.135E+10     -0.102E+01      0.534E+00
      0.227E+00      0.645E+01      0.235E+01      0.123E+10     -0.106E+01      0.535E+00
      0.255E+00      0.624E+01      0.222E+01      0.111E+10     -0.110E+01      0.547E+00
      0.286E+00      0.600E+01      0.214E+01      0.982E+09     -0.115E+01      0.582E+00
      0.321E+00      0.568E+01      0.208E+01      0.842E+09     -0.120E+01      0.622E+00
      0.360E+00      0.486E+01      0.189E+01      0.695E+09     -0.121E+01      0.652E+00
      0.404E+00      0.390E+01      0.165E+01      0.555E+09     -0.121E+01      0.695E+00
      0.453E+00      0.304E+01      0.133E+01      0.430E+09     -0.119E+01      0.681E+00
      0.509E+00      0.208E+01      0.104E+01      0.321E+09     -0.114E+01      0.711E+00
      0.571E+00      0.105E+01      0.841E+00      0.238E+09     -0.102E+01      0.104E+01
      0.641E+00      0.664E+00      0.700E+00      0.192E+09     -0.102E+01      0.140E+01
      0.719E+00      0.548E+00      0.589E+00      0.159E+09     -0.104E+01      0.144E+01
      0.806E+00      0.457E+00      0.513E+00      0.128E+09     -0.102E+01      0.146E+01
      0.905E+00      0.373E+00      0.439E+00      0.100E+09     -0.978E+00      0.149E+01
      0.102E+01      0.280E+00      0.402E+00      0.748E+08     -0.913E+00      0.164E+01
      0.114E+01      0.199E+00      0.414E+00      0.535E+08     -0.743E+00      0.219E+01
      0.128E+01      0.165E+00      0.456E+00      0.367E+08     -0.780E+00      0.312E+01
      0.143E+01      0.101E+00      0.276E+00      0.213E+08     -0.835E+00      0.310E+01
      0.161E+01      0.570E-01      0.178E+00      0.107E+08     -0.879E+00      0.356E+01
      0.168E+01      0.450E-01      0.152E+00      0.639E+07     -0.885E+00      0.385E+01
      0.170E+01      0.416E-01      0.148E+00      0.512E+07     -0.888E+00      0.407E+01
      0.180E+01      0.277E-01      0.115E+00      0.358E+07     -0.928E+00      0.491E+01
      0.190E+01      0.173E-01      0.685E-01      0.187E+07     -0.103E+01      0.512E+01
      0.200E+01      0.768E-02      0.407E-01      0.812E+06     -0.133E+01      0.884E+01
      0.210E+01      0.445E-02      0.234E-01      0.345E+06     -0.133E+01      0.882E+01
      0.220E+01      0.122E-02      0.615E-02      0.755E+05     -0.137E+01      0.873E+01
      0.230E+01      0.226E-04      0.176E-03      0.200E+04     -0.233E+01      0.251E+02
      0.240E+01      0.104E-04      0.810E-04      0.629E+03     -0.233E+01      0.251E+02
      0.250E+01      0.000E+00      0.000E+00      0.000E+00     -0.990E+02     -0.990E+02
      0.260E+01      0.000E+00      0.000E+00      0.000E+00     -0.990E+02     -0.990E+02
      0.275E+01      0.000E+00      0.000E+00      0.000E+00     -0.990E+02     -0.990E+02
      0.300E+01      0.000E+00      0.000E+00      0.000E+00     -0.990E+02     -0.990E+02
      0.325E+01      0.000E+00      0.000E+00      0.000E+00     -0.990E+02     -0.990E+02
      0.350E+01      0.000E+00      0.000E+00      0.000E+00     -0.990E+02     -0.990E+02
      0.375E+01      0.000E+00      0.000E+00      0.000E+00     -0.990E+02     -0.990E+02
      0.400E+01      0.000E+00      0.000E+00      0.000E+00     -0.990E+02     -0.990E+02
      0.425E+01      0.000E+00      0.000E+00      0.000E+00     -0.990E+02     -0.990E+02
      0.450E+01      0.000E+00      0.000E+00      0.000E+00     -0.990E+02     -0.990E+02
      0.475E+01      0.000E+00      0.000E+00      0.000E+00     -0.990E+02     -0.990E+02
      0.500E+01      0.000E+00      0.000E+00      0.000E+00     -0.990E+02     -0.990E+02
      0.525E+01      0.000E+00      0.000E+00      0.000E+00     -0.990E+02     -0.990E+02
      0.550E+01      0.000E+00      0.000E+00      0.000E+00     -0.990E+02     -0.990E+02
      0.575E+01      0.000E+00      0.000E+00      0.000E+00     -0.990E+02     -0.990E+02
      0.600E+01      0.000E+00      0.000E+00      0.000E+00     -0.990E+02     -0.990E+02
      0.625E+01      0.000E+00      0.000E+00      0.000E+00     -0.990E+02     -0.990E+02
      0.650E+01      0.000E+00      0.000E+00      0.000E+00     -0.990E+02     -0.990E+02
      0.675E+01      0.000E+00      0.000E+00      0.000E+00     -0.990E+02     -0.990E+02
      0.700E+01      0.000E+00      0.000E+00      0.000E+00     -0.990E+02     -0.990E+02
      0.725E+01      0.000E+00      0.000E+00      0.000E+00     -0.990E+02     -0.990E+02
      0.750E+01      0.000E+00      0.000E+00      0.000E+00     -0.990E+02     -0.990E+02
      0.775E+01      0.000E+00      0.000E+00      0.000E+00     -0.990E+02     -0.990E+02
      0.800E+01      0.000E+00      0.000E+00      0.000E+00     -0.990E+02     -0.990E+02
      0.825E+01      0.000E+00      0.000E+00      0.000E+00     -0.990E+02     -0.990E+02
      0.850E+01      0.000E+00      0.000E+00      0.000E+00     -0.990E+02     -0.990E+02
      0.875E+01      0.000E+00      0.000E+00      0.000E+00     -0.990E+02     -0.990E+02
      0.900E+01      0.000E+00      0.000E+00      0.000E+00     -0.990E+02     -0.990E+02
      0.925E+01      0.000E+00      0.000E+00      0.000E+00     -0.990E+02     -0.990E+02
      0.950E+01      0.000E+00      0.000E+00      0.000E+00     -0.990E+02     -0.990E+02
      0.975E+01      0.000E+00      0.000E+00      0.000E+00     -0.990E+02     -0.990E+02
      0.100E+02      0.000E+00      0.000E+00      0.000E+00     -0.990E+02     -0.990E+02
      0.102E+02      0.000E+00      0.000E+00      0.000E+00     -0.990E+02     -0.990E+02
      0.105E+02      0.000E+00      0.000E+00      0.000E+00     -0.990E+02     -0.990E+02
      0.108E+02      0.000E+00      0.000E+00      0.000E+00     -0.990E+02     -0.990E+02
      0.110E+02      0.000E+00      0.000E+00      0.000E+00     -0.990E+02     -0.990E+02
      0.112E+02      0.000E+00      0.000E+00      0.000E+00     -0.990E+02     -0.990E+02
      0.115E+02      0.000E+00      0.000E+00      0.000E+00     -0.990E+02     -0.990E+02
      0.118E+02      0.000E+00      0.000E+00      0.000E+00     -0.990E+02     -0.990E+02
      0.120E+02      0.000E+00      0.000E+00      0.000E+00     -0.990E+02     -0.990E+02
      0.122E+02      0.000E+00      0.000E+00      0.000E+00     -0.990E+02     -0.990E+02
      0.125E+02      0.000E+00      0.000E+00      0.000E+00     -0.990E+02     -0.990E+02
      0.128E+02      0.000E+00      0.000E+00      0.000E+00     -0.990E+02     -0.990E+02
      0.130E+02      0.000E+00      0.000E+00      0.000E+00     -0.990E+02     -0.990E+02
      0.132E+02      0.000E+00      0.000E+00      0.000E+00     -0.990E+02     -0.990E+02
      0.135E+02      0.000E+00      0.000E+00      0.000E+00     -0.990E+02     -0.990E+02
      0.138E+02      0.000E+00      0.000E+00      0.000E+00     -0.990E+02     -0.990E+02
      0.140E+02      0.000E+00      0.000E+00      0.000E+00     -0.990E+02     -0.990E+02
      0.142E+02      0.000E+00      0.000E+00      0.000E+00     -0.990E+02     -0.990E+02
      0.145E+02      0.000E+00      0.000E+00      0.000E+00     -0.990E+02     -0.990E+02
      0.148E+02      0.000E+00      0.000E+00      0.000E+00     -0.990E+02     -0.990E+02
      0.150E+02      0.000E+00      0.000E+00      0.000E+00     -0.990E+02     -0.990E+02
      0.152E+02      0.000E+00      0.000E+00      0.000E+00     -0.990E+02     -0.990E+02
      0.155E+02      0.000E+00      0.000E+00      0.000E+00     -0.990E+02     -0.990E+02
      0.158E+02      0.000E+00      0.000E+00      0.000E+00     -0.990E+02     -0.990E+02
      0.160E+02      0.000E+00      0.000E+00      0.000E+00     -0.990E+02     -0.990E+02
      0.162E+02      0.000E+00      0.000E+00      0.000E+00     -0.990E+02     -0.990E+02
      0.165E+02      0.000E+00      0.000E+00      0.000E+00     -0.990E+02     -0.990E+02
      0.168E+02      0.000E+00      0.000E+00      0.000E+00     -0.990E+02     -0.990E+02
      0.170E+02      0.000E+00      0.000E+00      0.000E+00     -0.990E+02     -0.990E+02
      0.172E+02      0.000E+00      0.000E+00      0.000E+00     -0.990E+02     -0.990E+02
      0.175E+02      0.000E+00      0.000E+00      0.000E+00     -0.990E+02     -0.990E+02
      0.178E+02      0.000E+00      0.000E+00      0.000E+00     -0.990E+02     -0.990E+02
      0.180E+02      0.000E+00      0.000E+00      0.000E+00     -0.990E+02     -0.990E+02
      0.182E+02      0.000E+00      0.000E+00      0.000E+00     -0.990E+02     -0.990E+02
      0.185E+02      0.000E+00      0.000E+00      0.000E+00     -0.990E+02     -0.990E+02
      0.188E+02      0.000E+00      0.000E+00      0.000E+00     -0.990E+02     -0.990E+02
      0.190E+02      0.000E+00      0.000E+00      0.000E+00     -0.990E+02     -0.990E+02
      0.192E+02      0.000E+00      0.000E+00      0.000E+00     -0.990E+02     -0.990E+02
      0.195E+02      0.000E+00      0.000E+00      0.000E+00     -0.990E+02     -0.990E+02
      0.198E+02      0.000E+00      0.000E+00      0.000E+00     -0.990E+02     -0.990E+02
      0.200E+02      0.000E+00      0.000E+00      0.000E+00     -0.990E+02     -0.990E+02
