      0.000E+00      0.153E+02      0.271E+01      0.108E+10     -0.990E+02     -0.990E+02
      0.100E-03      0.153E+02      0.271E+01      0.108E+10     -0.990E+02     -0.990E+02
      0.140E-03      0.153E+02      0.271E+01      0.108E+10     -0.990E+02     -0.990E+02
      0.160E-03      0.153E+02      0.271E+01      0.108E+10     -0.990E+02     -0.990E+02
      0.180E-03      0.153E+02      0.271E+01      0.108E+10     -0.990E+02     -0.990E+02
      0.200E-03      0.153E+02      0.271E+01      0.108E+10     -0.990E+02     -0.990E+02
      0.220E-03      0.153E+02      0.271E+01      0.108E+10     -0.990E+02     -0.990E+02
      0.250E-03      0.153E+02      0.271E+01      0.108E+10     -0.990E+02     -0.990E+02
      0.280E-03      0.153E+02      0.271E+01      0.108E+10     -0.990E+02     -0.990E+02
      0.320E-03      0.153E+02      0.271E+01      0.108E+10     -0.990E+02     -0.990E+02
      0.350E-03      0.153E+02      0.271E+01      0.108E+10     -0.990E+02     -0.990E+02
      0.400E-03      0.153E+02      0.271E+01      0.108E+10     -0.990E+02     -0.990E+02
      0.450E-03      0.153E+02      0.271E+01      0.108E+10     -0.990E+02     -0.990E+02
      0.500E-03      0.153E+02      0.271E+01      0.108E+10     -0.990E+02     -0.990E+02
      0.560E-03      0.153E+02      0.271E+01      0.108E+10     -0.990E+02     -0.990E+02
      0.630E-03      0.153E+02      0.271E+01      0.108E+10     -0.990E+02     -0.990E+02
      0.710E-03      0.153E+02      0.271E+01      0.108E+10     -0.990E+02     -0.990E+02
      0.790E-03      0.153E+02      0.271E+01      0.108E+10     -0.990E+02     -0.990E+02
      0.890E-03      0.153E+02      0.271E+01      0.108E+10     -0.990E+02     -0.990E+02
      0.100E-02      0.153E+02      0.271E+01      0.108E+10     -0.990E+02     -0.990E+02
      0.105E-02      0.153E+02      0.271E+01      0.108E+10     -0.990E+02     -0.990E+02
      0.110E-02      0.153E+02      0.271E+01      0.108E+10     -0.990E+02     -0.990E+02
      0.115E-02      0.153E+02      0.271E+01      0.108E+10     -0.990E+02     -0.990E+02
      0.120E-02      0.153E+02      0.271E+01      0.108E+10     -0.990E+02     -0.990E+02
      0.126E-02      0.153E+02      0.271E+01      0.108E+10     -0.990E+02     -0.990E+02
      0.132E-02      0.153E+02      0.271E+01      0.108E+10     -0.990E+02     -0.990E+02
      0.138E-02      0.153E+02      0.271E+01      0.108E+10     -0.990E+02     -0.990E+02
      0.145E-02      0.153E+02      0.271E+01      0.108E+10     -0.990E+02     -0.990E+02
      0.151E-02      0.153E+02      0.271E+01      0.108E+10     -0.990E+02     -0.990E+02
      0.158E-02      0.153E+02      0.271E+01      0.108E+10     -0.990E+02     -0.990E+02
      0.166E-02      0.153E+02      0.271E+01      0.108E+10     -0.990E+02     -0.990E+02
      0.174E-02      0.153E+02      0.271E+01      0.108E+10     -0.990E+02     -0.990E+02
      0.182E-02      0.153E+02      0.271E+01      0.108E+10     -0.990E+02     -0.990E+02
      0.191E-02      0.153E+02      0.271E+01      0.108E+10     -0.990E+02     -0.990E+02
      0.200E-02      0.153E+02      0.271E+01      0.108E+10     -0.990E+02     -0.990E+02
      0.209E-02      0.153E+02      0.271E+01      0.108E+10     -0.990E+02     -0.990E+02
      0.219E-02      0.153E+02      0.271E+01      0.108E+10     -0.990E+02     -0.990E+02
      0.229E-02      0.153E+02      0.271E+01      0.108E+10     -0.990E+02     -0.990E+02
      0.240E-02      0.153E+02      0.271E+01      0.108E+10     -0.990E+02     -0.990E+02
      0.251E-02      0.153E+02      0.271E+01      0.108E+10     -0.990E+02     -0.990E+02
      0.263E-02      0.153E+02      0.271E+01      0.108E+10     -0.990E+02     -0.990E+02
      0.275E-02      0.153E+02      0.271E+01      0.108E+10     -0.990E+02     -0.990E+02
      0.288E-02      0.153E+02      0.271E+01      0.108E+10     -0.990E+02     -0.990E+02
      0.302E-02      0.153E+02      0.271E+01      0.108E+10     -0.990E+02     -0.990E+02
      0.316E-02      0.153E+02      0.271E+01      0.108E+10     -0.990E+02     -0.990E+02
      0.331E-02      0.153E+02      0.271E+01      0.108E+10     -0.990E+02     -0.990E+02
      0.347E-02      0.153E+02      0.271E+01      0.108E+10     -0.990E+02     -0.990E+02
      0.363E-02      0.153E+02      0.271E+01      0.108E+10     -0.990E+02     -0.990E+02
      0.380E-02      0.153E+02      0.271E+01      0.108E+10     -0.990E+02     -0.990E+02
      0.398E-02      0.153E+02      0.271E+01      0.108E+10     -0.990E+02     -0.990E+02
      0.417E-02      0.153E+02      0.271E+01      0.108E+10     -0.990E+02     -0.990E+02
      0.437E-02      0.153E+02      0.271E+01      0.108E+10     -0.990E+02     -0.990E+02
      0.457E-02      0.153E+02      0.271E+01      0.108E+10     -0.990E+02     -0.990E+02
      0.479E-02      0.153E+02      0.271E+01      0.108E+10     -0.990E+02     -0.990E+02
      0.501E-02      0.153E+02      0.271E+01      0.108E+10     -0.990E+02     -0.990E+02
      0.525E-02      0.153E+02      0.271E+01      0.108E+10     -0.990E+02     -0.990E+02
      0.550E-02      0.153E+02      0.271E+01      0.108E+10     -0.990E+02     -0.990E+02
      0.575E-02      0.153E+02      0.271E+01      0.108E+10     -0.990E+02     -0.990E+02
      0.603E-02      0.153E+02      0.271E+01      0.108E+10     -0.990E+02     -0.990E+02
      0.631E-02      0.153E+02      0.271E+01      0.108E+10     -0.990E+02     -0.990E+02
      0.661E-02      0.153E+02      0.271E+01      0.108E+10     -0.990E+02     -0.990E+02
      0.692E-02      0.153E+02      0.271E+01      0.108E+10     -0.990E+02     -0.990E+02
      0.724E-02      0.153E+02      0.271E+01      0.108E+10     -0.990E+02     -0.990E+02
      0.759E-02      0.153E+02      0.271E+01      0.108E+10     -0.990E+02     -0.990E+02
      0.794E-02      0.153E+02      0.271E+01      0.108E+10     -0.990E+02     -0.990E+02
      0.832E-02      0.153E+02      0.271E+01      0.108E+10     -0.990E+02     -0.990E+02
      0.871E-02      0.153E+02      0.271E+01      0.108E+10     -0.990E+02     -0.990E+02
      0.912E-02      0.153E+02      0.271E+01      0.108E+10     -0.990E+02     -0.990E+02
      0.955E-02      0.153E+02      0.271E+01      0.108E+10     -0.990E+02     -0.990E+02
      0.100E-01      0.153E+02      0.271E+01      0.108E+10     -0.543E+00      0.324E+00
      0.105E-01      0.509E+01      0.206E+01      0.929E+09     -0.544E+00      0.324E+00
      0.110E-01      0.505E+01      0.205E+01      0.926E+09     -0.545E+00      0.325E+00
      0.115E-01      0.503E+01      0.204E+01      0.924E+09     -0.546E+00      0.326E+00
      0.120E-01      0.502E+01      0.204E+01      0.922E+09     -0.546E+00      0.326E+00
      0.126E-01      0.502E+01      0.204E+01      0.919E+09     -0.547E+00      0.327E+00
      0.132E-01      0.504E+01      0.205E+01      0.917E+09     -0.548E+00      0.328E+00
      0.138E-01      0.501E+01      0.204E+01      0.914E+09     -0.549E+00      0.328E+00
      0.144E-01      0.496E+01      0.202E+01      0.911E+09     -0.550E+00      0.329E+00
      0.151E-01      0.496E+01      0.202E+01      0.908E+09     -0.551E+00      0.330E+00
      0.159E-01      0.497E+01      0.202E+01      0.905E+09     -0.553E+00      0.331E+00
      0.166E-01      0.495E+01      0.202E+01      0.902E+09     -0.554E+00      0.332E+00
      0.174E-01      0.494E+01      0.202E+01      0.899E+09     -0.555E+00      0.333E+00
      0.182E-01      0.495E+01      0.202E+01      0.896E+09     -0.557E+00      0.334E+00
      0.191E-01      0.493E+01      0.202E+01      0.892E+09     -0.558E+00      0.335E+00
      0.200E-01      0.489E+01      0.200E+01      0.888E+09     -0.560E+00      0.336E+00
      0.209E-01      0.486E+01      0.199E+01      0.885E+09     -0.561E+00      0.338E+00
      0.219E-01      0.485E+01      0.199E+01      0.881E+09     -0.563E+00      0.339E+00
      0.229E-01      0.484E+01      0.199E+01      0.876E+09     -0.565E+00      0.341E+00
      0.240E-01      0.482E+01      0.199E+01      0.872E+09     -0.567E+00      0.342E+00
      0.251E-01      0.481E+01      0.198E+01      0.868E+09     -0.569E+00      0.344E+00
      0.263E-01      0.479E+01      0.198E+01      0.863E+09     -0.571E+00      0.346E+00
      0.275E-01      0.475E+01      0.197E+01      0.858E+09     -0.573E+00      0.347E+00
      0.290E-01      0.473E+01      0.196E+01      0.853E+09     -0.575E+00      0.350E+00
      0.300E-01      0.472E+01      0.196E+01      0.848E+09     -0.577E+00      0.351E+00
      0.310E-01      0.470E+01      0.196E+01      0.844E+09     -0.579E+00      0.353E+00
      0.320E-01      0.468E+01      0.195E+01      0.840E+09     -0.581E+00      0.354E+00
      0.330E-01      0.466E+01      0.195E+01      0.837E+09     -0.583E+00      0.356E+00
      0.340E-01      0.464E+01      0.194E+01      0.833E+09     -0.585E+00      0.357E+00
      0.350E-01      0.463E+01      0.194E+01      0.829E+09     -0.587E+00      0.358E+00
      0.360E-01      0.461E+01      0.194E+01      0.825E+09     -0.589E+00      0.360E+00
      0.370E-01      0.459E+01      0.193E+01      0.821E+09     -0.590E+00      0.361E+00
      0.380E-01      0.458E+01      0.193E+01      0.818E+09     -0.592E+00      0.363E+00
      0.390E-01      0.456E+01      0.192E+01      0.814E+09     -0.594E+00      0.364E+00
      0.400E-01      0.454E+01      0.192E+01      0.810E+09     -0.596E+00      0.366E+00
      0.425E-01      0.449E+01      0.190E+01      0.804E+09     -0.601E+00      0.369E+00
      0.450E-01      0.445E+01      0.189E+01      0.795E+09     -0.605E+00      0.372E+00
      0.475E-01      0.441E+01      0.188E+01      0.786E+09     -0.610E+00      0.376E+00
      0.500E-01      0.436E+01      0.187E+01      0.777E+09     -0.615E+00      0.379E+00
      0.525E-01      0.431E+01      0.186E+01      0.768E+09     -0.620E+00      0.383E+00
      0.550E-01      0.427E+01      0.184E+01      0.760E+09     -0.623E+00      0.384E+00
      0.571E-01      0.425E+01      0.183E+01      0.752E+09     -0.623E+00      0.384E+00
      0.640E-01      0.417E+01      0.178E+01      0.737E+09     -0.625E+00      0.382E+00
      0.719E-01      0.407E+01      0.173E+01      0.713E+09     -0.626E+00      0.379E+00
      0.806E-01      0.397E+01      0.167E+01      0.686E+09     -0.627E+00      0.376E+00
      0.905E-01      0.385E+01      0.161E+01      0.658E+09     -0.628E+00      0.373E+00
      0.102E+00      0.373E+01      0.154E+01      0.627E+09     -0.629E+00      0.368E+00
      0.114E+00      0.359E+01      0.146E+01      0.594E+09     -0.628E+00      0.362E+00
      0.128E+00      0.344E+01      0.138E+01      0.558E+09     -0.627E+00      0.355E+00
      0.143E+00      0.326E+01      0.128E+01      0.520E+09     -0.627E+00      0.348E+00
      0.161E+00      0.305E+01      0.118E+01      0.480E+09     -0.626E+00      0.341E+00
      0.181E+00      0.283E+01      0.107E+01      0.438E+09     -0.624E+00      0.333E+00
      0.203E+00      0.259E+01      0.960E+00      0.395E+09     -0.620E+00      0.327E+00
      0.227E+00      0.231E+01      0.859E+00      0.351E+09     -0.615E+00      0.328E+00
      0.255E+00      0.200E+01      0.786E+00      0.307E+09     -0.608E+00      0.350E+00
      0.286E+00      0.166E+01      0.761E+00      0.265E+09     -0.594E+00      0.410E+00
      0.321E+00      0.141E+01      0.746E+00      0.227E+09     -0.571E+00      0.441E+00
      0.360E+00      0.126E+01      0.713E+00      0.190E+09     -0.562E+00      0.445E+00
      0.404E+00      0.106E+01      0.625E+00      0.153E+09     -0.568E+00      0.450E+00
      0.453E+00      0.869E+00      0.532E+00      0.119E+09     -0.559E+00      0.453E+00
      0.509E+00      0.652E+00      0.447E+00      0.878E+08     -0.543E+00      0.513E+00
      0.571E+00      0.455E+00      0.377E+00      0.616E+08     -0.536E+00      0.617E+00
      0.641E+00      0.324E+00      0.300E+00      0.413E+08     -0.561E+00      0.687E+00
      0.719E+00      0.213E+00      0.207E+00      0.252E+08     -0.524E+00      0.666E+00
      0.806E+00      0.103E+00      0.115E+00      0.133E+08     -0.444E+00      0.738E+00
      0.905E+00      0.457E-01      0.678E-01      0.700E+07     -0.348E+00      0.798E+00
      0.102E+01      0.274E-01      0.428E-01      0.384E+07     -0.246E+00      0.548E+00
      0.114E+01      0.143E-01      0.230E-01      0.174E+07     -0.308E+00      0.675E+00
      0.128E+01      0.501E-02      0.867E-02      0.514E+06     -0.359E+00      0.784E+00
      0.143E+01      0.348E-03      0.324E-02      0.384E+05     -0.104E+01      0.996E+01
      0.161E+01      0.230E-04      0.130E-02      0.199E+04     -0.233E+00      0.175E+02
      0.168E+01      0.432E-05      0.426E-03      0.200E+03     -0.187E+00      0.270E+02
      0.170E+01      0.198E-05      0.196E-03      0.762E+02     -0.187E+00      0.271E+02
      0.180E+01      0.160E-07      0.202E-04      0.135E+01     -0.168E+00      0.285E+03
      0.190E+01      0.555E-08      0.694E-05      0.350E+00     -0.173E+00      0.301E+03
      0.200E+01      0.295E-10      0.389E-06      0.240E-02     -0.939E+00      0.168E+05
      0.210E+01      0.100E-10      0.132E-06      0.606E-03     -0.939E+00      0.168E+05
      0.220E+01      0.617E-33      0.608E-20      0.367E-25     -0.406E+01            NaN
      0.230E+01      0.000E+00      0.000E+00      0.000E+00     -0.990E+02     -0.990E+02
      0.240E+01      0.000E+00      0.000E+00      0.000E+00     -0.990E+02     -0.990E+02
      0.250E+01      0.000E+00      0.000E+00      0.000E+00     -0.990E+02     -0.990E+02
      0.260E+01      0.000E+00      0.000E+00      0.000E+00     -0.990E+02     -0.990E+02
      0.275E+01      0.000E+00      0.000E+00      0.000E+00     -0.990E+02     -0.990E+02
      0.300E+01      0.000E+00      0.000E+00      0.000E+00     -0.990E+02     -0.990E+02
      0.325E+01      0.000E+00      0.000E+00      0.000E+00     -0.990E+02     -0.990E+02
      0.350E+01      0.000E+00      0.000E+00      0.000E+00     -0.990E+02     -0.990E+02
      0.375E+01      0.000E+00      0.000E+00      0.000E+00     -0.990E+02     -0.990E+02
      0.400E+01      0.000E+00      0.000E+00      0.000E+00     -0.990E+02     -0.990E+02
      0.425E+01      0.000E+00      0.000E+00      0.000E+00     -0.990E+02     -0.990E+02
      0.450E+01      0.000E+00      0.000E+00      0.000E+00     -0.990E+02     -0.990E+02
      0.475E+01      0.000E+00      0.000E+00      0.000E+00     -0.990E+02     -0.990E+02
      0.500E+01      0.000E+00      0.000E+00      0.000E+00     -0.990E+02     -0.990E+02
      0.525E+01      0.000E+00      0.000E+00      0.000E+00     -0.990E+02     -0.990E+02
      0.550E+01      0.000E+00      0.000E+00      0.000E+00     -0.990E+02     -0.990E+02
      0.575E+01      0.000E+00      0.000E+00      0.000E+00     -0.990E+02     -0.990E+02
      0.600E+01      0.000E+00      0.000E+00      0.000E+00     -0.990E+02     -0.990E+02
      0.625E+01      0.000E+00      0.000E+00      0.000E+00     -0.990E+02     -0.990E+02
      0.650E+01      0.000E+00      0.000E+00      0.000E+00     -0.990E+02     -0.990E+02
      0.675E+01      0.000E+00      0.000E+00      0.000E+00     -0.990E+02     -0.990E+02
      0.700E+01      0.000E+00      0.000E+00      0.000E+00     -0.990E+02     -0.990E+02
      0.725E+01      0.000E+00      0.000E+00      0.000E+00     -0.990E+02     -0.990E+02
      0.750E+01      0.000E+00      0.000E+00      0.000E+00     -0.990E+02     -0.990E+02
      0.775E+01      0.000E+00      0.000E+00      0.000E+00     -0.990E+02     -0.990E+02
      0.800E+01      0.000E+00      0.000E+00      0.000E+00     -0.990E+02     -0.990E+02
      0.825E+01      0.000E+00      0.000E+00      0.000E+00     -0.990E+02     -0.990E+02
      0.850E+01      0.000E+00      0.000E+00      0.000E+00     -0.990E+02     -0.990E+02
      0.875E+01      0.000E+00      0.000E+00      0.000E+00     -0.990E+02     -0.990E+02
      0.900E+01      0.000E+00      0.000E+00      0.000E+00     -0.990E+02     -0.990E+02
      0.925E+01      0.000E+00      0.000E+00      0.000E+00     -0.990E+02     -0.990E+02
      0.950E+01      0.000E+00      0.000E+00      0.000E+00     -0.990E+02     -0.990E+02
      0.975E+01      0.000E+00      0.000E+00      0.000E+00     -0.990E+02     -0.990E+02
      0.100E+02      0.000E+00      0.000E+00      0.000E+00     -0.990E+02     -0.990E+02
      0.102E+02      0.000E+00      0.000E+00      0.000E+00     -0.990E+02     -0.990E+02
      0.105E+02      0.000E+00      0.000E+00      0.000E+00     -0.990E+02     -0.990E+02
      0.108E+02      0.000E+00      0.000E+00      0.000E+00     -0.990E+02     -0.990E+02
      0.110E+02      0.000E+00      0.000E+00      0.000E+00     -0.990E+02     -0.990E+02
      0.112E+02      0.000E+00      0.000E+00      0.000E+00     -0.990E+02     -0.990E+02
      0.115E+02      0.000E+00      0.000E+00      0.000E+00     -0.990E+02     -0.990E+02
      0.118E+02      0.000E+00      0.000E+00      0.000E+00     -0.990E+02     -0.990E+02
      0.120E+02      0.000E+00      0.000E+00      0.000E+00     -0.990E+02     -0.990E+02
      0.122E+02      0.000E+00      0.000E+00      0.000E+00     -0.990E+02     -0.990E+02
      0.125E+02      0.000E+00      0.000E+00      0.000E+00     -0.990E+02     -0.990E+02
      0.128E+02      0.000E+00      0.000E+00      0.000E+00     -0.990E+02     -0.990E+02
      0.130E+02      0.000E+00      0.000E+00      0.000E+00     -0.990E+02     -0.990E+02
      0.132E+02      0.000E+00      0.000E+00      0.000E+00     -0.990E+02     -0.990E+02
      0.135E+02      0.000E+00      0.000E+00      0.000E+00     -0.990E+02     -0.990E+02
      0.138E+02      0.000E+00      0.000E+00      0.000E+00     -0.990E+02     -0.990E+02
      0.140E+02      0.000E+00      0.000E+00      0.000E+00     -0.990E+02     -0.990E+02
      0.142E+02      0.000E+00      0.000E+00      0.000E+00     -0.990E+02     -0.990E+02
      0.145E+02      0.000E+00      0.000E+00      0.000E+00     -0.990E+02     -0.990E+02
      0.148E+02      0.000E+00      0.000E+00      0.000E+00     -0.990E+02     -0.990E+02
      0.150E+02      0.000E+00      0.000E+00      0.000E+00     -0.990E+02     -0.990E+02
      0.152E+02      0.000E+00      0.000E+00      0.000E+00     -0.990E+02     -0.990E+02
      0.155E+02      0.000E+00      0.000E+00      0.000E+00     -0.990E+02     -0.990E+02
      0.158E+02      0.000E+00      0.000E+00      0.000E+00     -0.990E+02     -0.990E+02
      0.160E+02      0.000E+00      0.000E+00      0.000E+00     -0.990E+02     -0.990E+02
      0.162E+02      0.000E+00      0.000E+00      0.000E+00     -0.990E+02     -0.990E+02
      0.165E+02      0.000E+00      0.000E+00      0.000E+00     -0.990E+02     -0.990E+02
      0.168E+02      0.000E+00      0.000E+00      0.000E+00     -0.990E+02     -0.990E+02
      0.170E+02      0.000E+00      0.000E+00      0.000E+00     -0.990E+02     -0.990E+02
      0.172E+02      0.000E+00      0.000E+00      0.000E+00     -0.990E+02     -0.990E+02
      0.175E+02      0.000E+00      0.000E+00      0.000E+00     -0.990E+02     -0.990E+02
      0.178E+02      0.000E+00      0.000E+00      0.000E+00     -0.990E+02     -0.990E+02
      0.180E+02      0.000E+00      0.000E+00      0.000E+00     -0.990E+02     -0.990E+02
      0.182E+02      0.000E+00      0.000E+00      0.000E+00     -0.990E+02     -0.990E+02
      0.185E+02      0.000E+00      0.000E+00      0.000E+00     -0.990E+02     -0.990E+02
      0.188E+02      0.000E+00      0.000E+00      0.000E+00     -0.990E+02     -0.990E+02
      0.190E+02      0.000E+00      0.000E+00      0.000E+00     -0.990E+02     -0.990E+02
      0.192E+02      0.000E+00      0.000E+00      0.000E+00     -0.990E+02     -0.990E+02
      0.195E+02      0.000E+00      0.000E+00      0.000E+00     -0.990E+02     -0.990E+02
      0.198E+02      0.000E+00      0.000E+00      0.000E+00     -0.990E+02     -0.990E+02
      0.200E+02      0.000E+00      0.000E+00      0.000E+00     -0.990E+02     -0.990E+02
