      0.000E+00      0.543E+01      0.325E+00      0.692E+09     -0.990E+02     -0.990E+02
      0.100E-03      0.543E+01      0.325E+00      0.692E+09     -0.990E+02     -0.990E+02
      0.140E-03      0.543E+01      0.325E+00      0.692E+09     -0.990E+02     -0.990E+02
      0.160E-03      0.543E+01      0.325E+00      0.692E+09     -0.990E+02     -0.990E+02
      0.180E-03      0.543E+01      0.325E+00      0.692E+09     -0.990E+02     -0.990E+02
      0.200E-03      0.543E+01      0.325E+00      0.692E+09     -0.990E+02     -0.990E+02
      0.220E-03      0.543E+01      0.325E+00      0.692E+09     -0.990E+02     -0.990E+02
      0.250E-03      0.543E+01      0.325E+00      0.692E+09     -0.990E+02     -0.990E+02
      0.280E-03      0.543E+01      0.325E+00      0.692E+09     -0.990E+02     -0.990E+02
      0.320E-03      0.543E+01      0.325E+00      0.692E+09     -0.990E+02     -0.990E+02
      0.350E-03      0.543E+01      0.325E+00      0.692E+09     -0.990E+02     -0.990E+02
      0.400E-03      0.543E+01      0.325E+00      0.692E+09     -0.990E+02     -0.990E+02
      0.450E-03      0.543E+01      0.325E+00      0.692E+09     -0.990E+02     -0.990E+02
      0.500E-03      0.543E+01      0.325E+00      0.692E+09     -0.990E+02     -0.990E+02
      0.560E-03      0.543E+01      0.325E+00      0.692E+09     -0.990E+02     -0.990E+02
      0.630E-03      0.543E+01      0.325E+00      0.692E+09     -0.990E+02     -0.990E+02
      0.710E-03      0.543E+01      0.325E+00      0.692E+09     -0.990E+02     -0.990E+02
      0.790E-03      0.543E+01      0.325E+00      0.692E+09     -0.990E+02     -0.990E+02
      0.890E-03      0.543E+01      0.325E+00      0.692E+09     -0.990E+02     -0.990E+02
      0.100E-02      0.543E+01      0.325E+00      0.692E+09     -0.990E+02     -0.990E+02
      0.105E-02      0.543E+01      0.325E+00      0.692E+09     -0.990E+02     -0.990E+02
      0.110E-02      0.543E+01      0.325E+00      0.692E+09     -0.990E+02     -0.990E+02
      0.115E-02      0.543E+01      0.325E+00      0.692E+09     -0.990E+02     -0.990E+02
      0.120E-02      0.543E+01      0.325E+00      0.692E+09     -0.990E+02     -0.990E+02
      0.126E-02      0.543E+01      0.325E+00      0.692E+09     -0.990E+02     -0.990E+02
      0.132E-02      0.543E+01      0.325E+00      0.692E+09     -0.990E+02     -0.990E+02
      0.138E-02      0.543E+01      0.325E+00      0.692E+09     -0.990E+02     -0.990E+02
      0.145E-02      0.543E+01      0.325E+00      0.692E+09     -0.990E+02     -0.990E+02
      0.151E-02      0.543E+01      0.325E+00      0.692E+09     -0.990E+02     -0.990E+02
      0.158E-02      0.543E+01      0.325E+00      0.692E+09     -0.990E+02     -0.990E+02
      0.166E-02      0.543E+01      0.325E+00      0.692E+09     -0.990E+02     -0.990E+02
      0.174E-02      0.543E+01      0.325E+00      0.692E+09     -0.990E+02     -0.990E+02
      0.182E-02      0.543E+01      0.325E+00      0.692E+09     -0.990E+02     -0.990E+02
      0.191E-02      0.543E+01      0.325E+00      0.692E+09     -0.990E+02     -0.990E+02
      0.200E-02      0.543E+01      0.325E+00      0.692E+09     -0.990E+02     -0.990E+02
      0.209E-02      0.543E+01      0.325E+00      0.692E+09     -0.990E+02     -0.990E+02
      0.219E-02      0.543E+01      0.325E+00      0.692E+09     -0.990E+02     -0.990E+02
      0.229E-02      0.543E+01      0.325E+00      0.692E+09     -0.990E+02     -0.990E+02
      0.240E-02      0.543E+01      0.325E+00      0.692E+09     -0.990E+02     -0.990E+02
      0.251E-02      0.543E+01      0.325E+00      0.692E+09     -0.990E+02     -0.990E+02
      0.263E-02      0.543E+01      0.325E+00      0.692E+09     -0.990E+02     -0.990E+02
      0.275E-02      0.543E+01      0.325E+00      0.692E+09     -0.990E+02     -0.990E+02
      0.288E-02      0.543E+01      0.325E+00      0.692E+09     -0.990E+02     -0.990E+02
      0.302E-02      0.543E+01      0.325E+00      0.692E+09     -0.990E+02     -0.990E+02
      0.316E-02      0.543E+01      0.325E+00      0.692E+09     -0.990E+02     -0.990E+02
      0.331E-02      0.543E+01      0.325E+00      0.692E+09     -0.990E+02     -0.990E+02
      0.347E-02      0.543E+01      0.325E+00      0.692E+09     -0.990E+02     -0.990E+02
      0.363E-02      0.543E+01      0.325E+00      0.692E+09     -0.990E+02     -0.990E+02
      0.380E-02      0.543E+01      0.325E+00      0.692E+09     -0.990E+02     -0.990E+02
      0.398E-02      0.543E+01      0.325E+00      0.692E+09     -0.990E+02     -0.990E+02
      0.417E-02      0.543E+01      0.325E+00      0.692E+09     -0.990E+02     -0.990E+02
      0.437E-02      0.543E+01      0.325E+00      0.692E+09     -0.990E+02     -0.990E+02
      0.457E-02      0.543E+01      0.325E+00      0.692E+09     -0.990E+02     -0.990E+02
      0.479E-02      0.543E+01      0.325E+00      0.692E+09     -0.990E+02     -0.990E+02
      0.501E-02      0.543E+01      0.325E+00      0.692E+09     -0.990E+02     -0.990E+02
      0.525E-02      0.543E+01      0.325E+00      0.692E+09     -0.990E+02     -0.990E+02
      0.550E-02      0.543E+01      0.325E+00      0.692E+09     -0.990E+02     -0.990E+02
      0.575E-02      0.543E+01      0.325E+00      0.692E+09     -0.990E+02     -0.990E+02
      0.603E-02      0.543E+01      0.325E+00      0.692E+09     -0.990E+02     -0.990E+02
      0.631E-02      0.543E+01      0.325E+00      0.692E+09     -0.990E+02     -0.990E+02
      0.661E-02      0.543E+01      0.325E+00      0.692E+09     -0.990E+02     -0.990E+02
      0.692E-02      0.543E+01      0.325E+00      0.692E+09     -0.990E+02     -0.990E+02
      0.724E-02      0.543E+01      0.325E+00      0.692E+09     -0.990E+02     -0.990E+02
      0.759E-02      0.543E+01      0.325E+00      0.692E+09     -0.990E+02     -0.990E+02
      0.794E-02      0.543E+01      0.325E+00      0.692E+09     -0.990E+02     -0.990E+02
      0.832E-02      0.543E+01      0.325E+00      0.692E+09     -0.990E+02     -0.990E+02
      0.871E-02      0.543E+01      0.325E+00      0.692E+09     -0.990E+02     -0.990E+02
      0.912E-02      0.543E+01      0.325E+00      0.692E+09     -0.990E+02     -0.990E+02
      0.955E-02      0.543E+01      0.325E+00      0.692E+09     -0.990E+02     -0.990E+02
      0.100E-01      0.543E+01      0.325E+00      0.692E+09     -0.710E+00      0.126E+01
      0.105E-01      0.259E+01      0.128E+01      0.637E+09     -0.708E+00      0.126E+01
      0.110E-01      0.258E+01      0.127E+01      0.636E+09     -0.707E+00      0.125E+01
      0.115E-01      0.257E+01      0.126E+01      0.634E+09     -0.706E+00      0.125E+01
      0.120E-01      0.256E+01      0.126E+01      0.633E+09     -0.705E+00      0.125E+01
      0.126E-01      0.256E+01      0.126E+01      0.632E+09     -0.704E+00      0.125E+01
      0.132E-01      0.258E+01      0.126E+01      0.631E+09     -0.702E+00      0.125E+01
      0.138E-01      0.256E+01      0.125E+01      0.629E+09     -0.701E+00      0.124E+01
      0.144E-01      0.254E+01      0.124E+01      0.628E+09     -0.700E+00      0.124E+01
      0.151E-01      0.254E+01      0.124E+01      0.626E+09     -0.699E+00      0.124E+01
      0.159E-01      0.255E+01      0.124E+01      0.625E+09     -0.696E+00      0.124E+01
      0.166E-01      0.254E+01      0.124E+01      0.623E+09     -0.696E+00      0.124E+01
      0.174E-01      0.254E+01      0.123E+01      0.622E+09     -0.693E+00      0.123E+01
      0.182E-01      0.254E+01      0.123E+01      0.620E+09     -0.692E+00      0.123E+01
      0.191E-01      0.254E+01      0.123E+01      0.618E+09     -0.689E+00      0.122E+01
      0.200E-01      0.252E+01      0.122E+01      0.616E+09     -0.687E+00      0.122E+01
      0.209E-01      0.251E+01      0.121E+01      0.614E+09     -0.685E+00      0.122E+01
      0.219E-01      0.250E+01      0.120E+01      0.612E+09     -0.684E+00      0.122E+01
      0.229E-01      0.250E+01      0.120E+01      0.610E+09     -0.681E+00      0.121E+01
      0.240E-01      0.249E+01      0.119E+01      0.608E+09     -0.678E+00      0.121E+01
      0.251E-01      0.249E+01      0.119E+01      0.606E+09     -0.677E+00      0.121E+01
      0.263E-01      0.248E+01      0.118E+01      0.603E+09     -0.673E+00      0.120E+01
      0.275E-01      0.247E+01      0.117E+01      0.601E+09     -0.670E+00      0.120E+01
      0.290E-01      0.246E+01      0.117E+01      0.598E+09     -0.668E+00      0.119E+01
      0.300E-01      0.246E+01      0.116E+01      0.595E+09     -0.665E+00      0.119E+01
      0.310E-01      0.245E+01      0.116E+01      0.593E+09     -0.663E+00      0.119E+01
      0.320E-01      0.245E+01      0.115E+01      0.591E+09     -0.660E+00      0.118E+01
      0.330E-01      0.244E+01      0.114E+01      0.589E+09     -0.657E+00      0.118E+01
      0.340E-01      0.243E+01      0.114E+01      0.587E+09     -0.655E+00      0.117E+01
      0.350E-01      0.243E+01      0.113E+01      0.585E+09     -0.653E+00      0.117E+01
      0.360E-01      0.242E+01      0.113E+01      0.583E+09     -0.650E+00      0.117E+01
      0.370E-01      0.241E+01      0.112E+01      0.581E+09     -0.648E+00      0.116E+01
      0.380E-01      0.241E+01      0.112E+01      0.579E+09     -0.646E+00      0.116E+01
      0.390E-01      0.240E+01      0.111E+01      0.578E+09     -0.643E+00      0.116E+01
      0.400E-01      0.240E+01      0.111E+01      0.576E+09     -0.641E+00      0.115E+01
      0.425E-01      0.238E+01      0.109E+01      0.572E+09     -0.634E+00      0.114E+01
      0.450E-01      0.236E+01      0.108E+01      0.567E+09     -0.627E+00      0.113E+01
      0.475E-01      0.235E+01      0.107E+01      0.563E+09     -0.620E+00      0.112E+01
      0.500E-01      0.234E+01      0.106E+01      0.558E+09     -0.615E+00      0.112E+01
      0.525E-01      0.232E+01      0.104E+01      0.553E+09     -0.609E+00      0.111E+01
      0.550E-01      0.230E+01      0.103E+01      0.549E+09     -0.602E+00      0.110E+01
      0.571E-01      0.229E+01      0.102E+01      0.545E+09     -0.597E+00      0.109E+01
      0.640E-01      0.224E+01      0.986E+00      0.536E+09     -0.580E+00      0.107E+01
      0.719E-01      0.218E+01      0.950E+00      0.523E+09     -0.560E+00      0.104E+01
      0.806E-01      0.212E+01      0.914E+00      0.509E+09     -0.535E+00      0.101E+01
      0.905E-01      0.206E+01      0.878E+00      0.494E+09     -0.506E+00      0.980E+00
      0.102E+00      0.198E+01      0.844E+00      0.478E+09     -0.471E+00      0.945E+00
      0.114E+00      0.190E+01      0.816E+00      0.460E+09     -0.428E+00      0.909E+00
      0.128E+00      0.184E+01      0.787E+00      0.441E+09     -0.403E+00      0.872E+00
      0.143E+00      0.180E+01      0.759E+00      0.421E+09     -0.388E+00      0.832E+00
      0.161E+00      0.175E+01      0.731E+00      0.398E+09     -0.372E+00      0.788E+00
      0.181E+00      0.170E+01      0.705E+00      0.374E+09     -0.353E+00      0.736E+00
      0.203E+00      0.163E+01      0.666E+00      0.348E+09     -0.333E+00      0.678E+00
      0.227E+00      0.156E+01      0.629E+00      0.320E+09     -0.309E+00      0.608E+00
      0.255E+00      0.147E+01      0.599E+00      0.290E+09     -0.280E+00      0.524E+00
      0.286E+00      0.137E+01      0.572E+00      0.259E+09     -0.246E+00      0.420E+00
      0.321E+00      0.125E+01      0.520E+00      0.227E+09     -0.200E+00      0.283E+00
      0.360E+00      0.112E+01      0.455E+00      0.194E+09     -0.135E+00      0.130E+00
      0.404E+00      0.101E+01      0.384E+00      0.161E+09     -0.143E+00      0.114E+00
      0.453E+00      0.884E+00      0.319E+00      0.128E+09     -0.181E+00      0.119E+00
      0.509E+00      0.730E+00      0.280E+00      0.963E+08     -0.243E+00      0.154E+00
      0.571E+00      0.573E+00      0.264E+00      0.669E+08     -0.327E+00      0.219E+00
      0.641E+00      0.400E+00      0.189E+00      0.412E+08     -0.403E+00      0.260E+00
      0.719E+00      0.224E+00      0.111E+00      0.212E+08     -0.458E+00      0.304E+00
      0.806E+00      0.717E-01      0.647E-01      0.879E+07     -0.479E+00      0.622E+00
      0.905E+00      0.176E-01      0.591E-01      0.437E+07     -0.509E+00      0.236E+01
      0.102E+01      0.129E-01      0.571E-01      0.316E+07     -0.593E+00      0.387E+01
      0.114E+01      0.120E-01      0.562E-01      0.217E+07     -0.738E+00      0.519E+01
      0.128E+01      0.746E-02      0.365E-01      0.116E+07     -0.789E+00      0.542E+01
      0.143E+01      0.302E-02      0.211E-01      0.457E+06     -0.807E+00      0.762E+01
      0.161E+01      0.110E-02      0.792E-02      0.141E+06     -0.880E+00      0.920E+01
      0.168E+01      0.664E-03      0.583E-02      0.564E+05     -0.938E+00      0.116E+02
      0.170E+01      0.596E-03      0.523E-02      0.376E+05     -0.937E+00      0.115E+02
      0.180E+01      0.251E-03      0.219E-02      0.155E+05     -0.924E+00      0.111E+02
      0.190E+01      0.461E-09      0.910E-06      0.309E-01     -0.147E+01      0.401E+04
      0.200E+01      0.390E-10      0.962E-07      0.280E-02     -0.240E+01      0.836E+04
      0.210E+01      0.678E-11      0.267E-07      0.419E-03     -0.238E+01      0.127E+05
      0.220E+01      0.120E-12      0.481E-08      0.732E-05     -0.206E+01      0.114E+06
      0.230E+01      0.171E-15      0.367E-09      0.103E-07     -0.901E+00      0.259E+07
      0.240E+01      0.000E+00      0.000E+00      0.000E+00     -0.990E+02     -0.990E+02
      0.250E+01      0.000E+00      0.000E+00      0.000E+00     -0.990E+02     -0.990E+02
      0.260E+01      0.000E+00      0.000E+00      0.000E+00     -0.990E+02     -0.990E+02
      0.275E+01      0.000E+00      0.000E+00      0.000E+00     -0.990E+02     -0.990E+02
      0.300E+01      0.000E+00      0.000E+00      0.000E+00     -0.990E+02     -0.990E+02
      0.325E+01      0.000E+00      0.000E+00      0.000E+00     -0.990E+02     -0.990E+02
      0.350E+01      0.000E+00      0.000E+00      0.000E+00     -0.990E+02     -0.990E+02
      0.375E+01      0.000E+00      0.000E+00      0.000E+00     -0.990E+02     -0.990E+02
      0.400E+01      0.000E+00      0.000E+00      0.000E+00     -0.990E+02     -0.990E+02
      0.425E+01      0.000E+00      0.000E+00      0.000E+00     -0.990E+02     -0.990E+02
      0.450E+01      0.000E+00      0.000E+00      0.000E+00     -0.990E+02     -0.990E+02
      0.475E+01      0.000E+00      0.000E+00      0.000E+00     -0.990E+02     -0.990E+02
      0.500E+01      0.000E+00      0.000E+00      0.000E+00     -0.990E+02     -0.990E+02
      0.525E+01      0.000E+00      0.000E+00      0.000E+00     -0.990E+02     -0.990E+02
      0.550E+01      0.000E+00      0.000E+00      0.000E+00     -0.990E+02     -0.990E+02
      0.575E+01      0.000E+00      0.000E+00      0.000E+00     -0.990E+02     -0.990E+02
      0.600E+01      0.000E+00      0.000E+00      0.000E+00     -0.990E+02     -0.990E+02
      0.625E+01      0.000E+00      0.000E+00      0.000E+00     -0.990E+02     -0.990E+02
      0.650E+01      0.000E+00      0.000E+00      0.000E+00     -0.990E+02     -0.990E+02
      0.675E+01      0.000E+00      0.000E+00      0.000E+00     -0.990E+02     -0.990E+02
      0.700E+01      0.000E+00      0.000E+00      0.000E+00     -0.990E+02     -0.990E+02
      0.725E+01      0.000E+00      0.000E+00      0.000E+00     -0.990E+02     -0.990E+02
      0.750E+01      0.000E+00      0.000E+00      0.000E+00     -0.990E+02     -0.990E+02
      0.775E+01      0.000E+00      0.000E+00      0.000E+00     -0.990E+02     -0.990E+02
      0.800E+01      0.000E+00      0.000E+00      0.000E+00     -0.990E+02     -0.990E+02
      0.825E+01      0.000E+00      0.000E+00      0.000E+00     -0.990E+02     -0.990E+02
      0.850E+01      0.000E+00      0.000E+00      0.000E+00     -0.990E+02     -0.990E+02
      0.875E+01      0.000E+00      0.000E+00      0.000E+00     -0.990E+02     -0.990E+02
      0.900E+01      0.000E+00      0.000E+00      0.000E+00     -0.990E+02     -0.990E+02
      0.925E+01      0.000E+00      0.000E+00      0.000E+00     -0.990E+02     -0.990E+02
      0.950E+01      0.000E+00      0.000E+00      0.000E+00     -0.990E+02     -0.990E+02
      0.975E+01      0.000E+00      0.000E+00      0.000E+00     -0.990E+02     -0.990E+02
      0.100E+02      0.000E+00      0.000E+00      0.000E+00     -0.990E+02     -0.990E+02
      0.102E+02      0.000E+00      0.000E+00      0.000E+00     -0.990E+02     -0.990E+02
      0.105E+02      0.000E+00      0.000E+00      0.000E+00     -0.990E+02     -0.990E+02
      0.108E+02      0.000E+00      0.000E+00      0.000E+00     -0.990E+02     -0.990E+02
      0.110E+02      0.000E+00      0.000E+00      0.000E+00     -0.990E+02     -0.990E+02
      0.112E+02      0.000E+00      0.000E+00      0.000E+00     -0.990E+02     -0.990E+02
      0.115E+02      0.000E+00      0.000E+00      0.000E+00     -0.990E+02     -0.990E+02
      0.118E+02      0.000E+00      0.000E+00      0.000E+00     -0.990E+02     -0.990E+02
      0.120E+02      0.000E+00      0.000E+00      0.000E+00     -0.990E+02     -0.990E+02
      0.122E+02      0.000E+00      0.000E+00      0.000E+00     -0.990E+02     -0.990E+02
      0.125E+02      0.000E+00      0.000E+00      0.000E+00     -0.990E+02     -0.990E+02
      0.128E+02      0.000E+00      0.000E+00      0.000E+00     -0.990E+02     -0.990E+02
      0.130E+02      0.000E+00      0.000E+00      0.000E+00     -0.990E+02     -0.990E+02
      0.132E+02      0.000E+00      0.000E+00      0.000E+00     -0.990E+02     -0.990E+02
      0.135E+02      0.000E+00      0.000E+00      0.000E+00     -0.990E+02     -0.990E+02
      0.138E+02      0.000E+00      0.000E+00      0.000E+00     -0.990E+02     -0.990E+02
      0.140E+02      0.000E+00      0.000E+00      0.000E+00     -0.990E+02     -0.990E+02
      0.142E+02      0.000E+00      0.000E+00      0.000E+00     -0.990E+02     -0.990E+02
      0.145E+02      0.000E+00      0.000E+00      0.000E+00     -0.990E+02     -0.990E+02
      0.148E+02      0.000E+00      0.000E+00      0.000E+00     -0.990E+02     -0.990E+02
      0.150E+02      0.000E+00      0.000E+00      0.000E+00     -0.990E+02     -0.990E+02
      0.152E+02      0.000E+00      0.000E+00      0.000E+00     -0.990E+02     -0.990E+02
      0.155E+02      0.000E+00      0.000E+00      0.000E+00     -0.990E+02     -0.990E+02
      0.158E+02      0.000E+00      0.000E+00      0.000E+00     -0.990E+02     -0.990E+02
      0.160E+02      0.000E+00      0.000E+00      0.000E+00     -0.990E+02     -0.990E+02
      0.162E+02      0.000E+00      0.000E+00      0.000E+00     -0.990E+02     -0.990E+02
      0.165E+02      0.000E+00      0.000E+00      0.000E+00     -0.990E+02     -0.990E+02
      0.168E+02      0.000E+00      0.000E+00      0.000E+00     -0.990E+02     -0.990E+02
      0.170E+02      0.000E+00      0.000E+00      0.000E+00     -0.990E+02     -0.990E+02
      0.172E+02      0.000E+00      0.000E+00      0.000E+00     -0.990E+02     -0.990E+02
      0.175E+02      0.000E+00      0.000E+00      0.000E+00     -0.990E+02     -0.990E+02
      0.178E+02      0.000E+00      0.000E+00      0.000E+00     -0.990E+02     -0.990E+02
      0.180E+02      0.000E+00      0.000E+00      0.000E+00     -0.990E+02     -0.990E+02
      0.182E+02      0.000E+00      0.000E+00      0.000E+00     -0.990E+02     -0.990E+02
      0.185E+02      0.000E+00      0.000E+00      0.000E+00     -0.990E+02     -0.990E+02
      0.188E+02      0.000E+00      0.000E+00      0.000E+00     -0.990E+02     -0.990E+02
      0.190E+02      0.000E+00      0.000E+00      0.000E+00     -0.990E+02     -0.990E+02
      0.192E+02      0.000E+00      0.000E+00      0.000E+00     -0.990E+02     -0.990E+02
      0.195E+02      0.000E+00      0.000E+00      0.000E+00     -0.990E+02     -0.990E+02
      0.198E+02      0.000E+00      0.000E+00      0.000E+00     -0.990E+02     -0.990E+02
      0.200E+02      0.000E+00      0.000E+00      0.000E+00     -0.990E+02     -0.990E+02
