      0.000E+00      0.952E+01      0.512E+00      0.412E+09     -0.990E+02     -0.990E+02
      0.100E-03      0.952E+01      0.512E+00      0.412E+09     -0.990E+02     -0.990E+02
      0.140E-03      0.952E+01      0.512E+00      0.412E+09     -0.990E+02     -0.990E+02
      0.160E-03      0.952E+01      0.512E+00      0.412E+09     -0.990E+02     -0.990E+02
      0.180E-03      0.952E+01      0.512E+00      0.412E+09     -0.990E+02     -0.990E+02
      0.200E-03      0.952E+01      0.512E+00      0.412E+09     -0.990E+02     -0.990E+02
      0.220E-03      0.952E+01      0.512E+00      0.412E+09     -0.990E+02     -0.990E+02
      0.250E-03      0.952E+01      0.512E+00      0.412E+09     -0.990E+02     -0.990E+02
      0.280E-03      0.952E+01      0.512E+00      0.412E+09     -0.990E+02     -0.990E+02
      0.320E-03      0.952E+01      0.512E+00      0.412E+09     -0.990E+02     -0.990E+02
      0.350E-03      0.952E+01      0.512E+00      0.412E+09     -0.990E+02     -0.990E+02
      0.400E-03      0.952E+01      0.512E+00      0.412E+09     -0.990E+02     -0.990E+02
      0.450E-03      0.952E+01      0.512E+00      0.412E+09     -0.990E+02     -0.990E+02
      0.500E-03      0.952E+01      0.512E+00      0.412E+09     -0.990E+02     -0.990E+02
      0.560E-03      0.952E+01      0.512E+00      0.412E+09     -0.990E+02     -0.990E+02
      0.630E-03      0.952E+01      0.512E+00      0.412E+09     -0.990E+02     -0.990E+02
      0.710E-03      0.952E+01      0.512E+00      0.412E+09     -0.990E+02     -0.990E+02
      0.790E-03      0.952E+01      0.512E+00      0.412E+09     -0.990E+02     -0.990E+02
      0.890E-03      0.952E+01      0.512E+00      0.412E+09     -0.990E+02     -0.990E+02
      0.100E-02      0.952E+01      0.512E+00      0.412E+09     -0.990E+02     -0.990E+02
      0.105E-02      0.952E+01      0.512E+00      0.412E+09     -0.990E+02     -0.990E+02
      0.110E-02      0.952E+01      0.512E+00      0.412E+09     -0.990E+02     -0.990E+02
      0.115E-02      0.952E+01      0.512E+00      0.412E+09     -0.990E+02     -0.990E+02
      0.120E-02      0.952E+01      0.512E+00      0.412E+09     -0.990E+02     -0.990E+02
      0.126E-02      0.952E+01      0.512E+00      0.412E+09     -0.990E+02     -0.990E+02
      0.132E-02      0.952E+01      0.512E+00      0.412E+09     -0.990E+02     -0.990E+02
      0.138E-02      0.952E+01      0.512E+00      0.412E+09     -0.990E+02     -0.990E+02
      0.145E-02      0.952E+01      0.512E+00      0.412E+09     -0.990E+02     -0.990E+02
      0.151E-02      0.952E+01      0.512E+00      0.412E+09     -0.990E+02     -0.990E+02
      0.158E-02      0.952E+01      0.512E+00      0.412E+09     -0.990E+02     -0.990E+02
      0.166E-02      0.952E+01      0.512E+00      0.412E+09     -0.990E+02     -0.990E+02
      0.174E-02      0.952E+01      0.512E+00      0.412E+09     -0.990E+02     -0.990E+02
      0.182E-02      0.952E+01      0.512E+00      0.412E+09     -0.990E+02     -0.990E+02
      0.191E-02      0.952E+01      0.512E+00      0.412E+09     -0.990E+02     -0.990E+02
      0.200E-02      0.952E+01      0.512E+00      0.412E+09     -0.990E+02     -0.990E+02
      0.209E-02      0.952E+01      0.512E+00      0.412E+09     -0.990E+02     -0.990E+02
      0.219E-02      0.952E+01      0.512E+00      0.412E+09     -0.990E+02     -0.990E+02
      0.229E-02      0.952E+01      0.512E+00      0.412E+09     -0.990E+02     -0.990E+02
      0.240E-02      0.952E+01      0.512E+00      0.412E+09     -0.990E+02     -0.990E+02
      0.251E-02      0.952E+01      0.512E+00      0.412E+09     -0.990E+02     -0.990E+02
      0.263E-02      0.952E+01      0.512E+00      0.412E+09     -0.990E+02     -0.990E+02
      0.275E-02      0.952E+01      0.512E+00      0.412E+09     -0.990E+02     -0.990E+02
      0.288E-02      0.952E+01      0.512E+00      0.412E+09     -0.990E+02     -0.990E+02
      0.302E-02      0.952E+01      0.512E+00      0.412E+09     -0.990E+02     -0.990E+02
      0.316E-02      0.952E+01      0.512E+00      0.412E+09     -0.990E+02     -0.990E+02
      0.331E-02      0.952E+01      0.512E+00      0.412E+09     -0.990E+02     -0.990E+02
      0.347E-02      0.952E+01      0.512E+00      0.412E+09     -0.990E+02     -0.990E+02
      0.363E-02      0.952E+01      0.512E+00      0.412E+09     -0.990E+02     -0.990E+02
      0.380E-02      0.952E+01      0.512E+00      0.412E+09     -0.990E+02     -0.990E+02
      0.398E-02      0.952E+01      0.512E+00      0.412E+09     -0.990E+02     -0.990E+02
      0.417E-02      0.952E+01      0.512E+00      0.412E+09     -0.990E+02     -0.990E+02
      0.437E-02      0.952E+01      0.512E+00      0.412E+09     -0.990E+02     -0.990E+02
      0.457E-02      0.952E+01      0.512E+00      0.412E+09     -0.990E+02     -0.990E+02
      0.479E-02      0.952E+01      0.512E+00      0.412E+09     -0.990E+02     -0.990E+02
      0.501E-02      0.952E+01      0.512E+00      0.412E+09     -0.990E+02     -0.990E+02
      0.525E-02      0.952E+01      0.512E+00      0.412E+09     -0.990E+02     -0.990E+02
      0.550E-02      0.952E+01      0.512E+00      0.412E+09     -0.990E+02     -0.990E+02
      0.575E-02      0.952E+01      0.512E+00      0.412E+09     -0.990E+02     -0.990E+02
      0.603E-02      0.952E+01      0.512E+00      0.412E+09     -0.990E+02     -0.990E+02
      0.631E-02      0.952E+01      0.512E+00      0.412E+09     -0.990E+02     -0.990E+02
      0.661E-02      0.952E+01      0.512E+00      0.412E+09     -0.990E+02     -0.990E+02
      0.692E-02      0.952E+01      0.512E+00      0.412E+09     -0.990E+02     -0.990E+02
      0.724E-02      0.952E+01      0.512E+00      0.412E+09     -0.990E+02     -0.990E+02
      0.759E-02      0.952E+01      0.512E+00      0.412E+09     -0.990E+02     -0.990E+02
      0.794E-02      0.952E+01      0.512E+00      0.412E+09     -0.990E+02     -0.990E+02
      0.832E-02      0.952E+01      0.512E+00      0.412E+09     -0.990E+02     -0.990E+02
      0.871E-02      0.952E+01      0.512E+00      0.412E+09     -0.990E+02     -0.990E+02
      0.912E-02      0.952E+01      0.512E+00      0.412E+09     -0.990E+02     -0.990E+02
      0.955E-02      0.952E+01      0.512E+00      0.412E+09     -0.990E+02     -0.990E+02
      0.100E-01      0.952E+01      0.512E+00      0.412E+09     -0.118E+01      0.884E+00
      0.105E-01      0.706E+00      0.339E+00      0.317E+09     -0.118E+01      0.884E+00
      0.110E-01      0.702E+00      0.337E+00      0.317E+09     -0.118E+01      0.884E+00
      0.115E-01      0.700E+00      0.336E+00      0.316E+09     -0.118E+01      0.883E+00
      0.120E-01      0.699E+00      0.335E+00      0.316E+09     -0.118E+01      0.883E+00
      0.126E-01      0.699E+00      0.334E+00      0.316E+09     -0.118E+01      0.880E+00
      0.132E-01      0.701E+00      0.336E+00      0.315E+09     -0.118E+01      0.881E+00
      0.138E-01      0.699E+00      0.335E+00      0.315E+09     -0.118E+01      0.881E+00
      0.144E-01      0.693E+00      0.331E+00      0.314E+09     -0.118E+01      0.880E+00
      0.151E-01      0.695E+00      0.332E+00      0.314E+09     -0.118E+01      0.882E+00
      0.159E-01      0.695E+00      0.332E+00      0.314E+09     -0.118E+01      0.879E+00
      0.166E-01      0.694E+00      0.331E+00      0.313E+09     -0.118E+01      0.880E+00
      0.174E-01      0.694E+00      0.331E+00      0.313E+09     -0.118E+01      0.879E+00
      0.182E-01      0.696E+00      0.332E+00      0.312E+09     -0.118E+01      0.880E+00
      0.191E-01      0.693E+00      0.330E+00      0.312E+09     -0.118E+01      0.878E+00
      0.200E-01      0.690E+00      0.328E+00      0.311E+09     -0.118E+01      0.878E+00
      0.209E-01      0.688E+00      0.327E+00      0.311E+09     -0.118E+01      0.879E+00
      0.219E-01      0.687E+00      0.326E+00      0.310E+09     -0.118E+01      0.877E+00
      0.229E-01      0.687E+00      0.326E+00      0.310E+09     -0.118E+01      0.877E+00
      0.240E-01      0.685E+00      0.325E+00      0.309E+09     -0.118E+01      0.875E+00
      0.251E-01      0.686E+00      0.325E+00      0.308E+09     -0.118E+01      0.874E+00
      0.263E-01      0.685E+00      0.324E+00      0.308E+09     -0.118E+01      0.873E+00
      0.275E-01      0.682E+00      0.321E+00      0.307E+09     -0.118E+01      0.872E+00
      0.290E-01      0.681E+00      0.320E+00      0.306E+09     -0.118E+01      0.871E+00
      0.300E-01      0.681E+00      0.320E+00      0.305E+09     -0.118E+01      0.869E+00
      0.310E-01      0.680E+00      0.319E+00      0.305E+09     -0.118E+01      0.869E+00
      0.320E-01      0.679E+00      0.318E+00      0.304E+09     -0.118E+01      0.868E+00
      0.330E-01      0.678E+00      0.317E+00      0.304E+09     -0.118E+01      0.866E+00
      0.340E-01      0.677E+00      0.316E+00      0.303E+09     -0.118E+01      0.866E+00
      0.350E-01      0.677E+00      0.316E+00      0.303E+09     -0.118E+01      0.866E+00
      0.360E-01      0.675E+00      0.315E+00      0.302E+09     -0.118E+01      0.863E+00
      0.370E-01      0.675E+00      0.314E+00      0.302E+09     -0.118E+01      0.862E+00
      0.380E-01      0.675E+00      0.314E+00      0.301E+09     -0.118E+01      0.862E+00
      0.390E-01      0.674E+00      0.313E+00      0.301E+09     -0.118E+01      0.862E+00
      0.400E-01      0.672E+00      0.311E+00      0.300E+09     -0.118E+01      0.859E+00
      0.425E-01      0.670E+00      0.310E+00      0.299E+09     -0.119E+01      0.858E+00
      0.450E-01      0.668E+00      0.308E+00      0.298E+09     -0.119E+01      0.856E+00
      0.475E-01      0.666E+00      0.306E+00      0.296E+09     -0.119E+01      0.853E+00
      0.500E-01      0.664E+00      0.304E+00      0.295E+09     -0.119E+01      0.851E+00
      0.525E-01      0.661E+00      0.302E+00      0.294E+09     -0.119E+01      0.849E+00
      0.550E-01      0.659E+00      0.299E+00      0.292E+09     -0.119E+01      0.846E+00
      0.571E-01      0.658E+00      0.298E+00      0.291E+09     -0.119E+01      0.844E+00
      0.640E-01      0.652E+00      0.293E+00      0.289E+09     -0.119E+01      0.839E+00
      0.719E-01      0.644E+00      0.286E+00      0.285E+09     -0.119E+01      0.829E+00
      0.806E-01      0.638E+00      0.280E+00      0.281E+09     -0.119E+01      0.822E+00
      0.905E-01      0.631E+00      0.273E+00      0.276E+09     -0.120E+01      0.812E+00
      0.102E+00      0.623E+00      0.266E+00      0.271E+09     -0.120E+01      0.801E+00
      0.114E+00      0.613E+00      0.258E+00      0.266E+09     -0.120E+01      0.791E+00
      0.128E+00      0.603E+00      0.251E+00      0.260E+09     -0.120E+01      0.782E+00
      0.143E+00      0.591E+00      0.244E+00      0.253E+09     -0.120E+01      0.773E+00
      0.161E+00      0.577E+00      0.237E+00      0.246E+09     -0.121E+01      0.767E+00
      0.181E+00      0.563E+00      0.231E+00      0.238E+09     -0.121E+01      0.766E+00
      0.203E+00      0.539E+00      0.220E+00      0.229E+09     -0.121E+01      0.761E+00
      0.227E+00      0.512E+00      0.209E+00      0.220E+09     -0.121E+01      0.762E+00
      0.255E+00      0.482E+00      0.200E+00      0.211E+09     -0.121E+01      0.770E+00
      0.286E+00      0.458E+00      0.184E+00      0.201E+09     -0.121E+01      0.743E+00
      0.321E+00      0.432E+00      0.169E+00      0.190E+09     -0.121E+01      0.718E+00
      0.360E+00      0.398E+00      0.153E+00      0.179E+09     -0.121E+01      0.700E+00
      0.404E+00      0.360E+00      0.141E+00      0.167E+09     -0.120E+01      0.705E+00
      0.453E+00      0.331E+00      0.131E+00      0.156E+09     -0.120E+01      0.713E+00
      0.509E+00      0.316E+00      0.124E+00      0.144E+09     -0.119E+01      0.715E+00
      0.571E+00      0.307E+00      0.116E+00      0.132E+09     -0.120E+01      0.678E+00
      0.641E+00      0.311E+00      0.114E+00      0.118E+09     -0.120E+01      0.653E+00
      0.719E+00      0.311E+00      0.107E+00      0.103E+09     -0.122E+01      0.636E+00
      0.806E+00      0.307E+00      0.988E-01      0.857E+08     -0.124E+01      0.600E+00
      0.905E+00      0.286E+00      0.991E-01      0.670E+08     -0.124E+01      0.614E+00
      0.102E+01      0.233E+00      0.798E-01      0.476E+08     -0.131E+01      0.617E+00
      0.114E+01      0.187E+00      0.564E-01      0.299E+08     -0.159E+01      0.641E+00
      0.128E+01      0.126E+00      0.523E-01      0.142E+08     -0.183E+01      0.982E+00
      0.143E+01      0.236E-01      0.223E-01      0.248E+07     -0.205E+01      0.268E+01
      0.161E+01      0.332E-03      0.176E-02      0.430E+05     -0.116E+01      0.709E+01
      0.168E+01      0.203E-03      0.128E-02      0.176E+05     -0.118E+01      0.862E+01
      0.170E+01      0.182E-03      0.117E-02      0.118E+05     -0.113E+01      0.845E+01
      0.180E+01      0.816E-04      0.588E-03      0.509E+04     -0.751E+00      0.718E+01
      0.190E+01      0.962E-06      0.693E-05      0.590E+02     -0.752E+00      0.718E+01
      0.200E+01      0.142E-22      0.103E-11      0.181E-14     -0.107E+00       Infinity
      0.210E+01      0.870E-23      0.631E-12      0.925E-15     -0.213E+00       Infinity
      0.220E+01      0.489E-23      0.348E-12      0.386E-15     -0.224E+00       Infinity
      0.230E+01      0.110E-23      0.764E-13      0.839E-16     -0.308E+00       Infinity
      0.240E+01      0.197E-24      0.311E-13      0.167E-16     -0.598E+00       Infinity
      0.250E+01      0.800E-25      0.126E-13      0.482E-17     -0.598E+00       Infinity
      0.260E+01      0.197E-29      0.282E-17      0.224E-21     -0.163E+01       Infinity
      0.275E+01      0.618E-30      0.885E-18      0.747E-22     -0.163E+01       Infinity
      0.300E+01      0.000E+00      0.000E+00      0.000E+00     -0.990E+02     -0.990E+02
      0.325E+01      0.000E+00      0.000E+00      0.000E+00     -0.990E+02     -0.990E+02
      0.350E+01      0.000E+00      0.000E+00      0.000E+00     -0.990E+02     -0.990E+02
      0.375E+01      0.000E+00      0.000E+00      0.000E+00     -0.990E+02     -0.990E+02
      0.400E+01      0.000E+00      0.000E+00      0.000E+00     -0.990E+02     -0.990E+02
      0.425E+01      0.000E+00      0.000E+00      0.000E+00     -0.990E+02     -0.990E+02
      0.450E+01      0.000E+00      0.000E+00      0.000E+00     -0.990E+02     -0.990E+02
      0.475E+01      0.000E+00      0.000E+00      0.000E+00     -0.990E+02     -0.990E+02
      0.500E+01      0.000E+00      0.000E+00      0.000E+00     -0.990E+02     -0.990E+02
      0.525E+01      0.000E+00      0.000E+00      0.000E+00     -0.990E+02     -0.990E+02
      0.550E+01      0.000E+00      0.000E+00      0.000E+00     -0.990E+02     -0.990E+02
      0.575E+01      0.000E+00      0.000E+00      0.000E+00     -0.990E+02     -0.990E+02
      0.600E+01      0.000E+00      0.000E+00      0.000E+00     -0.990E+02     -0.990E+02
      0.625E+01      0.000E+00      0.000E+00      0.000E+00     -0.990E+02     -0.990E+02
      0.650E+01      0.000E+00      0.000E+00      0.000E+00     -0.990E+02     -0.990E+02
      0.675E+01      0.000E+00      0.000E+00      0.000E+00     -0.990E+02     -0.990E+02
      0.700E+01      0.000E+00      0.000E+00      0.000E+00     -0.990E+02     -0.990E+02
      0.725E+01      0.000E+00      0.000E+00      0.000E+00     -0.990E+02     -0.990E+02
      0.750E+01      0.000E+00      0.000E+00      0.000E+00     -0.990E+02     -0.990E+02
      0.775E+01      0.000E+00      0.000E+00      0.000E+00     -0.990E+02     -0.990E+02
      0.800E+01      0.000E+00      0.000E+00      0.000E+00     -0.990E+02     -0.990E+02
      0.825E+01      0.000E+00      0.000E+00      0.000E+00     -0.990E+02     -0.990E+02
      0.850E+01      0.000E+00      0.000E+00      0.000E+00     -0.990E+02     -0.990E+02
      0.875E+01      0.000E+00      0.000E+00      0.000E+00     -0.990E+02     -0.990E+02
      0.900E+01      0.000E+00      0.000E+00      0.000E+00     -0.990E+02     -0.990E+02
      0.925E+01      0.000E+00      0.000E+00      0.000E+00     -0.990E+02     -0.990E+02
      0.950E+01      0.000E+00      0.000E+00      0.000E+00     -0.990E+02     -0.990E+02
      0.975E+01      0.000E+00      0.000E+00      0.000E+00     -0.990E+02     -0.990E+02
      0.100E+02      0.000E+00      0.000E+00      0.000E+00     -0.990E+02     -0.990E+02
      0.102E+02      0.000E+00      0.000E+00      0.000E+00     -0.990E+02     -0.990E+02
      0.105E+02      0.000E+00      0.000E+00      0.000E+00     -0.990E+02     -0.990E+02
      0.108E+02      0.000E+00      0.000E+00      0.000E+00     -0.990E+02     -0.990E+02
      0.110E+02      0.000E+00      0.000E+00      0.000E+00     -0.990E+02     -0.990E+02
      0.112E+02      0.000E+00      0.000E+00      0.000E+00     -0.990E+02     -0.990E+02
      0.115E+02      0.000E+00      0.000E+00      0.000E+00     -0.990E+02     -0.990E+02
      0.118E+02      0.000E+00      0.000E+00      0.000E+00     -0.990E+02     -0.990E+02
      0.120E+02      0.000E+00      0.000E+00      0.000E+00     -0.990E+02     -0.990E+02
      0.122E+02      0.000E+00      0.000E+00      0.000E+00     -0.990E+02     -0.990E+02
      0.125E+02      0.000E+00      0.000E+00      0.000E+00     -0.990E+02     -0.990E+02
      0.128E+02      0.000E+00      0.000E+00      0.000E+00     -0.990E+02     -0.990E+02
      0.130E+02      0.000E+00      0.000E+00      0.000E+00     -0.990E+02     -0.990E+02
      0.132E+02      0.000E+00      0.000E+00      0.000E+00     -0.990E+02     -0.990E+02
      0.135E+02      0.000E+00      0.000E+00      0.000E+00     -0.990E+02     -0.990E+02
      0.138E+02      0.000E+00      0.000E+00      0.000E+00     -0.990E+02     -0.990E+02
      0.140E+02      0.000E+00      0.000E+00      0.000E+00     -0.990E+02     -0.990E+02
      0.142E+02      0.000E+00      0.000E+00      0.000E+00     -0.990E+02     -0.990E+02
      0.145E+02      0.000E+00      0.000E+00      0.000E+00     -0.990E+02     -0.990E+02
      0.148E+02      0.000E+00      0.000E+00      0.000E+00     -0.990E+02     -0.990E+02
      0.150E+02      0.000E+00      0.000E+00      0.000E+00     -0.990E+02     -0.990E+02
      0.152E+02      0.000E+00      0.000E+00      0.000E+00     -0.990E+02     -0.990E+02
      0.155E+02      0.000E+00      0.000E+00      0.000E+00     -0.990E+02     -0.990E+02
      0.158E+02      0.000E+00      0.000E+00      0.000E+00     -0.990E+02     -0.990E+02
      0.160E+02      0.000E+00      0.000E+00      0.000E+00     -0.990E+02     -0.990E+02
      0.162E+02      0.000E+00      0.000E+00      0.000E+00     -0.990E+02     -0.990E+02
      0.165E+02      0.000E+00      0.000E+00      0.000E+00     -0.990E+02     -0.990E+02
      0.168E+02      0.000E+00      0.000E+00      0.000E+00     -0.990E+02     -0.990E+02
      0.170E+02      0.000E+00      0.000E+00      0.000E+00     -0.990E+02     -0.990E+02
      0.172E+02      0.000E+00      0.000E+00      0.000E+00     -0.990E+02     -0.990E+02
      0.175E+02      0.000E+00      0.000E+00      0.000E+00     -0.990E+02     -0.990E+02
      0.178E+02      0.000E+00      0.000E+00      0.000E+00     -0.990E+02     -0.990E+02
      0.180E+02      0.000E+00      0.000E+00      0.000E+00     -0.990E+02     -0.990E+02
      0.182E+02      0.000E+00      0.000E+00      0.000E+00     -0.990E+02     -0.990E+02
      0.185E+02      0.000E+00      0.000E+00      0.000E+00     -0.990E+02     -0.990E+02
      0.188E+02      0.000E+00      0.000E+00      0.000E+00     -0.990E+02     -0.990E+02
      0.190E+02      0.000E+00      0.000E+00      0.000E+00     -0.990E+02     -0.990E+02
      0.192E+02      0.000E+00      0.000E+00      0.000E+00     -0.990E+02     -0.990E+02
      0.195E+02      0.000E+00      0.000E+00      0.000E+00     -0.990E+02     -0.990E+02
      0.198E+02      0.000E+00      0.000E+00      0.000E+00     -0.990E+02     -0.990E+02
      0.200E+02      0.000E+00      0.000E+00      0.000E+00     -0.990E+02     -0.990E+02
