      0.000E+00      0.100E-02      0.000E+00      0.150E+09     -0.990E+02     -0.990E+02
      0.100E-03      0.100E-02      0.000E+00      0.150E+09     -0.990E+02     -0.990E+02
      0.140E-03      0.100E-02      0.000E+00      0.150E+09     -0.990E+02     -0.990E+02
      0.160E-03      0.100E-02      0.000E+00      0.150E+09     -0.990E+02     -0.990E+02
      0.180E-03      0.100E-02      0.000E+00      0.150E+09     -0.990E+02     -0.990E+02
      0.200E-03      0.100E-02      0.000E+00      0.150E+09     -0.990E+02     -0.990E+02
      0.220E-03      0.100E-02      0.000E+00      0.150E+09     -0.990E+02     -0.990E+02
      0.250E-03      0.100E-02      0.000E+00      0.150E+09     -0.990E+02     -0.990E+02
      0.280E-03      0.100E-02      0.000E+00      0.150E+09     -0.990E+02     -0.990E+02
      0.320E-03      0.100E-02      0.000E+00      0.150E+09     -0.990E+02     -0.990E+02
      0.350E-03      0.100E-02      0.000E+00      0.150E+09     -0.990E+02     -0.990E+02
      0.400E-03      0.100E-02      0.000E+00      0.150E+09     -0.990E+02     -0.990E+02
      0.450E-03      0.100E-02      0.000E+00      0.150E+09     -0.990E+02     -0.990E+02
      0.500E-03      0.100E-02      0.000E+00      0.150E+09     -0.990E+02     -0.990E+02
      0.560E-03      0.100E-02      0.000E+00      0.150E+09     -0.990E+02     -0.990E+02
      0.630E-03      0.100E-02      0.000E+00      0.150E+09     -0.990E+02     -0.990E+02
      0.710E-03      0.100E-02      0.000E+00      0.150E+09     -0.990E+02     -0.990E+02
      0.790E-03      0.100E-02      0.000E+00      0.150E+09     -0.990E+02     -0.990E+02
      0.890E-03      0.100E-02      0.000E+00      0.150E+09     -0.990E+02     -0.990E+02
      0.100E-02      0.100E-02      0.000E+00      0.150E+09     -0.990E+02     -0.990E+02
      0.105E-02      0.100E-02      0.000E+00      0.150E+09     -0.990E+02     -0.990E+02
      0.110E-02      0.100E-02      0.000E+00      0.150E+09     -0.990E+02     -0.990E+02
      0.115E-02      0.100E-02      0.000E+00      0.150E+09     -0.990E+02     -0.990E+02
      0.120E-02      0.100E-02      0.000E+00      0.150E+09     -0.990E+02     -0.990E+02
      0.126E-02      0.100E-02      0.000E+00      0.150E+09     -0.990E+02     -0.990E+02
      0.132E-02      0.100E-02      0.000E+00      0.150E+09     -0.990E+02     -0.990E+02
      0.138E-02      0.100E-02      0.000E+00      0.150E+09     -0.990E+02     -0.990E+02
      0.145E-02      0.100E-02      0.000E+00      0.150E+09     -0.990E+02     -0.990E+02
      0.151E-02      0.100E-02      0.000E+00      0.150E+09     -0.990E+02     -0.990E+02
      0.158E-02      0.100E-02      0.000E+00      0.150E+09     -0.990E+02     -0.990E+02
      0.166E-02      0.100E-02      0.000E+00      0.150E+09     -0.990E+02     -0.990E+02
      0.174E-02      0.100E-02      0.000E+00      0.150E+09     -0.990E+02     -0.990E+02
      0.182E-02      0.100E-02      0.000E+00      0.150E+09     -0.990E+02     -0.990E+02
      0.191E-02      0.100E-02      0.000E+00      0.150E+09     -0.990E+02     -0.990E+02
      0.200E-02      0.100E-02      0.000E+00      0.150E+09     -0.990E+02     -0.990E+02
      0.209E-02      0.100E-02      0.000E+00      0.150E+09     -0.990E+02     -0.990E+02
      0.219E-02      0.100E-02      0.000E+00      0.150E+09     -0.990E+02     -0.990E+02
      0.229E-02      0.100E-02      0.000E+00      0.150E+09     -0.990E+02     -0.990E+02
      0.240E-02      0.100E-02      0.000E+00      0.150E+09     -0.990E+02     -0.990E+02
      0.251E-02      0.100E-02      0.000E+00      0.150E+09     -0.990E+02     -0.990E+02
      0.263E-02      0.100E-02      0.000E+00      0.150E+09     -0.990E+02     -0.990E+02
      0.275E-02      0.100E-02      0.000E+00      0.150E+09     -0.990E+02     -0.990E+02
      0.288E-02      0.100E-02      0.000E+00      0.150E+09     -0.990E+02     -0.990E+02
      0.302E-02      0.100E-02      0.000E+00      0.150E+09     -0.990E+02     -0.990E+02
      0.316E-02      0.100E-02      0.000E+00      0.150E+09     -0.990E+02     -0.990E+02
      0.331E-02      0.100E-02      0.000E+00      0.150E+09     -0.990E+02     -0.990E+02
      0.347E-02      0.100E-02      0.000E+00      0.150E+09     -0.990E+02     -0.990E+02
      0.363E-02      0.100E-02      0.000E+00      0.150E+09     -0.990E+02     -0.990E+02
      0.380E-02      0.100E-02      0.000E+00      0.150E+09     -0.990E+02     -0.990E+02
      0.398E-02      0.100E-02      0.000E+00      0.150E+09     -0.990E+02     -0.990E+02
      0.417E-02      0.100E-02      0.000E+00      0.150E+09     -0.990E+02     -0.990E+02
      0.437E-02      0.100E-02      0.000E+00      0.150E+09     -0.990E+02     -0.990E+02
      0.457E-02      0.100E-02      0.000E+00      0.150E+09     -0.990E+02     -0.990E+02
      0.479E-02      0.100E-02      0.000E+00      0.150E+09     -0.990E+02     -0.990E+02
      0.501E-02      0.100E-02      0.000E+00      0.150E+09     -0.990E+02     -0.990E+02
      0.525E-02      0.100E-02      0.000E+00      0.150E+09     -0.990E+02     -0.990E+02
      0.550E-02      0.100E-02      0.000E+00      0.150E+09     -0.990E+02     -0.990E+02
      0.575E-02      0.100E-02      0.000E+00      0.150E+09     -0.990E+02     -0.990E+02
      0.603E-02      0.100E-02      0.000E+00      0.150E+09     -0.990E+02     -0.990E+02
      0.631E-02      0.100E-02      0.000E+00      0.150E+09     -0.990E+02     -0.990E+02
      0.661E-02      0.100E-02      0.000E+00      0.150E+09     -0.990E+02     -0.990E+02
      0.692E-02      0.100E-02      0.000E+00      0.150E+09     -0.990E+02     -0.990E+02
      0.724E-02      0.100E-02      0.000E+00      0.150E+09     -0.990E+02     -0.990E+02
      0.759E-02      0.100E-02      0.000E+00      0.150E+09     -0.990E+02     -0.990E+02
      0.794E-02      0.100E-02      0.000E+00      0.150E+09     -0.990E+02     -0.990E+02
      0.832E-02      0.100E-02      0.000E+00      0.150E+09     -0.990E+02     -0.990E+02
      0.871E-02      0.100E-02      0.000E+00      0.150E+09     -0.990E+02     -0.990E+02
      0.912E-02      0.100E-02      0.000E+00      0.150E+09     -0.990E+02     -0.990E+02
      0.955E-02      0.100E-02      0.000E+00      0.150E+09     -0.990E+02     -0.990E+02
      0.100E-01      0.100E-02      0.000E+00      0.150E+09     -0.950E-01      0.310E+01
      0.105E-01      0.452E-05      0.610E-04      0.150E+09     -0.953E-01      0.310E+01
      0.110E-01      0.450E-05      0.607E-04      0.150E+09     -0.953E-01      0.310E+01
      0.115E-01      0.448E-05      0.605E-04      0.150E+09     -0.956E-01      0.311E+01
      0.120E-01      0.447E-05      0.604E-04      0.150E+09     -0.958E-01      0.311E+01
      0.126E-01      0.447E-05      0.604E-04      0.150E+09     -0.961E-01      0.312E+01
      0.132E-01      0.449E-05      0.607E-04      0.150E+09     -0.964E-01      0.313E+01
      0.138E-01      0.447E-05      0.605E-04      0.150E+09     -0.967E-01      0.313E+01
      0.144E-01      0.442E-05      0.600E-04      0.150E+09     -0.971E-01      0.314E+01
      0.151E-01      0.443E-05      0.601E-04      0.150E+09     -0.974E-01      0.315E+01
      0.159E-01      0.444E-05      0.602E-04      0.150E+09     -0.978E-01      0.316E+01
      0.166E-01      0.443E-05      0.601E-04      0.150E+09     -0.981E-01      0.316E+01
      0.174E-01      0.442E-05      0.601E-04      0.150E+09     -0.985E-01      0.317E+01
      0.182E-01      0.442E-05      0.603E-04      0.150E+09     -0.989E-01      0.318E+01
      0.191E-01      0.441E-05      0.602E-04      0.150E+09     -0.994E-01      0.319E+01
      0.200E-01      0.438E-05      0.599E-04      0.150E+09     -0.997E-01      0.320E+01
      0.209E-01      0.436E-05      0.597E-04      0.150E+09     -0.100E+00      0.321E+01
      0.219E-01      0.435E-05      0.597E-04      0.150E+09     -0.101E+00      0.322E+01
      0.229E-01      0.435E-05      0.597E-04      0.150E+09     -0.101E+00      0.323E+01
      0.240E-01      0.433E-05      0.597E-04      0.150E+09     -0.102E+00      0.325E+01
      0.251E-01      0.433E-05      0.598E-04      0.150E+09     -0.102E+00      0.326E+01
      0.263E-01      0.431E-05      0.596E-04      0.150E+09     -0.103E+00      0.328E+01
      0.275E-01      0.429E-05      0.595E-04      0.150E+09     -0.104E+00      0.329E+01
      0.290E-01      0.427E-05      0.594E-04      0.150E+09     -0.104E+00      0.331E+01
      0.300E-01      0.426E-05      0.594E-04      0.150E+09     -0.105E+00      0.333E+01
      0.310E-01      0.425E-05      0.594E-04      0.150E+09     -0.105E+00      0.335E+01
      0.320E-01      0.424E-05      0.594E-04      0.150E+09     -0.106E+00      0.336E+01
      0.330E-01      0.423E-05      0.594E-04      0.150E+09     -0.106E+00      0.337E+01
      0.340E-01      0.421E-05      0.594E-04      0.150E+09     -0.107E+00      0.339E+01
      0.350E-01      0.420E-05      0.594E-04      0.150E+09     -0.108E+00      0.341E+01
      0.360E-01      0.419E-05      0.594E-04      0.150E+09     -0.108E+00      0.342E+01
      0.370E-01      0.418E-05      0.595E-04      0.150E+09     -0.109E+00      0.344E+01
      0.380E-01      0.417E-05      0.595E-04      0.150E+09     -0.109E+00      0.346E+01
      0.390E-01      0.415E-05      0.595E-04      0.150E+09     -0.110E+00      0.349E+01
      0.400E-01      0.414E-05      0.596E-04      0.150E+09     -0.110E+00      0.352E+01
      0.425E-01      0.410E-05      0.597E-04      0.150E+09     -0.112E+00      0.358E+01
      0.450E-01      0.407E-05      0.598E-04      0.150E+09     -0.113E+00      0.365E+01
      0.475E-01      0.403E-05      0.601E-04      0.150E+09     -0.115E+00      0.372E+01
      0.500E-01      0.400E-05      0.602E-04      0.150E+09     -0.116E+00      0.379E+01
      0.525E-01      0.397E-05      0.605E-04      0.150E+09     -0.118E+00      0.386E+01
      0.550E-01      0.393E-05      0.604E-04      0.150E+09     -0.119E+00      0.393E+01
      0.571E-01      0.391E-05      0.605E-04      0.150E+09     -0.121E+00      0.399E+01
      0.640E-01      0.380E-05      0.606E-04      0.150E+09     -0.125E+00      0.421E+01
      0.719E-01      0.373E-05      0.610E-04      0.150E+09     -0.130E+00      0.444E+01
      0.806E-01      0.371E-05      0.616E-04      0.150E+09     -0.136E+00      0.463E+01
      0.905E-01      0.368E-05      0.624E-04      0.150E+09     -0.142E+00      0.485E+01
      0.102E+00      0.365E-05      0.636E-04      0.150E+09     -0.150E+00      0.512E+01
      0.114E+00      0.376E-05      0.659E-04      0.150E+09     -0.154E+00      0.525E+01
      0.128E+00      0.394E-05      0.688E-04      0.150E+09     -0.156E+00      0.535E+01
      0.143E+00      0.416E-05      0.742E-04      0.150E+09     -0.159E+00      0.557E+01
      0.161E+00      0.441E-05      0.834E-04      0.150E+09     -0.162E+00      0.609E+01
      0.181E+00      0.457E-05      0.937E-04      0.150E+09     -0.164E+00      0.686E+01
      0.203E+00      0.549E-05      0.869E-04      0.150E+09     -0.168E+00      0.599E+01
      0.227E+00      0.710E-05      0.833E-04      0.150E+09     -0.175E+00      0.515E+01
      0.255E+00      0.899E-05      0.770E-04      0.150E+09     -0.179E+00      0.349E+01
      0.286E+00      0.111E-04      0.750E-04      0.150E+09     -0.182E+00      0.245E+01
      0.321E+00      0.114E-04      0.720E-04      0.150E+09     -0.184E+00      0.216E+01
      0.360E+00      0.113E-04      0.729E-04      0.150E+09     -0.188E+00      0.224E+01
      0.404E+00      0.112E-04      0.764E-04      0.150E+09     -0.192E+00      0.245E+01
      0.453E+00      0.115E-04      0.785E-04      0.150E+09     -0.190E+00      0.232E+01
      0.509E+00      0.113E-04      0.939E-04      0.150E+09     -0.178E+00      0.218E+01
      0.571E+00      0.890E-05      0.125E-03      0.150E+09     -0.151E+00      0.286E+01
      0.641E+00      0.722E-05      0.171E-03      0.150E+09     -0.110E+00      0.394E+01
      0.719E+00      0.706E-05      0.218E-03      0.150E+09     -0.921E-01      0.384E+01
      0.806E+00      0.673E-05      0.180E-03      0.150E+09     -0.127E+00      0.464E+01
      0.905E+00      0.660E-05      0.142E-03      0.150E+09     -0.181E+00      0.610E+01
      0.102E+01      0.632E-05      0.168E-03      0.150E+09     -0.222E+00      0.141E+02
      0.114E+01      0.121E-04      0.167E-03      0.150E+09     -0.212E+00      0.727E+01
      0.128E+01      0.275E-04      0.187E-03      0.150E+09     -0.188E+00      0.209E+01
      0.143E+01      0.430E-04      0.262E-03      0.150E+09     -0.185E+00      0.158E+01
      0.161E+01      0.926E-04      0.499E-03      0.150E+09     -0.195E+00      0.154E+01
      0.168E+01      0.121E-03      0.635E-03      0.150E+09     -0.195E+00      0.152E+01
      0.170E+01      0.131E-03      0.676E-03      0.150E+09     -0.194E+00      0.148E+01
      0.180E+01      0.158E-03      0.750E-03      0.150E+09     -0.192E+00      0.138E+01
      0.190E+01      0.173E-03      0.808E-03      0.150E+09     -0.190E+00      0.134E+01
      0.200E+01      0.175E-03      0.862E-03      0.150E+09     -0.213E+00      0.159E+01
      0.210E+01      0.180E-03      0.993E-03      0.150E+09     -0.250E+00      0.215E+01
      0.220E+01      0.184E-03      0.113E-02      0.150E+09     -0.278E+00      0.266E+01
      0.230E+01      0.153E-03      0.895E-03      0.150E+09     -0.281E+00      0.249E+01
      0.240E+01      0.111E-03      0.682E-03      0.150E+09     -0.284E+00      0.283E+01
      0.250E+01      0.912E-04      0.666E-03      0.150E+09     -0.299E+00      0.400E+01
      0.260E+01      0.147E-03      0.786E-03      0.150E+09     -0.312E+00      0.263E+01
      0.275E+01      0.232E-03      0.106E-02      0.150E+09     -0.324E+00      0.212E+01
      0.300E+01      0.506E-03      0.169E-02      0.150E+09     -0.346E+00      0.187E+01
      0.325E+01      0.765E-03      0.342E-02      0.150E+09     -0.503E+00      0.349E+01
      0.350E+01      0.112E-02      0.436E-02      0.150E+09     -0.513E+00      0.317E+01
      0.375E+01      0.121E-02      0.455E-02      0.150E+09     -0.634E+00      0.368E+01
      0.400E+01      0.139E-02      0.476E-02      0.150E+09     -0.542E+00      0.323E+01
      0.425E+01      0.365E-02      0.523E-02      0.149E+09     -0.328E+00      0.120E+01
      0.450E+01      0.159E-02      0.591E-02      0.149E+09     -0.680E+00      0.398E+01
      0.475E+01      0.420E-02      0.577E-02      0.149E+09     -0.437E+00      0.117E+01
      0.500E+01      0.322E-02      0.546E-02      0.148E+09     -0.486E+00      0.159E+01
      0.525E+01      0.527E-02      0.660E-02      0.147E+09     -0.479E+00      0.118E+01
      0.550E+01      0.240E-02      0.582E-02      0.147E+09     -0.688E+00      0.277E+01
      0.575E+01      0.172E-02      0.463E-02      0.146E+09     -0.789E+00      0.326E+01
      0.600E+01      0.166E-02      0.473E-02      0.146E+09     -0.782E+00      0.345E+01
      0.625E+01      0.158E-02      0.458E-02      0.146E+09     -0.680E+00      0.323E+01
      0.650E+01      0.163E-02      0.501E-02      0.146E+09     -0.718E+00      0.350E+01
      0.675E+01      0.149E-02      0.538E-02      0.145E+09     -0.789E+00      0.451E+01
      0.700E+01      0.220E-02      0.595E-02      0.145E+09     -0.586E+00      0.288E+01
      0.725E+01      0.225E-01      0.115E-01      0.145E+09     -0.483E+00      0.469E+00
      0.750E+01      0.125E+00      0.618E-01      0.142E+09     -0.723E+00      0.552E+00
      0.775E+01      0.115E+00      0.562E-01      0.124E+09     -0.869E+00      0.627E+00
      0.800E+01      0.577E-01      0.289E-01      0.108E+09     -0.995E+00      0.724E+00
      0.825E+01      0.520E-01      0.177E-01      0.101E+09     -0.800E+00      0.408E+00
      0.850E+01      0.907E-01      0.443E-01      0.933E+08     -0.822E+00      0.598E+00
      0.875E+01      0.862E-01      0.666E-01      0.807E+08     -0.905E+00      0.101E+01
      0.900E+01      0.817E-01      0.514E-01      0.689E+08     -0.944E+00      0.846E+00
      0.925E+01      0.789E-01      0.438E-01      0.576E+08     -0.964E+00      0.751E+00
      0.950E+01      0.950E-01      0.397E-01      0.468E+08     -0.104E+01      0.606E+00
      0.975E+01      0.884E-01      0.261E-01      0.338E+08     -0.115E+01      0.454E+00
      0.100E+02      0.620E-01      0.209E-01      0.216E+08     -0.118E+01      0.560E+00
      0.102E+02      0.366E-01      0.176E-01      0.131E+08     -0.123E+01      0.838E+00
      0.105E+02      0.194E-01      0.990E-02      0.807E+07     -0.120E+01      0.881E+00
      0.108E+02      0.152E-01      0.644E-02      0.542E+07     -0.117E+01      0.697E+00
      0.110E+02      0.171E-01      0.661E-02      0.334E+07     -0.138E+01      0.712E+00
      0.112E+02      0.695E-02      0.333E-02      0.988E+06     -0.176E+01      0.118E+01
      0.115E+02      0.251E-03      0.509E-03      0.347E+05     -0.215E+01      0.629E+01
      0.118E+02      0.528E-09      0.189E-05      0.792E-01     -0.135E+01      0.661E+04
      0.120E+02      0.491E-10      0.165E-06      0.683E-02     -0.208E+01      0.977E+04
      0.122E+02      0.000E+00      0.000E+00      0.000E+00     -0.990E+02     -0.990E+02
      0.125E+02      0.000E+00      0.000E+00      0.000E+00     -0.990E+02     -0.990E+02
      0.128E+02      0.000E+00      0.000E+00      0.000E+00     -0.990E+02     -0.990E+02
      0.130E+02      0.000E+00      0.000E+00      0.000E+00     -0.990E+02     -0.990E+02
      0.132E+02      0.000E+00      0.000E+00      0.000E+00     -0.990E+02     -0.990E+02
      0.135E+02      0.000E+00      0.000E+00      0.000E+00     -0.990E+02     -0.990E+02
      0.138E+02      0.000E+00      0.000E+00      0.000E+00     -0.990E+02     -0.990E+02
      0.140E+02      0.000E+00      0.000E+00      0.000E+00     -0.990E+02     -0.990E+02
      0.142E+02      0.000E+00      0.000E+00      0.000E+00     -0.990E+02     -0.990E+02
      0.145E+02      0.000E+00      0.000E+00      0.000E+00     -0.990E+02     -0.990E+02
      0.148E+02      0.000E+00      0.000E+00      0.000E+00     -0.990E+02     -0.990E+02
      0.150E+02      0.000E+00      0.000E+00      0.000E+00     -0.990E+02     -0.990E+02
      0.152E+02      0.000E+00      0.000E+00      0.000E+00     -0.990E+02     -0.990E+02
      0.155E+02      0.000E+00      0.000E+00      0.000E+00     -0.990E+02     -0.990E+02
      0.158E+02      0.000E+00      0.000E+00      0.000E+00     -0.990E+02     -0.990E+02
      0.160E+02      0.000E+00      0.000E+00      0.000E+00     -0.990E+02     -0.990E+02
      0.162E+02      0.000E+00      0.000E+00      0.000E+00     -0.990E+02     -0.990E+02
      0.165E+02      0.000E+00      0.000E+00      0.000E+00     -0.990E+02     -0.990E+02
      0.168E+02      0.000E+00      0.000E+00      0.000E+00     -0.990E+02     -0.990E+02
      0.170E+02      0.000E+00      0.000E+00      0.000E+00     -0.990E+02     -0.990E+02
      0.172E+02      0.000E+00      0.000E+00      0.000E+00     -0.990E+02     -0.990E+02
      0.175E+02      0.000E+00      0.000E+00      0.000E+00     -0.990E+02     -0.990E+02
      0.178E+02      0.000E+00      0.000E+00      0.000E+00     -0.990E+02     -0.990E+02
      0.180E+02      0.000E+00      0.000E+00      0.000E+00     -0.990E+02     -0.990E+02
      0.182E+02      0.000E+00      0.000E+00      0.000E+00     -0.990E+02     -0.990E+02
      0.185E+02      0.000E+00      0.000E+00      0.000E+00     -0.990E+02     -0.990E+02
      0.188E+02      0.000E+00      0.000E+00      0.000E+00     -0.990E+02     -0.990E+02
      0.190E+02      0.000E+00      0.000E+00      0.000E+00     -0.990E+02     -0.990E+02
      0.192E+02      0.000E+00      0.000E+00      0.000E+00     -0.990E+02     -0.990E+02
      0.195E+02      0.000E+00      0.000E+00      0.000E+00     -0.990E+02     -0.990E+02
      0.198E+02      0.000E+00      0.000E+00      0.000E+00     -0.990E+02     -0.990E+02
      0.200E+02      0.000E+00      0.000E+00      0.000E+00     -0.990E+02     -0.990E+02
