      0.000E+00      0.269E+03      0.442E+02      0.717E+10     -0.990E+02     -0.990E+02
      0.100E-03      0.269E+03      0.442E+02      0.717E+10     -0.990E+02     -0.990E+02
      0.140E-03      0.269E+03      0.442E+02      0.717E+10     -0.990E+02     -0.990E+02
      0.160E-03      0.269E+03      0.442E+02      0.717E+10     -0.990E+02     -0.990E+02
      0.180E-03      0.269E+03      0.442E+02      0.717E+10     -0.990E+02     -0.990E+02
      0.200E-03      0.269E+03      0.442E+02      0.717E+10     -0.990E+02     -0.990E+02
      0.220E-03      0.269E+03      0.442E+02      0.717E+10     -0.990E+02     -0.990E+02
      0.250E-03      0.269E+03      0.442E+02      0.717E+10     -0.990E+02     -0.990E+02
      0.280E-03      0.269E+03      0.442E+02      0.717E+10     -0.990E+02     -0.990E+02
      0.320E-03      0.269E+03      0.442E+02      0.717E+10     -0.990E+02     -0.990E+02
      0.350E-03      0.269E+03      0.442E+02      0.717E+10     -0.990E+02     -0.990E+02
      0.400E-03      0.269E+03      0.442E+02      0.717E+10     -0.990E+02     -0.990E+02
      0.450E-03      0.269E+03      0.442E+02      0.717E+10     -0.990E+02     -0.990E+02
      0.500E-03      0.269E+03      0.442E+02      0.717E+10     -0.990E+02     -0.990E+02
      0.560E-03      0.269E+03      0.442E+02      0.717E+10     -0.990E+02     -0.990E+02
      0.630E-03      0.269E+03      0.442E+02      0.717E+10     -0.990E+02     -0.990E+02
      0.710E-03      0.269E+03      0.442E+02      0.717E+10     -0.990E+02     -0.990E+02
      0.790E-03      0.269E+03      0.442E+02      0.717E+10     -0.990E+02     -0.990E+02
      0.890E-03      0.269E+03      0.442E+02      0.717E+10     -0.990E+02     -0.990E+02
      0.100E-02      0.269E+03      0.442E+02      0.717E+10     -0.990E+02     -0.990E+02
      0.105E-02      0.269E+03      0.442E+02      0.717E+10     -0.990E+02     -0.990E+02
      0.110E-02      0.269E+03      0.442E+02      0.717E+10     -0.990E+02     -0.990E+02
      0.115E-02      0.269E+03      0.442E+02      0.717E+10     -0.990E+02     -0.990E+02
      0.120E-02      0.269E+03      0.442E+02      0.717E+10     -0.990E+02     -0.990E+02
      0.126E-02      0.269E+03      0.442E+02      0.717E+10     -0.990E+02     -0.990E+02
      0.132E-02      0.269E+03      0.442E+02      0.717E+10     -0.990E+02     -0.990E+02
      0.138E-02      0.269E+03      0.442E+02      0.717E+10     -0.990E+02     -0.990E+02
      0.145E-02      0.269E+03      0.442E+02      0.717E+10     -0.990E+02     -0.990E+02
      0.151E-02      0.269E+03      0.442E+02      0.717E+10     -0.990E+02     -0.990E+02
      0.158E-02      0.269E+03      0.442E+02      0.717E+10     -0.990E+02     -0.990E+02
      0.166E-02      0.269E+03      0.442E+02      0.717E+10     -0.990E+02     -0.990E+02
      0.174E-02      0.269E+03      0.442E+02      0.717E+10     -0.990E+02     -0.990E+02
      0.182E-02      0.269E+03      0.442E+02      0.717E+10     -0.990E+02     -0.990E+02
      0.191E-02      0.269E+03      0.442E+02      0.717E+10     -0.990E+02     -0.990E+02
      0.200E-02      0.269E+03      0.442E+02      0.717E+10     -0.990E+02     -0.990E+02
      0.209E-02      0.269E+03      0.442E+02      0.717E+10     -0.990E+02     -0.990E+02
      0.219E-02      0.269E+03      0.442E+02      0.717E+10     -0.990E+02     -0.990E+02
      0.229E-02      0.269E+03      0.442E+02      0.717E+10     -0.990E+02     -0.990E+02
      0.240E-02      0.269E+03      0.442E+02      0.717E+10     -0.990E+02     -0.990E+02
      0.251E-02      0.269E+03      0.442E+02      0.717E+10     -0.990E+02     -0.990E+02
      0.263E-02      0.269E+03      0.442E+02      0.717E+10     -0.990E+02     -0.990E+02
      0.275E-02      0.269E+03      0.442E+02      0.717E+10     -0.990E+02     -0.990E+02
      0.288E-02      0.269E+03      0.442E+02      0.717E+10     -0.990E+02     -0.990E+02
      0.302E-02      0.269E+03      0.442E+02      0.717E+10     -0.990E+02     -0.990E+02
      0.316E-02      0.269E+03      0.442E+02      0.717E+10     -0.990E+02     -0.990E+02
      0.331E-02      0.269E+03      0.442E+02      0.717E+10     -0.990E+02     -0.990E+02
      0.347E-02      0.269E+03      0.442E+02      0.717E+10     -0.990E+02     -0.990E+02
      0.363E-02      0.269E+03      0.442E+02      0.717E+10     -0.990E+02     -0.990E+02
      0.380E-02      0.269E+03      0.442E+02      0.717E+10     -0.990E+02     -0.990E+02
      0.398E-02      0.269E+03      0.442E+02      0.717E+10     -0.990E+02     -0.990E+02
      0.417E-02      0.269E+03      0.442E+02      0.717E+10     -0.990E+02     -0.990E+02
      0.437E-02      0.269E+03      0.442E+02      0.717E+10     -0.990E+02     -0.990E+02
      0.457E-02      0.269E+03      0.442E+02      0.717E+10     -0.990E+02     -0.990E+02
      0.479E-02      0.269E+03      0.442E+02      0.717E+10     -0.990E+02     -0.990E+02
      0.501E-02      0.269E+03      0.442E+02      0.717E+10     -0.990E+02     -0.990E+02
      0.525E-02      0.269E+03      0.442E+02      0.717E+10     -0.990E+02     -0.990E+02
      0.550E-02      0.269E+03      0.442E+02      0.717E+10     -0.990E+02     -0.990E+02
      0.575E-02      0.269E+03      0.442E+02      0.717E+10     -0.990E+02     -0.990E+02
      0.603E-02      0.269E+03      0.442E+02      0.717E+10     -0.990E+02     -0.990E+02
      0.631E-02      0.269E+03      0.442E+02      0.717E+10     -0.990E+02     -0.990E+02
      0.661E-02      0.269E+03      0.442E+02      0.717E+10     -0.990E+02     -0.990E+02
      0.692E-02      0.269E+03      0.442E+02      0.717E+10     -0.990E+02     -0.990E+02
      0.724E-02      0.269E+03      0.442E+02      0.717E+10     -0.990E+02     -0.990E+02
      0.759E-02      0.269E+03      0.442E+02      0.717E+10     -0.990E+02     -0.990E+02
      0.794E-02      0.269E+03      0.442E+02      0.717E+10     -0.990E+02     -0.990E+02
      0.832E-02      0.269E+03      0.442E+02      0.717E+10     -0.990E+02     -0.990E+02
      0.871E-02      0.269E+03      0.442E+02      0.717E+10     -0.990E+02     -0.990E+02
      0.912E-02      0.269E+03      0.442E+02      0.717E+10     -0.990E+02     -0.990E+02
      0.955E-02      0.269E+03      0.442E+02      0.717E+10     -0.990E+02     -0.990E+02
      0.100E-01      0.269E+03      0.442E+02      0.717E+10     -0.570E-01      0.182E+00
      0.105E-01      0.982E+01      0.550E+01      0.448E+10     -0.574E-01      0.182E+00
      0.110E-01      0.976E+01      0.547E+01      0.447E+10     -0.574E-01      0.181E+00
      0.115E-01      0.974E+01      0.545E+01      0.447E+10     -0.572E-01      0.181E+00
      0.120E-01      0.974E+01      0.545E+01      0.447E+10     -0.575E-01      0.181E+00
      0.126E-01      0.975E+01      0.545E+01      0.446E+10     -0.574E-01      0.181E+00
      0.132E-01      0.979E+01      0.547E+01      0.446E+10     -0.577E-01      0.181E+00
      0.138E-01      0.977E+01      0.545E+01      0.445E+10     -0.577E-01      0.180E+00
      0.144E-01      0.970E+01      0.541E+01      0.445E+10     -0.578E-01      0.181E+00
      0.151E-01      0.972E+01      0.542E+01      0.444E+10     -0.580E-01      0.180E+00
      0.159E-01      0.975E+01      0.543E+01      0.443E+10     -0.581E-01      0.180E+00
      0.166E-01      0.974E+01      0.542E+01      0.443E+10     -0.581E-01      0.180E+00
      0.174E-01      0.976E+01      0.542E+01      0.442E+10     -0.582E-01      0.180E+00
      0.182E-01      0.979E+01      0.544E+01      0.441E+10     -0.585E-01      0.179E+00
      0.191E-01      0.978E+01      0.543E+01      0.441E+10     -0.586E-01      0.179E+00
      0.200E-01      0.973E+01      0.539E+01      0.440E+10     -0.587E-01      0.179E+00
      0.209E-01      0.972E+01      0.538E+01      0.439E+10     -0.588E-01      0.179E+00
      0.219E-01      0.972E+01      0.538E+01      0.438E+10     -0.589E-01      0.178E+00
      0.229E-01      0.973E+01      0.538E+01      0.438E+10     -0.591E-01      0.178E+00
      0.240E-01      0.973E+01      0.537E+01      0.437E+10     -0.593E-01      0.178E+00
      0.251E-01      0.975E+01      0.538E+01      0.436E+10     -0.594E-01      0.177E+00
      0.263E-01      0.974E+01      0.536E+01      0.435E+10     -0.596E-01      0.177E+00
      0.275E-01      0.971E+01      0.534E+01      0.434E+10     -0.599E-01      0.177E+00
      0.290E-01      0.971E+01      0.533E+01      0.433E+10     -0.601E-01      0.176E+00
      0.300E-01      0.971E+01      0.533E+01      0.432E+10     -0.603E-01      0.176E+00
      0.310E-01      0.971E+01      0.532E+01      0.431E+10     -0.605E-01      0.176E+00
      0.320E-01      0.971E+01      0.532E+01      0.430E+10     -0.605E-01      0.176E+00
      0.330E-01      0.971E+01      0.531E+01      0.430E+10     -0.607E-01      0.175E+00
      0.340E-01      0.971E+01      0.530E+01      0.429E+10     -0.608E-01      0.175E+00
      0.350E-01      0.970E+01      0.530E+01      0.428E+10     -0.610E-01      0.175E+00
      0.360E-01      0.970E+01      0.529E+01      0.427E+10     -0.611E-01      0.174E+00
      0.370E-01      0.969E+01      0.528E+01      0.426E+10     -0.613E-01      0.174E+00
      0.380E-01      0.969E+01      0.528E+01      0.426E+10     -0.614E-01      0.174E+00
      0.390E-01      0.969E+01      0.527E+01      0.425E+10     -0.617E-01      0.174E+00
      0.400E-01      0.969E+01      0.526E+01      0.424E+10     -0.619E-01      0.174E+00
      0.425E-01      0.967E+01      0.524E+01      0.423E+10     -0.624E-01      0.173E+00
      0.450E-01      0.968E+01      0.524E+01      0.421E+10     -0.626E-01      0.173E+00
      0.475E-01      0.967E+01      0.522E+01      0.419E+10     -0.630E-01      0.172E+00
      0.500E-01      0.967E+01      0.521E+01      0.417E+10     -0.631E-01      0.171E+00
      0.525E-01      0.966E+01      0.520E+01      0.415E+10     -0.638E-01      0.171E+00
      0.550E-01      0.964E+01      0.518E+01      0.413E+10     -0.641E-01      0.170E+00
      0.571E-01      0.965E+01      0.518E+01      0.411E+10     -0.648E-01      0.170E+00
      0.640E-01      0.963E+01      0.514E+01      0.408E+10     -0.657E-01      0.168E+00
      0.719E-01      0.961E+01      0.511E+01      0.402E+10     -0.672E-01      0.167E+00
      0.806E-01      0.958E+01      0.508E+01      0.396E+10     -0.690E-01      0.165E+00
      0.905E-01      0.954E+01      0.504E+01      0.389E+10     -0.712E-01      0.164E+00
      0.102E+00      0.946E+01      0.497E+01      0.381E+10     -0.744E-01      0.164E+00
      0.114E+00      0.937E+01      0.491E+01      0.373E+10     -0.779E-01      0.164E+00
      0.128E+00      0.927E+01      0.486E+01      0.364E+10     -0.821E-01      0.165E+00
      0.143E+00      0.915E+01      0.482E+01      0.353E+10     -0.870E-01      0.166E+00
      0.161E+00      0.903E+01      0.481E+01      0.342E+10     -0.923E-01      0.168E+00
      0.181E+00      0.889E+01      0.474E+01      0.329E+10     -0.970E-01      0.171E+00
      0.203E+00      0.863E+01      0.453E+01      0.316E+10     -0.101E+00      0.176E+00
      0.227E+00      0.839E+01      0.432E+01      0.301E+10     -0.106E+00      0.180E+00
      0.255E+00      0.811E+01      0.409E+01      0.285E+10     -0.112E+00      0.184E+00
      0.286E+00      0.780E+01      0.384E+01      0.268E+10     -0.118E+00      0.188E+00
      0.321E+00      0.744E+01      0.358E+01      0.249E+10     -0.126E+00      0.193E+00
      0.360E+00      0.704E+01      0.327E+01      0.230E+10     -0.137E+00      0.195E+00
      0.404E+00      0.655E+01      0.289E+01      0.209E+10     -0.153E+00      0.202E+00
      0.453E+00      0.607E+01      0.255E+01      0.188E+10     -0.177E+00      0.215E+00
      0.509E+00      0.566E+01      0.236E+01      0.166E+10     -0.224E+00      0.256E+00
      0.571E+00      0.513E+01      0.222E+01      0.143E+10     -0.303E+00      0.323E+00
      0.641E+00      0.456E+01      0.214E+01      0.120E+10     -0.397E+00      0.409E+00
      0.719E+00      0.394E+01      0.207E+01      0.974E+09     -0.509E+00      0.526E+00
      0.806E+00      0.306E+01      0.183E+01      0.756E+09     -0.605E+00      0.640E+00
      0.905E+00      0.215E+01      0.164E+01      0.568E+09     -0.791E+00      0.914E+00
      0.102E+01      0.154E+01      0.134E+01      0.421E+09     -0.997E+00      0.124E+01
      0.114E+01      0.122E+01      0.113E+01      0.304E+09     -0.109E+01      0.143E+01
      0.128E+01      0.899E+00      0.937E+00      0.202E+09     -0.104E+01      0.157E+01
      0.143E+01      0.617E+00      0.777E+00      0.118E+09     -0.103E+01      0.182E+01
      0.161E+01      0.354E+00      0.445E+00      0.539E+08     -0.107E+01      0.187E+01
      0.168E+01      0.261E+00      0.312E+00      0.270E+08     -0.113E+01      0.186E+01
      0.170E+01      0.234E+00      0.279E+00      0.197E+08     -0.115E+01      0.191E+01
      0.180E+01      0.137E+00      0.168E+00      0.111E+08     -0.117E+01      0.197E+01
      0.190E+01      0.434E-01      0.592E-01      0.265E+07     -0.120E+01      0.224E+01
      0.200E+01      0.102E-03      0.847E-03      0.859E+04     -0.334E+01      0.286E+02
      0.210E+01      0.388E-04      0.101E-03      0.243E+04     -0.411E+01      0.139E+02
      0.220E+01      0.192E-05      0.686E-05      0.114E+03     -0.419E+01      0.185E+02
      0.230E+01      0.276E-11      0.102E-06      0.172E-03     -0.189E+01      0.969E+05
      0.240E+01      0.550E-13      0.203E-08      0.334E-05     -0.189E+01      0.968E+05
      0.250E+01      0.000E+00      0.000E+00      0.000E+00     -0.990E+02     -0.990E+02
      0.260E+01      0.000E+00      0.000E+00      0.000E+00     -0.990E+02     -0.990E+02
      0.275E+01      0.000E+00      0.000E+00      0.000E+00     -0.990E+02     -0.990E+02
      0.300E+01      0.000E+00      0.000E+00      0.000E+00     -0.990E+02     -0.990E+02
      0.325E+01      0.000E+00      0.000E+00      0.000E+00     -0.990E+02     -0.990E+02
      0.350E+01      0.000E+00      0.000E+00      0.000E+00     -0.990E+02     -0.990E+02
      0.375E+01      0.000E+00      0.000E+00      0.000E+00     -0.990E+02     -0.990E+02
      0.400E+01      0.000E+00      0.000E+00      0.000E+00     -0.990E+02     -0.990E+02
      0.425E+01      0.000E+00      0.000E+00      0.000E+00     -0.990E+02     -0.990E+02
      0.450E+01      0.000E+00      0.000E+00      0.000E+00     -0.990E+02     -0.990E+02
      0.475E+01      0.000E+00      0.000E+00      0.000E+00     -0.990E+02     -0.990E+02
      0.500E+01      0.000E+00      0.000E+00      0.000E+00     -0.990E+02     -0.990E+02
      0.525E+01      0.000E+00      0.000E+00      0.000E+00     -0.990E+02     -0.990E+02
      0.550E+01      0.000E+00      0.000E+00      0.000E+00     -0.990E+02     -0.990E+02
      0.575E+01      0.000E+00      0.000E+00      0.000E+00     -0.990E+02     -0.990E+02
      0.600E+01      0.000E+00      0.000E+00      0.000E+00     -0.990E+02     -0.990E+02
      0.625E+01      0.000E+00      0.000E+00      0.000E+00     -0.990E+02     -0.990E+02
      0.650E+01      0.000E+00      0.000E+00      0.000E+00     -0.990E+02     -0.990E+02
      0.675E+01      0.000E+00      0.000E+00      0.000E+00     -0.990E+02     -0.990E+02
      0.700E+01      0.000E+00      0.000E+00      0.000E+00     -0.990E+02     -0.990E+02
      0.725E+01      0.000E+00      0.000E+00      0.000E+00     -0.990E+02     -0.990E+02
      0.750E+01      0.000E+00      0.000E+00      0.000E+00     -0.990E+02     -0.990E+02
      0.775E+01      0.000E+00      0.000E+00      0.000E+00     -0.990E+02     -0.990E+02
      0.800E+01      0.000E+00      0.000E+00      0.000E+00     -0.990E+02     -0.990E+02
      0.825E+01      0.000E+00      0.000E+00      0.000E+00     -0.990E+02     -0.990E+02
      0.850E+01      0.000E+00      0.000E+00      0.000E+00     -0.990E+02     -0.990E+02
      0.875E+01      0.000E+00      0.000E+00      0.000E+00     -0.990E+02     -0.990E+02
      0.900E+01      0.000E+00      0.000E+00      0.000E+00     -0.990E+02     -0.990E+02
      0.925E+01      0.000E+00      0.000E+00      0.000E+00     -0.990E+02     -0.990E+02
      0.950E+01      0.000E+00      0.000E+00      0.000E+00     -0.990E+02     -0.990E+02
      0.975E+01      0.000E+00      0.000E+00      0.000E+00     -0.990E+02     -0.990E+02
      0.100E+02      0.000E+00      0.000E+00      0.000E+00     -0.990E+02     -0.990E+02
      0.102E+02      0.000E+00      0.000E+00      0.000E+00     -0.990E+02     -0.990E+02
      0.105E+02      0.000E+00      0.000E+00      0.000E+00     -0.990E+02     -0.990E+02
      0.108E+02      0.000E+00      0.000E+00      0.000E+00     -0.990E+02     -0.990E+02
      0.110E+02      0.000E+00      0.000E+00      0.000E+00     -0.990E+02     -0.990E+02
      0.112E+02      0.000E+00      0.000E+00      0.000E+00     -0.990E+02     -0.990E+02
      0.115E+02      0.000E+00      0.000E+00      0.000E+00     -0.990E+02     -0.990E+02
      0.118E+02      0.000E+00      0.000E+00      0.000E+00     -0.990E+02     -0.990E+02
      0.120E+02      0.000E+00      0.000E+00      0.000E+00     -0.990E+02     -0.990E+02
      0.122E+02      0.000E+00      0.000E+00      0.000E+00     -0.990E+02     -0.990E+02
      0.125E+02      0.000E+00      0.000E+00      0.000E+00     -0.990E+02     -0.990E+02
      0.128E+02      0.000E+00      0.000E+00      0.000E+00     -0.990E+02     -0.990E+02
      0.130E+02      0.000E+00      0.000E+00      0.000E+00     -0.990E+02     -0.990E+02
      0.132E+02      0.000E+00      0.000E+00      0.000E+00     -0.990E+02     -0.990E+02
      0.135E+02      0.000E+00      0.000E+00      0.000E+00     -0.990E+02     -0.990E+02
      0.138E+02      0.000E+00      0.000E+00      0.000E+00     -0.990E+02     -0.990E+02
      0.140E+02      0.000E+00      0.000E+00      0.000E+00     -0.990E+02     -0.990E+02
      0.142E+02      0.000E+00      0.000E+00      0.000E+00     -0.990E+02     -0.990E+02
      0.145E+02      0.000E+00      0.000E+00      0.000E+00     -0.990E+02     -0.990E+02
      0.148E+02      0.000E+00      0.000E+00      0.000E+00     -0.990E+02     -0.990E+02
      0.150E+02      0.000E+00      0.000E+00      0.000E+00     -0.990E+02     -0.990E+02
      0.152E+02      0.000E+00      0.000E+00      0.000E+00     -0.990E+02     -0.990E+02
      0.155E+02      0.000E+00      0.000E+00      0.000E+00     -0.990E+02     -0.990E+02
      0.158E+02      0.000E+00      0.000E+00      0.000E+00     -0.990E+02     -0.990E+02
      0.160E+02      0.000E+00      0.000E+00      0.000E+00     -0.990E+02     -0.990E+02
      0.162E+02      0.000E+00      0.000E+00      0.000E+00     -0.990E+02     -0.990E+02
      0.165E+02      0.000E+00      0.000E+00      0.000E+00     -0.990E+02     -0.990E+02
      0.168E+02      0.000E+00      0.000E+00      0.000E+00     -0.990E+02     -0.990E+02
      0.170E+02      0.000E+00      0.000E+00      0.000E+00     -0.990E+02     -0.990E+02
      0.172E+02      0.000E+00      0.000E+00      0.000E+00     -0.990E+02     -0.990E+02
      0.175E+02      0.000E+00      0.000E+00      0.000E+00     -0.990E+02     -0.990E+02
      0.178E+02      0.000E+00      0.000E+00      0.000E+00     -0.990E+02     -0.990E+02
      0.180E+02      0.000E+00      0.000E+00      0.000E+00     -0.990E+02     -0.990E+02
      0.182E+02      0.000E+00      0.000E+00      0.000E+00     -0.990E+02     -0.990E+02
      0.185E+02      0.000E+00      0.000E+00      0.000E+00     -0.990E+02     -0.990E+02
      0.188E+02      0.000E+00      0.000E+00      0.000E+00     -0.990E+02     -0.990E+02
      0.190E+02      0.000E+00      0.000E+00      0.000E+00     -0.990E+02     -0.990E+02
      0.192E+02      0.000E+00      0.000E+00      0.000E+00     -0.990E+02     -0.990E+02
      0.195E+02      0.000E+00      0.000E+00      0.000E+00     -0.990E+02     -0.990E+02
      0.198E+02      0.000E+00      0.000E+00      0.000E+00     -0.990E+02     -0.990E+02
      0.200E+02      0.000E+00      0.000E+00      0.000E+00     -0.990E+02     -0.990E+02
