      0.000E+00      0.627E+01      0.473E+01      0.527E+10     -0.990E+02     -0.990E+02
      0.100E-03      0.627E+01      0.473E+01      0.527E+10     -0.990E+02     -0.990E+02
      0.140E-03      0.627E+01      0.473E+01      0.527E+10     -0.990E+02     -0.990E+02
      0.160E-03      0.627E+01      0.473E+01      0.527E+10     -0.990E+02     -0.990E+02
      0.180E-03      0.627E+01      0.473E+01      0.527E+10     -0.990E+02     -0.990E+02
      0.200E-03      0.627E+01      0.473E+01      0.527E+10     -0.990E+02     -0.990E+02
      0.220E-03      0.627E+01      0.473E+01      0.527E+10     -0.990E+02     -0.990E+02
      0.250E-03      0.627E+01      0.473E+01      0.527E+10     -0.990E+02     -0.990E+02
      0.280E-03      0.627E+01      0.473E+01      0.527E+10     -0.990E+02     -0.990E+02
      0.320E-03      0.627E+01      0.473E+01      0.527E+10     -0.990E+02     -0.990E+02
      0.350E-03      0.627E+01      0.473E+01      0.527E+10     -0.990E+02     -0.990E+02
      0.400E-03      0.627E+01      0.473E+01      0.527E+10     -0.990E+02     -0.990E+02
      0.450E-03      0.627E+01      0.473E+01      0.527E+10     -0.990E+02     -0.990E+02
      0.500E-03      0.627E+01      0.473E+01      0.527E+10     -0.990E+02     -0.990E+02
      0.560E-03      0.627E+01      0.473E+01      0.527E+10     -0.990E+02     -0.990E+02
      0.630E-03      0.627E+01      0.473E+01      0.527E+10     -0.990E+02     -0.990E+02
      0.710E-03      0.627E+01      0.473E+01      0.527E+10     -0.990E+02     -0.990E+02
      0.790E-03      0.627E+01      0.473E+01      0.527E+10     -0.990E+02     -0.990E+02
      0.890E-03      0.627E+01      0.473E+01      0.527E+10     -0.990E+02     -0.990E+02
      0.100E-02      0.627E+01      0.473E+01      0.527E+10     -0.990E+02     -0.990E+02
      0.105E-02      0.627E+01      0.473E+01      0.527E+10     -0.990E+02     -0.990E+02
      0.110E-02      0.627E+01      0.473E+01      0.527E+10     -0.990E+02     -0.990E+02
      0.115E-02      0.627E+01      0.473E+01      0.527E+10     -0.990E+02     -0.990E+02
      0.120E-02      0.627E+01      0.473E+01      0.527E+10     -0.990E+02     -0.990E+02
      0.126E-02      0.627E+01      0.473E+01      0.527E+10     -0.990E+02     -0.990E+02
      0.132E-02      0.627E+01      0.473E+01      0.527E+10     -0.990E+02     -0.990E+02
      0.138E-02      0.627E+01      0.473E+01      0.527E+10     -0.990E+02     -0.990E+02
      0.145E-02      0.627E+01      0.473E+01      0.527E+10     -0.990E+02     -0.990E+02
      0.151E-02      0.627E+01      0.473E+01      0.527E+10     -0.990E+02     -0.990E+02
      0.158E-02      0.627E+01      0.473E+01      0.527E+10     -0.990E+02     -0.990E+02
      0.166E-02      0.627E+01      0.473E+01      0.527E+10     -0.990E+02     -0.990E+02
      0.174E-02      0.627E+01      0.473E+01      0.527E+10     -0.990E+02     -0.990E+02
      0.182E-02      0.627E+01      0.473E+01      0.527E+10     -0.990E+02     -0.990E+02
      0.191E-02      0.627E+01      0.473E+01      0.527E+10     -0.990E+02     -0.990E+02
      0.200E-02      0.627E+01      0.473E+01      0.527E+10     -0.990E+02     -0.990E+02
      0.209E-02      0.627E+01      0.473E+01      0.527E+10     -0.990E+02     -0.990E+02
      0.219E-02      0.627E+01      0.473E+01      0.527E+10     -0.990E+02     -0.990E+02
      0.229E-02      0.627E+01      0.473E+01      0.527E+10     -0.990E+02     -0.990E+02
      0.240E-02      0.627E+01      0.473E+01      0.527E+10     -0.990E+02     -0.990E+02
      0.251E-02      0.627E+01      0.473E+01      0.527E+10     -0.990E+02     -0.990E+02
      0.263E-02      0.627E+01      0.473E+01      0.527E+10     -0.990E+02     -0.990E+02
      0.275E-02      0.627E+01      0.473E+01      0.527E+10     -0.990E+02     -0.990E+02
      0.288E-02      0.627E+01      0.473E+01      0.527E+10     -0.990E+02     -0.990E+02
      0.302E-02      0.627E+01      0.473E+01      0.527E+10     -0.990E+02     -0.990E+02
      0.316E-02      0.627E+01      0.473E+01      0.527E+10     -0.990E+02     -0.990E+02
      0.331E-02      0.627E+01      0.473E+01      0.527E+10     -0.990E+02     -0.990E+02
      0.347E-02      0.627E+01      0.473E+01      0.527E+10     -0.990E+02     -0.990E+02
      0.363E-02      0.627E+01      0.473E+01      0.527E+10     -0.990E+02     -0.990E+02
      0.380E-02      0.627E+01      0.473E+01      0.527E+10     -0.990E+02     -0.990E+02
      0.398E-02      0.627E+01      0.473E+01      0.527E+10     -0.990E+02     -0.990E+02
      0.417E-02      0.627E+01      0.473E+01      0.527E+10     -0.990E+02     -0.990E+02
      0.437E-02      0.627E+01      0.473E+01      0.527E+10     -0.990E+02     -0.990E+02
      0.457E-02      0.627E+01      0.473E+01      0.527E+10     -0.990E+02     -0.990E+02
      0.479E-02      0.627E+01      0.473E+01      0.527E+10     -0.990E+02     -0.990E+02
      0.501E-02      0.627E+01      0.473E+01      0.527E+10     -0.990E+02     -0.990E+02
      0.525E-02      0.627E+01      0.473E+01      0.527E+10     -0.990E+02     -0.990E+02
      0.550E-02      0.627E+01      0.473E+01      0.527E+10     -0.990E+02     -0.990E+02
      0.575E-02      0.627E+01      0.473E+01      0.527E+10     -0.990E+02     -0.990E+02
      0.603E-02      0.627E+01      0.473E+01      0.527E+10     -0.990E+02     -0.990E+02
      0.631E-02      0.627E+01      0.473E+01      0.527E+10     -0.990E+02     -0.990E+02
      0.661E-02      0.627E+01      0.473E+01      0.527E+10     -0.990E+02     -0.990E+02
      0.692E-02      0.627E+01      0.473E+01      0.527E+10     -0.990E+02     -0.990E+02
      0.724E-02      0.627E+01      0.473E+01      0.527E+10     -0.990E+02     -0.990E+02
      0.759E-02      0.627E+01      0.473E+01      0.527E+10     -0.990E+02     -0.990E+02
      0.794E-02      0.627E+01      0.473E+01      0.527E+10     -0.990E+02     -0.990E+02
      0.832E-02      0.627E+01      0.473E+01      0.527E+10     -0.990E+02     -0.990E+02
      0.871E-02      0.627E+01      0.473E+01      0.527E+10     -0.990E+02     -0.990E+02
      0.912E-02      0.627E+01      0.473E+01      0.527E+10     -0.990E+02     -0.990E+02
      0.955E-02      0.627E+01      0.473E+01      0.527E+10     -0.990E+02     -0.990E+02
      0.100E-01      0.627E+01      0.473E+01      0.527E+10     -0.876E+00      0.868E+00
      0.105E-01      0.213E+02      0.126E+02      0.520E+10     -0.876E+00      0.868E+00
      0.110E-01      0.212E+02      0.125E+02      0.519E+10     -0.877E+00      0.867E+00
      0.115E-01      0.211E+02      0.125E+02      0.518E+10     -0.877E+00      0.867E+00
      0.120E-01      0.211E+02      0.124E+02      0.517E+10     -0.877E+00      0.866E+00
      0.126E-01      0.211E+02      0.124E+02      0.516E+10     -0.877E+00      0.865E+00
      0.132E-01      0.212E+02      0.125E+02      0.515E+10     -0.878E+00      0.865E+00
      0.138E-01      0.211E+02      0.124E+02      0.513E+10     -0.878E+00      0.864E+00
      0.144E-01      0.209E+02      0.123E+02      0.512E+10     -0.878E+00      0.864E+00
      0.151E-01      0.209E+02      0.123E+02      0.511E+10     -0.879E+00      0.863E+00
      0.159E-01      0.210E+02      0.123E+02      0.510E+10     -0.879E+00      0.863E+00
      0.166E-01      0.209E+02      0.122E+02      0.508E+10     -0.879E+00      0.862E+00
      0.174E-01      0.209E+02      0.122E+02      0.507E+10     -0.880E+00      0.861E+00
      0.182E-01      0.210E+02      0.122E+02      0.506E+10     -0.880E+00      0.860E+00
      0.191E-01      0.209E+02      0.121E+02      0.504E+10     -0.881E+00      0.860E+00
      0.200E-01      0.208E+02      0.120E+02      0.503E+10     -0.881E+00      0.859E+00
      0.209E-01      0.207E+02      0.120E+02      0.501E+10     -0.882E+00      0.858E+00
      0.219E-01      0.207E+02      0.119E+02      0.499E+10     -0.882E+00      0.858E+00
      0.229E-01      0.206E+02      0.119E+02      0.498E+10     -0.883E+00      0.857E+00
      0.240E-01      0.206E+02      0.118E+02      0.496E+10     -0.883E+00      0.856E+00
      0.251E-01      0.206E+02      0.118E+02      0.494E+10     -0.884E+00      0.856E+00
      0.263E-01      0.205E+02      0.117E+02      0.492E+10     -0.884E+00      0.854E+00
      0.275E-01      0.204E+02      0.116E+02      0.490E+10     -0.885E+00      0.854E+00
      0.290E-01      0.204E+02      0.116E+02      0.487E+10     -0.886E+00      0.853E+00
      0.300E-01      0.203E+02      0.115E+02      0.485E+10     -0.886E+00      0.853E+00
      0.310E-01      0.203E+02      0.115E+02      0.484E+10     -0.887E+00      0.852E+00
      0.320E-01      0.202E+02      0.114E+02      0.482E+10     -0.887E+00      0.851E+00
      0.330E-01      0.202E+02      0.114E+02      0.480E+10     -0.888E+00      0.851E+00
      0.340E-01      0.201E+02      0.113E+02      0.479E+10     -0.888E+00      0.851E+00
      0.350E-01      0.201E+02      0.113E+02      0.477E+10     -0.889E+00      0.850E+00
      0.360E-01      0.201E+02      0.112E+02      0.475E+10     -0.890E+00      0.850E+00
      0.370E-01      0.200E+02      0.112E+02      0.474E+10     -0.890E+00      0.850E+00
      0.380E-01      0.200E+02      0.112E+02      0.472E+10     -0.891E+00      0.850E+00
      0.390E-01      0.199E+02      0.111E+02      0.471E+10     -0.892E+00      0.849E+00
      0.400E-01      0.199E+02      0.111E+02      0.469E+10     -0.892E+00      0.849E+00
      0.425E-01      0.198E+02      0.110E+02      0.466E+10     -0.894E+00      0.848E+00
      0.450E-01      0.197E+02      0.109E+02      0.462E+10     -0.895E+00      0.847E+00
      0.475E-01      0.196E+02      0.108E+02      0.458E+10     -0.897E+00      0.847E+00
      0.500E-01      0.195E+02      0.106E+02      0.454E+10     -0.898E+00      0.845E+00
      0.525E-01      0.194E+02      0.105E+02      0.450E+10     -0.899E+00      0.845E+00
      0.550E-01      0.193E+02      0.104E+02      0.447E+10     -0.901E+00      0.844E+00
      0.571E-01      0.192E+02      0.104E+02      0.443E+10     -0.902E+00      0.844E+00
      0.640E-01      0.189E+02      0.101E+02      0.436E+10     -0.905E+00      0.843E+00
      0.719E-01      0.186E+02      0.980E+01      0.425E+10     -0.910E+00      0.845E+00
      0.806E-01      0.182E+02      0.951E+01      0.413E+10     -0.915E+00      0.850E+00
      0.905E-01      0.178E+02      0.925E+01      0.400E+10     -0.921E+00      0.860E+00
      0.102E+00      0.173E+02      0.902E+01      0.386E+10     -0.928E+00      0.875E+00
      0.114E+00      0.169E+02      0.883E+01      0.371E+10     -0.937E+00      0.898E+00
      0.128E+00      0.163E+02      0.867E+01      0.354E+10     -0.944E+00      0.918E+00
      0.143E+00      0.160E+02      0.834E+01      0.336E+10     -0.938E+00      0.886E+00
      0.161E+00      0.156E+02      0.800E+01      0.316E+10     -0.930E+00      0.850E+00
      0.181E+00      0.152E+02      0.762E+01      0.295E+10     -0.923E+00      0.810E+00
      0.203E+00      0.148E+02      0.727E+01      0.272E+10     -0.914E+00      0.769E+00
      0.227E+00      0.143E+02      0.700E+01      0.247E+10     -0.904E+00      0.731E+00
      0.255E+00      0.135E+02      0.661E+01      0.220E+10     -0.901E+00      0.701E+00
      0.286E+00      0.123E+02      0.597E+01      0.192E+10     -0.909E+00      0.680E+00
      0.321E+00      0.111E+02      0.536E+01      0.163E+10     -0.910E+00      0.649E+00
      0.360E+00      0.975E+01      0.475E+01      0.134E+10     -0.902E+00      0.631E+00
      0.404E+00      0.838E+01      0.411E+01      0.106E+10     -0.915E+00      0.632E+00
      0.453E+00      0.685E+01      0.344E+01      0.789E+09     -0.959E+00      0.652E+00
      0.509E+00      0.512E+01      0.285E+01      0.543E+09     -0.999E+00      0.724E+00
      0.571E+00      0.349E+01      0.211E+01      0.339E+09     -0.964E+00      0.753E+00
      0.641E+00      0.207E+01      0.138E+01      0.184E+09     -0.947E+00      0.801E+00
      0.719E+00      0.938E+00      0.804E+00      0.814E+08     -0.841E+00      0.890E+00
      0.806E+00      0.372E+00      0.404E+00      0.297E+08     -0.750E+00      0.104E+01
      0.905E+00      0.777E-01      0.140E+00      0.683E+07     -0.668E+00      0.158E+01
      0.102E+01      0.198E-01      0.471E-01      0.151E+07     -0.650E+00      0.205E+01
      0.114E+01      0.125E-05      0.218E-03      0.120E+03     -0.162E+01      0.305E+03
      0.128E+01      0.148E-06      0.787E-04      0.139E+02     -0.164E+01      0.912E+03
      0.143E+01      0.000E+00      0.000E+00      0.000E+00     -0.990E+02     -0.990E+02
      0.161E+01      0.000E+00      0.000E+00      0.000E+00     -0.990E+02     -0.990E+02
      0.168E+01      0.000E+00      0.000E+00      0.000E+00     -0.990E+02     -0.990E+02
      0.170E+01      0.000E+00      0.000E+00      0.000E+00     -0.990E+02     -0.990E+02
      0.180E+01      0.000E+00      0.000E+00      0.000E+00     -0.990E+02     -0.990E+02
      0.190E+01      0.000E+00      0.000E+00      0.000E+00     -0.990E+02     -0.990E+02
      0.200E+01      0.000E+00      0.000E+00      0.000E+00     -0.990E+02     -0.990E+02
      0.210E+01      0.000E+00      0.000E+00      0.000E+00     -0.990E+02     -0.990E+02
      0.220E+01      0.000E+00      0.000E+00      0.000E+00     -0.990E+02     -0.990E+02
      0.230E+01      0.000E+00      0.000E+00      0.000E+00     -0.990E+02     -0.990E+02
      0.240E+01      0.000E+00      0.000E+00      0.000E+00     -0.990E+02     -0.990E+02
      0.250E+01      0.000E+00      0.000E+00      0.000E+00     -0.990E+02     -0.990E+02
      0.260E+01      0.000E+00      0.000E+00      0.000E+00     -0.990E+02     -0.990E+02
      0.275E+01      0.000E+00      0.000E+00      0.000E+00     -0.990E+02     -0.990E+02
      0.300E+01      0.000E+00      0.000E+00      0.000E+00     -0.990E+02     -0.990E+02
      0.325E+01      0.000E+00      0.000E+00      0.000E+00     -0.990E+02     -0.990E+02
      0.350E+01      0.000E+00      0.000E+00      0.000E+00     -0.990E+02     -0.990E+02
      0.375E+01      0.000E+00      0.000E+00      0.000E+00     -0.990E+02     -0.990E+02
      0.400E+01      0.000E+00      0.000E+00      0.000E+00     -0.990E+02     -0.990E+02
      0.425E+01      0.000E+00      0.000E+00      0.000E+00     -0.990E+02     -0.990E+02
      0.450E+01      0.000E+00      0.000E+00      0.000E+00     -0.990E+02     -0.990E+02
      0.475E+01      0.000E+00      0.000E+00      0.000E+00     -0.990E+02     -0.990E+02
      0.500E+01      0.000E+00      0.000E+00      0.000E+00     -0.990E+02     -0.990E+02
      0.525E+01      0.000E+00      0.000E+00      0.000E+00     -0.990E+02     -0.990E+02
      0.550E+01      0.000E+00      0.000E+00      0.000E+00     -0.990E+02     -0.990E+02
      0.575E+01      0.000E+00      0.000E+00      0.000E+00     -0.990E+02     -0.990E+02
      0.600E+01      0.000E+00      0.000E+00      0.000E+00     -0.990E+02     -0.990E+02
      0.625E+01      0.000E+00      0.000E+00      0.000E+00     -0.990E+02     -0.990E+02
      0.650E+01      0.000E+00      0.000E+00      0.000E+00     -0.990E+02     -0.990E+02
      0.675E+01      0.000E+00      0.000E+00      0.000E+00     -0.990E+02     -0.990E+02
      0.700E+01      0.000E+00      0.000E+00      0.000E+00     -0.990E+02     -0.990E+02
      0.725E+01      0.000E+00      0.000E+00      0.000E+00     -0.990E+02     -0.990E+02
      0.750E+01      0.000E+00      0.000E+00      0.000E+00     -0.990E+02     -0.990E+02
      0.775E+01      0.000E+00      0.000E+00      0.000E+00     -0.990E+02     -0.990E+02
      0.800E+01      0.000E+00      0.000E+00      0.000E+00     -0.990E+02     -0.990E+02
      0.825E+01      0.000E+00      0.000E+00      0.000E+00     -0.990E+02     -0.990E+02
      0.850E+01      0.000E+00      0.000E+00      0.000E+00     -0.990E+02     -0.990E+02
      0.875E+01      0.000E+00      0.000E+00      0.000E+00     -0.990E+02     -0.990E+02
      0.900E+01      0.000E+00      0.000E+00      0.000E+00     -0.990E+02     -0.990E+02
      0.925E+01      0.000E+00      0.000E+00      0.000E+00     -0.990E+02     -0.990E+02
      0.950E+01      0.000E+00      0.000E+00      0.000E+00     -0.990E+02     -0.990E+02
      0.975E+01      0.000E+00      0.000E+00      0.000E+00     -0.990E+02     -0.990E+02
      0.100E+02      0.000E+00      0.000E+00      0.000E+00     -0.990E+02     -0.990E+02
      0.102E+02      0.000E+00      0.000E+00      0.000E+00     -0.990E+02     -0.990E+02
      0.105E+02      0.000E+00      0.000E+00      0.000E+00     -0.990E+02     -0.990E+02
      0.108E+02      0.000E+00      0.000E+00      0.000E+00     -0.990E+02     -0.990E+02
      0.110E+02      0.000E+00      0.000E+00      0.000E+00     -0.990E+02     -0.990E+02
      0.112E+02      0.000E+00      0.000E+00      0.000E+00     -0.990E+02     -0.990E+02
      0.115E+02      0.000E+00      0.000E+00      0.000E+00     -0.990E+02     -0.990E+02
      0.118E+02      0.000E+00      0.000E+00      0.000E+00     -0.990E+02     -0.990E+02
      0.120E+02      0.000E+00      0.000E+00      0.000E+00     -0.990E+02     -0.990E+02
      0.122E+02      0.000E+00      0.000E+00      0.000E+00     -0.990E+02     -0.990E+02
      0.125E+02      0.000E+00      0.000E+00      0.000E+00     -0.990E+02     -0.990E+02
      0.128E+02      0.000E+00      0.000E+00      0.000E+00     -0.990E+02     -0.990E+02
      0.130E+02      0.000E+00      0.000E+00      0.000E+00     -0.990E+02     -0.990E+02
      0.132E+02      0.000E+00      0.000E+00      0.000E+00     -0.990E+02     -0.990E+02
      0.135E+02      0.000E+00      0.000E+00      0.000E+00     -0.990E+02     -0.990E+02
      0.138E+02      0.000E+00      0.000E+00      0.000E+00     -0.990E+02     -0.990E+02
      0.140E+02      0.000E+00      0.000E+00      0.000E+00     -0.990E+02     -0.990E+02
      0.142E+02      0.000E+00      0.000E+00      0.000E+00     -0.990E+02     -0.990E+02
      0.145E+02      0.000E+00      0.000E+00      0.000E+00     -0.990E+02     -0.990E+02
      0.148E+02      0.000E+00      0.000E+00      0.000E+00     -0.990E+02     -0.990E+02
      0.150E+02      0.000E+00      0.000E+00      0.000E+00     -0.990E+02     -0.990E+02
      0.152E+02      0.000E+00      0.000E+00      0.000E+00     -0.990E+02     -0.990E+02
      0.155E+02      0.000E+00      0.000E+00      0.000E+00     -0.990E+02     -0.990E+02
      0.158E+02      0.000E+00      0.000E+00      0.000E+00     -0.990E+02     -0.990E+02
      0.160E+02      0.000E+00      0.000E+00      0.000E+00     -0.990E+02     -0.990E+02
      0.162E+02      0.000E+00      0.000E+00      0.000E+00     -0.990E+02     -0.990E+02
      0.165E+02      0.000E+00      0.000E+00      0.000E+00     -0.990E+02     -0.990E+02
      0.168E+02      0.000E+00      0.000E+00      0.000E+00     -0.990E+02     -0.990E+02
      0.170E+02      0.000E+00      0.000E+00      0.000E+00     -0.990E+02     -0.990E+02
      0.172E+02      0.000E+00      0.000E+00      0.000E+00     -0.990E+02     -0.990E+02
      0.175E+02      0.000E+00      0.000E+00      0.000E+00     -0.990E+02     -0.990E+02
      0.178E+02      0.000E+00      0.000E+00      0.000E+00     -0.990E+02     -0.990E+02
      0.180E+02      0.000E+00      0.000E+00      0.000E+00     -0.990E+02     -0.990E+02
      0.182E+02      0.000E+00      0.000E+00      0.000E+00     -0.990E+02     -0.990E+02
      0.185E+02      0.000E+00      0.000E+00      0.000E+00     -0.990E+02     -0.990E+02
      0.188E+02      0.000E+00      0.000E+00      0.000E+00     -0.990E+02     -0.990E+02
      0.190E+02      0.000E+00      0.000E+00      0.000E+00     -0.990E+02     -0.990E+02
      0.192E+02      0.000E+00      0.000E+00      0.000E+00     -0.990E+02     -0.990E+02
      0.195E+02      0.000E+00      0.000E+00      0.000E+00     -0.990E+02     -0.990E+02
      0.198E+02      0.000E+00      0.000E+00      0.000E+00     -0.990E+02     -0.990E+02
      0.200E+02      0.000E+00      0.000E+00      0.000E+00     -0.990E+02     -0.990E+02
