      0.000E+00      0.183E+01      0.823E+00      0.823E+09     -0.990E+02     -0.990E+02
      0.100E-03      0.183E+01      0.823E+00      0.823E+09     -0.990E+02     -0.990E+02
      0.140E-03      0.183E+01      0.823E+00      0.823E+09     -0.990E+02     -0.990E+02
      0.160E-03      0.183E+01      0.823E+00      0.823E+09     -0.990E+02     -0.990E+02
      0.180E-03      0.183E+01      0.823E+00      0.823E+09     -0.990E+02     -0.990E+02
      0.200E-03      0.183E+01      0.823E+00      0.823E+09     -0.990E+02     -0.990E+02
      0.220E-03      0.183E+01      0.823E+00      0.823E+09     -0.990E+02     -0.990E+02
      0.250E-03      0.183E+01      0.823E+00      0.823E+09     -0.990E+02     -0.990E+02
      0.280E-03      0.183E+01      0.823E+00      0.823E+09     -0.990E+02     -0.990E+02
      0.320E-03      0.183E+01      0.823E+00      0.823E+09     -0.990E+02     -0.990E+02
      0.350E-03      0.183E+01      0.823E+00      0.823E+09     -0.990E+02     -0.990E+02
      0.400E-03      0.183E+01      0.823E+00      0.823E+09     -0.990E+02     -0.990E+02
      0.450E-03      0.183E+01      0.823E+00      0.823E+09     -0.990E+02     -0.990E+02
      0.500E-03      0.183E+01      0.823E+00      0.823E+09     -0.990E+02     -0.990E+02
      0.560E-03      0.183E+01      0.823E+00      0.823E+09     -0.990E+02     -0.990E+02
      0.630E-03      0.183E+01      0.823E+00      0.823E+09     -0.990E+02     -0.990E+02
      0.710E-03      0.183E+01      0.823E+00      0.823E+09     -0.990E+02     -0.990E+02
      0.790E-03      0.183E+01      0.823E+00      0.823E+09     -0.990E+02     -0.990E+02
      0.890E-03      0.183E+01      0.823E+00      0.823E+09     -0.990E+02     -0.990E+02
      0.100E-02      0.183E+01      0.823E+00      0.823E+09     -0.990E+02     -0.990E+02
      0.105E-02      0.183E+01      0.823E+00      0.823E+09     -0.990E+02     -0.990E+02
      0.110E-02      0.183E+01      0.823E+00      0.823E+09     -0.990E+02     -0.990E+02
      0.115E-02      0.183E+01      0.823E+00      0.823E+09     -0.990E+02     -0.990E+02
      0.120E-02      0.183E+01      0.823E+00      0.823E+09     -0.990E+02     -0.990E+02
      0.126E-02      0.183E+01      0.823E+00      0.823E+09     -0.990E+02     -0.990E+02
      0.132E-02      0.183E+01      0.823E+00      0.823E+09     -0.990E+02     -0.990E+02
      0.138E-02      0.183E+01      0.823E+00      0.823E+09     -0.990E+02     -0.990E+02
      0.145E-02      0.183E+01      0.823E+00      0.823E+09     -0.990E+02     -0.990E+02
      0.151E-02      0.183E+01      0.823E+00      0.823E+09     -0.990E+02     -0.990E+02
      0.158E-02      0.183E+01      0.823E+00      0.823E+09     -0.990E+02     -0.990E+02
      0.166E-02      0.183E+01      0.823E+00      0.823E+09     -0.990E+02     -0.990E+02
      0.174E-02      0.183E+01      0.823E+00      0.823E+09     -0.990E+02     -0.990E+02
      0.182E-02      0.183E+01      0.823E+00      0.823E+09     -0.990E+02     -0.990E+02
      0.191E-02      0.183E+01      0.823E+00      0.823E+09     -0.990E+02     -0.990E+02
      0.200E-02      0.183E+01      0.823E+00      0.823E+09     -0.990E+02     -0.990E+02
      0.209E-02      0.183E+01      0.823E+00      0.823E+09     -0.990E+02     -0.990E+02
      0.219E-02      0.183E+01      0.823E+00      0.823E+09     -0.990E+02     -0.990E+02
      0.229E-02      0.183E+01      0.823E+00      0.823E+09     -0.990E+02     -0.990E+02
      0.240E-02      0.183E+01      0.823E+00      0.823E+09     -0.990E+02     -0.990E+02
      0.251E-02      0.183E+01      0.823E+00      0.823E+09     -0.990E+02     -0.990E+02
      0.263E-02      0.183E+01      0.823E+00      0.823E+09     -0.990E+02     -0.990E+02
      0.275E-02      0.183E+01      0.823E+00      0.823E+09     -0.990E+02     -0.990E+02
      0.288E-02      0.183E+01      0.823E+00      0.823E+09     -0.990E+02     -0.990E+02
      0.302E-02      0.183E+01      0.823E+00      0.823E+09     -0.990E+02     -0.990E+02
      0.316E-02      0.183E+01      0.823E+00      0.823E+09     -0.990E+02     -0.990E+02
      0.331E-02      0.183E+01      0.823E+00      0.823E+09     -0.990E+02     -0.990E+02
      0.347E-02      0.183E+01      0.823E+00      0.823E+09     -0.990E+02     -0.990E+02
      0.363E-02      0.183E+01      0.823E+00      0.823E+09     -0.990E+02     -0.990E+02
      0.380E-02      0.183E+01      0.823E+00      0.823E+09     -0.990E+02     -0.990E+02
      0.398E-02      0.183E+01      0.823E+00      0.823E+09     -0.990E+02     -0.990E+02
      0.417E-02      0.183E+01      0.823E+00      0.823E+09     -0.990E+02     -0.990E+02
      0.437E-02      0.183E+01      0.823E+00      0.823E+09     -0.990E+02     -0.990E+02
      0.457E-02      0.183E+01      0.823E+00      0.823E+09     -0.990E+02     -0.990E+02
      0.479E-02      0.183E+01      0.823E+00      0.823E+09     -0.990E+02     -0.990E+02
      0.501E-02      0.183E+01      0.823E+00      0.823E+09     -0.990E+02     -0.990E+02
      0.525E-02      0.183E+01      0.823E+00      0.823E+09     -0.990E+02     -0.990E+02
      0.550E-02      0.183E+01      0.823E+00      0.823E+09     -0.990E+02     -0.990E+02
      0.575E-02      0.183E+01      0.823E+00      0.823E+09     -0.990E+02     -0.990E+02
      0.603E-02      0.183E+01      0.823E+00      0.823E+09     -0.990E+02     -0.990E+02
      0.631E-02      0.183E+01      0.823E+00      0.823E+09     -0.990E+02     -0.990E+02
      0.661E-02      0.183E+01      0.823E+00      0.823E+09     -0.990E+02     -0.990E+02
      0.692E-02      0.183E+01      0.823E+00      0.823E+09     -0.990E+02     -0.990E+02
      0.724E-02      0.183E+01      0.823E+00      0.823E+09     -0.990E+02     -0.990E+02
      0.759E-02      0.183E+01      0.823E+00      0.823E+09     -0.990E+02     -0.990E+02
      0.794E-02      0.183E+01      0.823E+00      0.823E+09     -0.990E+02     -0.990E+02
      0.832E-02      0.183E+01      0.823E+00      0.823E+09     -0.990E+02     -0.990E+02
      0.871E-02      0.183E+01      0.823E+00      0.823E+09     -0.990E+02     -0.990E+02
      0.912E-02      0.183E+01      0.823E+00      0.823E+09     -0.990E+02     -0.990E+02
      0.955E-02      0.183E+01      0.823E+00      0.823E+09     -0.990E+02     -0.990E+02
      0.100E-01      0.183E+01      0.823E+00      0.823E+09     -0.764E+00      0.111E+01
      0.105E-01      0.178E+01      0.133E+01      0.804E+09     -0.764E+00      0.112E+01
      0.110E-01      0.177E+01      0.132E+01      0.803E+09     -0.764E+00      0.112E+01
      0.115E-01      0.177E+01      0.132E+01      0.802E+09     -0.765E+00      0.112E+01
      0.120E-01      0.177E+01      0.131E+01      0.802E+09     -0.765E+00      0.112E+01
      0.126E-01      0.177E+01      0.132E+01      0.801E+09     -0.765E+00      0.112E+01
      0.132E-01      0.178E+01      0.132E+01      0.800E+09     -0.766E+00      0.112E+01
      0.138E-01      0.177E+01      0.132E+01      0.799E+09     -0.767E+00      0.112E+01
      0.144E-01      0.176E+01      0.131E+01      0.798E+09     -0.767E+00      0.113E+01
      0.151E-01      0.176E+01      0.131E+01      0.797E+09     -0.768E+00      0.113E+01
      0.159E-01      0.176E+01      0.131E+01      0.796E+09     -0.768E+00      0.113E+01
      0.166E-01      0.176E+01      0.131E+01      0.795E+09     -0.769E+00      0.113E+01
      0.174E-01      0.176E+01      0.131E+01      0.794E+09     -0.769E+00      0.113E+01
      0.182E-01      0.177E+01      0.131E+01      0.792E+09     -0.771E+00      0.114E+01
      0.191E-01      0.176E+01      0.131E+01      0.791E+09     -0.771E+00      0.114E+01
      0.200E-01      0.175E+01      0.130E+01      0.790E+09     -0.772E+00      0.114E+01
      0.209E-01      0.175E+01      0.130E+01      0.788E+09     -0.773E+00      0.114E+01
      0.219E-01      0.175E+01      0.130E+01      0.787E+09     -0.774E+00      0.115E+01
      0.229E-01      0.175E+01      0.130E+01      0.785E+09     -0.774E+00      0.115E+01
      0.240E-01      0.175E+01      0.130E+01      0.784E+09     -0.776E+00      0.115E+01
      0.251E-01      0.175E+01      0.130E+01      0.782E+09     -0.776E+00      0.116E+01
      0.263E-01      0.175E+01      0.130E+01      0.781E+09     -0.778E+00      0.116E+01
      0.275E-01      0.174E+01      0.129E+01      0.779E+09     -0.779E+00      0.117E+01
      0.290E-01      0.174E+01      0.129E+01      0.777E+09     -0.780E+00      0.117E+01
      0.300E-01      0.174E+01      0.129E+01      0.775E+09     -0.781E+00      0.117E+01
      0.310E-01      0.174E+01      0.129E+01      0.774E+09     -0.782E+00      0.118E+01
      0.320E-01      0.173E+01      0.129E+01      0.772E+09     -0.783E+00      0.118E+01
      0.330E-01      0.173E+01      0.129E+01      0.771E+09     -0.784E+00      0.119E+01
      0.340E-01      0.173E+01      0.129E+01      0.769E+09     -0.785E+00      0.119E+01
      0.350E-01      0.173E+01      0.129E+01      0.768E+09     -0.786E+00      0.119E+01
      0.360E-01      0.173E+01      0.129E+01      0.767E+09     -0.787E+00      0.120E+01
      0.370E-01      0.172E+01      0.128E+01      0.765E+09     -0.787E+00      0.120E+01
      0.380E-01      0.172E+01      0.128E+01      0.764E+09     -0.789E+00      0.121E+01
      0.390E-01      0.172E+01      0.128E+01      0.762E+09     -0.790E+00      0.121E+01
      0.400E-01      0.172E+01      0.128E+01      0.761E+09     -0.791E+00      0.121E+01
      0.425E-01      0.171E+01      0.128E+01      0.759E+09     -0.793E+00      0.122E+01
      0.450E-01      0.171E+01      0.128E+01      0.755E+09     -0.795E+00      0.123E+01
      0.475E-01      0.170E+01      0.128E+01      0.752E+09     -0.798E+00      0.124E+01
      0.500E-01      0.170E+01      0.128E+01      0.748E+09     -0.800E+00      0.125E+01
      0.525E-01      0.169E+01      0.127E+01      0.745E+09     -0.802E+00      0.126E+01
      0.550E-01      0.169E+01      0.127E+01      0.742E+09     -0.805E+00      0.128E+01
      0.571E-01      0.168E+01      0.127E+01      0.739E+09     -0.807E+00      0.129E+01
      0.640E-01      0.167E+01      0.127E+01      0.733E+09     -0.814E+00      0.132E+01
      0.719E-01      0.165E+01      0.128E+01      0.723E+09     -0.822E+00      0.136E+01
      0.806E-01      0.162E+01      0.125E+01      0.712E+09     -0.824E+00      0.140E+01
      0.905E-01      0.159E+01      0.123E+01      0.701E+09     -0.825E+00      0.143E+01
      0.102E+00      0.155E+01      0.119E+01      0.688E+09     -0.821E+00      0.143E+01
      0.114E+00      0.151E+01      0.114E+01      0.674E+09     -0.810E+00      0.140E+01
      0.128E+00      0.146E+01      0.109E+01      0.659E+09     -0.799E+00      0.135E+01
      0.143E+00      0.141E+01      0.104E+01      0.643E+09     -0.784E+00      0.131E+01
      0.161E+00      0.135E+01      0.970E+00      0.625E+09     -0.764E+00      0.125E+01
      0.181E+00      0.129E+01      0.904E+00      0.607E+09     -0.740E+00      0.118E+01
      0.203E+00      0.122E+01      0.825E+00      0.587E+09     -0.712E+00      0.109E+01
      0.227E+00      0.113E+01      0.740E+00      0.567E+09     -0.676E+00      0.980E+00
      0.255E+00      0.105E+01      0.655E+00      0.545E+09     -0.629E+00      0.846E+00
      0.286E+00      0.941E+00      0.572E+00      0.523E+09     -0.562E+00      0.688E+00
      0.321E+00      0.832E+00      0.507E+00      0.501E+09     -0.464E+00      0.524E+00
      0.360E+00      0.777E+00      0.464E+00      0.479E+09     -0.429E+00      0.451E+00
      0.404E+00      0.740E+00      0.438E+00      0.457E+09     -0.436E+00      0.441E+00
      0.453E+00      0.714E+00      0.418E+00      0.433E+09     -0.458E+00      0.451E+00
      0.509E+00      0.671E+00      0.390E+00      0.407E+09     -0.476E+00      0.471E+00
      0.571E+00      0.635E+00      0.368E+00      0.380E+09     -0.496E+00      0.504E+00
      0.641E+00      0.585E+00      0.363E+00      0.352E+09     -0.483E+00      0.540E+00
      0.719E+00      0.539E+00      0.346E+00      0.323E+09     -0.446E+00      0.507E+00
      0.806E+00      0.526E+00      0.321E+00      0.293E+09     -0.408E+00      0.440E+00
      0.905E+00      0.521E+00      0.325E+00      0.260E+09     -0.399E+00      0.430E+00
      0.102E+01      0.487E+00      0.295E+00      0.224E+09     -0.418E+00      0.411E+00
      0.114E+01      0.442E+00      0.255E+00      0.187E+09     -0.466E+00      0.409E+00
      0.128E+01      0.379E+00      0.226E+00      0.150E+09     -0.477E+00      0.414E+00
      0.143E+01      0.281E+00      0.223E+00      0.114E+09     -0.449E+00      0.486E+00
      0.161E+01      0.267E+00      0.221E+00      0.842E+08     -0.454E+00      0.523E+00
      0.168E+01      0.266E+00      0.229E+00      0.635E+08     -0.457E+00      0.569E+00
      0.170E+01      0.260E+00      0.219E+00      0.560E+08     -0.469E+00      0.561E+00
      0.180E+01      0.229E+00      0.174E+00      0.462E+08     -0.550E+00      0.551E+00
      0.190E+01      0.203E+00      0.158E+00      0.320E+08     -0.655E+00      0.668E+00
      0.200E+01      0.152E+00      0.129E+00      0.195E+08     -0.690E+00      0.749E+00
      0.210E+01      0.892E-01      0.846E-01      0.102E+08     -0.687E+00      0.787E+00
      0.220E+01      0.356E-01      0.576E-01      0.475E+07     -0.672E+00      0.129E+01
      0.230E+01      0.233E-01      0.424E-01      0.259E+07     -0.648E+00      0.138E+01
      0.240E+01      0.115E-01      0.284E-01      0.117E+07     -0.522E+00      0.154E+01
      0.250E+01      0.509E-02      0.176E-01      0.477E+06     -0.393E+00      0.177E+01
      0.260E+01      0.225E-02      0.794E-02      0.170E+06     -0.395E+00      0.185E+01
      0.275E+01      0.482E-05      0.293E-03      0.584E+03     -0.204E+01      0.151E+03
      0.300E+01      0.659E-07      0.283E-04      0.973E+01     -0.948E+00      0.570E+03
      0.325E+01      0.328E-09      0.157E-06      0.478E-01     -0.354E+01      0.259E+04
      0.350E+01      0.000E+00      0.000E+00      0.000E+00     -0.990E+02     -0.990E+02
      0.375E+01      0.000E+00      0.000E+00      0.000E+00     -0.990E+02     -0.990E+02
      0.400E+01      0.000E+00      0.000E+00      0.000E+00     -0.990E+02     -0.990E+02
      0.425E+01      0.000E+00      0.000E+00      0.000E+00     -0.990E+02     -0.990E+02
      0.450E+01      0.000E+00      0.000E+00      0.000E+00     -0.990E+02     -0.990E+02
      0.475E+01      0.000E+00      0.000E+00      0.000E+00     -0.990E+02     -0.990E+02
      0.500E+01      0.000E+00      0.000E+00      0.000E+00     -0.990E+02     -0.990E+02
      0.525E+01      0.000E+00      0.000E+00      0.000E+00     -0.990E+02     -0.990E+02
      0.550E+01      0.000E+00      0.000E+00      0.000E+00     -0.990E+02     -0.990E+02
      0.575E+01      0.000E+00      0.000E+00      0.000E+00     -0.990E+02     -0.990E+02
      0.600E+01      0.000E+00      0.000E+00      0.000E+00     -0.990E+02     -0.990E+02
      0.625E+01      0.000E+00      0.000E+00      0.000E+00     -0.990E+02     -0.990E+02
      0.650E+01      0.000E+00      0.000E+00      0.000E+00     -0.990E+02     -0.990E+02
      0.675E+01      0.000E+00      0.000E+00      0.000E+00     -0.990E+02     -0.990E+02
      0.700E+01      0.000E+00      0.000E+00      0.000E+00     -0.990E+02     -0.990E+02
      0.725E+01      0.000E+00      0.000E+00      0.000E+00     -0.990E+02     -0.990E+02
      0.750E+01      0.000E+00      0.000E+00      0.000E+00     -0.990E+02     -0.990E+02
      0.775E+01      0.000E+00      0.000E+00      0.000E+00     -0.990E+02     -0.990E+02
      0.800E+01      0.000E+00      0.000E+00      0.000E+00     -0.990E+02     -0.990E+02
      0.825E+01      0.000E+00      0.000E+00      0.000E+00     -0.990E+02     -0.990E+02
      0.850E+01      0.000E+00      0.000E+00      0.000E+00     -0.990E+02     -0.990E+02
      0.875E+01      0.000E+00      0.000E+00      0.000E+00     -0.990E+02     -0.990E+02
      0.900E+01      0.000E+00      0.000E+00      0.000E+00     -0.990E+02     -0.990E+02
      0.925E+01      0.000E+00      0.000E+00      0.000E+00     -0.990E+02     -0.990E+02
      0.950E+01      0.000E+00      0.000E+00      0.000E+00     -0.990E+02     -0.990E+02
      0.975E+01      0.000E+00      0.000E+00      0.000E+00     -0.990E+02     -0.990E+02
      0.100E+02      0.000E+00      0.000E+00      0.000E+00     -0.990E+02     -0.990E+02
      0.102E+02      0.000E+00      0.000E+00      0.000E+00     -0.990E+02     -0.990E+02
      0.105E+02      0.000E+00      0.000E+00      0.000E+00     -0.990E+02     -0.990E+02
      0.108E+02      0.000E+00      0.000E+00      0.000E+00     -0.990E+02     -0.990E+02
      0.110E+02      0.000E+00      0.000E+00      0.000E+00     -0.990E+02     -0.990E+02
      0.112E+02      0.000E+00      0.000E+00      0.000E+00     -0.990E+02     -0.990E+02
      0.115E+02      0.000E+00      0.000E+00      0.000E+00     -0.990E+02     -0.990E+02
      0.118E+02      0.000E+00      0.000E+00      0.000E+00     -0.990E+02     -0.990E+02
      0.120E+02      0.000E+00      0.000E+00      0.000E+00     -0.990E+02     -0.990E+02
      0.122E+02      0.000E+00      0.000E+00      0.000E+00     -0.990E+02     -0.990E+02
      0.125E+02      0.000E+00      0.000E+00      0.000E+00     -0.990E+02     -0.990E+02
      0.128E+02      0.000E+00      0.000E+00      0.000E+00     -0.990E+02     -0.990E+02
      0.130E+02      0.000E+00      0.000E+00      0.000E+00     -0.990E+02     -0.990E+02
      0.132E+02      0.000E+00      0.000E+00      0.000E+00     -0.990E+02     -0.990E+02
      0.135E+02      0.000E+00      0.000E+00      0.000E+00     -0.990E+02     -0.990E+02
      0.138E+02      0.000E+00      0.000E+00      0.000E+00     -0.990E+02     -0.990E+02
      0.140E+02      0.000E+00      0.000E+00      0.000E+00     -0.990E+02     -0.990E+02
      0.142E+02      0.000E+00      0.000E+00      0.000E+00     -0.990E+02     -0.990E+02
      0.145E+02      0.000E+00      0.000E+00      0.000E+00     -0.990E+02     -0.990E+02
      0.148E+02      0.000E+00      0.000E+00      0.000E+00     -0.990E+02     -0.990E+02
      0.150E+02      0.000E+00      0.000E+00      0.000E+00     -0.990E+02     -0.990E+02
      0.152E+02      0.000E+00      0.000E+00      0.000E+00     -0.990E+02     -0.990E+02
      0.155E+02      0.000E+00      0.000E+00      0.000E+00     -0.990E+02     -0.990E+02
      0.158E+02      0.000E+00      0.000E+00      0.000E+00     -0.990E+02     -0.990E+02
      0.160E+02      0.000E+00      0.000E+00      0.000E+00     -0.990E+02     -0.990E+02
      0.162E+02      0.000E+00      0.000E+00      0.000E+00     -0.990E+02     -0.990E+02
      0.165E+02      0.000E+00      0.000E+00      0.000E+00     -0.990E+02     -0.990E+02
      0.168E+02      0.000E+00      0.000E+00      0.000E+00     -0.990E+02     -0.990E+02
      0.170E+02      0.000E+00      0.000E+00      0.000E+00     -0.990E+02     -0.990E+02
      0.172E+02      0.000E+00      0.000E+00      0.000E+00     -0.990E+02     -0.990E+02
      0.175E+02      0.000E+00      0.000E+00      0.000E+00     -0.990E+02     -0.990E+02
      0.178E+02      0.000E+00      0.000E+00      0.000E+00     -0.990E+02     -0.990E+02
      0.180E+02      0.000E+00      0.000E+00      0.000E+00     -0.990E+02     -0.990E+02
      0.182E+02      0.000E+00      0.000E+00      0.000E+00     -0.990E+02     -0.990E+02
      0.185E+02      0.000E+00      0.000E+00      0.000E+00     -0.990E+02     -0.990E+02
      0.188E+02      0.000E+00      0.000E+00      0.000E+00     -0.990E+02     -0.990E+02
      0.190E+02      0.000E+00      0.000E+00      0.000E+00     -0.990E+02     -0.990E+02
      0.192E+02      0.000E+00      0.000E+00      0.000E+00     -0.990E+02     -0.990E+02
      0.195E+02      0.000E+00      0.000E+00      0.000E+00     -0.990E+02     -0.990E+02
      0.198E+02      0.000E+00      0.000E+00      0.000E+00     -0.990E+02     -0.990E+02
      0.200E+02      0.000E+00      0.000E+00      0.000E+00     -0.990E+02     -0.990E+02
