      0.000E+00      0.139E+02      0.172E+02      0.650E+10     -0.990E+02     -0.990E+02
      0.100E-03      0.139E+02      0.172E+02      0.650E+10     -0.990E+02     -0.990E+02
      0.140E-03      0.139E+02      0.172E+02      0.650E+10     -0.990E+02     -0.990E+02
      0.160E-03      0.139E+02      0.172E+02      0.650E+10     -0.990E+02     -0.990E+02
      0.180E-03      0.139E+02      0.172E+02      0.650E+10     -0.990E+02     -0.990E+02
      0.200E-03      0.139E+02      0.172E+02      0.650E+10     -0.990E+02     -0.990E+02
      0.220E-03      0.139E+02      0.172E+02      0.650E+10     -0.990E+02     -0.990E+02
      0.250E-03      0.139E+02      0.172E+02      0.650E+10     -0.990E+02     -0.990E+02
      0.280E-03      0.139E+02      0.172E+02      0.650E+10     -0.990E+02     -0.990E+02
      0.320E-03      0.139E+02      0.172E+02      0.650E+10     -0.990E+02     -0.990E+02
      0.350E-03      0.139E+02      0.172E+02      0.650E+10     -0.990E+02     -0.990E+02
      0.400E-03      0.139E+02      0.172E+02      0.650E+10     -0.990E+02     -0.990E+02
      0.450E-03      0.139E+02      0.172E+02      0.650E+10     -0.990E+02     -0.990E+02
      0.500E-03      0.139E+02      0.172E+02      0.650E+10     -0.990E+02     -0.990E+02
      0.560E-03      0.139E+02      0.172E+02      0.650E+10     -0.990E+02     -0.990E+02
      0.630E-03      0.139E+02      0.172E+02      0.650E+10     -0.990E+02     -0.990E+02
      0.710E-03      0.139E+02      0.172E+02      0.650E+10     -0.990E+02     -0.990E+02
      0.790E-03      0.139E+02      0.172E+02      0.650E+10     -0.990E+02     -0.990E+02
      0.890E-03      0.139E+02      0.172E+02      0.650E+10     -0.990E+02     -0.990E+02
      0.100E-02      0.139E+02      0.172E+02      0.650E+10     -0.990E+02     -0.990E+02
      0.105E-02      0.139E+02      0.172E+02      0.650E+10     -0.990E+02     -0.990E+02
      0.110E-02      0.139E+02      0.172E+02      0.650E+10     -0.990E+02     -0.990E+02
      0.115E-02      0.139E+02      0.172E+02      0.650E+10     -0.990E+02     -0.990E+02
      0.120E-02      0.139E+02      0.172E+02      0.650E+10     -0.990E+02     -0.990E+02
      0.126E-02      0.139E+02      0.172E+02      0.650E+10     -0.990E+02     -0.990E+02
      0.132E-02      0.139E+02      0.172E+02      0.650E+10     -0.990E+02     -0.990E+02
      0.138E-02      0.139E+02      0.172E+02      0.650E+10     -0.990E+02     -0.990E+02
      0.145E-02      0.139E+02      0.172E+02      0.650E+10     -0.990E+02     -0.990E+02
      0.151E-02      0.139E+02      0.172E+02      0.650E+10     -0.990E+02     -0.990E+02
      0.158E-02      0.139E+02      0.172E+02      0.650E+10     -0.990E+02     -0.990E+02
      0.166E-02      0.139E+02      0.172E+02      0.650E+10     -0.990E+02     -0.990E+02
      0.174E-02      0.139E+02      0.172E+02      0.650E+10     -0.990E+02     -0.990E+02
      0.182E-02      0.139E+02      0.172E+02      0.650E+10     -0.990E+02     -0.990E+02
      0.191E-02      0.139E+02      0.172E+02      0.650E+10     -0.990E+02     -0.990E+02
      0.200E-02      0.139E+02      0.172E+02      0.650E+10     -0.990E+02     -0.990E+02
      0.209E-02      0.139E+02      0.172E+02      0.650E+10     -0.990E+02     -0.990E+02
      0.219E-02      0.139E+02      0.172E+02      0.650E+10     -0.990E+02     -0.990E+02
      0.229E-02      0.139E+02      0.172E+02      0.650E+10     -0.990E+02     -0.990E+02
      0.240E-02      0.139E+02      0.172E+02      0.650E+10     -0.990E+02     -0.990E+02
      0.251E-02      0.139E+02      0.172E+02      0.650E+10     -0.990E+02     -0.990E+02
      0.263E-02      0.139E+02      0.172E+02      0.650E+10     -0.990E+02     -0.990E+02
      0.275E-02      0.139E+02      0.172E+02      0.650E+10     -0.990E+02     -0.990E+02
      0.288E-02      0.139E+02      0.172E+02      0.650E+10     -0.990E+02     -0.990E+02
      0.302E-02      0.139E+02      0.172E+02      0.650E+10     -0.990E+02     -0.990E+02
      0.316E-02      0.139E+02      0.172E+02      0.650E+10     -0.990E+02     -0.990E+02
      0.331E-02      0.139E+02      0.172E+02      0.650E+10     -0.990E+02     -0.990E+02
      0.347E-02      0.139E+02      0.172E+02      0.650E+10     -0.990E+02     -0.990E+02
      0.363E-02      0.139E+02      0.172E+02      0.650E+10     -0.990E+02     -0.990E+02
      0.380E-02      0.139E+02      0.172E+02      0.650E+10     -0.990E+02     -0.990E+02
      0.398E-02      0.139E+02      0.172E+02      0.650E+10     -0.990E+02     -0.990E+02
      0.417E-02      0.139E+02      0.172E+02      0.650E+10     -0.990E+02     -0.990E+02
      0.437E-02      0.139E+02      0.172E+02      0.650E+10     -0.990E+02     -0.990E+02
      0.457E-02      0.139E+02      0.172E+02      0.650E+10     -0.990E+02     -0.990E+02
      0.479E-02      0.139E+02      0.172E+02      0.650E+10     -0.990E+02     -0.990E+02
      0.501E-02      0.139E+02      0.172E+02      0.650E+10     -0.990E+02     -0.990E+02
      0.525E-02      0.139E+02      0.172E+02      0.650E+10     -0.990E+02     -0.990E+02
      0.550E-02      0.139E+02      0.172E+02      0.650E+10     -0.990E+02     -0.990E+02
      0.575E-02      0.139E+02      0.172E+02      0.650E+10     -0.990E+02     -0.990E+02
      0.603E-02      0.139E+02      0.172E+02      0.650E+10     -0.990E+02     -0.990E+02
      0.631E-02      0.139E+02      0.172E+02      0.650E+10     -0.990E+02     -0.990E+02
      0.661E-02      0.139E+02      0.172E+02      0.650E+10     -0.990E+02     -0.990E+02
      0.692E-02      0.139E+02      0.172E+02      0.650E+10     -0.990E+02     -0.990E+02
      0.724E-02      0.139E+02      0.172E+02      0.650E+10     -0.990E+02     -0.990E+02
      0.759E-02      0.139E+02      0.172E+02      0.650E+10     -0.990E+02     -0.990E+02
      0.794E-02      0.139E+02      0.172E+02      0.650E+10     -0.990E+02     -0.990E+02
      0.832E-02      0.139E+02      0.172E+02      0.650E+10     -0.990E+02     -0.990E+02
      0.871E-02      0.139E+02      0.172E+02      0.650E+10     -0.990E+02     -0.990E+02
      0.912E-02      0.139E+02      0.172E+02      0.650E+10     -0.990E+02     -0.990E+02
      0.955E-02      0.139E+02      0.172E+02      0.650E+10     -0.990E+02     -0.990E+02
      0.100E-01      0.139E+02      0.172E+02      0.650E+10     -0.122E+01      0.153E+01
      0.105E-01      0.230E+02      0.168E+02      0.635E+10     -0.122E+01      0.153E+01
      0.110E-01      0.229E+02      0.167E+02      0.634E+10     -0.122E+01      0.154E+01
      0.115E-01      0.228E+02      0.167E+02      0.633E+10     -0.122E+01      0.154E+01
      0.120E-01      0.227E+02      0.166E+02      0.632E+10     -0.122E+01      0.155E+01
      0.126E-01      0.227E+02      0.167E+02      0.631E+10     -0.122E+01      0.155E+01
      0.132E-01      0.228E+02      0.167E+02      0.630E+10     -0.123E+01      0.156E+01
      0.138E-01      0.227E+02      0.167E+02      0.629E+10     -0.123E+01      0.156E+01
      0.144E-01      0.225E+02      0.165E+02      0.627E+10     -0.123E+01      0.157E+01
      0.151E-01      0.225E+02      0.166E+02      0.626E+10     -0.123E+01      0.157E+01
      0.159E-01      0.226E+02      0.166E+02      0.625E+10     -0.123E+01      0.158E+01
      0.166E-01      0.225E+02      0.166E+02      0.623E+10     -0.124E+01      0.158E+01
      0.174E-01      0.225E+02      0.166E+02      0.622E+10     -0.124E+01      0.159E+01
      0.182E-01      0.225E+02      0.167E+02      0.620E+10     -0.124E+01      0.160E+01
      0.191E-01      0.225E+02      0.166E+02      0.619E+10     -0.124E+01      0.160E+01
      0.200E-01      0.223E+02      0.166E+02      0.617E+10     -0.125E+01      0.161E+01
      0.209E-01      0.222E+02      0.165E+02      0.615E+10     -0.125E+01      0.162E+01
      0.219E-01      0.222E+02      0.165E+02      0.613E+10     -0.125E+01      0.162E+01
      0.229E-01      0.221E+02      0.165E+02      0.611E+10     -0.125E+01      0.163E+01
      0.240E-01      0.221E+02      0.165E+02      0.609E+10     -0.126E+01      0.164E+01
      0.251E-01      0.221E+02      0.166E+02      0.607E+10     -0.126E+01      0.165E+01
      0.263E-01      0.220E+02      0.165E+02      0.605E+10     -0.127E+01      0.166E+01
      0.275E-01      0.218E+02      0.165E+02      0.603E+10     -0.127E+01      0.167E+01
      0.290E-01      0.218E+02      0.165E+02      0.601E+10     -0.127E+01      0.169E+01
      0.300E-01      0.217E+02      0.165E+02      0.598E+10     -0.128E+01      0.170E+01
      0.310E-01      0.217E+02      0.165E+02      0.597E+10     -0.128E+01      0.171E+01
      0.320E-01      0.216E+02      0.165E+02      0.595E+10     -0.128E+01      0.171E+01
      0.330E-01      0.215E+02      0.165E+02      0.593E+10     -0.129E+01      0.172E+01
      0.340E-01      0.215E+02      0.165E+02      0.591E+10     -0.129E+01      0.173E+01
      0.350E-01      0.214E+02      0.165E+02      0.590E+10     -0.129E+01      0.174E+01
      0.360E-01      0.214E+02      0.165E+02      0.588E+10     -0.130E+01      0.175E+01
      0.370E-01      0.213E+02      0.164E+02      0.586E+10     -0.130E+01      0.175E+01
      0.380E-01      0.212E+02      0.163E+02      0.584E+10     -0.130E+01      0.175E+01
      0.390E-01      0.211E+02      0.163E+02      0.583E+10     -0.130E+01      0.175E+01
      0.400E-01      0.211E+02      0.162E+02      0.581E+10     -0.130E+01      0.175E+01
      0.425E-01      0.209E+02      0.160E+02      0.578E+10     -0.130E+01      0.175E+01
      0.450E-01      0.207E+02      0.159E+02      0.574E+10     -0.130E+01      0.175E+01
      0.475E-01      0.205E+02      0.157E+02      0.570E+10     -0.129E+01      0.174E+01
      0.500E-01      0.203E+02      0.156E+02      0.566E+10     -0.129E+01      0.174E+01
      0.525E-01      0.202E+02      0.155E+02      0.562E+10     -0.130E+01      0.175E+01
      0.550E-01      0.200E+02      0.153E+02      0.558E+10     -0.129E+01      0.174E+01
      0.571E-01      0.198E+02      0.152E+02      0.554E+10     -0.129E+01      0.174E+01
      0.640E-01      0.193E+02      0.148E+02      0.547E+10     -0.129E+01      0.174E+01
      0.719E-01      0.187E+02      0.143E+02      0.536E+10     -0.130E+01      0.173E+01
      0.806E-01      0.181E+02      0.137E+02      0.524E+10     -0.130E+01      0.173E+01
      0.905E-01      0.173E+02      0.132E+02      0.511E+10     -0.130E+01      0.173E+01
      0.102E+00      0.165E+02      0.126E+02      0.497E+10     -0.130E+01      0.173E+01
      0.114E+00      0.156E+02      0.119E+02      0.482E+10     -0.130E+01      0.172E+01
      0.128E+00      0.147E+02      0.112E+02      0.467E+10     -0.129E+01      0.171E+01
      0.143E+00      0.138E+02      0.104E+02      0.450E+10     -0.128E+01      0.167E+01
      0.161E+00      0.128E+02      0.945E+01      0.433E+10     -0.125E+01      0.161E+01
      0.181E+00      0.118E+02      0.845E+01      0.416E+10     -0.121E+01      0.152E+01
      0.203E+00      0.106E+02      0.738E+01      0.398E+10     -0.116E+01      0.142E+01
      0.227E+00      0.927E+01      0.629E+01      0.380E+10     -0.108E+01      0.130E+01
      0.255E+00      0.779E+01      0.525E+01      0.362E+10     -0.963E+00      0.118E+01
      0.286E+00      0.625E+01      0.452E+01      0.346E+10     -0.763E+00      0.118E+01
      0.321E+00      0.565E+01      0.403E+01      0.331E+10     -0.768E+00      0.122E+01
      0.360E+00      0.504E+01      0.365E+01      0.317E+10     -0.762E+00      0.133E+01
      0.404E+00      0.450E+01      0.335E+01      0.302E+10     -0.727E+00      0.139E+01
      0.453E+00      0.427E+01      0.306E+01      0.288E+10     -0.624E+00      0.118E+01
      0.509E+00      0.404E+01      0.280E+01      0.272E+10     -0.495E+00      0.931E+00
      0.571E+00      0.393E+01      0.264E+01      0.256E+10     -0.384E+00      0.646E+00
      0.641E+00      0.393E+01      0.264E+01      0.238E+10     -0.286E+00      0.420E+00
      0.719E+00      0.389E+01      0.252E+01      0.219E+10     -0.303E+00      0.440E+00
      0.806E+00      0.378E+01      0.245E+01      0.197E+10     -0.291E+00      0.411E+00
      0.905E+00      0.355E+01      0.240E+01      0.174E+10     -0.259E+00      0.321E+00
      0.102E+01      0.326E+01      0.217E+01      0.149E+10     -0.228E+00      0.289E+00
      0.114E+01      0.312E+01      0.217E+01      0.124E+10     -0.222E+00      0.307E+00
      0.128E+01      0.290E+01      0.213E+01      0.974E+09     -0.164E+00      0.211E+00
      0.143E+01      0.256E+01      0.212E+01      0.698E+09     -0.123E+00      0.172E+00
      0.161E+01      0.182E+01      0.147E+01      0.426E+09     -0.152E+00      0.210E+00
      0.168E+01      0.159E+01      0.121E+01      0.284E+09     -0.198E+00      0.231E+00
      0.170E+01      0.153E+01      0.113E+01      0.238E+09     -0.217E+00      0.235E+00
      0.180E+01      0.124E+01      0.818E+00      0.180E+09     -0.337E+00      0.300E+00
      0.190E+01      0.942E+00      0.746E+00      0.103E+09     -0.496E+00      0.514E+00
      0.200E+01      0.549E+00      0.440E+00      0.445E+08     -0.492E+00      0.513E+00
      0.210E+01      0.157E+00      0.144E+00      0.107E+08     -0.479E+00      0.547E+00
      0.220E+01      0.118E-01      0.577E-01      0.109E+07     -0.261E+00      0.180E+01
      0.230E+01      0.537E-02      0.254E-01      0.368E+06     -0.285E+00      0.186E+01
      0.240E+01      0.379E-03      0.189E-02      0.388E+05     -0.805E+00      0.546E+01
      0.250E+01      0.212E-03      0.106E-02      0.160E+05     -0.804E+00      0.547E+01
      0.260E+01      0.449E-04      0.224E-03      0.335E+04     -0.805E+00      0.547E+01
      0.275E+01      0.000E+00      0.000E+00      0.000E+00     -0.990E+02     -0.990E+02
      0.300E+01      0.000E+00      0.000E+00      0.000E+00     -0.990E+02     -0.990E+02
      0.325E+01      0.000E+00      0.000E+00      0.000E+00     -0.990E+02     -0.990E+02
      0.350E+01      0.000E+00      0.000E+00      0.000E+00     -0.990E+02     -0.990E+02
      0.375E+01      0.000E+00      0.000E+00      0.000E+00     -0.990E+02     -0.990E+02
      0.400E+01      0.000E+00      0.000E+00      0.000E+00     -0.990E+02     -0.990E+02
      0.425E+01      0.000E+00      0.000E+00      0.000E+00     -0.990E+02     -0.990E+02
      0.450E+01      0.000E+00      0.000E+00      0.000E+00     -0.990E+02     -0.990E+02
      0.475E+01      0.000E+00      0.000E+00      0.000E+00     -0.990E+02     -0.990E+02
      0.500E+01      0.000E+00      0.000E+00      0.000E+00     -0.990E+02     -0.990E+02
      0.525E+01      0.000E+00      0.000E+00      0.000E+00     -0.990E+02     -0.990E+02
      0.550E+01      0.000E+00      0.000E+00      0.000E+00     -0.990E+02     -0.990E+02
      0.575E+01      0.000E+00      0.000E+00      0.000E+00     -0.990E+02     -0.990E+02
      0.600E+01      0.000E+00      0.000E+00      0.000E+00     -0.990E+02     -0.990E+02
      0.625E+01      0.000E+00      0.000E+00      0.000E+00     -0.990E+02     -0.990E+02
      0.650E+01      0.000E+00      0.000E+00      0.000E+00     -0.990E+02     -0.990E+02
      0.675E+01      0.000E+00      0.000E+00      0.000E+00     -0.990E+02     -0.990E+02
      0.700E+01      0.000E+00      0.000E+00      0.000E+00     -0.990E+02     -0.990E+02
      0.725E+01      0.000E+00      0.000E+00      0.000E+00     -0.990E+02     -0.990E+02
      0.750E+01      0.000E+00      0.000E+00      0.000E+00     -0.990E+02     -0.990E+02
      0.775E+01      0.000E+00      0.000E+00      0.000E+00     -0.990E+02     -0.990E+02
      0.800E+01      0.000E+00      0.000E+00      0.000E+00     -0.990E+02     -0.990E+02
      0.825E+01      0.000E+00      0.000E+00      0.000E+00     -0.990E+02     -0.990E+02
      0.850E+01      0.000E+00      0.000E+00      0.000E+00     -0.990E+02     -0.990E+02
      0.875E+01      0.000E+00      0.000E+00      0.000E+00     -0.990E+02     -0.990E+02
      0.900E+01      0.000E+00      0.000E+00      0.000E+00     -0.990E+02     -0.990E+02
      0.925E+01      0.000E+00      0.000E+00      0.000E+00     -0.990E+02     -0.990E+02
      0.950E+01      0.000E+00      0.000E+00      0.000E+00     -0.990E+02     -0.990E+02
      0.975E+01      0.000E+00      0.000E+00      0.000E+00     -0.990E+02     -0.990E+02
      0.100E+02      0.000E+00      0.000E+00      0.000E+00     -0.990E+02     -0.990E+02
      0.102E+02      0.000E+00      0.000E+00      0.000E+00     -0.990E+02     -0.990E+02
      0.105E+02      0.000E+00      0.000E+00      0.000E+00     -0.990E+02     -0.990E+02
      0.108E+02      0.000E+00      0.000E+00      0.000E+00     -0.990E+02     -0.990E+02
      0.110E+02      0.000E+00      0.000E+00      0.000E+00     -0.990E+02     -0.990E+02
      0.112E+02      0.000E+00      0.000E+00      0.000E+00     -0.990E+02     -0.990E+02
      0.115E+02      0.000E+00      0.000E+00      0.000E+00     -0.990E+02     -0.990E+02
      0.118E+02      0.000E+00      0.000E+00      0.000E+00     -0.990E+02     -0.990E+02
      0.120E+02      0.000E+00      0.000E+00      0.000E+00     -0.990E+02     -0.990E+02
      0.122E+02      0.000E+00      0.000E+00      0.000E+00     -0.990E+02     -0.990E+02
      0.125E+02      0.000E+00      0.000E+00      0.000E+00     -0.990E+02     -0.990E+02
      0.128E+02      0.000E+00      0.000E+00      0.000E+00     -0.990E+02     -0.990E+02
      0.130E+02      0.000E+00      0.000E+00      0.000E+00     -0.990E+02     -0.990E+02
      0.132E+02      0.000E+00      0.000E+00      0.000E+00     -0.990E+02     -0.990E+02
      0.135E+02      0.000E+00      0.000E+00      0.000E+00     -0.990E+02     -0.990E+02
      0.138E+02      0.000E+00      0.000E+00      0.000E+00     -0.990E+02     -0.990E+02
      0.140E+02      0.000E+00      0.000E+00      0.000E+00     -0.990E+02     -0.990E+02
      0.142E+02      0.000E+00      0.000E+00      0.000E+00     -0.990E+02     -0.990E+02
      0.145E+02      0.000E+00      0.000E+00      0.000E+00     -0.990E+02     -0.990E+02
      0.148E+02      0.000E+00      0.000E+00      0.000E+00     -0.990E+02     -0.990E+02
      0.150E+02      0.000E+00      0.000E+00      0.000E+00     -0.990E+02     -0.990E+02
      0.152E+02      0.000E+00      0.000E+00      0.000E+00     -0.990E+02     -0.990E+02
      0.155E+02      0.000E+00      0.000E+00      0.000E+00     -0.990E+02     -0.990E+02
      0.158E+02      0.000E+00      0.000E+00      0.000E+00     -0.990E+02     -0.990E+02
      0.160E+02      0.000E+00      0.000E+00      0.000E+00     -0.990E+02     -0.990E+02
      0.162E+02      0.000E+00      0.000E+00      0.000E+00     -0.990E+02     -0.990E+02
      0.165E+02      0.000E+00      0.000E+00      0.000E+00     -0.990E+02     -0.990E+02
      0.168E+02      0.000E+00      0.000E+00      0.000E+00     -0.990E+02     -0.990E+02
      0.170E+02      0.000E+00      0.000E+00      0.000E+00     -0.990E+02     -0.990E+02
      0.172E+02      0.000E+00      0.000E+00      0.000E+00     -0.990E+02     -0.990E+02
      0.175E+02      0.000E+00      0.000E+00      0.000E+00     -0.990E+02     -0.990E+02
      0.178E+02      0.000E+00      0.000E+00      0.000E+00     -0.990E+02     -0.990E+02
      0.180E+02      0.000E+00      0.000E+00      0.000E+00     -0.990E+02     -0.990E+02
      0.182E+02      0.000E+00      0.000E+00      0.000E+00     -0.990E+02     -0.990E+02
      0.185E+02      0.000E+00      0.000E+00      0.000E+00     -0.990E+02     -0.990E+02
      0.188E+02      0.000E+00      0.000E+00      0.000E+00     -0.990E+02     -0.990E+02
      0.190E+02      0.000E+00      0.000E+00      0.000E+00     -0.990E+02     -0.990E+02
      0.192E+02      0.000E+00      0.000E+00      0.000E+00     -0.990E+02     -0.990E+02
      0.195E+02      0.000E+00      0.000E+00      0.000E+00     -0.990E+02     -0.990E+02
      0.198E+02      0.000E+00      0.000E+00      0.000E+00     -0.990E+02     -0.990E+02
      0.200E+02      0.000E+00      0.000E+00      0.000E+00     -0.990E+02     -0.990E+02
