      0.000E+00      0.383E+00      0.150E+00      0.266E+09     -0.990E+02     -0.990E+02
      0.100E-03      0.383E+00      0.150E+00      0.266E+09     -0.990E+02     -0.990E+02
      0.140E-03      0.383E+00      0.150E+00      0.266E+09     -0.990E+02     -0.990E+02
      0.160E-03      0.383E+00      0.150E+00      0.266E+09     -0.990E+02     -0.990E+02
      0.180E-03      0.383E+00      0.150E+00      0.266E+09     -0.990E+02     -0.990E+02
      0.200E-03      0.383E+00      0.150E+00      0.266E+09     -0.990E+02     -0.990E+02
      0.220E-03      0.383E+00      0.150E+00      0.266E+09     -0.990E+02     -0.990E+02
      0.250E-03      0.383E+00      0.150E+00      0.266E+09     -0.990E+02     -0.990E+02
      0.280E-03      0.383E+00      0.150E+00      0.266E+09     -0.990E+02     -0.990E+02
      0.320E-03      0.383E+00      0.150E+00      0.266E+09     -0.990E+02     -0.990E+02
      0.350E-03      0.383E+00      0.150E+00      0.266E+09     -0.990E+02     -0.990E+02
      0.400E-03      0.383E+00      0.150E+00      0.266E+09     -0.990E+02     -0.990E+02
      0.450E-03      0.383E+00      0.150E+00      0.266E+09     -0.990E+02     -0.990E+02
      0.500E-03      0.383E+00      0.150E+00      0.266E+09     -0.990E+02     -0.990E+02
      0.560E-03      0.383E+00      0.150E+00      0.266E+09     -0.990E+02     -0.990E+02
      0.630E-03      0.383E+00      0.150E+00      0.266E+09     -0.990E+02     -0.990E+02
      0.710E-03      0.383E+00      0.150E+00      0.266E+09     -0.990E+02     -0.990E+02
      0.790E-03      0.383E+00      0.150E+00      0.266E+09     -0.990E+02     -0.990E+02
      0.890E-03      0.383E+00      0.150E+00      0.266E+09     -0.990E+02     -0.990E+02
      0.100E-02      0.383E+00      0.150E+00      0.266E+09     -0.990E+02     -0.990E+02
      0.105E-02      0.383E+00      0.150E+00      0.266E+09     -0.990E+02     -0.990E+02
      0.110E-02      0.383E+00      0.150E+00      0.266E+09     -0.990E+02     -0.990E+02
      0.115E-02      0.383E+00      0.150E+00      0.266E+09     -0.990E+02     -0.990E+02
      0.120E-02      0.383E+00      0.150E+00      0.266E+09     -0.990E+02     -0.990E+02
      0.126E-02      0.383E+00      0.150E+00      0.266E+09     -0.990E+02     -0.990E+02
      0.132E-02      0.383E+00      0.150E+00      0.266E+09     -0.990E+02     -0.990E+02
      0.138E-02      0.383E+00      0.150E+00      0.266E+09     -0.990E+02     -0.990E+02
      0.145E-02      0.383E+00      0.150E+00      0.266E+09     -0.990E+02     -0.990E+02
      0.151E-02      0.383E+00      0.150E+00      0.266E+09     -0.990E+02     -0.990E+02
      0.158E-02      0.383E+00      0.150E+00      0.266E+09     -0.990E+02     -0.990E+02
      0.166E-02      0.383E+00      0.150E+00      0.266E+09     -0.990E+02     -0.990E+02
      0.174E-02      0.383E+00      0.150E+00      0.266E+09     -0.990E+02     -0.990E+02
      0.182E-02      0.383E+00      0.150E+00      0.266E+09     -0.990E+02     -0.990E+02
      0.191E-02      0.383E+00      0.150E+00      0.266E+09     -0.990E+02     -0.990E+02
      0.200E-02      0.383E+00      0.150E+00      0.266E+09     -0.990E+02     -0.990E+02
      0.209E-02      0.383E+00      0.150E+00      0.266E+09     -0.990E+02     -0.990E+02
      0.219E-02      0.383E+00      0.150E+00      0.266E+09     -0.990E+02     -0.990E+02
      0.229E-02      0.383E+00      0.150E+00      0.266E+09     -0.990E+02     -0.990E+02
      0.240E-02      0.383E+00      0.150E+00      0.266E+09     -0.990E+02     -0.990E+02
      0.251E-02      0.383E+00      0.150E+00      0.266E+09     -0.990E+02     -0.990E+02
      0.263E-02      0.383E+00      0.150E+00      0.266E+09     -0.990E+02     -0.990E+02
      0.275E-02      0.383E+00      0.150E+00      0.266E+09     -0.990E+02     -0.990E+02
      0.288E-02      0.383E+00      0.150E+00      0.266E+09     -0.990E+02     -0.990E+02
      0.302E-02      0.383E+00      0.150E+00      0.266E+09     -0.990E+02     -0.990E+02
      0.316E-02      0.383E+00      0.150E+00      0.266E+09     -0.990E+02     -0.990E+02
      0.331E-02      0.383E+00      0.150E+00      0.266E+09     -0.990E+02     -0.990E+02
      0.347E-02      0.383E+00      0.150E+00      0.266E+09     -0.990E+02     -0.990E+02
      0.363E-02      0.383E+00      0.150E+00      0.266E+09     -0.990E+02     -0.990E+02
      0.380E-02      0.383E+00      0.150E+00      0.266E+09     -0.990E+02     -0.990E+02
      0.398E-02      0.383E+00      0.150E+00      0.266E+09     -0.990E+02     -0.990E+02
      0.417E-02      0.383E+00      0.150E+00      0.266E+09     -0.990E+02     -0.990E+02
      0.437E-02      0.383E+00      0.150E+00      0.266E+09     -0.990E+02     -0.990E+02
      0.457E-02      0.383E+00      0.150E+00      0.266E+09     -0.990E+02     -0.990E+02
      0.479E-02      0.383E+00      0.150E+00      0.266E+09     -0.990E+02     -0.990E+02
      0.501E-02      0.383E+00      0.150E+00      0.266E+09     -0.990E+02     -0.990E+02
      0.525E-02      0.383E+00      0.150E+00      0.266E+09     -0.990E+02     -0.990E+02
      0.550E-02      0.383E+00      0.150E+00      0.266E+09     -0.990E+02     -0.990E+02
      0.575E-02      0.383E+00      0.150E+00      0.266E+09     -0.990E+02     -0.990E+02
      0.603E-02      0.383E+00      0.150E+00      0.266E+09     -0.990E+02     -0.990E+02
      0.631E-02      0.383E+00      0.150E+00      0.266E+09     -0.990E+02     -0.990E+02
      0.661E-02      0.383E+00      0.150E+00      0.266E+09     -0.990E+02     -0.990E+02
      0.692E-02      0.383E+00      0.150E+00      0.266E+09     -0.990E+02     -0.990E+02
      0.724E-02      0.383E+00      0.150E+00      0.266E+09     -0.990E+02     -0.990E+02
      0.759E-02      0.383E+00      0.150E+00      0.266E+09     -0.990E+02     -0.990E+02
      0.794E-02      0.383E+00      0.150E+00      0.266E+09     -0.990E+02     -0.990E+02
      0.832E-02      0.383E+00      0.150E+00      0.266E+09     -0.990E+02     -0.990E+02
      0.871E-02      0.383E+00      0.150E+00      0.266E+09     -0.990E+02     -0.990E+02
      0.912E-02      0.383E+00      0.150E+00      0.266E+09     -0.990E+02     -0.990E+02
      0.955E-02      0.383E+00      0.150E+00      0.266E+09     -0.990E+02     -0.990E+02
      0.100E-01      0.383E+00      0.150E+00      0.266E+09     -0.750E+00      0.879E+00
      0.105E-01      0.115E+00      0.905E-01      0.262E+09     -0.750E+00      0.878E+00
      0.110E-01      0.114E+00      0.902E-01      0.262E+09     -0.750E+00      0.878E+00
      0.115E-01      0.114E+00      0.899E-01      0.262E+09     -0.750E+00      0.878E+00
      0.120E-01      0.114E+00      0.897E-01      0.262E+09     -0.750E+00      0.878E+00
      0.126E-01      0.114E+00      0.898E-01      0.262E+09     -0.750E+00      0.877E+00
      0.132E-01      0.115E+00      0.902E-01      0.262E+09     -0.749E+00      0.877E+00
      0.138E-01      0.114E+00      0.899E-01      0.262E+09     -0.749E+00      0.876E+00
      0.144E-01      0.113E+00      0.890E-01      0.261E+09     -0.749E+00      0.875E+00
      0.151E-01      0.113E+00      0.892E-01      0.261E+09     -0.749E+00      0.875E+00
      0.159E-01      0.114E+00      0.893E-01      0.261E+09     -0.749E+00      0.874E+00
      0.166E-01      0.114E+00      0.892E-01      0.261E+09     -0.749E+00      0.874E+00
      0.174E-01      0.114E+00      0.892E-01      0.261E+09     -0.749E+00      0.873E+00
      0.182E-01      0.114E+00      0.895E-01      0.261E+09     -0.749E+00      0.872E+00
      0.191E-01      0.114E+00      0.892E-01      0.261E+09     -0.748E+00      0.872E+00
      0.200E-01      0.113E+00      0.887E-01      0.261E+09     -0.748E+00      0.871E+00
      0.209E-01      0.113E+00      0.884E-01      0.261E+09     -0.748E+00      0.870E+00
      0.219E-01      0.113E+00      0.882E-01      0.261E+09     -0.748E+00      0.869E+00
      0.229E-01      0.113E+00      0.883E-01      0.261E+09     -0.748E+00      0.869E+00
      0.240E-01      0.113E+00      0.881E-01      0.261E+09     -0.747E+00      0.868E+00
      0.251E-01      0.113E+00      0.882E-01      0.260E+09     -0.747E+00      0.867E+00
      0.263E-01      0.113E+00      0.879E-01      0.260E+09     -0.747E+00      0.866E+00
      0.275E-01      0.112E+00      0.875E-01      0.260E+09     -0.747E+00      0.865E+00
      0.290E-01      0.112E+00      0.873E-01      0.260E+09     -0.746E+00      0.863E+00
      0.300E-01      0.112E+00      0.873E-01      0.260E+09     -0.746E+00      0.863E+00
      0.310E-01      0.112E+00      0.871E-01      0.260E+09     -0.746E+00      0.862E+00
      0.320E-01      0.112E+00      0.870E-01      0.260E+09     -0.746E+00      0.861E+00
      0.330E-01      0.112E+00      0.868E-01      0.260E+09     -0.746E+00      0.860E+00
      0.340E-01      0.112E+00      0.866E-01      0.260E+09     -0.745E+00      0.860E+00
      0.350E-01      0.111E+00      0.866E-01      0.260E+09     -0.745E+00      0.859E+00
      0.360E-01      0.111E+00      0.864E-01      0.259E+09     -0.745E+00      0.858E+00
      0.370E-01      0.111E+00      0.863E-01      0.259E+09     -0.745E+00      0.857E+00
      0.380E-01      0.111E+00      0.861E-01      0.259E+09     -0.745E+00      0.857E+00
      0.390E-01      0.111E+00      0.859E-01      0.259E+09     -0.744E+00      0.856E+00
      0.400E-01      0.111E+00      0.858E-01      0.259E+09     -0.744E+00      0.855E+00
      0.425E-01      0.110E+00      0.854E-01      0.259E+09     -0.744E+00      0.853E+00
      0.450E-01      0.110E+00      0.852E-01      0.259E+09     -0.743E+00      0.851E+00
      0.475E-01      0.110E+00      0.847E-01      0.259E+09     -0.743E+00      0.849E+00
      0.500E-01      0.110E+00      0.845E-01      0.258E+09     -0.742E+00      0.847E+00
      0.525E-01      0.109E+00      0.841E-01      0.258E+09     -0.741E+00      0.845E+00
      0.550E-01      0.109E+00      0.838E-01      0.258E+09     -0.741E+00      0.843E+00
      0.571E-01      0.109E+00      0.835E-01      0.258E+09     -0.740E+00      0.842E+00
      0.640E-01      0.108E+00      0.826E-01      0.257E+09     -0.739E+00      0.837E+00
      0.719E-01      0.107E+00      0.816E-01      0.257E+09     -0.737E+00      0.832E+00
      0.806E-01      0.106E+00      0.802E-01      0.256E+09     -0.737E+00      0.827E+00
      0.905E-01      0.104E+00      0.786E-01      0.255E+09     -0.736E+00      0.822E+00
      0.102E+00      0.102E+00      0.769E-01      0.254E+09     -0.736E+00      0.818E+00
      0.114E+00      0.100E+00      0.749E-01      0.253E+09     -0.737E+00      0.815E+00
      0.128E+00      0.982E-01      0.728E-01      0.252E+09     -0.738E+00      0.813E+00
      0.143E+00      0.956E-01      0.707E-01      0.251E+09     -0.739E+00      0.812E+00
      0.161E+00      0.928E-01      0.685E-01      0.250E+09     -0.740E+00      0.815E+00
      0.181E+00      0.896E-01      0.664E-01      0.249E+09     -0.741E+00      0.823E+00
      0.203E+00      0.860E-01      0.645E-01      0.248E+09     -0.743E+00      0.839E+00
      0.227E+00      0.819E-01      0.631E-01      0.246E+09     -0.745E+00      0.868E+00
      0.255E+00      0.774E-01      0.626E-01      0.245E+09     -0.747E+00      0.916E+00
      0.286E+00      0.753E-01      0.612E-01      0.243E+09     -0.753E+00      0.929E+00
      0.321E+00      0.742E-01      0.592E-01      0.241E+09     -0.756E+00      0.919E+00
      0.360E+00      0.740E-01      0.576E-01      0.239E+09     -0.751E+00      0.893E+00
      0.404E+00      0.737E-01      0.563E-01      0.237E+09     -0.742E+00      0.872E+00
      0.453E+00      0.739E-01      0.561E-01      0.235E+09     -0.731E+00      0.859E+00
      0.509E+00      0.745E-01      0.575E-01      0.232E+09     -0.717E+00      0.863E+00
      0.571E+00      0.800E-01      0.582E-01      0.229E+09     -0.719E+00      0.806E+00
      0.641E+00      0.863E-01      0.623E-01      0.226E+09     -0.726E+00      0.803E+00
      0.719E+00      0.929E-01      0.694E-01      0.221E+09     -0.729E+00      0.833E+00
      0.806E+00      0.936E-01      0.687E-01      0.216E+09     -0.722E+00      0.806E+00
      0.905E+00      0.842E-01      0.611E-01      0.211E+09     -0.710E+00      0.776E+00
      0.102E+01      0.733E-01      0.590E-01      0.205E+09     -0.711E+00      0.896E+00
      0.114E+01      0.681E-01      0.483E-01      0.199E+09     -0.693E+00      0.749E+00
      0.128E+01      0.652E-01      0.530E-01      0.193E+09     -0.652E+00      0.849E+00
      0.143E+01      0.706E-01      0.499E-01      0.187E+09     -0.603E+00      0.691E+00
      0.161E+01      0.823E-01      0.559E-01      0.180E+09     -0.612E+00      0.644E+00
      0.168E+01      0.894E-01      0.630E-01      0.174E+09     -0.638E+00      0.689E+00
      0.170E+01      0.916E-01      0.664E-01      0.171E+09     -0.645E+00      0.714E+00
      0.180E+01      0.979E-01      0.815E-01      0.168E+09     -0.662E+00      0.816E+00
      0.190E+01      0.884E-01      0.642E-01      0.162E+09     -0.658E+00      0.724E+00
      0.200E+01      0.777E-01      0.560E-01      0.156E+09     -0.657E+00      0.741E+00
      0.210E+01      0.750E-01      0.552E-01      0.151E+09     -0.659E+00      0.755E+00
      0.220E+01      0.749E-01      0.522E-01      0.147E+09     -0.651E+00      0.667E+00
      0.230E+01      0.768E-01      0.515E-01      0.142E+09     -0.644E+00      0.609E+00
      0.240E+01      0.800E-01      0.502E-01      0.138E+09     -0.645E+00      0.570E+00
      0.250E+01      0.831E-01      0.540E-01      0.133E+09     -0.646E+00      0.592E+00
      0.260E+01      0.778E-01      0.488E-01      0.128E+09     -0.652E+00      0.573E+00
      0.275E+01      0.683E-01      0.430E-01      0.122E+09     -0.648E+00      0.560E+00
      0.300E+01      0.632E-01      0.467E-01      0.114E+09     -0.667E+00      0.702E+00
      0.325E+01      0.616E-01      0.470E-01      0.105E+09     -0.687E+00      0.752E+00
      0.350E+01      0.665E-01      0.454E-01      0.955E+08     -0.724E+00      0.738E+00
      0.375E+01      0.945E-01      0.595E-01      0.858E+08     -0.739E+00      0.664E+00
      0.400E+01      0.928E-01      0.615E-01      0.721E+08     -0.794E+00      0.756E+00
      0.425E+01      0.742E-01      0.468E-01      0.587E+08     -0.819E+00      0.738E+00
      0.450E+01      0.703E-01      0.459E-01      0.480E+08     -0.819E+00      0.761E+00
      0.475E+01      0.838E-01      0.507E-01      0.379E+08     -0.943E+00      0.788E+00
      0.500E+01      0.605E-01      0.417E-01      0.259E+08     -0.945E+00      0.912E+00
      0.525E+01      0.391E-01      0.312E-01      0.173E+08     -0.928E+00      0.107E+01
      0.550E+01      0.347E-01      0.258E-01      0.118E+08     -0.119E+01      0.126E+01
      0.575E+01      0.245E-01      0.209E-01      0.682E+07     -0.101E+01      0.118E+01
      0.600E+01      0.164E-01      0.148E-01      0.334E+07     -0.121E+01      0.146E+01
      0.625E+01      0.486E-02      0.854E-02      0.103E+07     -0.120E+01      0.280E+01
      0.650E+01      0.167E-02      0.517E-02      0.345E+06     -0.123E+01      0.512E+01
      0.675E+01      0.672E-03      0.271E-02      0.110E+06     -0.144E+01      0.830E+01
      0.700E+01      0.804E-04      0.576E-03      0.153E+05     -0.880E+00      0.762E+01
      0.725E+01      0.285E-04      0.256E-03      0.401E+04     -0.903E+00      0.112E+02
      0.750E+01      0.914E-17      0.176E-10      0.127E-08     -0.118E+01      0.316E+07
      0.775E+01      0.000E+00      0.000E+00      0.000E+00     -0.990E+02     -0.990E+02
      0.800E+01      0.000E+00      0.000E+00      0.000E+00     -0.990E+02     -0.990E+02
      0.825E+01      0.000E+00      0.000E+00      0.000E+00     -0.990E+02     -0.990E+02
      0.850E+01      0.000E+00      0.000E+00      0.000E+00     -0.990E+02     -0.990E+02
      0.875E+01      0.000E+00      0.000E+00      0.000E+00     -0.990E+02     -0.990E+02
      0.900E+01      0.000E+00      0.000E+00      0.000E+00     -0.990E+02     -0.990E+02
      0.925E+01      0.000E+00      0.000E+00      0.000E+00     -0.990E+02     -0.990E+02
      0.950E+01      0.000E+00      0.000E+00      0.000E+00     -0.990E+02     -0.990E+02
      0.975E+01      0.000E+00      0.000E+00      0.000E+00     -0.990E+02     -0.990E+02
      0.100E+02      0.000E+00      0.000E+00      0.000E+00     -0.990E+02     -0.990E+02
      0.102E+02      0.000E+00      0.000E+00      0.000E+00     -0.990E+02     -0.990E+02
      0.105E+02      0.000E+00      0.000E+00      0.000E+00     -0.990E+02     -0.990E+02
      0.108E+02      0.000E+00      0.000E+00      0.000E+00     -0.990E+02     -0.990E+02
      0.110E+02      0.000E+00      0.000E+00      0.000E+00     -0.990E+02     -0.990E+02
      0.112E+02      0.000E+00      0.000E+00      0.000E+00     -0.990E+02     -0.990E+02
      0.115E+02      0.000E+00      0.000E+00      0.000E+00     -0.990E+02     -0.990E+02
      0.118E+02      0.000E+00      0.000E+00      0.000E+00     -0.990E+02     -0.990E+02
      0.120E+02      0.000E+00      0.000E+00      0.000E+00     -0.990E+02     -0.990E+02
      0.122E+02      0.000E+00      0.000E+00      0.000E+00     -0.990E+02     -0.990E+02
      0.125E+02      0.000E+00      0.000E+00      0.000E+00     -0.990E+02     -0.990E+02
      0.128E+02      0.000E+00      0.000E+00      0.000E+00     -0.990E+02     -0.990E+02
      0.130E+02      0.000E+00      0.000E+00      0.000E+00     -0.990E+02     -0.990E+02
      0.132E+02      0.000E+00      0.000E+00      0.000E+00     -0.990E+02     -0.990E+02
      0.135E+02      0.000E+00      0.000E+00      0.000E+00     -0.990E+02     -0.990E+02
      0.138E+02      0.000E+00      0.000E+00      0.000E+00     -0.990E+02     -0.990E+02
      0.140E+02      0.000E+00      0.000E+00      0.000E+00     -0.990E+02     -0.990E+02
      0.142E+02      0.000E+00      0.000E+00      0.000E+00     -0.990E+02     -0.990E+02
      0.145E+02      0.000E+00      0.000E+00      0.000E+00     -0.990E+02     -0.990E+02
      0.148E+02      0.000E+00      0.000E+00      0.000E+00     -0.990E+02     -0.990E+02
      0.150E+02      0.000E+00      0.000E+00      0.000E+00     -0.990E+02     -0.990E+02
      0.152E+02      0.000E+00      0.000E+00      0.000E+00     -0.990E+02     -0.990E+02
      0.155E+02      0.000E+00      0.000E+00      0.000E+00     -0.990E+02     -0.990E+02
      0.158E+02      0.000E+00      0.000E+00      0.000E+00     -0.990E+02     -0.990E+02
      0.160E+02      0.000E+00      0.000E+00      0.000E+00     -0.990E+02     -0.990E+02
      0.162E+02      0.000E+00      0.000E+00      0.000E+00     -0.990E+02     -0.990E+02
      0.165E+02      0.000E+00      0.000E+00      0.000E+00     -0.990E+02     -0.990E+02
      0.168E+02      0.000E+00      0.000E+00      0.000E+00     -0.990E+02     -0.990E+02
      0.170E+02      0.000E+00      0.000E+00      0.000E+00     -0.990E+02     -0.990E+02
      0.172E+02      0.000E+00      0.000E+00      0.000E+00     -0.990E+02     -0.990E+02
      0.175E+02      0.000E+00      0.000E+00      0.000E+00     -0.990E+02     -0.990E+02
      0.178E+02      0.000E+00      0.000E+00      0.000E+00     -0.990E+02     -0.990E+02
      0.180E+02      0.000E+00      0.000E+00      0.000E+00     -0.990E+02     -0.990E+02
      0.182E+02      0.000E+00      0.000E+00      0.000E+00     -0.990E+02     -0.990E+02
      0.185E+02      0.000E+00      0.000E+00      0.000E+00     -0.990E+02     -0.990E+02
      0.188E+02      0.000E+00      0.000E+00      0.000E+00     -0.990E+02     -0.990E+02
      0.190E+02      0.000E+00      0.000E+00      0.000E+00     -0.990E+02     -0.990E+02
      0.192E+02      0.000E+00      0.000E+00      0.000E+00     -0.990E+02     -0.990E+02
      0.195E+02      0.000E+00      0.000E+00      0.000E+00     -0.990E+02     -0.990E+02
      0.198E+02      0.000E+00      0.000E+00      0.000E+00     -0.990E+02     -0.990E+02
      0.200E+02      0.000E+00      0.000E+00      0.000E+00     -0.990E+02     -0.990E+02
