      0.000E+00      0.292E+02      0.885E+00      0.931E+10     -0.990E+02     -0.990E+02
      0.100E-03      0.292E+02      0.885E+00      0.931E+10     -0.990E+02     -0.990E+02
      0.140E-03      0.292E+02      0.885E+00      0.931E+10     -0.990E+02     -0.990E+02
      0.160E-03      0.292E+02      0.885E+00      0.931E+10     -0.990E+02     -0.990E+02
      0.180E-03      0.292E+02      0.885E+00      0.931E+10     -0.990E+02     -0.990E+02
      0.200E-03      0.292E+02      0.885E+00      0.931E+10     -0.990E+02     -0.990E+02
      0.220E-03      0.292E+02      0.885E+00      0.931E+10     -0.990E+02     -0.990E+02
      0.250E-03      0.292E+02      0.885E+00      0.931E+10     -0.990E+02     -0.990E+02
      0.280E-03      0.292E+02      0.885E+00      0.931E+10     -0.990E+02     -0.990E+02
      0.320E-03      0.292E+02      0.885E+00      0.931E+10     -0.990E+02     -0.990E+02
      0.350E-03      0.292E+02      0.885E+00      0.931E+10     -0.990E+02     -0.990E+02
      0.400E-03      0.292E+02      0.885E+00      0.931E+10     -0.990E+02     -0.990E+02
      0.450E-03      0.292E+02      0.885E+00      0.931E+10     -0.990E+02     -0.990E+02
      0.500E-03      0.292E+02      0.885E+00      0.931E+10     -0.990E+02     -0.990E+02
      0.560E-03      0.292E+02      0.885E+00      0.931E+10     -0.990E+02     -0.990E+02
      0.630E-03      0.292E+02      0.885E+00      0.931E+10     -0.990E+02     -0.990E+02
      0.710E-03      0.292E+02      0.885E+00      0.931E+10     -0.990E+02     -0.990E+02
      0.790E-03      0.292E+02      0.885E+00      0.931E+10     -0.990E+02     -0.990E+02
      0.890E-03      0.292E+02      0.885E+00      0.931E+10     -0.990E+02     -0.990E+02
      0.100E-02      0.292E+02      0.885E+00      0.931E+10     -0.990E+02     -0.990E+02
      0.105E-02      0.292E+02      0.885E+00      0.931E+10     -0.990E+02     -0.990E+02
      0.110E-02      0.292E+02      0.885E+00      0.931E+10     -0.990E+02     -0.990E+02
      0.115E-02      0.292E+02      0.885E+00      0.931E+10     -0.990E+02     -0.990E+02
      0.120E-02      0.292E+02      0.885E+00      0.931E+10     -0.990E+02     -0.990E+02
      0.126E-02      0.292E+02      0.885E+00      0.931E+10     -0.990E+02     -0.990E+02
      0.132E-02      0.292E+02      0.885E+00      0.931E+10     -0.990E+02     -0.990E+02
      0.138E-02      0.292E+02      0.885E+00      0.931E+10     -0.990E+02     -0.990E+02
      0.145E-02      0.292E+02      0.885E+00      0.931E+10     -0.990E+02     -0.990E+02
      0.151E-02      0.292E+02      0.885E+00      0.931E+10     -0.990E+02     -0.990E+02
      0.158E-02      0.292E+02      0.885E+00      0.931E+10     -0.990E+02     -0.990E+02
      0.166E-02      0.292E+02      0.885E+00      0.931E+10     -0.990E+02     -0.990E+02
      0.174E-02      0.292E+02      0.885E+00      0.931E+10     -0.990E+02     -0.990E+02
      0.182E-02      0.292E+02      0.885E+00      0.931E+10     -0.990E+02     -0.990E+02
      0.191E-02      0.292E+02      0.885E+00      0.931E+10     -0.990E+02     -0.990E+02
      0.200E-02      0.292E+02      0.885E+00      0.931E+10     -0.990E+02     -0.990E+02
      0.209E-02      0.292E+02      0.885E+00      0.931E+10     -0.990E+02     -0.990E+02
      0.219E-02      0.292E+02      0.885E+00      0.931E+10     -0.990E+02     -0.990E+02
      0.229E-02      0.292E+02      0.885E+00      0.931E+10     -0.990E+02     -0.990E+02
      0.240E-02      0.292E+02      0.885E+00      0.931E+10     -0.990E+02     -0.990E+02
      0.251E-02      0.292E+02      0.885E+00      0.931E+10     -0.990E+02     -0.990E+02
      0.263E-02      0.292E+02      0.885E+00      0.931E+10     -0.990E+02     -0.990E+02
      0.275E-02      0.292E+02      0.885E+00      0.931E+10     -0.990E+02     -0.990E+02
      0.288E-02      0.292E+02      0.885E+00      0.931E+10     -0.990E+02     -0.990E+02
      0.302E-02      0.292E+02      0.885E+00      0.931E+10     -0.990E+02     -0.990E+02
      0.316E-02      0.292E+02      0.885E+00      0.931E+10     -0.990E+02     -0.990E+02
      0.331E-02      0.292E+02      0.885E+00      0.931E+10     -0.990E+02     -0.990E+02
      0.347E-02      0.292E+02      0.885E+00      0.931E+10     -0.990E+02     -0.990E+02
      0.363E-02      0.292E+02      0.885E+00      0.931E+10     -0.990E+02     -0.990E+02
      0.380E-02      0.292E+02      0.885E+00      0.931E+10     -0.990E+02     -0.990E+02
      0.398E-02      0.292E+02      0.885E+00      0.931E+10     -0.990E+02     -0.990E+02
      0.417E-02      0.292E+02      0.885E+00      0.931E+10     -0.990E+02     -0.990E+02
      0.437E-02      0.292E+02      0.885E+00      0.931E+10     -0.990E+02     -0.990E+02
      0.457E-02      0.292E+02      0.885E+00      0.931E+10     -0.990E+02     -0.990E+02
      0.479E-02      0.292E+02      0.885E+00      0.931E+10     -0.990E+02     -0.990E+02
      0.501E-02      0.292E+02      0.885E+00      0.931E+10     -0.990E+02     -0.990E+02
      0.525E-02      0.292E+02      0.885E+00      0.931E+10     -0.990E+02     -0.990E+02
      0.550E-02      0.292E+02      0.885E+00      0.931E+10     -0.990E+02     -0.990E+02
      0.575E-02      0.292E+02      0.885E+00      0.931E+10     -0.990E+02     -0.990E+02
      0.603E-02      0.292E+02      0.885E+00      0.931E+10     -0.990E+02     -0.990E+02
      0.631E-02      0.292E+02      0.885E+00      0.931E+10     -0.990E+02     -0.990E+02
      0.661E-02      0.292E+02      0.885E+00      0.931E+10     -0.990E+02     -0.990E+02
      0.692E-02      0.292E+02      0.885E+00      0.931E+10     -0.990E+02     -0.990E+02
      0.724E-02      0.292E+02      0.885E+00      0.931E+10     -0.990E+02     -0.990E+02
      0.759E-02      0.292E+02      0.885E+00      0.931E+10     -0.990E+02     -0.990E+02
      0.794E-02      0.292E+02      0.885E+00      0.931E+10     -0.990E+02     -0.990E+02
      0.832E-02      0.292E+02      0.885E+00      0.931E+10     -0.990E+02     -0.990E+02
      0.871E-02      0.292E+02      0.885E+00      0.931E+10     -0.990E+02     -0.990E+02
      0.912E-02      0.292E+02      0.885E+00      0.931E+10     -0.990E+02     -0.990E+02
      0.955E-02      0.292E+02      0.885E+00      0.931E+10     -0.990E+02     -0.990E+02
      0.100E-01      0.292E+02      0.885E+00      0.931E+10     -0.515E+00      0.104E+01
      0.105E-01      0.534E+01      0.856E+01      0.901E+10     -0.515E+00      0.104E+01
      0.110E-01      0.531E+01      0.850E+01      0.901E+10     -0.515E+00      0.104E+01
      0.115E-01      0.528E+01      0.845E+01      0.901E+10     -0.515E+00      0.104E+01
      0.120E-01      0.528E+01      0.842E+01      0.901E+10     -0.516E+00      0.104E+01
      0.126E-01      0.527E+01      0.841E+01      0.900E+10     -0.516E+00      0.104E+01
      0.132E-01      0.530E+01      0.842E+01      0.900E+10     -0.517E+00      0.104E+01
      0.138E-01      0.528E+01      0.837E+01      0.900E+10     -0.517E+00      0.104E+01
      0.144E-01      0.522E+01      0.828E+01      0.900E+10     -0.517E+00      0.104E+01
      0.151E-01      0.523E+01      0.827E+01      0.899E+10     -0.517E+00      0.103E+01
      0.159E-01      0.523E+01      0.827E+01      0.899E+10     -0.518E+00      0.103E+01
      0.166E-01      0.523E+01      0.822E+01      0.899E+10     -0.518E+00      0.103E+01
      0.174E-01      0.522E+01      0.821E+01      0.898E+10     -0.518E+00      0.103E+01
      0.182E-01      0.522E+01      0.819E+01      0.898E+10     -0.519E+00      0.103E+01
      0.191E-01      0.520E+01      0.814E+01      0.898E+10     -0.519E+00      0.103E+01
      0.200E-01      0.517E+01      0.807E+01      0.897E+10     -0.520E+00      0.103E+01
      0.209E-01      0.515E+01      0.801E+01      0.897E+10     -0.520E+00      0.103E+01
      0.219E-01      0.513E+01      0.798E+01      0.896E+10     -0.521E+00      0.103E+01
      0.229E-01      0.513E+01      0.795E+01      0.896E+10     -0.521E+00      0.103E+01
      0.240E-01      0.512E+01      0.790E+01      0.895E+10     -0.522E+00      0.102E+01
      0.251E-01      0.511E+01      0.786E+01      0.895E+10     -0.522E+00      0.102E+01
      0.263E-01      0.509E+01      0.780E+01      0.894E+10     -0.523E+00      0.102E+01
      0.275E-01      0.506E+01      0.772E+01      0.894E+10     -0.524E+00      0.102E+01
      0.290E-01      0.504E+01      0.766E+01      0.893E+10     -0.525E+00      0.102E+01
      0.300E-01      0.503E+01      0.762E+01      0.893E+10     -0.525E+00      0.102E+01
      0.310E-01      0.502E+01      0.758E+01      0.892E+10     -0.526E+00      0.102E+01
      0.320E-01      0.500E+01      0.754E+01      0.892E+10     -0.526E+00      0.102E+01
      0.330E-01      0.498E+01      0.748E+01      0.892E+10     -0.527E+00      0.101E+01
      0.340E-01      0.497E+01      0.745E+01      0.891E+10     -0.528E+00      0.101E+01
      0.350E-01      0.496E+01      0.740E+01      0.891E+10     -0.528E+00      0.101E+01
      0.360E-01      0.494E+01      0.736E+01      0.890E+10     -0.529E+00      0.101E+01
      0.370E-01      0.492E+01      0.732E+01      0.890E+10     -0.529E+00      0.101E+01
      0.380E-01      0.491E+01      0.728E+01      0.890E+10     -0.530E+00      0.101E+01
      0.390E-01      0.490E+01      0.722E+01      0.889E+10     -0.530E+00      0.101E+01
      0.400E-01      0.488E+01      0.718E+01      0.889E+10     -0.531E+00      0.101E+01
      0.425E-01      0.485E+01      0.708E+01      0.888E+10     -0.532E+00      0.100E+01
      0.450E-01      0.481E+01      0.697E+01      0.887E+10     -0.534E+00      0.100E+01
      0.475E-01      0.477E+01      0.686E+01      0.886E+10     -0.535E+00      0.998E+00
      0.500E-01      0.473E+01      0.675E+01      0.885E+10     -0.537E+00      0.995E+00
      0.525E-01      0.470E+01      0.665E+01      0.884E+10     -0.538E+00      0.993E+00
      0.550E-01      0.466E+01      0.655E+01      0.883E+10     -0.540E+00      0.991E+00
      0.571E-01      0.463E+01      0.646E+01      0.882E+10     -0.541E+00      0.988E+00
      0.640E-01      0.454E+01      0.620E+01      0.881E+10     -0.545E+00      0.980E+00
      0.719E-01      0.441E+01      0.588E+01      0.878E+10     -0.550E+00      0.972E+00
      0.806E-01      0.429E+01      0.558E+01      0.875E+10     -0.554E+00      0.962E+00
      0.905E-01      0.419E+01      0.532E+01      0.872E+10     -0.557E+00      0.952E+00
      0.102E+00      0.406E+01      0.504E+01      0.869E+10     -0.561E+00      0.945E+00
      0.114E+00      0.392E+01      0.477E+01      0.865E+10     -0.566E+00      0.939E+00
      0.128E+00      0.377E+01      0.449E+01      0.861E+10     -0.570E+00      0.929E+00
      0.143E+00      0.363E+01      0.421E+01      0.857E+10     -0.570E+00      0.910E+00
      0.161E+00      0.348E+01      0.390E+01      0.853E+10     -0.571E+00      0.883E+00
      0.181E+00      0.345E+01      0.353E+01      0.848E+10     -0.559E+00      0.806E+00
      0.203E+00      0.351E+01      0.313E+01      0.843E+10     -0.536E+00      0.694E+00
      0.227E+00      0.358E+01      0.271E+01      0.837E+10     -0.511E+00      0.585E+00
      0.255E+00      0.371E+01      0.229E+01      0.830E+10     -0.484E+00      0.477E+00
      0.286E+00      0.386E+01      0.189E+01      0.822E+10     -0.455E+00      0.377E+00
      0.321E+00      0.404E+01      0.156E+01      0.813E+10     -0.425E+00      0.294E+00
      0.360E+00      0.430E+01      0.136E+01      0.803E+10     -0.394E+00      0.228E+00
      0.404E+00      0.464E+01      0.121E+01      0.790E+10     -0.367E+00      0.184E+00
      0.453E+00      0.611E+01      0.109E+01      0.775E+10     -0.353E+00      0.124E+00
      0.509E+00      0.827E+01      0.112E+01      0.753E+10     -0.348E+00      0.900E-01
      0.571E+00      0.107E+02      0.144E+01      0.720E+10     -0.344E+00      0.817E-01
      0.641E+00      0.134E+02      0.202E+01      0.672E+10     -0.341E+00      0.812E-01
      0.719E+00      0.139E+02      0.225E+01      0.605E+10     -0.370E+00      0.943E-01
      0.806E+00      0.129E+02      0.221E+01      0.528E+10     -0.429E+00      0.123E+00
      0.905E+00      0.118E+02      0.252E+01      0.449E+10     -0.507E+00      0.178E+00
      0.102E+01      0.108E+02      0.232E+01      0.368E+10     -0.580E+00      0.179E+00
      0.114E+01      0.956E+01      0.211E+01      0.286E+10     -0.681E+00      0.198E+00
      0.128E+01      0.894E+01      0.171E+01      0.205E+10     -0.749E+00      0.187E+00
      0.143E+01      0.804E+01      0.161E+01      0.122E+10     -0.810E+00      0.208E+00
      0.161E+01      0.313E+01      0.861E+00      0.381E+09     -0.995E+00      0.332E+00
      0.168E+01      0.140E+01      0.898E+00      0.143E+09     -0.133E+01      0.961E+00
      0.170E+01      0.128E+01      0.830E+00      0.104E+09     -0.133E+01      0.968E+00
      0.180E+01      0.718E+00      0.501E+00      0.561E+08     -0.132E+01      0.105E+01
      0.190E+01      0.153E+00      0.247E+00      0.121E+08     -0.125E+01      0.248E+01
      0.200E+01      0.333E-01      0.153E+00      0.277E+07     -0.100E+01      0.626E+01
      0.210E+01      0.124E-01      0.572E-01      0.752E+06     -0.100E+01      0.626E+01
      0.220E+01      0.102E-06      0.205E-04      0.624E+01     -0.221E+01      0.632E+03
      0.230E+01      0.000E+00      0.000E+00      0.000E+00     -0.990E+02     -0.990E+02
      0.240E+01      0.000E+00      0.000E+00      0.000E+00     -0.990E+02     -0.990E+02
      0.250E+01      0.000E+00      0.000E+00      0.000E+00     -0.990E+02     -0.990E+02
      0.260E+01      0.000E+00      0.000E+00      0.000E+00     -0.990E+02     -0.990E+02
      0.275E+01      0.000E+00      0.000E+00      0.000E+00     -0.990E+02     -0.990E+02
      0.300E+01      0.000E+00      0.000E+00      0.000E+00     -0.990E+02     -0.990E+02
      0.325E+01      0.000E+00      0.000E+00      0.000E+00     -0.990E+02     -0.990E+02
      0.350E+01      0.000E+00      0.000E+00      0.000E+00     -0.990E+02     -0.990E+02
      0.375E+01      0.000E+00      0.000E+00      0.000E+00     -0.990E+02     -0.990E+02
      0.400E+01      0.000E+00      0.000E+00      0.000E+00     -0.990E+02     -0.990E+02
      0.425E+01      0.000E+00      0.000E+00      0.000E+00     -0.990E+02     -0.990E+02
      0.450E+01      0.000E+00      0.000E+00      0.000E+00     -0.990E+02     -0.990E+02
      0.475E+01      0.000E+00      0.000E+00      0.000E+00     -0.990E+02     -0.990E+02
      0.500E+01      0.000E+00      0.000E+00      0.000E+00     -0.990E+02     -0.990E+02
      0.525E+01      0.000E+00      0.000E+00      0.000E+00     -0.990E+02     -0.990E+02
      0.550E+01      0.000E+00      0.000E+00      0.000E+00     -0.990E+02     -0.990E+02
      0.575E+01      0.000E+00      0.000E+00      0.000E+00     -0.990E+02     -0.990E+02
      0.600E+01      0.000E+00      0.000E+00      0.000E+00     -0.990E+02     -0.990E+02
      0.625E+01      0.000E+00      0.000E+00      0.000E+00     -0.990E+02     -0.990E+02
      0.650E+01      0.000E+00      0.000E+00      0.000E+00     -0.990E+02     -0.990E+02
      0.675E+01      0.000E+00      0.000E+00      0.000E+00     -0.990E+02     -0.990E+02
      0.700E+01      0.000E+00      0.000E+00      0.000E+00     -0.990E+02     -0.990E+02
      0.725E+01      0.000E+00      0.000E+00      0.000E+00     -0.990E+02     -0.990E+02
      0.750E+01      0.000E+00      0.000E+00      0.000E+00     -0.990E+02     -0.990E+02
      0.775E+01      0.000E+00      0.000E+00      0.000E+00     -0.990E+02     -0.990E+02
      0.800E+01      0.000E+00      0.000E+00      0.000E+00     -0.990E+02     -0.990E+02
      0.825E+01      0.000E+00      0.000E+00      0.000E+00     -0.990E+02     -0.990E+02
      0.850E+01      0.000E+00      0.000E+00      0.000E+00     -0.990E+02     -0.990E+02
      0.875E+01      0.000E+00      0.000E+00      0.000E+00     -0.990E+02     -0.990E+02
      0.900E+01      0.000E+00      0.000E+00      0.000E+00     -0.990E+02     -0.990E+02
      0.925E+01      0.000E+00      0.000E+00      0.000E+00     -0.990E+02     -0.990E+02
      0.950E+01      0.000E+00      0.000E+00      0.000E+00     -0.990E+02     -0.990E+02
      0.975E+01      0.000E+00      0.000E+00      0.000E+00     -0.990E+02     -0.990E+02
      0.100E+02      0.000E+00      0.000E+00      0.000E+00     -0.990E+02     -0.990E+02
      0.102E+02      0.000E+00      0.000E+00      0.000E+00     -0.990E+02     -0.990E+02
      0.105E+02      0.000E+00      0.000E+00      0.000E+00     -0.990E+02     -0.990E+02
      0.108E+02      0.000E+00      0.000E+00      0.000E+00     -0.990E+02     -0.990E+02
      0.110E+02      0.000E+00      0.000E+00      0.000E+00     -0.990E+02     -0.990E+02
      0.112E+02      0.000E+00      0.000E+00      0.000E+00     -0.990E+02     -0.990E+02
      0.115E+02      0.000E+00      0.000E+00      0.000E+00     -0.990E+02     -0.990E+02
      0.118E+02      0.000E+00      0.000E+00      0.000E+00     -0.990E+02     -0.990E+02
      0.120E+02      0.000E+00      0.000E+00      0.000E+00     -0.990E+02     -0.990E+02
      0.122E+02      0.000E+00      0.000E+00      0.000E+00     -0.990E+02     -0.990E+02
      0.125E+02      0.000E+00      0.000E+00      0.000E+00     -0.990E+02     -0.990E+02
      0.128E+02      0.000E+00      0.000E+00      0.000E+00     -0.990E+02     -0.990E+02
      0.130E+02      0.000E+00      0.000E+00      0.000E+00     -0.990E+02     -0.990E+02
      0.132E+02      0.000E+00      0.000E+00      0.000E+00     -0.990E+02     -0.990E+02
      0.135E+02      0.000E+00      0.000E+00      0.000E+00     -0.990E+02     -0.990E+02
      0.138E+02      0.000E+00      0.000E+00      0.000E+00     -0.990E+02     -0.990E+02
      0.140E+02      0.000E+00      0.000E+00      0.000E+00     -0.990E+02     -0.990E+02
      0.142E+02      0.000E+00      0.000E+00      0.000E+00     -0.990E+02     -0.990E+02
      0.145E+02      0.000E+00      0.000E+00      0.000E+00     -0.990E+02     -0.990E+02
      0.148E+02      0.000E+00      0.000E+00      0.000E+00     -0.990E+02     -0.990E+02
      0.150E+02      0.000E+00      0.000E+00      0.000E+00     -0.990E+02     -0.990E+02
      0.152E+02      0.000E+00      0.000E+00      0.000E+00     -0.990E+02     -0.990E+02
      0.155E+02      0.000E+00      0.000E+00      0.000E+00     -0.990E+02     -0.990E+02
      0.158E+02      0.000E+00      0.000E+00      0.000E+00     -0.990E+02     -0.990E+02
      0.160E+02      0.000E+00      0.000E+00      0.000E+00     -0.990E+02     -0.990E+02
      0.162E+02      0.000E+00      0.000E+00      0.000E+00     -0.990E+02     -0.990E+02
      0.165E+02      0.000E+00      0.000E+00      0.000E+00     -0.990E+02     -0.990E+02
      0.168E+02      0.000E+00      0.000E+00      0.000E+00     -0.990E+02     -0.990E+02
      0.170E+02      0.000E+00      0.000E+00      0.000E+00     -0.990E+02     -0.990E+02
      0.172E+02      0.000E+00      0.000E+00      0.000E+00     -0.990E+02     -0.990E+02
      0.175E+02      0.000E+00      0.000E+00      0.000E+00     -0.990E+02     -0.990E+02
      0.178E+02      0.000E+00      0.000E+00      0.000E+00     -0.990E+02     -0.990E+02
      0.180E+02      0.000E+00      0.000E+00      0.000E+00     -0.990E+02     -0.990E+02
      0.182E+02      0.000E+00      0.000E+00      0.000E+00     -0.990E+02     -0.990E+02
      0.185E+02      0.000E+00      0.000E+00      0.000E+00     -0.990E+02     -0.990E+02
      0.188E+02      0.000E+00      0.000E+00      0.000E+00     -0.990E+02     -0.990E+02
      0.190E+02      0.000E+00      0.000E+00      0.000E+00     -0.990E+02     -0.990E+02
      0.192E+02      0.000E+00      0.000E+00      0.000E+00     -0.990E+02     -0.990E+02
      0.195E+02      0.000E+00      0.000E+00      0.000E+00     -0.990E+02     -0.990E+02
      0.198E+02      0.000E+00      0.000E+00      0.000E+00     -0.990E+02     -0.990E+02
      0.200E+02      0.000E+00      0.000E+00      0.000E+00     -0.990E+02     -0.990E+02
