      0.000E+00      0.546E-01      0.568E-01      0.179E+09     -0.990E+02     -0.990E+02
      0.100E-03      0.546E-01      0.568E-01      0.179E+09     -0.990E+02     -0.990E+02
      0.140E-03      0.546E-01      0.568E-01      0.179E+09     -0.990E+02     -0.990E+02
      0.160E-03      0.546E-01      0.568E-01      0.179E+09     -0.990E+02     -0.990E+02
      0.180E-03      0.546E-01      0.568E-01      0.179E+09     -0.990E+02     -0.990E+02
      0.200E-03      0.546E-01      0.568E-01      0.179E+09     -0.990E+02     -0.990E+02
      0.220E-03      0.546E-01      0.568E-01      0.179E+09     -0.990E+02     -0.990E+02
      0.250E-03      0.546E-01      0.568E-01      0.179E+09     -0.990E+02     -0.990E+02
      0.280E-03      0.546E-01      0.568E-01      0.179E+09     -0.990E+02     -0.990E+02
      0.320E-03      0.546E-01      0.568E-01      0.179E+09     -0.990E+02     -0.990E+02
      0.350E-03      0.546E-01      0.568E-01      0.179E+09     -0.990E+02     -0.990E+02
      0.400E-03      0.546E-01      0.568E-01      0.179E+09     -0.990E+02     -0.990E+02
      0.450E-03      0.546E-01      0.568E-01      0.179E+09     -0.990E+02     -0.990E+02
      0.500E-03      0.546E-01      0.568E-01      0.179E+09     -0.990E+02     -0.990E+02
      0.560E-03      0.546E-01      0.568E-01      0.179E+09     -0.990E+02     -0.990E+02
      0.630E-03      0.546E-01      0.568E-01      0.179E+09     -0.990E+02     -0.990E+02
      0.710E-03      0.546E-01      0.568E-01      0.179E+09     -0.990E+02     -0.990E+02
      0.790E-03      0.546E-01      0.568E-01      0.179E+09     -0.990E+02     -0.990E+02
      0.890E-03      0.546E-01      0.568E-01      0.179E+09     -0.990E+02     -0.990E+02
      0.100E-02      0.546E-01      0.568E-01      0.179E+09     -0.990E+02     -0.990E+02
      0.105E-02      0.546E-01      0.568E-01      0.179E+09     -0.990E+02     -0.990E+02
      0.110E-02      0.546E-01      0.568E-01      0.179E+09     -0.990E+02     -0.990E+02
      0.115E-02      0.546E-01      0.568E-01      0.179E+09     -0.990E+02     -0.990E+02
      0.120E-02      0.546E-01      0.568E-01      0.179E+09     -0.990E+02     -0.990E+02
      0.126E-02      0.546E-01      0.568E-01      0.179E+09     -0.990E+02     -0.990E+02
      0.132E-02      0.546E-01      0.568E-01      0.179E+09     -0.990E+02     -0.990E+02
      0.138E-02      0.546E-01      0.568E-01      0.179E+09     -0.990E+02     -0.990E+02
      0.145E-02      0.546E-01      0.568E-01      0.179E+09     -0.990E+02     -0.990E+02
      0.151E-02      0.546E-01      0.568E-01      0.179E+09     -0.990E+02     -0.990E+02
      0.158E-02      0.546E-01      0.568E-01      0.179E+09     -0.990E+02     -0.990E+02
      0.166E-02      0.546E-01      0.568E-01      0.179E+09     -0.990E+02     -0.990E+02
      0.174E-02      0.546E-01      0.568E-01      0.179E+09     -0.990E+02     -0.990E+02
      0.182E-02      0.546E-01      0.568E-01      0.179E+09     -0.990E+02     -0.990E+02
      0.191E-02      0.546E-01      0.568E-01      0.179E+09     -0.990E+02     -0.990E+02
      0.200E-02      0.546E-01      0.568E-01      0.179E+09     -0.990E+02     -0.990E+02
      0.209E-02      0.546E-01      0.568E-01      0.179E+09     -0.990E+02     -0.990E+02
      0.219E-02      0.546E-01      0.568E-01      0.179E+09     -0.990E+02     -0.990E+02
      0.229E-02      0.546E-01      0.568E-01      0.179E+09     -0.990E+02     -0.990E+02
      0.240E-02      0.546E-01      0.568E-01      0.179E+09     -0.990E+02     -0.990E+02
      0.251E-02      0.546E-01      0.568E-01      0.179E+09     -0.990E+02     -0.990E+02
      0.263E-02      0.546E-01      0.568E-01      0.179E+09     -0.990E+02     -0.990E+02
      0.275E-02      0.546E-01      0.568E-01      0.179E+09     -0.990E+02     -0.990E+02
      0.288E-02      0.546E-01      0.568E-01      0.179E+09     -0.990E+02     -0.990E+02
      0.302E-02      0.546E-01      0.568E-01      0.179E+09     -0.990E+02     -0.990E+02
      0.316E-02      0.546E-01      0.568E-01      0.179E+09     -0.990E+02     -0.990E+02
      0.331E-02      0.546E-01      0.568E-01      0.179E+09     -0.990E+02     -0.990E+02
      0.347E-02      0.546E-01      0.568E-01      0.179E+09     -0.990E+02     -0.990E+02
      0.363E-02      0.546E-01      0.568E-01      0.179E+09     -0.990E+02     -0.990E+02
      0.380E-02      0.546E-01      0.568E-01      0.179E+09     -0.990E+02     -0.990E+02
      0.398E-02      0.546E-01      0.568E-01      0.179E+09     -0.990E+02     -0.990E+02
      0.417E-02      0.546E-01      0.568E-01      0.179E+09     -0.990E+02     -0.990E+02
      0.437E-02      0.546E-01      0.568E-01      0.179E+09     -0.990E+02     -0.990E+02
      0.457E-02      0.546E-01      0.568E-01      0.179E+09     -0.990E+02     -0.990E+02
      0.479E-02      0.546E-01      0.568E-01      0.179E+09     -0.990E+02     -0.990E+02
      0.501E-02      0.546E-01      0.568E-01      0.179E+09     -0.990E+02     -0.990E+02
      0.525E-02      0.546E-01      0.568E-01      0.179E+09     -0.990E+02     -0.990E+02
      0.550E-02      0.546E-01      0.568E-01      0.179E+09     -0.990E+02     -0.990E+02
      0.575E-02      0.546E-01      0.568E-01      0.179E+09     -0.990E+02     -0.990E+02
      0.603E-02      0.546E-01      0.568E-01      0.179E+09     -0.990E+02     -0.990E+02
      0.631E-02      0.546E-01      0.568E-01      0.179E+09     -0.990E+02     -0.990E+02
      0.661E-02      0.546E-01      0.568E-01      0.179E+09     -0.990E+02     -0.990E+02
      0.692E-02      0.546E-01      0.568E-01      0.179E+09     -0.990E+02     -0.990E+02
      0.724E-02      0.546E-01      0.568E-01      0.179E+09     -0.990E+02     -0.990E+02
      0.759E-02      0.546E-01      0.568E-01      0.179E+09     -0.990E+02     -0.990E+02
      0.794E-02      0.546E-01      0.568E-01      0.179E+09     -0.990E+02     -0.990E+02
      0.832E-02      0.546E-01      0.568E-01      0.179E+09     -0.990E+02     -0.990E+02
      0.871E-02      0.546E-01      0.568E-01      0.179E+09     -0.990E+02     -0.990E+02
      0.912E-02      0.546E-01      0.568E-01      0.179E+09     -0.990E+02     -0.990E+02
      0.955E-02      0.546E-01      0.568E-01      0.179E+09     -0.990E+02     -0.990E+02
      0.100E-01      0.546E-01      0.568E-01      0.179E+09     -0.690E+00      0.648E+00
      0.105E-01      0.906E-01      0.567E-01      0.179E+09     -0.690E+00      0.648E+00
      0.110E-01      0.903E-01      0.565E-01      0.179E+09     -0.690E+00      0.647E+00
      0.115E-01      0.901E-01      0.564E-01      0.178E+09     -0.690E+00      0.647E+00
      0.120E-01      0.901E-01      0.563E-01      0.178E+09     -0.690E+00      0.647E+00
      0.126E-01      0.904E-01      0.565E-01      0.178E+09     -0.690E+00      0.646E+00
      0.132E-01      0.910E-01      0.568E-01      0.178E+09     -0.690E+00      0.646E+00
      0.138E-01      0.908E-01      0.567E-01      0.178E+09     -0.691E+00      0.646E+00
      0.144E-01      0.903E-01      0.563E-01      0.178E+09     -0.691E+00      0.646E+00
      0.151E-01      0.906E-01      0.565E-01      0.178E+09     -0.691E+00      0.645E+00
      0.159E-01      0.911E-01      0.567E-01      0.178E+09     -0.691E+00      0.645E+00
      0.166E-01      0.912E-01      0.568E-01      0.178E+09     -0.691E+00      0.645E+00
      0.174E-01      0.914E-01      0.569E-01      0.178E+09     -0.691E+00      0.645E+00
      0.182E-01      0.919E-01      0.572E-01      0.178E+09     -0.692E+00      0.644E+00
      0.191E-01      0.920E-01      0.572E-01      0.178E+09     -0.692E+00      0.644E+00
      0.200E-01      0.918E-01      0.570E-01      0.178E+09     -0.692E+00      0.643E+00
      0.209E-01      0.919E-01      0.570E-01      0.178E+09     -0.693E+00      0.643E+00
      0.219E-01      0.921E-01      0.571E-01      0.178E+09     -0.693E+00      0.643E+00
      0.229E-01      0.925E-01      0.573E-01      0.178E+09     -0.693E+00      0.642E+00
      0.240E-01      0.928E-01      0.574E-01      0.178E+09     -0.694E+00      0.642E+00
      0.251E-01      0.932E-01      0.576E-01      0.177E+09     -0.694E+00      0.642E+00
      0.263E-01      0.933E-01      0.577E-01      0.177E+09     -0.695E+00      0.642E+00
      0.275E-01      0.934E-01      0.577E-01      0.177E+09     -0.695E+00      0.641E+00
      0.290E-01      0.937E-01      0.578E-01      0.177E+09     -0.696E+00      0.641E+00
      0.300E-01      0.940E-01      0.580E-01      0.177E+09     -0.696E+00      0.641E+00
      0.310E-01      0.943E-01      0.581E-01      0.177E+09     -0.697E+00      0.641E+00
      0.320E-01      0.944E-01      0.581E-01      0.177E+09     -0.697E+00      0.640E+00
      0.330E-01      0.947E-01      0.582E-01      0.177E+09     -0.697E+00      0.640E+00
      0.340E-01      0.949E-01      0.584E-01      0.177E+09     -0.698E+00      0.640E+00
      0.350E-01      0.950E-01      0.584E-01      0.177E+09     -0.698E+00      0.640E+00
      0.360E-01      0.953E-01      0.586E-01      0.177E+09     -0.698E+00      0.641E+00
      0.370E-01      0.955E-01      0.586E-01      0.177E+09     -0.699E+00      0.640E+00
      0.380E-01      0.957E-01      0.587E-01      0.176E+09     -0.699E+00      0.640E+00
      0.390E-01      0.958E-01      0.588E-01      0.176E+09     -0.699E+00      0.640E+00
      0.400E-01      0.961E-01      0.589E-01      0.176E+09     -0.700E+00      0.640E+00
      0.425E-01      0.965E-01      0.592E-01      0.176E+09     -0.700E+00      0.639E+00
      0.450E-01      0.971E-01      0.594E-01      0.176E+09     -0.701E+00      0.639E+00
      0.475E-01      0.975E-01      0.597E-01      0.176E+09     -0.702E+00      0.639E+00
      0.500E-01      0.980E-01      0.599E-01      0.176E+09     -0.703E+00      0.639E+00
      0.525E-01      0.986E-01      0.602E-01      0.175E+09     -0.704E+00      0.639E+00
      0.550E-01      0.990E-01      0.605E-01      0.175E+09     -0.705E+00      0.639E+00
      0.571E-01      0.996E-01      0.608E-01      0.175E+09     -0.706E+00      0.639E+00
      0.640E-01      0.101E+00      0.615E-01      0.175E+09     -0.709E+00      0.640E+00
      0.719E-01      0.102E+00      0.624E-01      0.174E+09     -0.712E+00      0.641E+00
      0.806E-01      0.104E+00      0.635E-01      0.173E+09     -0.715E+00      0.643E+00
      0.905E-01      0.106E+00      0.648E-01      0.173E+09     -0.719E+00      0.646E+00
      0.102E+00      0.108E+00      0.662E-01      0.172E+09     -0.723E+00      0.650E+00
      0.114E+00      0.110E+00      0.678E-01      0.171E+09     -0.728E+00      0.657E+00
      0.128E+00      0.113E+00      0.698E-01      0.170E+09     -0.734E+00      0.666E+00
      0.143E+00      0.115E+00      0.714E-01      0.168E+09     -0.742E+00      0.671E+00
      0.161E+00      0.118E+00      0.730E-01      0.167E+09     -0.753E+00      0.673E+00
      0.181E+00      0.121E+00      0.752E-01      0.165E+09     -0.764E+00      0.681E+00
      0.203E+00      0.124E+00      0.770E-01      0.164E+09     -0.776E+00      0.693E+00
      0.227E+00      0.124E+00      0.758E-01      0.162E+09     -0.790E+00      0.698E+00
      0.255E+00      0.121E+00      0.733E-01      0.159E+09     -0.805E+00      0.706E+00
      0.286E+00      0.117E+00      0.701E-01      0.157E+09     -0.820E+00      0.717E+00
      0.321E+00      0.114E+00      0.676E-01      0.154E+09     -0.841E+00      0.734E+00
      0.360E+00      0.111E+00      0.656E-01      0.151E+09     -0.866E+00      0.762E+00
      0.404E+00      0.107E+00      0.626E-01      0.148E+09     -0.886E+00      0.781E+00
      0.453E+00      0.998E-01      0.586E-01      0.144E+09     -0.895E+00      0.781E+00
      0.509E+00      0.951E-01      0.572E-01      0.141E+09     -0.890E+00      0.786E+00
      0.571E+00      0.901E-01      0.569E-01      0.137E+09     -0.883E+00      0.816E+00
      0.641E+00      0.814E-01      0.528E-01      0.133E+09     -0.872E+00      0.842E+00
      0.719E+00      0.742E-01      0.491E-01      0.129E+09     -0.867E+00      0.866E+00
      0.806E+00      0.687E-01      0.485E-01      0.125E+09     -0.861E+00      0.931E+00
      0.905E+00      0.642E-01      0.468E-01      0.121E+09     -0.841E+00      0.941E+00
      0.102E+01      0.616E-01      0.511E-01      0.116E+09     -0.843E+00      0.112E+01
      0.114E+01      0.568E-01      0.457E-01      0.112E+09     -0.837E+00      0.107E+01
      0.128E+01      0.529E-01      0.416E-01      0.107E+09     -0.812E+00      0.964E+00
      0.143E+01      0.508E-01      0.373E-01      0.102E+09     -0.797E+00      0.878E+00
      0.161E+01      0.514E-01      0.378E-01      0.967E+08     -0.768E+00      0.829E+00
      0.168E+01      0.522E-01      0.379E-01      0.928E+08     -0.768E+00      0.818E+00
      0.170E+01      0.525E-01      0.382E-01      0.913E+08     -0.769E+00      0.821E+00
      0.180E+01      0.537E-01      0.408E-01      0.893E+08     -0.771E+00      0.848E+00
      0.190E+01      0.528E-01      0.390E-01      0.860E+08     -0.773E+00      0.820E+00
      0.200E+01      0.502E-01      0.352E-01      0.828E+08     -0.778E+00      0.806E+00
      0.210E+01      0.468E-01      0.327E-01      0.797E+08     -0.776E+00      0.804E+00
      0.220E+01      0.450E-01      0.304E-01      0.769E+08     -0.750E+00      0.736E+00
      0.230E+01      0.451E-01      0.304E-01      0.741E+08     -0.724E+00      0.700E+00
      0.240E+01      0.461E-01      0.322E-01      0.714E+08     -0.709E+00      0.707E+00
      0.250E+01      0.475E-01      0.338E-01      0.686E+08     -0.736E+00      0.771E+00
      0.260E+01      0.525E-01      0.374E-01      0.658E+08     -0.807E+00      0.857E+00
      0.275E+01      0.577E-01      0.412E-01      0.619E+08     -0.842E+00      0.916E+00
      0.300E+01      0.431E-01      0.302E-01      0.550E+08     -0.724E+00      0.710E+00
      0.325E+01      0.436E-01      0.303E-01      0.486E+08     -0.748E+00      0.750E+00
      0.350E+01      0.474E-01      0.292E-01      0.422E+08     -0.803E+00      0.698E+00
      0.375E+01      0.471E-01      0.297E-01      0.353E+08     -0.795E+00      0.713E+00
      0.400E+01      0.435E-01      0.268E-01      0.284E+08     -0.789E+00      0.680E+00
      0.425E+01      0.420E-01      0.271E-01      0.221E+08     -0.778E+00      0.756E+00
      0.450E+01      0.407E-01      0.224E-01      0.161E+08     -0.947E+00      0.714E+00
      0.475E+01      0.292E-01      0.197E-01      0.102E+08     -0.107E+01      0.935E+00
      0.500E+01      0.183E-01      0.169E-01      0.603E+07     -0.927E+00      0.121E+01
      0.525E+01      0.117E-01      0.135E-01      0.341E+07     -0.971E+00      0.159E+01
      0.550E+01      0.794E-02      0.116E-01      0.175E+07     -0.978E+00      0.190E+01
      0.575E+01      0.260E-02      0.595E-02      0.617E+06     -0.937E+00      0.298E+01
      0.600E+01      0.103E-02      0.361E-02      0.247E+06     -0.898E+00      0.447E+01
      0.625E+01      0.423E-03      0.237E-02      0.101E+06     -0.931E+00      0.770E+01
      0.650E+01      0.219E-03      0.143E-02      0.408E+05     -0.103E+01      0.986E+01
      0.675E+01      0.603E-04      0.511E-03      0.991E+04     -0.164E+01      0.192E+02
      0.700E+01      0.997E-05      0.129E-03      0.142E+04     -0.161E+01      0.270E+02
      0.725E+01      0.200E-06      0.112E-04      0.280E+02     -0.149E+01      0.111E+03
      0.750E+01      0.402E-15      0.210E-09      0.566E-07     -0.170E+01      0.121E+07
      0.775E+01      0.000E+00      0.000E+00      0.000E+00     -0.990E+02     -0.990E+02
      0.800E+01      0.000E+00      0.000E+00      0.000E+00     -0.990E+02     -0.990E+02
      0.825E+01      0.000E+00      0.000E+00      0.000E+00     -0.990E+02     -0.990E+02
      0.850E+01      0.000E+00      0.000E+00      0.000E+00     -0.990E+02     -0.990E+02
      0.875E+01      0.000E+00      0.000E+00      0.000E+00     -0.990E+02     -0.990E+02
      0.900E+01      0.000E+00      0.000E+00      0.000E+00     -0.990E+02     -0.990E+02
      0.925E+01      0.000E+00      0.000E+00      0.000E+00     -0.990E+02     -0.990E+02
      0.950E+01      0.000E+00      0.000E+00      0.000E+00     -0.990E+02     -0.990E+02
      0.975E+01      0.000E+00      0.000E+00      0.000E+00     -0.990E+02     -0.990E+02
      0.100E+02      0.000E+00      0.000E+00      0.000E+00     -0.990E+02     -0.990E+02
      0.102E+02      0.000E+00      0.000E+00      0.000E+00     -0.990E+02     -0.990E+02
      0.105E+02      0.000E+00      0.000E+00      0.000E+00     -0.990E+02     -0.990E+02
      0.108E+02      0.000E+00      0.000E+00      0.000E+00     -0.990E+02     -0.990E+02
      0.110E+02      0.000E+00      0.000E+00      0.000E+00     -0.990E+02     -0.990E+02
      0.112E+02      0.000E+00      0.000E+00      0.000E+00     -0.990E+02     -0.990E+02
      0.115E+02      0.000E+00      0.000E+00      0.000E+00     -0.990E+02     -0.990E+02
      0.118E+02      0.000E+00      0.000E+00      0.000E+00     -0.990E+02     -0.990E+02
      0.120E+02      0.000E+00      0.000E+00      0.000E+00     -0.990E+02     -0.990E+02
      0.122E+02      0.000E+00      0.000E+00      0.000E+00     -0.990E+02     -0.990E+02
      0.125E+02      0.000E+00      0.000E+00      0.000E+00     -0.990E+02     -0.990E+02
      0.128E+02      0.000E+00      0.000E+00      0.000E+00     -0.990E+02     -0.990E+02
      0.130E+02      0.000E+00      0.000E+00      0.000E+00     -0.990E+02     -0.990E+02
      0.132E+02      0.000E+00      0.000E+00      0.000E+00     -0.990E+02     -0.990E+02
      0.135E+02      0.000E+00      0.000E+00      0.000E+00     -0.990E+02     -0.990E+02
      0.138E+02      0.000E+00      0.000E+00      0.000E+00     -0.990E+02     -0.990E+02
      0.140E+02      0.000E+00      0.000E+00      0.000E+00     -0.990E+02     -0.990E+02
      0.142E+02      0.000E+00      0.000E+00      0.000E+00     -0.990E+02     -0.990E+02
      0.145E+02      0.000E+00      0.000E+00      0.000E+00     -0.990E+02     -0.990E+02
      0.148E+02      0.000E+00      0.000E+00      0.000E+00     -0.990E+02     -0.990E+02
      0.150E+02      0.000E+00      0.000E+00      0.000E+00     -0.990E+02     -0.990E+02
      0.152E+02      0.000E+00      0.000E+00      0.000E+00     -0.990E+02     -0.990E+02
      0.155E+02      0.000E+00      0.000E+00      0.000E+00     -0.990E+02     -0.990E+02
      0.158E+02      0.000E+00      0.000E+00      0.000E+00     -0.990E+02     -0.990E+02
      0.160E+02      0.000E+00      0.000E+00      0.000E+00     -0.990E+02     -0.990E+02
      0.162E+02      0.000E+00      0.000E+00      0.000E+00     -0.990E+02     -0.990E+02
      0.165E+02      0.000E+00      0.000E+00      0.000E+00     -0.990E+02     -0.990E+02
      0.168E+02      0.000E+00      0.000E+00      0.000E+00     -0.990E+02     -0.990E+02
      0.170E+02      0.000E+00      0.000E+00      0.000E+00     -0.990E+02     -0.990E+02
      0.172E+02      0.000E+00      0.000E+00      0.000E+00     -0.990E+02     -0.990E+02
      0.175E+02      0.000E+00      0.000E+00      0.000E+00     -0.990E+02     -0.990E+02
      0.178E+02      0.000E+00      0.000E+00      0.000E+00     -0.990E+02     -0.990E+02
      0.180E+02      0.000E+00      0.000E+00      0.000E+00     -0.990E+02     -0.990E+02
      0.182E+02      0.000E+00      0.000E+00      0.000E+00     -0.990E+02     -0.990E+02
      0.185E+02      0.000E+00      0.000E+00      0.000E+00     -0.990E+02     -0.990E+02
      0.188E+02      0.000E+00      0.000E+00      0.000E+00     -0.990E+02     -0.990E+02
      0.190E+02      0.000E+00      0.000E+00      0.000E+00     -0.990E+02     -0.990E+02
      0.192E+02      0.000E+00      0.000E+00      0.000E+00     -0.990E+02     -0.990E+02
      0.195E+02      0.000E+00      0.000E+00      0.000E+00     -0.990E+02     -0.990E+02
      0.198E+02      0.000E+00      0.000E+00      0.000E+00     -0.990E+02     -0.990E+02
      0.200E+02      0.000E+00      0.000E+00      0.000E+00     -0.990E+02     -0.990E+02
