      0.000E+00      0.733E-01      0.239E-02      0.100E+09     -0.990E+02     -0.990E+02
      0.100E-03      0.733E-01      0.239E-02      0.100E+09     -0.990E+02     -0.990E+02
      0.140E-03      0.733E-01      0.239E-02      0.100E+09     -0.990E+02     -0.990E+02
      0.160E-03      0.733E-01      0.239E-02      0.100E+09     -0.990E+02     -0.990E+02
      0.180E-03      0.733E-01      0.239E-02      0.100E+09     -0.990E+02     -0.990E+02
      0.200E-03      0.733E-01      0.239E-02      0.100E+09     -0.990E+02     -0.990E+02
      0.220E-03      0.733E-01      0.239E-02      0.100E+09     -0.990E+02     -0.990E+02
      0.250E-03      0.733E-01      0.239E-02      0.100E+09     -0.990E+02     -0.990E+02
      0.280E-03      0.733E-01      0.239E-02      0.100E+09     -0.990E+02     -0.990E+02
      0.320E-03      0.733E-01      0.239E-02      0.100E+09     -0.990E+02     -0.990E+02
      0.350E-03      0.733E-01      0.239E-02      0.100E+09     -0.990E+02     -0.990E+02
      0.400E-03      0.733E-01      0.239E-02      0.100E+09     -0.990E+02     -0.990E+02
      0.450E-03      0.733E-01      0.239E-02      0.100E+09     -0.990E+02     -0.990E+02
      0.500E-03      0.733E-01      0.239E-02      0.100E+09     -0.990E+02     -0.990E+02
      0.560E-03      0.733E-01      0.239E-02      0.100E+09     -0.990E+02     -0.990E+02
      0.630E-03      0.733E-01      0.239E-02      0.100E+09     -0.990E+02     -0.990E+02
      0.710E-03      0.733E-01      0.239E-02      0.100E+09     -0.990E+02     -0.990E+02
      0.790E-03      0.733E-01      0.239E-02      0.100E+09     -0.990E+02     -0.990E+02
      0.890E-03      0.733E-01      0.239E-02      0.100E+09     -0.990E+02     -0.990E+02
      0.100E-02      0.733E-01      0.239E-02      0.100E+09     -0.990E+02     -0.990E+02
      0.105E-02      0.733E-01      0.239E-02      0.100E+09     -0.990E+02     -0.990E+02
      0.110E-02      0.733E-01      0.239E-02      0.100E+09     -0.990E+02     -0.990E+02
      0.115E-02      0.733E-01      0.239E-02      0.100E+09     -0.990E+02     -0.990E+02
      0.120E-02      0.733E-01      0.239E-02      0.100E+09     -0.990E+02     -0.990E+02
      0.126E-02      0.733E-01      0.239E-02      0.100E+09     -0.990E+02     -0.990E+02
      0.132E-02      0.733E-01      0.239E-02      0.100E+09     -0.990E+02     -0.990E+02
      0.138E-02      0.733E-01      0.239E-02      0.100E+09     -0.990E+02     -0.990E+02
      0.145E-02      0.733E-01      0.239E-02      0.100E+09     -0.990E+02     -0.990E+02
      0.151E-02      0.733E-01      0.239E-02      0.100E+09     -0.990E+02     -0.990E+02
      0.158E-02      0.733E-01      0.239E-02      0.100E+09     -0.990E+02     -0.990E+02
      0.166E-02      0.733E-01      0.239E-02      0.100E+09     -0.990E+02     -0.990E+02
      0.174E-02      0.733E-01      0.239E-02      0.100E+09     -0.990E+02     -0.990E+02
      0.182E-02      0.733E-01      0.239E-02      0.100E+09     -0.990E+02     -0.990E+02
      0.191E-02      0.733E-01      0.239E-02      0.100E+09     -0.990E+02     -0.990E+02
      0.200E-02      0.733E-01      0.239E-02      0.100E+09     -0.990E+02     -0.990E+02
      0.209E-02      0.733E-01      0.239E-02      0.100E+09     -0.990E+02     -0.990E+02
      0.219E-02      0.733E-01      0.239E-02      0.100E+09     -0.990E+02     -0.990E+02
      0.229E-02      0.733E-01      0.239E-02      0.100E+09     -0.990E+02     -0.990E+02
      0.240E-02      0.733E-01      0.239E-02      0.100E+09     -0.990E+02     -0.990E+02
      0.251E-02      0.733E-01      0.239E-02      0.100E+09     -0.990E+02     -0.990E+02
      0.263E-02      0.733E-01      0.239E-02      0.100E+09     -0.990E+02     -0.990E+02
      0.275E-02      0.733E-01      0.239E-02      0.100E+09     -0.990E+02     -0.990E+02
      0.288E-02      0.733E-01      0.239E-02      0.100E+09     -0.990E+02     -0.990E+02
      0.302E-02      0.733E-01      0.239E-02      0.100E+09     -0.990E+02     -0.990E+02
      0.316E-02      0.733E-01      0.239E-02      0.100E+09     -0.990E+02     -0.990E+02
      0.331E-02      0.733E-01      0.239E-02      0.100E+09     -0.990E+02     -0.990E+02
      0.347E-02      0.733E-01      0.239E-02      0.100E+09     -0.990E+02     -0.990E+02
      0.363E-02      0.733E-01      0.239E-02      0.100E+09     -0.990E+02     -0.990E+02
      0.380E-02      0.733E-01      0.239E-02      0.100E+09     -0.990E+02     -0.990E+02
      0.398E-02      0.733E-01      0.239E-02      0.100E+09     -0.990E+02     -0.990E+02
      0.417E-02      0.733E-01      0.239E-02      0.100E+09     -0.990E+02     -0.990E+02
      0.437E-02      0.733E-01      0.239E-02      0.100E+09     -0.990E+02     -0.990E+02
      0.457E-02      0.733E-01      0.239E-02      0.100E+09     -0.990E+02     -0.990E+02
      0.479E-02      0.733E-01      0.239E-02      0.100E+09     -0.990E+02     -0.990E+02
      0.501E-02      0.733E-01      0.239E-02      0.100E+09     -0.990E+02     -0.990E+02
      0.525E-02      0.733E-01      0.239E-02      0.100E+09     -0.990E+02     -0.990E+02
      0.550E-02      0.733E-01      0.239E-02      0.100E+09     -0.990E+02     -0.990E+02
      0.575E-02      0.733E-01      0.239E-02      0.100E+09     -0.990E+02     -0.990E+02
      0.603E-02      0.733E-01      0.239E-02      0.100E+09     -0.990E+02     -0.990E+02
      0.631E-02      0.733E-01      0.239E-02      0.100E+09     -0.990E+02     -0.990E+02
      0.661E-02      0.733E-01      0.239E-02      0.100E+09     -0.990E+02     -0.990E+02
      0.692E-02      0.733E-01      0.239E-02      0.100E+09     -0.990E+02     -0.990E+02
      0.724E-02      0.733E-01      0.239E-02      0.100E+09     -0.990E+02     -0.990E+02
      0.759E-02      0.733E-01      0.239E-02      0.100E+09     -0.990E+02     -0.990E+02
      0.794E-02      0.733E-01      0.239E-02      0.100E+09     -0.990E+02     -0.990E+02
      0.832E-02      0.733E-01      0.239E-02      0.100E+09     -0.990E+02     -0.990E+02
      0.871E-02      0.733E-01      0.239E-02      0.100E+09     -0.990E+02     -0.990E+02
      0.912E-02      0.733E-01      0.239E-02      0.100E+09     -0.990E+02     -0.990E+02
      0.955E-02      0.733E-01      0.239E-02      0.100E+09     -0.990E+02     -0.990E+02
      0.100E-01      0.733E-01      0.239E-02      0.100E+09      0.337E+00      0.285E+00
      0.105E-01      0.965E-02      0.579E-02      0.993E+08      0.337E+00      0.285E+00
      0.110E-01      0.961E-02      0.576E-02      0.993E+08      0.337E+00      0.285E+00
      0.115E-01      0.958E-02      0.575E-02      0.993E+08      0.337E+00      0.285E+00
      0.120E-01      0.957E-02      0.574E-02      0.993E+08      0.337E+00      0.285E+00
      0.126E-01      0.959E-02      0.575E-02      0.992E+08      0.337E+00      0.285E+00
      0.132E-01      0.964E-02      0.579E-02      0.992E+08      0.337E+00      0.285E+00
      0.138E-01      0.961E-02      0.576E-02      0.992E+08      0.337E+00      0.285E+00
      0.144E-01      0.954E-02      0.572E-02      0.992E+08      0.337E+00      0.285E+00
      0.151E-01      0.956E-02      0.573E-02      0.992E+08      0.337E+00      0.286E+00
      0.159E-01      0.959E-02      0.575E-02      0.992E+08      0.337E+00      0.285E+00
      0.166E-01      0.958E-02      0.575E-02      0.992E+08      0.337E+00      0.285E+00
      0.174E-01      0.960E-02      0.575E-02      0.992E+08      0.337E+00      0.285E+00
      0.182E-01      0.961E-02      0.577E-02      0.992E+08      0.337E+00      0.286E+00
      0.191E-01      0.961E-02      0.576E-02      0.992E+08      0.337E+00      0.286E+00
      0.200E-01      0.957E-02      0.574E-02      0.992E+08      0.337E+00      0.286E+00
      0.209E-01      0.954E-02      0.572E-02      0.992E+08      0.337E+00      0.286E+00
      0.219E-01      0.957E-02      0.574E-02      0.992E+08      0.337E+00      0.286E+00
      0.229E-01      0.956E-02      0.573E-02      0.992E+08      0.337E+00      0.286E+00
      0.240E-01      0.956E-02      0.573E-02      0.992E+08      0.337E+00      0.286E+00
      0.251E-01      0.960E-02      0.576E-02      0.991E+08      0.337E+00      0.286E+00
      0.263E-01      0.957E-02      0.574E-02      0.991E+08      0.337E+00      0.286E+00
      0.275E-01      0.957E-02      0.574E-02      0.991E+08      0.337E+00      0.286E+00
      0.290E-01      0.955E-02      0.572E-02      0.991E+08      0.337E+00      0.286E+00
      0.300E-01      0.956E-02      0.573E-02      0.991E+08      0.337E+00      0.286E+00
      0.310E-01      0.955E-02      0.573E-02      0.991E+08      0.337E+00      0.286E+00
      0.320E-01      0.955E-02      0.573E-02      0.991E+08      0.337E+00      0.286E+00
      0.330E-01      0.956E-02      0.573E-02      0.991E+08      0.337E+00      0.287E+00
      0.340E-01      0.955E-02      0.573E-02      0.991E+08      0.337E+00      0.287E+00
      0.350E-01      0.956E-02      0.573E-02      0.991E+08      0.337E+00      0.287E+00
      0.360E-01      0.956E-02      0.573E-02      0.991E+08      0.337E+00      0.287E+00
      0.370E-01      0.956E-02      0.573E-02      0.991E+08      0.337E+00      0.287E+00
      0.380E-01      0.956E-02      0.573E-02      0.990E+08      0.337E+00      0.287E+00
      0.390E-01      0.956E-02      0.573E-02      0.990E+08      0.337E+00      0.287E+00
      0.400E-01      0.954E-02      0.572E-02      0.990E+08      0.337E+00      0.287E+00
      0.425E-01      0.954E-02      0.572E-02      0.990E+08      0.337E+00      0.287E+00
      0.450E-01      0.954E-02      0.572E-02      0.990E+08      0.337E+00      0.287E+00
      0.475E-01      0.952E-02      0.571E-02      0.990E+08      0.337E+00      0.288E+00
      0.500E-01      0.953E-02      0.571E-02      0.990E+08      0.337E+00      0.288E+00
      0.525E-01      0.952E-02      0.570E-02      0.989E+08      0.337E+00      0.288E+00
      0.550E-01      0.950E-02      0.570E-02      0.989E+08      0.337E+00      0.288E+00
      0.571E-01      0.952E-02      0.571E-02      0.989E+08      0.337E+00      0.289E+00
      0.640E-01      0.949E-02      0.569E-02      0.989E+08      0.337E+00      0.288E+00
      0.719E-01      0.948E-02      0.567E-02      0.988E+08      0.337E+00      0.288E+00
      0.806E-01      0.947E-02      0.567E-02      0.988E+08      0.337E+00      0.289E+00
      0.905E-01      0.943E-02      0.563E-02      0.987E+08      0.337E+00      0.288E+00
      0.102E+00      0.940E-02      0.561E-02      0.986E+08      0.337E+00      0.288E+00
      0.114E+00      0.940E-02      0.561E-02      0.985E+08      0.337E+00      0.288E+00
      0.128E+00      0.935E-02      0.557E-02      0.984E+08      0.338E+00      0.289E+00
      0.143E+00      0.940E-02      0.554E-02      0.983E+08      0.337E+00      0.285E+00
      0.161E+00      0.950E-02      0.552E-02      0.982E+08      0.336E+00      0.280E+00
      0.181E+00      0.961E-02      0.552E-02      0.981E+08      0.335E+00      0.275E+00
      0.203E+00      0.974E-02      0.552E-02      0.979E+08      0.334E+00      0.270E+00
      0.227E+00      0.987E-02      0.557E-02      0.978E+08      0.333E+00      0.266E+00
      0.255E+00      0.100E-01      0.565E-02      0.976E+08      0.331E+00      0.263E+00
      0.286E+00      0.102E-01      0.581E-02      0.974E+08      0.330E+00      0.262E+00
      0.321E+00      0.104E-01      0.603E-02      0.971E+08      0.329E+00      0.263E+00
      0.360E+00      0.106E-01      0.636E-02      0.969E+08      0.327E+00      0.267E+00
      0.404E+00      0.105E-01      0.627E-02      0.966E+08      0.329E+00      0.266E+00
      0.453E+00      0.991E-02      0.558E-02      0.962E+08      0.336E+00      0.257E+00
      0.509E+00      0.926E-02      0.486E-02      0.959E+08      0.345E+00      0.247E+00
      0.571E+00      0.854E-02      0.414E-02      0.955E+08      0.356E+00      0.239E+00
      0.641E+00      0.788E-02      0.361E-02      0.951E+08      0.369E+00      0.244E+00
      0.719E+00      0.835E-02      0.379E-02      0.947E+08      0.368E+00      0.254E+00
      0.806E+00      0.887E-02      0.405E-02      0.942E+08      0.365E+00      0.269E+00
      0.905E+00      0.931E-02      0.405E-02      0.937E+08      0.366E+00      0.242E+00
      0.102E+01      0.952E-02      0.392E-02      0.931E+08      0.366E+00      0.221E+00
      0.114E+01      0.979E-02      0.404E-02      0.923E+08      0.365E+00      0.217E+00
      0.128E+01      0.103E-01      0.471E-02      0.915E+08      0.357E+00      0.224E+00
      0.143E+01      0.106E-01      0.508E-02      0.905E+08      0.351E+00      0.228E+00
      0.161E+01      0.995E-02      0.428E-02      0.894E+08      0.348E+00      0.207E+00
      0.168E+01      0.108E-01      0.452E-02      0.886E+08      0.341E+00      0.198E+00
      0.170E+01      0.111E-01      0.469E-02      0.883E+08      0.339E+00      0.197E+00
      0.180E+01      0.130E-01      0.611E-02      0.878E+08      0.330E+00      0.208E+00
      0.190E+01      0.144E-01      0.738E-02      0.870E+08      0.324E+00      0.221E+00
      0.200E+01      0.137E-01      0.617E-02      0.861E+08      0.328E+00      0.206E+00
      0.210E+01      0.129E-01      0.547E-02      0.853E+08      0.334E+00      0.205E+00
      0.220E+01      0.127E-01      0.538E-02      0.845E+08      0.330E+00      0.201E+00
      0.230E+01      0.129E-01      0.547E-02      0.837E+08      0.320E+00      0.195E+00
      0.240E+01      0.130E-01      0.561E-02      0.829E+08      0.312E+00      0.187E+00
      0.250E+01      0.128E-01      0.565E-02      0.821E+08      0.311E+00      0.185E+00
      0.260E+01      0.127E-01      0.587E-02      0.813E+08      0.309E+00      0.191E+00
      0.275E+01      0.129E-01      0.637E-02      0.803E+08      0.306E+00      0.204E+00
      0.300E+01      0.136E-01      0.778E-02      0.788E+08      0.289E+00      0.234E+00
      0.325E+01      0.135E-01      0.838E-02      0.767E+08      0.283E+00      0.241E+00
      0.350E+01      0.131E-01      0.825E-02      0.747E+08      0.299E+00      0.253E+00
      0.375E+01      0.133E-01      0.818E-02      0.727E+08      0.308E+00      0.256E+00
      0.400E+01      0.137E-01      0.781E-02      0.707E+08      0.302E+00      0.240E+00
      0.425E+01      0.138E-01      0.739E-02      0.687E+08      0.291E+00      0.226E+00
      0.450E+01      0.148E-01      0.684E-02      0.667E+08      0.291E+00      0.202E+00
      0.475E+01      0.161E-01      0.634E-02      0.645E+08      0.294E+00      0.173E+00
      0.500E+01      0.161E-01      0.681E-02      0.621E+08      0.285E+00      0.182E+00
      0.525E+01      0.160E-01      0.751E-02      0.598E+08      0.260E+00      0.187E+00
      0.550E+01      0.225E-01      0.996E-02      0.575E+08      0.208E+00      0.140E+00
      0.575E+01      0.252E-01      0.120E-01      0.542E+08      0.186E+00      0.138E+00
      0.600E+01      0.189E-01      0.851E-02      0.506E+08      0.203E+00      0.156E+00
      0.625E+01      0.178E-01      0.843E-02      0.478E+08      0.234E+00      0.177E+00
      0.650E+01      0.193E-01      0.895E-02      0.453E+08      0.243E+00      0.172E+00
      0.675E+01      0.210E-01      0.101E-01      0.425E+08      0.226E+00      0.177E+00
      0.700E+01      0.209E-01      0.104E-01      0.395E+08      0.235E+00      0.192E+00
      0.725E+01      0.217E-01      0.900E-02      0.365E+08      0.261E+00      0.159E+00
      0.750E+01      0.235E-01      0.851E-02      0.334E+08      0.244E+00      0.121E+00
      0.775E+01      0.238E-01      0.112E-01      0.301E+08      0.222E+00      0.148E+00
      0.800E+01      0.291E-01      0.131E-01      0.267E+08      0.189E+00      0.129E+00
      0.825E+01      0.322E-01      0.158E-01      0.226E+08      0.188E+00      0.142E+00
      0.850E+01      0.327E-01      0.134E-01      0.180E+08      0.192E+00      0.127E+00
      0.875E+01      0.301E-01      0.129E-01      0.134E+08      0.144E+00      0.114E+00
      0.900E+01      0.220E-01      0.102E-01      0.914E+07      0.106E+00      0.101E+00
      0.925E+01      0.210E-01      0.686E-02      0.604E+07      0.724E-01      0.696E-01
      0.950E+01      0.160E-01      0.669E-02      0.308E+07      0.157E-01      0.436E-01
      0.975E+01      0.536E-02      0.203E-02      0.826E+06     -0.849E-01      0.620E-01
      0.100E+02      0.525E-03      0.370E-03      0.739E+05     -0.199E+00      0.207E+00
      0.102E+02      0.349E-05      0.988E-04      0.486E+03     -0.631E+00      0.234E+02
      0.105E+02      0.158E-07      0.168E-05      0.219E+01     -0.272E+01      0.411E+03
      0.108E+02      0.000E+00      0.925E-30      0.000E+00     -0.223E+01            NaN
      0.110E+02      0.000E+00      0.000E+00      0.000E+00     -0.990E+02     -0.990E+02
      0.112E+02      0.000E+00      0.000E+00      0.000E+00     -0.990E+02     -0.990E+02
      0.115E+02      0.000E+00      0.000E+00      0.000E+00     -0.990E+02     -0.990E+02
      0.118E+02      0.000E+00      0.000E+00      0.000E+00     -0.990E+02     -0.990E+02
      0.120E+02      0.000E+00      0.000E+00      0.000E+00     -0.990E+02     -0.990E+02
      0.122E+02      0.000E+00      0.000E+00      0.000E+00     -0.990E+02     -0.990E+02
      0.125E+02      0.000E+00      0.000E+00      0.000E+00     -0.990E+02     -0.990E+02
      0.128E+02      0.000E+00      0.000E+00      0.000E+00     -0.990E+02     -0.990E+02
      0.130E+02      0.000E+00      0.000E+00      0.000E+00     -0.990E+02     -0.990E+02
      0.132E+02      0.000E+00      0.000E+00      0.000E+00     -0.990E+02     -0.990E+02
      0.135E+02      0.000E+00      0.000E+00      0.000E+00     -0.990E+02     -0.990E+02
      0.138E+02      0.000E+00      0.000E+00      0.000E+00     -0.990E+02     -0.990E+02
      0.140E+02      0.000E+00      0.000E+00      0.000E+00     -0.990E+02     -0.990E+02
      0.142E+02      0.000E+00      0.000E+00      0.000E+00     -0.990E+02     -0.990E+02
      0.145E+02      0.000E+00      0.000E+00      0.000E+00     -0.990E+02     -0.990E+02
      0.148E+02      0.000E+00      0.000E+00      0.000E+00     -0.990E+02     -0.990E+02
      0.150E+02      0.000E+00      0.000E+00      0.000E+00     -0.990E+02     -0.990E+02
      0.152E+02      0.000E+00      0.000E+00      0.000E+00     -0.990E+02     -0.990E+02
      0.155E+02      0.000E+00      0.000E+00      0.000E+00     -0.990E+02     -0.990E+02
      0.158E+02      0.000E+00      0.000E+00      0.000E+00     -0.990E+02     -0.990E+02
      0.160E+02      0.000E+00      0.000E+00      0.000E+00     -0.990E+02     -0.990E+02
      0.162E+02      0.000E+00      0.000E+00      0.000E+00     -0.990E+02     -0.990E+02
      0.165E+02      0.000E+00      0.000E+00      0.000E+00     -0.990E+02     -0.990E+02
      0.168E+02      0.000E+00      0.000E+00      0.000E+00     -0.990E+02     -0.990E+02
      0.170E+02      0.000E+00      0.000E+00      0.000E+00     -0.990E+02     -0.990E+02
      0.172E+02      0.000E+00      0.000E+00      0.000E+00     -0.990E+02     -0.990E+02
      0.175E+02      0.000E+00      0.000E+00      0.000E+00     -0.990E+02     -0.990E+02
      0.178E+02      0.000E+00      0.000E+00      0.000E+00     -0.990E+02     -0.990E+02
      0.180E+02      0.000E+00      0.000E+00      0.000E+00     -0.990E+02     -0.990E+02
      0.182E+02      0.000E+00      0.000E+00      0.000E+00     -0.990E+02     -0.990E+02
      0.185E+02      0.000E+00      0.000E+00      0.000E+00     -0.990E+02     -0.990E+02
      0.188E+02      0.000E+00      0.000E+00      0.000E+00     -0.990E+02     -0.990E+02
      0.190E+02      0.000E+00      0.000E+00      0.000E+00     -0.990E+02     -0.990E+02
      0.192E+02      0.000E+00      0.000E+00      0.000E+00     -0.990E+02     -0.990E+02
      0.195E+02      0.000E+00      0.000E+00      0.000E+00     -0.990E+02     -0.990E+02
      0.198E+02      0.000E+00      0.000E+00      0.000E+00     -0.990E+02     -0.990E+02
      0.200E+02      0.000E+00      0.000E+00      0.000E+00     -0.990E+02     -0.990E+02
