      0.000E+00      0.129E+00      0.111E+00      0.578E+09     -0.990E+02     -0.990E+02
      0.100E-03      0.129E+00      0.111E+00      0.578E+09     -0.990E+02     -0.990E+02
      0.140E-03      0.129E+00      0.111E+00      0.578E+09     -0.990E+02     -0.990E+02
      0.160E-03      0.129E+00      0.111E+00      0.578E+09     -0.990E+02     -0.990E+02
      0.180E-03      0.129E+00      0.111E+00      0.578E+09     -0.990E+02     -0.990E+02
      0.200E-03      0.129E+00      0.111E+00      0.578E+09     -0.990E+02     -0.990E+02
      0.220E-03      0.129E+00      0.111E+00      0.578E+09     -0.990E+02     -0.990E+02
      0.250E-03      0.129E+00      0.111E+00      0.578E+09     -0.990E+02     -0.990E+02
      0.280E-03      0.129E+00      0.111E+00      0.578E+09     -0.990E+02     -0.990E+02
      0.320E-03      0.129E+00      0.111E+00      0.578E+09     -0.990E+02     -0.990E+02
      0.350E-03      0.129E+00      0.111E+00      0.578E+09     -0.990E+02     -0.990E+02
      0.400E-03      0.129E+00      0.111E+00      0.578E+09     -0.990E+02     -0.990E+02
      0.450E-03      0.129E+00      0.111E+00      0.578E+09     -0.990E+02     -0.990E+02
      0.500E-03      0.129E+00      0.111E+00      0.578E+09     -0.990E+02     -0.990E+02
      0.560E-03      0.129E+00      0.111E+00      0.578E+09     -0.990E+02     -0.990E+02
      0.630E-03      0.129E+00      0.111E+00      0.578E+09     -0.990E+02     -0.990E+02
      0.710E-03      0.129E+00      0.111E+00      0.578E+09     -0.990E+02     -0.990E+02
      0.790E-03      0.129E+00      0.111E+00      0.578E+09     -0.990E+02     -0.990E+02
      0.890E-03      0.129E+00      0.111E+00      0.578E+09     -0.990E+02     -0.990E+02
      0.100E-02      0.129E+00      0.111E+00      0.578E+09     -0.990E+02     -0.990E+02
      0.105E-02      0.129E+00      0.111E+00      0.578E+09     -0.990E+02     -0.990E+02
      0.110E-02      0.129E+00      0.111E+00      0.578E+09     -0.990E+02     -0.990E+02
      0.115E-02      0.129E+00      0.111E+00      0.578E+09     -0.990E+02     -0.990E+02
      0.120E-02      0.129E+00      0.111E+00      0.578E+09     -0.990E+02     -0.990E+02
      0.126E-02      0.129E+00      0.111E+00      0.578E+09     -0.990E+02     -0.990E+02
      0.132E-02      0.129E+00      0.111E+00      0.578E+09     -0.990E+02     -0.990E+02
      0.138E-02      0.129E+00      0.111E+00      0.578E+09     -0.990E+02     -0.990E+02
      0.145E-02      0.129E+00      0.111E+00      0.578E+09     -0.990E+02     -0.990E+02
      0.151E-02      0.129E+00      0.111E+00      0.578E+09     -0.990E+02     -0.990E+02
      0.158E-02      0.129E+00      0.111E+00      0.578E+09     -0.990E+02     -0.990E+02
      0.166E-02      0.129E+00      0.111E+00      0.578E+09     -0.990E+02     -0.990E+02
      0.174E-02      0.129E+00      0.111E+00      0.578E+09     -0.990E+02     -0.990E+02
      0.182E-02      0.129E+00      0.111E+00      0.578E+09     -0.990E+02     -0.990E+02
      0.191E-02      0.129E+00      0.111E+00      0.578E+09     -0.990E+02     -0.990E+02
      0.200E-02      0.129E+00      0.111E+00      0.578E+09     -0.990E+02     -0.990E+02
      0.209E-02      0.129E+00      0.111E+00      0.578E+09     -0.990E+02     -0.990E+02
      0.219E-02      0.129E+00      0.111E+00      0.578E+09     -0.990E+02     -0.990E+02
      0.229E-02      0.129E+00      0.111E+00      0.578E+09     -0.990E+02     -0.990E+02
      0.240E-02      0.129E+00      0.111E+00      0.578E+09     -0.990E+02     -0.990E+02
      0.251E-02      0.129E+00      0.111E+00      0.578E+09     -0.990E+02     -0.990E+02
      0.263E-02      0.129E+00      0.111E+00      0.578E+09     -0.990E+02     -0.990E+02
      0.275E-02      0.129E+00      0.111E+00      0.578E+09     -0.990E+02     -0.990E+02
      0.288E-02      0.129E+00      0.111E+00      0.578E+09     -0.990E+02     -0.990E+02
      0.302E-02      0.129E+00      0.111E+00      0.578E+09     -0.990E+02     -0.990E+02
      0.316E-02      0.129E+00      0.111E+00      0.578E+09     -0.990E+02     -0.990E+02
      0.331E-02      0.129E+00      0.111E+00      0.578E+09     -0.990E+02     -0.990E+02
      0.347E-02      0.129E+00      0.111E+00      0.578E+09     -0.990E+02     -0.990E+02
      0.363E-02      0.129E+00      0.111E+00      0.578E+09     -0.990E+02     -0.990E+02
      0.380E-02      0.129E+00      0.111E+00      0.578E+09     -0.990E+02     -0.990E+02
      0.398E-02      0.129E+00      0.111E+00      0.578E+09     -0.990E+02     -0.990E+02
      0.417E-02      0.129E+00      0.111E+00      0.578E+09     -0.990E+02     -0.990E+02
      0.437E-02      0.129E+00      0.111E+00      0.578E+09     -0.990E+02     -0.990E+02
      0.457E-02      0.129E+00      0.111E+00      0.578E+09     -0.990E+02     -0.990E+02
      0.479E-02      0.129E+00      0.111E+00      0.578E+09     -0.990E+02     -0.990E+02
      0.501E-02      0.129E+00      0.111E+00      0.578E+09     -0.990E+02     -0.990E+02
      0.525E-02      0.129E+00      0.111E+00      0.578E+09     -0.990E+02     -0.990E+02
      0.550E-02      0.129E+00      0.111E+00      0.578E+09     -0.990E+02     -0.990E+02
      0.575E-02      0.129E+00      0.111E+00      0.578E+09     -0.990E+02     -0.990E+02
      0.603E-02      0.129E+00      0.111E+00      0.578E+09     -0.990E+02     -0.990E+02
      0.631E-02      0.129E+00      0.111E+00      0.578E+09     -0.990E+02     -0.990E+02
      0.661E-02      0.129E+00      0.111E+00      0.578E+09     -0.990E+02     -0.990E+02
      0.692E-02      0.129E+00      0.111E+00      0.578E+09     -0.990E+02     -0.990E+02
      0.724E-02      0.129E+00      0.111E+00      0.578E+09     -0.990E+02     -0.990E+02
      0.759E-02      0.129E+00      0.111E+00      0.578E+09     -0.990E+02     -0.990E+02
      0.794E-02      0.129E+00      0.111E+00      0.578E+09     -0.990E+02     -0.990E+02
      0.832E-02      0.129E+00      0.111E+00      0.578E+09     -0.990E+02     -0.990E+02
      0.871E-02      0.129E+00      0.111E+00      0.578E+09     -0.990E+02     -0.990E+02
      0.912E-02      0.129E+00      0.111E+00      0.578E+09     -0.990E+02     -0.990E+02
      0.955E-02      0.129E+00      0.111E+00      0.578E+09     -0.990E+02     -0.990E+02
      0.100E-01      0.129E+00      0.111E+00      0.578E+09     -0.471E+00      0.518E+00
      0.105E-01      0.674E+00      0.420E+00      0.576E+09     -0.470E+00      0.517E+00
      0.110E-01      0.671E+00      0.418E+00      0.576E+09     -0.470E+00      0.517E+00
      0.115E-01      0.668E+00      0.416E+00      0.576E+09     -0.470E+00      0.516E+00
      0.120E-01      0.668E+00      0.415E+00      0.575E+09     -0.470E+00      0.516E+00
      0.126E-01      0.668E+00      0.415E+00      0.575E+09     -0.470E+00      0.515E+00
      0.132E-01      0.671E+00      0.417E+00      0.575E+09     -0.470E+00      0.514E+00
      0.138E-01      0.669E+00      0.415E+00      0.574E+09     -0.469E+00      0.514E+00
      0.144E-01      0.663E+00      0.412E+00      0.574E+09     -0.469E+00      0.513E+00
      0.151E-01      0.664E+00      0.412E+00      0.574E+09     -0.469E+00      0.512E+00
      0.159E-01      0.666E+00      0.412E+00      0.573E+09     -0.469E+00      0.511E+00
      0.166E-01      0.665E+00      0.412E+00      0.573E+09     -0.468E+00      0.511E+00
      0.174E-01      0.664E+00      0.411E+00      0.572E+09     -0.468E+00      0.510E+00
      0.182E-01      0.666E+00      0.412E+00      0.572E+09     -0.468E+00      0.509E+00
      0.191E-01      0.665E+00      0.411E+00      0.571E+09     -0.467E+00      0.508E+00
      0.200E-01      0.660E+00      0.408E+00      0.571E+09     -0.467E+00      0.508E+00
      0.209E-01      0.659E+00      0.406E+00      0.570E+09     -0.467E+00      0.507E+00
      0.219E-01      0.658E+00      0.406E+00      0.570E+09     -0.467E+00      0.506E+00
      0.229E-01      0.658E+00      0.406E+00      0.569E+09     -0.466E+00      0.505E+00
      0.240E-01      0.657E+00      0.405E+00      0.569E+09     -0.466E+00      0.504E+00
      0.251E-01      0.657E+00      0.404E+00      0.568E+09     -0.465E+00      0.503E+00
      0.263E-01      0.656E+00      0.403E+00      0.567E+09     -0.465E+00      0.502E+00
      0.275E-01      0.653E+00      0.401E+00      0.567E+09     -0.465E+00      0.501E+00
      0.290E-01      0.652E+00      0.400E+00      0.566E+09     -0.464E+00      0.500E+00
      0.300E-01      0.651E+00      0.399E+00      0.565E+09     -0.464E+00      0.499E+00
      0.310E-01      0.650E+00      0.398E+00      0.565E+09     -0.463E+00      0.498E+00
      0.320E-01      0.649E+00      0.397E+00      0.564E+09     -0.463E+00      0.497E+00
      0.330E-01      0.648E+00      0.396E+00      0.564E+09     -0.463E+00      0.495E+00
      0.340E-01      0.647E+00      0.395E+00      0.563E+09     -0.462E+00      0.494E+00
      0.350E-01      0.646E+00      0.395E+00      0.563E+09     -0.462E+00      0.493E+00
      0.360E-01      0.645E+00      0.394E+00      0.562E+09     -0.461E+00      0.492E+00
      0.370E-01      0.644E+00      0.393E+00      0.562E+09     -0.461E+00      0.491E+00
      0.380E-01      0.643E+00      0.392E+00      0.561E+09     -0.460E+00      0.489E+00
      0.390E-01      0.642E+00      0.391E+00      0.561E+09     -0.460E+00      0.488E+00
      0.400E-01      0.640E+00      0.390E+00      0.560E+09     -0.460E+00      0.487E+00
      0.425E-01      0.638E+00      0.388E+00      0.559E+09     -0.459E+00      0.485E+00
      0.450E-01      0.635E+00      0.386E+00      0.558E+09     -0.458E+00      0.482E+00
      0.475E-01      0.633E+00      0.384E+00      0.557E+09     -0.457E+00      0.480E+00
      0.500E-01      0.630E+00      0.382E+00      0.555E+09     -0.456E+00      0.478E+00
      0.525E-01      0.627E+00      0.381E+00      0.554E+09     -0.455E+00      0.476E+00
      0.550E-01      0.624E+00      0.379E+00      0.553E+09     -0.454E+00      0.474E+00
      0.571E-01      0.623E+00      0.377E+00      0.552E+09     -0.453E+00      0.472E+00
      0.640E-01      0.615E+00      0.373E+00      0.550E+09     -0.451E+00      0.467E+00
      0.719E-01      0.607E+00      0.368E+00      0.546E+09     -0.448E+00      0.464E+00
      0.806E-01      0.597E+00      0.363E+00      0.542E+09     -0.444E+00      0.462E+00
      0.905E-01      0.589E+00      0.359E+00      0.538E+09     -0.443E+00      0.461E+00
      0.102E+00      0.579E+00      0.355E+00      0.533E+09     -0.443E+00      0.462E+00
      0.114E+00      0.565E+00      0.348E+00      0.528E+09     -0.443E+00      0.466E+00
      0.128E+00      0.547E+00      0.341E+00      0.522E+09     -0.444E+00      0.473E+00
      0.143E+00      0.531E+00      0.334E+00      0.516E+09     -0.447E+00      0.482E+00
      0.161E+00      0.517E+00      0.326E+00      0.510E+09     -0.454E+00      0.490E+00
      0.181E+00      0.499E+00      0.317E+00      0.502E+09     -0.462E+00      0.500E+00
      0.203E+00      0.477E+00      0.304E+00      0.495E+09     -0.469E+00      0.511E+00
      0.227E+00      0.454E+00      0.293E+00      0.487E+09     -0.473E+00      0.520E+00
      0.255E+00      0.432E+00      0.282E+00      0.478E+09     -0.475E+00      0.531E+00
      0.286E+00      0.408E+00      0.271E+00      0.469E+09     -0.476E+00      0.540E+00
      0.321E+00      0.380E+00      0.260E+00      0.460E+09     -0.475E+00      0.544E+00
      0.360E+00      0.352E+00      0.249E+00      0.450E+09     -0.471E+00      0.547E+00
      0.404E+00      0.328E+00      0.233E+00      0.439E+09     -0.463E+00      0.536E+00
      0.453E+00      0.314E+00      0.218E+00      0.429E+09     -0.451E+00      0.510E+00
      0.509E+00      0.307E+00      0.206E+00      0.417E+09     -0.439E+00      0.482E+00
      0.571E+00      0.300E+00      0.198E+00      0.405E+09     -0.428E+00      0.455E+00
      0.641E+00      0.293E+00      0.194E+00      0.392E+09     -0.417E+00      0.430E+00
      0.719E+00      0.277E+00      0.182E+00      0.377E+09     -0.410E+00      0.414E+00
      0.806E+00      0.259E+00      0.167E+00      0.362E+09     -0.414E+00      0.421E+00
      0.905E+00      0.248E+00      0.159E+00      0.346E+09     -0.430E+00      0.440E+00
      0.102E+01      0.257E+00      0.165E+00      0.329E+09     -0.462E+00      0.475E+00
      0.114E+01      0.270E+00      0.180E+00      0.309E+09     -0.497E+00      0.525E+00
      0.128E+01      0.276E+00      0.173E+00      0.286E+09     -0.549E+00      0.540E+00
      0.143E+01      0.262E+00      0.178E+00      0.260E+09     -0.570E+00      0.638E+00
      0.161E+01      0.235E+00      0.160E+00      0.233E+09     -0.562E+00      0.640E+00
      0.168E+01      0.224E+00      0.149E+00      0.215E+09     -0.566E+00      0.629E+00
      0.170E+01      0.221E+00      0.146E+00      0.208E+09     -0.567E+00      0.621E+00
      0.180E+01      0.212E+00      0.136E+00      0.200E+09     -0.567E+00      0.587E+00
      0.190E+01      0.211E+00      0.133E+00      0.187E+09     -0.575E+00      0.573E+00
      0.200E+01      0.220E+00      0.139E+00      0.174E+09     -0.587E+00      0.578E+00
      0.210E+01      0.231E+00      0.149E+00      0.161E+09     -0.588E+00      0.591E+00
      0.220E+01      0.246E+00      0.151E+00      0.146E+09     -0.560E+00      0.535E+00
      0.230E+01      0.257E+00      0.159E+00      0.132E+09     -0.547E+00      0.520E+00
      0.240E+01      0.256E+00      0.159E+00      0.116E+09     -0.557E+00      0.527E+00
      0.250E+01      0.235E+00      0.140E+00      0.100E+09     -0.591E+00      0.545E+00
      0.260E+01      0.205E+00      0.129E+00      0.863E+08     -0.647E+00      0.633E+00
      0.275E+01      0.161E+00      0.109E+00      0.710E+08     -0.690E+00      0.721E+00
      0.300E+01      0.120E+00      0.883E-01      0.518E+08     -0.726E+00      0.797E+00
      0.325E+01      0.948E-01      0.759E-01      0.340E+08     -0.801E+00      0.899E+00
      0.350E+01      0.698E-01      0.653E-01      0.201E+08     -0.104E+01      0.139E+01
      0.375E+01      0.377E-01      0.399E-01      0.985E+07     -0.115E+01      0.177E+01
      0.400E+01      0.156E-01      0.274E-01      0.437E+07     -0.111E+01      0.276E+01
      0.425E+01      0.770E-02      0.233E-01      0.212E+07     -0.980E+00      0.426E+01
      0.450E+01      0.326E-02      0.166E-01      0.101E+07     -0.101E+01      0.696E+01
      0.475E+01      0.246E-02      0.129E-01      0.542E+06     -0.118E+01      0.815E+01
      0.500E+01      0.122E-02      0.725E-02      0.190E+06     -0.162E+01      0.127E+02
      0.525E+01      0.114E-03      0.131E-02      0.161E+05     -0.140E+01      0.216E+02
      0.550E+01      0.775E-07      0.148E-05      0.109E+02     -0.423E+01      0.114E+03
      0.575E+01      0.000E+00      0.000E+00      0.000E+00     -0.990E+02     -0.990E+02
      0.600E+01      0.000E+00      0.000E+00      0.000E+00     -0.990E+02     -0.990E+02
      0.625E+01      0.000E+00      0.000E+00      0.000E+00     -0.990E+02     -0.990E+02
      0.650E+01      0.000E+00      0.000E+00      0.000E+00     -0.990E+02     -0.990E+02
      0.675E+01      0.000E+00      0.000E+00      0.000E+00     -0.990E+02     -0.990E+02
      0.700E+01      0.000E+00      0.000E+00      0.000E+00     -0.990E+02     -0.990E+02
      0.725E+01      0.000E+00      0.000E+00      0.000E+00     -0.990E+02     -0.990E+02
      0.750E+01      0.000E+00      0.000E+00      0.000E+00     -0.990E+02     -0.990E+02
      0.775E+01      0.000E+00      0.000E+00      0.000E+00     -0.990E+02     -0.990E+02
      0.800E+01      0.000E+00      0.000E+00      0.000E+00     -0.990E+02     -0.990E+02
      0.825E+01      0.000E+00      0.000E+00      0.000E+00     -0.990E+02     -0.990E+02
      0.850E+01      0.000E+00      0.000E+00      0.000E+00     -0.990E+02     -0.990E+02
      0.875E+01      0.000E+00      0.000E+00      0.000E+00     -0.990E+02     -0.990E+02
      0.900E+01      0.000E+00      0.000E+00      0.000E+00     -0.990E+02     -0.990E+02
      0.925E+01      0.000E+00      0.000E+00      0.000E+00     -0.990E+02     -0.990E+02
      0.950E+01      0.000E+00      0.000E+00      0.000E+00     -0.990E+02     -0.990E+02
      0.975E+01      0.000E+00      0.000E+00      0.000E+00     -0.990E+02     -0.990E+02
      0.100E+02      0.000E+00      0.000E+00      0.000E+00     -0.990E+02     -0.990E+02
      0.102E+02      0.000E+00      0.000E+00      0.000E+00     -0.990E+02     -0.990E+02
      0.105E+02      0.000E+00      0.000E+00      0.000E+00     -0.990E+02     -0.990E+02
      0.108E+02      0.000E+00      0.000E+00      0.000E+00     -0.990E+02     -0.990E+02
      0.110E+02      0.000E+00      0.000E+00      0.000E+00     -0.990E+02     -0.990E+02
      0.112E+02      0.000E+00      0.000E+00      0.000E+00     -0.990E+02     -0.990E+02
      0.115E+02      0.000E+00      0.000E+00      0.000E+00     -0.990E+02     -0.990E+02
      0.118E+02      0.000E+00      0.000E+00      0.000E+00     -0.990E+02     -0.990E+02
      0.120E+02      0.000E+00      0.000E+00      0.000E+00     -0.990E+02     -0.990E+02
      0.122E+02      0.000E+00      0.000E+00      0.000E+00     -0.990E+02     -0.990E+02
      0.125E+02      0.000E+00      0.000E+00      0.000E+00     -0.990E+02     -0.990E+02
      0.128E+02      0.000E+00      0.000E+00      0.000E+00     -0.990E+02     -0.990E+02
      0.130E+02      0.000E+00      0.000E+00      0.000E+00     -0.990E+02     -0.990E+02
      0.132E+02      0.000E+00      0.000E+00      0.000E+00     -0.990E+02     -0.990E+02
      0.135E+02      0.000E+00      0.000E+00      0.000E+00     -0.990E+02     -0.990E+02
      0.138E+02      0.000E+00      0.000E+00      0.000E+00     -0.990E+02     -0.990E+02
      0.140E+02      0.000E+00      0.000E+00      0.000E+00     -0.990E+02     -0.990E+02
      0.142E+02      0.000E+00      0.000E+00      0.000E+00     -0.990E+02     -0.990E+02
      0.145E+02      0.000E+00      0.000E+00      0.000E+00     -0.990E+02     -0.990E+02
      0.148E+02      0.000E+00      0.000E+00      0.000E+00     -0.990E+02     -0.990E+02
      0.150E+02      0.000E+00      0.000E+00      0.000E+00     -0.990E+02     -0.990E+02
      0.152E+02      0.000E+00      0.000E+00      0.000E+00     -0.990E+02     -0.990E+02
      0.155E+02      0.000E+00      0.000E+00      0.000E+00     -0.990E+02     -0.990E+02
      0.158E+02      0.000E+00      0.000E+00      0.000E+00     -0.990E+02     -0.990E+02
      0.160E+02      0.000E+00      0.000E+00      0.000E+00     -0.990E+02     -0.990E+02
      0.162E+02      0.000E+00      0.000E+00      0.000E+00     -0.990E+02     -0.990E+02
      0.165E+02      0.000E+00      0.000E+00      0.000E+00     -0.990E+02     -0.990E+02
      0.168E+02      0.000E+00      0.000E+00      0.000E+00     -0.990E+02     -0.990E+02
      0.170E+02      0.000E+00      0.000E+00      0.000E+00     -0.990E+02     -0.990E+02
      0.172E+02      0.000E+00      0.000E+00      0.000E+00     -0.990E+02     -0.990E+02
      0.175E+02      0.000E+00      0.000E+00      0.000E+00     -0.990E+02     -0.990E+02
      0.178E+02      0.000E+00      0.000E+00      0.000E+00     -0.990E+02     -0.990E+02
      0.180E+02      0.000E+00      0.000E+00      0.000E+00     -0.990E+02     -0.990E+02
      0.182E+02      0.000E+00      0.000E+00      0.000E+00     -0.990E+02     -0.990E+02
      0.185E+02      0.000E+00      0.000E+00      0.000E+00     -0.990E+02     -0.990E+02
      0.188E+02      0.000E+00      0.000E+00      0.000E+00     -0.990E+02     -0.990E+02
      0.190E+02      0.000E+00      0.000E+00      0.000E+00     -0.990E+02     -0.990E+02
      0.192E+02      0.000E+00      0.000E+00      0.000E+00     -0.990E+02     -0.990E+02
      0.195E+02      0.000E+00      0.000E+00      0.000E+00     -0.990E+02     -0.990E+02
      0.198E+02      0.000E+00      0.000E+00      0.000E+00     -0.990E+02     -0.990E+02
      0.200E+02      0.000E+00      0.000E+00      0.000E+00     -0.990E+02     -0.990E+02
