      0.000E+00      0.117E+01      0.185E+00      0.738E+09     -0.990E+02     -0.990E+02
      0.100E-03      0.117E+01      0.185E+00      0.738E+09     -0.990E+02     -0.990E+02
      0.140E-03      0.117E+01      0.185E+00      0.738E+09     -0.990E+02     -0.990E+02
      0.160E-03      0.117E+01      0.185E+00      0.738E+09     -0.990E+02     -0.990E+02
      0.180E-03      0.117E+01      0.185E+00      0.738E+09     -0.990E+02     -0.990E+02
      0.200E-03      0.117E+01      0.185E+00      0.738E+09     -0.990E+02     -0.990E+02
      0.220E-03      0.117E+01      0.185E+00      0.738E+09     -0.990E+02     -0.990E+02
      0.250E-03      0.117E+01      0.185E+00      0.738E+09     -0.990E+02     -0.990E+02
      0.280E-03      0.117E+01      0.185E+00      0.738E+09     -0.990E+02     -0.990E+02
      0.320E-03      0.117E+01      0.185E+00      0.738E+09     -0.990E+02     -0.990E+02
      0.350E-03      0.117E+01      0.185E+00      0.738E+09     -0.990E+02     -0.990E+02
      0.400E-03      0.117E+01      0.185E+00      0.738E+09     -0.990E+02     -0.990E+02
      0.450E-03      0.117E+01      0.185E+00      0.738E+09     -0.990E+02     -0.990E+02
      0.500E-03      0.117E+01      0.185E+00      0.738E+09     -0.990E+02     -0.990E+02
      0.560E-03      0.117E+01      0.185E+00      0.738E+09     -0.990E+02     -0.990E+02
      0.630E-03      0.117E+01      0.185E+00      0.738E+09     -0.990E+02     -0.990E+02
      0.710E-03      0.117E+01      0.185E+00      0.738E+09     -0.990E+02     -0.990E+02
      0.790E-03      0.117E+01      0.185E+00      0.738E+09     -0.990E+02     -0.990E+02
      0.890E-03      0.117E+01      0.185E+00      0.738E+09     -0.990E+02     -0.990E+02
      0.100E-02      0.117E+01      0.185E+00      0.738E+09     -0.990E+02     -0.990E+02
      0.105E-02      0.117E+01      0.185E+00      0.738E+09     -0.990E+02     -0.990E+02
      0.110E-02      0.117E+01      0.185E+00      0.738E+09     -0.990E+02     -0.990E+02
      0.115E-02      0.117E+01      0.185E+00      0.738E+09     -0.990E+02     -0.990E+02
      0.120E-02      0.117E+01      0.185E+00      0.738E+09     -0.990E+02     -0.990E+02
      0.126E-02      0.117E+01      0.185E+00      0.738E+09     -0.990E+02     -0.990E+02
      0.132E-02      0.117E+01      0.185E+00      0.738E+09     -0.990E+02     -0.990E+02
      0.138E-02      0.117E+01      0.185E+00      0.738E+09     -0.990E+02     -0.990E+02
      0.145E-02      0.117E+01      0.185E+00      0.738E+09     -0.990E+02     -0.990E+02
      0.151E-02      0.117E+01      0.185E+00      0.738E+09     -0.990E+02     -0.990E+02
      0.158E-02      0.117E+01      0.185E+00      0.738E+09     -0.990E+02     -0.990E+02
      0.166E-02      0.117E+01      0.185E+00      0.738E+09     -0.990E+02     -0.990E+02
      0.174E-02      0.117E+01      0.185E+00      0.738E+09     -0.990E+02     -0.990E+02
      0.182E-02      0.117E+01      0.185E+00      0.738E+09     -0.990E+02     -0.990E+02
      0.191E-02      0.117E+01      0.185E+00      0.738E+09     -0.990E+02     -0.990E+02
      0.200E-02      0.117E+01      0.185E+00      0.738E+09     -0.990E+02     -0.990E+02
      0.209E-02      0.117E+01      0.185E+00      0.738E+09     -0.990E+02     -0.990E+02
      0.219E-02      0.117E+01      0.185E+00      0.738E+09     -0.990E+02     -0.990E+02
      0.229E-02      0.117E+01      0.185E+00      0.738E+09     -0.990E+02     -0.990E+02
      0.240E-02      0.117E+01      0.185E+00      0.738E+09     -0.990E+02     -0.990E+02
      0.251E-02      0.117E+01      0.185E+00      0.738E+09     -0.990E+02     -0.990E+02
      0.263E-02      0.117E+01      0.185E+00      0.738E+09     -0.990E+02     -0.990E+02
      0.275E-02      0.117E+01      0.185E+00      0.738E+09     -0.990E+02     -0.990E+02
      0.288E-02      0.117E+01      0.185E+00      0.738E+09     -0.990E+02     -0.990E+02
      0.302E-02      0.117E+01      0.185E+00      0.738E+09     -0.990E+02     -0.990E+02
      0.316E-02      0.117E+01      0.185E+00      0.738E+09     -0.990E+02     -0.990E+02
      0.331E-02      0.117E+01      0.185E+00      0.738E+09     -0.990E+02     -0.990E+02
      0.347E-02      0.117E+01      0.185E+00      0.738E+09     -0.990E+02     -0.990E+02
      0.363E-02      0.117E+01      0.185E+00      0.738E+09     -0.990E+02     -0.990E+02
      0.380E-02      0.117E+01      0.185E+00      0.738E+09     -0.990E+02     -0.990E+02
      0.398E-02      0.117E+01      0.185E+00      0.738E+09     -0.990E+02     -0.990E+02
      0.417E-02      0.117E+01      0.185E+00      0.738E+09     -0.990E+02     -0.990E+02
      0.437E-02      0.117E+01      0.185E+00      0.738E+09     -0.990E+02     -0.990E+02
      0.457E-02      0.117E+01      0.185E+00      0.738E+09     -0.990E+02     -0.990E+02
      0.479E-02      0.117E+01      0.185E+00      0.738E+09     -0.990E+02     -0.990E+02
      0.501E-02      0.117E+01      0.185E+00      0.738E+09     -0.990E+02     -0.990E+02
      0.525E-02      0.117E+01      0.185E+00      0.738E+09     -0.990E+02     -0.990E+02
      0.550E-02      0.117E+01      0.185E+00      0.738E+09     -0.990E+02     -0.990E+02
      0.575E-02      0.117E+01      0.185E+00      0.738E+09     -0.990E+02     -0.990E+02
      0.603E-02      0.117E+01      0.185E+00      0.738E+09     -0.990E+02     -0.990E+02
      0.631E-02      0.117E+01      0.185E+00      0.738E+09     -0.990E+02     -0.990E+02
      0.661E-02      0.117E+01      0.185E+00      0.738E+09     -0.990E+02     -0.990E+02
      0.692E-02      0.117E+01      0.185E+00      0.738E+09     -0.990E+02     -0.990E+02
      0.724E-02      0.117E+01      0.185E+00      0.738E+09     -0.990E+02     -0.990E+02
      0.759E-02      0.117E+01      0.185E+00      0.738E+09     -0.990E+02     -0.990E+02
      0.794E-02      0.117E+01      0.185E+00      0.738E+09     -0.990E+02     -0.990E+02
      0.832E-02      0.117E+01      0.185E+00      0.738E+09     -0.990E+02     -0.990E+02
      0.871E-02      0.117E+01      0.185E+00      0.738E+09     -0.990E+02     -0.990E+02
      0.912E-02      0.117E+01      0.185E+00      0.738E+09     -0.990E+02     -0.990E+02
      0.955E-02      0.117E+01      0.185E+00      0.738E+09     -0.990E+02     -0.990E+02
      0.100E-01      0.117E+01      0.185E+00      0.738E+09     -0.227E+00      0.408E+00
      0.105E-01      0.772E+00      0.518E+00      0.726E+09     -0.227E+00      0.408E+00
      0.110E-01      0.769E+00      0.516E+00      0.726E+09     -0.227E+00      0.408E+00
      0.115E-01      0.767E+00      0.514E+00      0.726E+09     -0.227E+00      0.407E+00
      0.120E-01      0.766E+00      0.514E+00      0.725E+09     -0.227E+00      0.407E+00
      0.126E-01      0.767E+00      0.514E+00      0.725E+09     -0.227E+00      0.407E+00
      0.132E-01      0.771E+00      0.517E+00      0.724E+09     -0.227E+00      0.407E+00
      0.138E-01      0.769E+00      0.515E+00      0.724E+09     -0.227E+00      0.406E+00
      0.144E-01      0.764E+00      0.512E+00      0.724E+09     -0.227E+00      0.406E+00
      0.151E-01      0.765E+00      0.512E+00      0.723E+09     -0.227E+00      0.406E+00
      0.159E-01      0.767E+00      0.514E+00      0.723E+09     -0.227E+00      0.406E+00
      0.166E-01      0.766E+00      0.513E+00      0.722E+09     -0.227E+00      0.405E+00
      0.174E-01      0.768E+00      0.513E+00      0.722E+09     -0.227E+00      0.405E+00
      0.182E-01      0.770E+00      0.515E+00      0.721E+09     -0.227E+00      0.404E+00
      0.191E-01      0.769E+00      0.514E+00      0.721E+09     -0.227E+00      0.404E+00
      0.200E-01      0.766E+00      0.511E+00      0.720E+09     -0.227E+00      0.404E+00
      0.209E-01      0.764E+00      0.510E+00      0.719E+09     -0.228E+00      0.404E+00
      0.219E-01      0.764E+00      0.509E+00      0.719E+09     -0.228E+00      0.403E+00
      0.229E-01      0.766E+00      0.510E+00      0.718E+09     -0.228E+00      0.403E+00
      0.240E-01      0.766E+00      0.509E+00      0.717E+09     -0.227E+00      0.402E+00
      0.251E-01      0.767E+00      0.510E+00      0.717E+09     -0.228E+00      0.402E+00
      0.263E-01      0.766E+00      0.510E+00      0.716E+09     -0.228E+00      0.402E+00
      0.275E-01      0.764E+00      0.507E+00      0.715E+09     -0.228E+00      0.401E+00
      0.290E-01      0.764E+00      0.507E+00      0.714E+09     -0.228E+00      0.400E+00
      0.300E-01      0.764E+00      0.507E+00      0.714E+09     -0.228E+00      0.400E+00
      0.310E-01      0.764E+00      0.507E+00      0.713E+09     -0.228E+00      0.399E+00
      0.320E-01      0.764E+00      0.507E+00      0.712E+09     -0.228E+00      0.399E+00
      0.330E-01      0.764E+00      0.506E+00      0.712E+09     -0.228E+00      0.399E+00
      0.340E-01      0.763E+00      0.505E+00      0.711E+09     -0.228E+00      0.399E+00
      0.350E-01      0.763E+00      0.505E+00      0.710E+09     -0.228E+00      0.398E+00
      0.360E-01      0.763E+00      0.504E+00      0.710E+09     -0.228E+00      0.398E+00
      0.370E-01      0.762E+00      0.504E+00      0.709E+09     -0.229E+00      0.398E+00
      0.380E-01      0.763E+00      0.504E+00      0.709E+09     -0.229E+00      0.397E+00
      0.390E-01      0.763E+00      0.504E+00      0.708E+09     -0.229E+00      0.397E+00
      0.400E-01      0.762E+00      0.503E+00      0.707E+09     -0.229E+00      0.396E+00
      0.425E-01      0.761E+00      0.502E+00      0.706E+09     -0.229E+00      0.395E+00
      0.450E-01      0.762E+00      0.502E+00      0.705E+09     -0.229E+00      0.394E+00
      0.475E-01      0.761E+00      0.500E+00      0.703E+09     -0.229E+00      0.393E+00
      0.500E-01      0.760E+00      0.499E+00      0.702E+09     -0.229E+00      0.392E+00
      0.525E-01      0.760E+00      0.499E+00      0.700E+09     -0.230E+00      0.392E+00
      0.550E-01      0.759E+00      0.498E+00      0.699E+09     -0.230E+00      0.391E+00
      0.571E-01      0.759E+00      0.497E+00      0.697E+09     -0.230E+00      0.390E+00
      0.640E-01      0.751E+00      0.492E+00      0.695E+09     -0.230E+00      0.390E+00
      0.719E-01      0.743E+00      0.487E+00      0.690E+09     -0.231E+00      0.390E+00
      0.806E-01      0.734E+00      0.482E+00      0.685E+09     -0.231E+00      0.390E+00
      0.905E-01      0.723E+00      0.475E+00      0.680E+09     -0.232E+00      0.390E+00
      0.102E+00      0.711E+00      0.468E+00      0.674E+09     -0.232E+00      0.391E+00
      0.114E+00      0.697E+00      0.461E+00      0.668E+09     -0.233E+00      0.392E+00
      0.128E+00      0.681E+00      0.452E+00      0.661E+09     -0.234E+00      0.393E+00
      0.143E+00      0.664E+00      0.444E+00      0.653E+09     -0.235E+00      0.396E+00
      0.161E+00      0.645E+00      0.435E+00      0.645E+09     -0.237E+00      0.399E+00
      0.181E+00      0.624E+00      0.426E+00      0.636E+09     -0.238E+00      0.404E+00
      0.203E+00      0.599E+00      0.416E+00      0.627E+09     -0.240E+00      0.411E+00
      0.227E+00      0.572E+00      0.407E+00      0.617E+09     -0.242E+00      0.421E+00
      0.255E+00      0.541E+00      0.397E+00      0.606E+09     -0.245E+00      0.435E+00
      0.286E+00      0.509E+00      0.389E+00      0.594E+09     -0.250E+00      0.452E+00
      0.321E+00      0.503E+00      0.379E+00      0.582E+09     -0.242E+00      0.442E+00
      0.360E+00      0.542E+00      0.362E+00      0.569E+09     -0.211E+00      0.388E+00
      0.404E+00      0.581E+00      0.352E+00      0.553E+09     -0.181E+00      0.346E+00
      0.453E+00      0.625E+00      0.355E+00      0.534E+09     -0.153E+00      0.313E+00
      0.509E+00      0.674E+00      0.374E+00      0.512E+09     -0.125E+00      0.287E+00
      0.571E+00      0.730E+00      0.391E+00      0.485E+09     -0.127E+00      0.256E+00
      0.641E+00      0.744E+00      0.375E+00      0.452E+09     -0.153E+00      0.266E+00
      0.719E+00      0.766E+00      0.381E+00      0.415E+09     -0.181E+00      0.305E+00
      0.806E+00      0.763E+00      0.375E+00      0.372E+09     -0.180E+00      0.289E+00
      0.905E+00      0.723E+00      0.307E+00      0.325E+09     -0.194E+00      0.210E+00
      0.102E+01      0.688E+00      0.309E+00      0.275E+09     -0.221E+00      0.208E+00
      0.114E+01      0.614E+00      0.273E+00      0.222E+09     -0.234E+00      0.207E+00
      0.128E+01      0.464E+00      0.212E+00      0.169E+09     -0.208E+00      0.210E+00
      0.143E+01      0.361E+00      0.180E+00      0.125E+09     -0.152E+00      0.187E+00
      0.161E+01      0.304E+00      0.141E+00      0.867E+08     -0.102E+00      0.124E+00
      0.168E+01      0.311E+00      0.133E+00      0.630E+08     -0.147E+00      0.111E+00
      0.170E+01      0.313E+00      0.135E+00      0.540E+08     -0.159E+00      0.113E+00
      0.180E+01      0.323E+00      0.171E+00      0.422E+08     -0.217E+00      0.157E+00
      0.190E+01      0.215E+00      0.112E+00      0.219E+08     -0.230E+00      0.162E+00
      0.200E+01      0.976E-01      0.515E-01      0.848E+07     -0.266E+00      0.195E+00
      0.210E+01      0.254E-01      0.294E-01      0.242E+07     -0.407E+00      0.663E+00
      0.220E+01      0.131E-01      0.152E-01      0.861E+06     -0.410E+00      0.679E+00
      0.230E+01      0.917E-03      0.139E-02      0.567E+05     -0.479E+00      0.142E+01
      0.240E+01      0.108E-04      0.781E-04      0.906E+03     -0.188E+01      0.151E+02
      0.250E+01      0.403E-05      0.423E-04      0.246E+03     -0.187E+01      0.215E+02
      0.260E+01      0.138E-07      0.154E-04      0.146E+01     -0.767E+00      0.128E+04
      0.275E+01      0.365E-08      0.497E-05      0.433E+00     -0.101E+01      0.196E+04
      0.300E+01      0.287E-12      0.653E-07      0.424E-04     -0.970E+00      0.299E+06
      0.325E+01      0.125E-14      0.447E-09      0.183E-06     -0.342E+01      0.168E+07
      0.350E+01      0.000E+00      0.000E+00      0.000E+00     -0.990E+02     -0.990E+02
      0.375E+01      0.000E+00      0.000E+00      0.000E+00     -0.990E+02     -0.990E+02
      0.400E+01      0.000E+00      0.000E+00      0.000E+00     -0.990E+02     -0.990E+02
      0.425E+01      0.000E+00      0.000E+00      0.000E+00     -0.990E+02     -0.990E+02
      0.450E+01      0.000E+00      0.000E+00      0.000E+00     -0.990E+02     -0.990E+02
      0.475E+01      0.000E+00      0.000E+00      0.000E+00     -0.990E+02     -0.990E+02
      0.500E+01      0.000E+00      0.000E+00      0.000E+00     -0.990E+02     -0.990E+02
      0.525E+01      0.000E+00      0.000E+00      0.000E+00     -0.990E+02     -0.990E+02
      0.550E+01      0.000E+00      0.000E+00      0.000E+00     -0.990E+02     -0.990E+02
      0.575E+01      0.000E+00      0.000E+00      0.000E+00     -0.990E+02     -0.990E+02
      0.600E+01      0.000E+00      0.000E+00      0.000E+00     -0.990E+02     -0.990E+02
      0.625E+01      0.000E+00      0.000E+00      0.000E+00     -0.990E+02     -0.990E+02
      0.650E+01      0.000E+00      0.000E+00      0.000E+00     -0.990E+02     -0.990E+02
      0.675E+01      0.000E+00      0.000E+00      0.000E+00     -0.990E+02     -0.990E+02
      0.700E+01      0.000E+00      0.000E+00      0.000E+00     -0.990E+02     -0.990E+02
      0.725E+01      0.000E+00      0.000E+00      0.000E+00     -0.990E+02     -0.990E+02
      0.750E+01      0.000E+00      0.000E+00      0.000E+00     -0.990E+02     -0.990E+02
      0.775E+01      0.000E+00      0.000E+00      0.000E+00     -0.990E+02     -0.990E+02
      0.800E+01      0.000E+00      0.000E+00      0.000E+00     -0.990E+02     -0.990E+02
      0.825E+01      0.000E+00      0.000E+00      0.000E+00     -0.990E+02     -0.990E+02
      0.850E+01      0.000E+00      0.000E+00      0.000E+00     -0.990E+02     -0.990E+02
      0.875E+01      0.000E+00      0.000E+00      0.000E+00     -0.990E+02     -0.990E+02
      0.900E+01      0.000E+00      0.000E+00      0.000E+00     -0.990E+02     -0.990E+02
      0.925E+01      0.000E+00      0.000E+00      0.000E+00     -0.990E+02     -0.990E+02
      0.950E+01      0.000E+00      0.000E+00      0.000E+00     -0.990E+02     -0.990E+02
      0.975E+01      0.000E+00      0.000E+00      0.000E+00     -0.990E+02     -0.990E+02
      0.100E+02      0.000E+00      0.000E+00      0.000E+00     -0.990E+02     -0.990E+02
      0.102E+02      0.000E+00      0.000E+00      0.000E+00     -0.990E+02     -0.990E+02
      0.105E+02      0.000E+00      0.000E+00      0.000E+00     -0.990E+02     -0.990E+02
      0.108E+02      0.000E+00      0.000E+00      0.000E+00     -0.990E+02     -0.990E+02
      0.110E+02      0.000E+00      0.000E+00      0.000E+00     -0.990E+02     -0.990E+02
      0.112E+02      0.000E+00      0.000E+00      0.000E+00     -0.990E+02     -0.990E+02
      0.115E+02      0.000E+00      0.000E+00      0.000E+00     -0.990E+02     -0.990E+02
      0.118E+02      0.000E+00      0.000E+00      0.000E+00     -0.990E+02     -0.990E+02
      0.120E+02      0.000E+00      0.000E+00      0.000E+00     -0.990E+02     -0.990E+02
      0.122E+02      0.000E+00      0.000E+00      0.000E+00     -0.990E+02     -0.990E+02
      0.125E+02      0.000E+00      0.000E+00      0.000E+00     -0.990E+02     -0.990E+02
      0.128E+02      0.000E+00      0.000E+00      0.000E+00     -0.990E+02     -0.990E+02
      0.130E+02      0.000E+00      0.000E+00      0.000E+00     -0.990E+02     -0.990E+02
      0.132E+02      0.000E+00      0.000E+00      0.000E+00     -0.990E+02     -0.990E+02
      0.135E+02      0.000E+00      0.000E+00      0.000E+00     -0.990E+02     -0.990E+02
      0.138E+02      0.000E+00      0.000E+00      0.000E+00     -0.990E+02     -0.990E+02
      0.140E+02      0.000E+00      0.000E+00      0.000E+00     -0.990E+02     -0.990E+02
      0.142E+02      0.000E+00      0.000E+00      0.000E+00     -0.990E+02     -0.990E+02
      0.145E+02      0.000E+00      0.000E+00      0.000E+00     -0.990E+02     -0.990E+02
      0.148E+02      0.000E+00      0.000E+00      0.000E+00     -0.990E+02     -0.990E+02
      0.150E+02      0.000E+00      0.000E+00      0.000E+00     -0.990E+02     -0.990E+02
      0.152E+02      0.000E+00      0.000E+00      0.000E+00     -0.990E+02     -0.990E+02
      0.155E+02      0.000E+00      0.000E+00      0.000E+00     -0.990E+02     -0.990E+02
      0.158E+02      0.000E+00      0.000E+00      0.000E+00     -0.990E+02     -0.990E+02
      0.160E+02      0.000E+00      0.000E+00      0.000E+00     -0.990E+02     -0.990E+02
      0.162E+02      0.000E+00      0.000E+00      0.000E+00     -0.990E+02     -0.990E+02
      0.165E+02      0.000E+00      0.000E+00      0.000E+00     -0.990E+02     -0.990E+02
      0.168E+02      0.000E+00      0.000E+00      0.000E+00     -0.990E+02     -0.990E+02
      0.170E+02      0.000E+00      0.000E+00      0.000E+00     -0.990E+02     -0.990E+02
      0.172E+02      0.000E+00      0.000E+00      0.000E+00     -0.990E+02     -0.990E+02
      0.175E+02      0.000E+00      0.000E+00      0.000E+00     -0.990E+02     -0.990E+02
      0.178E+02      0.000E+00      0.000E+00      0.000E+00     -0.990E+02     -0.990E+02
      0.180E+02      0.000E+00      0.000E+00      0.000E+00     -0.990E+02     -0.990E+02
      0.182E+02      0.000E+00      0.000E+00      0.000E+00     -0.990E+02     -0.990E+02
      0.185E+02      0.000E+00      0.000E+00      0.000E+00     -0.990E+02     -0.990E+02
      0.188E+02      0.000E+00      0.000E+00      0.000E+00     -0.990E+02     -0.990E+02
      0.190E+02      0.000E+00      0.000E+00      0.000E+00     -0.990E+02     -0.990E+02
      0.192E+02      0.000E+00      0.000E+00      0.000E+00     -0.990E+02     -0.990E+02
      0.195E+02      0.000E+00      0.000E+00      0.000E+00     -0.990E+02     -0.990E+02
      0.198E+02      0.000E+00      0.000E+00      0.000E+00     -0.990E+02     -0.990E+02
      0.200E+02      0.000E+00      0.000E+00      0.000E+00     -0.990E+02     -0.990E+02
