      0.000E+00      0.199E-01      0.394E-01      0.100E+09     -0.990E+02     -0.990E+02
      0.100E-03      0.199E-01      0.394E-01      0.100E+09     -0.990E+02     -0.990E+02
      0.140E-03      0.199E-01      0.394E-01      0.100E+09     -0.990E+02     -0.990E+02
      0.160E-03      0.199E-01      0.394E-01      0.100E+09     -0.990E+02     -0.990E+02
      0.180E-03      0.199E-01      0.394E-01      0.100E+09     -0.990E+02     -0.990E+02
      0.200E-03      0.199E-01      0.394E-01      0.100E+09     -0.990E+02     -0.990E+02
      0.220E-03      0.199E-01      0.394E-01      0.100E+09     -0.990E+02     -0.990E+02
      0.250E-03      0.199E-01      0.394E-01      0.100E+09     -0.990E+02     -0.990E+02
      0.280E-03      0.199E-01      0.394E-01      0.100E+09     -0.990E+02     -0.990E+02
      0.320E-03      0.199E-01      0.394E-01      0.100E+09     -0.990E+02     -0.990E+02
      0.350E-03      0.199E-01      0.394E-01      0.100E+09     -0.990E+02     -0.990E+02
      0.400E-03      0.199E-01      0.394E-01      0.100E+09     -0.990E+02     -0.990E+02
      0.450E-03      0.199E-01      0.394E-01      0.100E+09     -0.990E+02     -0.990E+02
      0.500E-03      0.199E-01      0.394E-01      0.100E+09     -0.990E+02     -0.990E+02
      0.560E-03      0.199E-01      0.394E-01      0.100E+09     -0.990E+02     -0.990E+02
      0.630E-03      0.199E-01      0.394E-01      0.100E+09     -0.990E+02     -0.990E+02
      0.710E-03      0.199E-01      0.394E-01      0.100E+09     -0.990E+02     -0.990E+02
      0.790E-03      0.199E-01      0.394E-01      0.100E+09     -0.990E+02     -0.990E+02
      0.890E-03      0.199E-01      0.394E-01      0.100E+09     -0.990E+02     -0.990E+02
      0.100E-02      0.199E-01      0.394E-01      0.100E+09     -0.990E+02     -0.990E+02
      0.105E-02      0.199E-01      0.394E-01      0.100E+09     -0.990E+02     -0.990E+02
      0.110E-02      0.199E-01      0.394E-01      0.100E+09     -0.990E+02     -0.990E+02
      0.115E-02      0.199E-01      0.394E-01      0.100E+09     -0.990E+02     -0.990E+02
      0.120E-02      0.199E-01      0.394E-01      0.100E+09     -0.990E+02     -0.990E+02
      0.126E-02      0.199E-01      0.394E-01      0.100E+09     -0.990E+02     -0.990E+02
      0.132E-02      0.199E-01      0.394E-01      0.100E+09     -0.990E+02     -0.990E+02
      0.138E-02      0.199E-01      0.394E-01      0.100E+09     -0.990E+02     -0.990E+02
      0.145E-02      0.199E-01      0.394E-01      0.100E+09     -0.990E+02     -0.990E+02
      0.151E-02      0.199E-01      0.394E-01      0.100E+09     -0.990E+02     -0.990E+02
      0.158E-02      0.199E-01      0.394E-01      0.100E+09     -0.990E+02     -0.990E+02
      0.166E-02      0.199E-01      0.394E-01      0.100E+09     -0.990E+02     -0.990E+02
      0.174E-02      0.199E-01      0.394E-01      0.100E+09     -0.990E+02     -0.990E+02
      0.182E-02      0.199E-01      0.394E-01      0.100E+09     -0.990E+02     -0.990E+02
      0.191E-02      0.199E-01      0.394E-01      0.100E+09     -0.990E+02     -0.990E+02
      0.200E-02      0.199E-01      0.394E-01      0.100E+09     -0.990E+02     -0.990E+02
      0.209E-02      0.199E-01      0.394E-01      0.100E+09     -0.990E+02     -0.990E+02
      0.219E-02      0.199E-01      0.394E-01      0.100E+09     -0.990E+02     -0.990E+02
      0.229E-02      0.199E-01      0.394E-01      0.100E+09     -0.990E+02     -0.990E+02
      0.240E-02      0.199E-01      0.394E-01      0.100E+09     -0.990E+02     -0.990E+02
      0.251E-02      0.199E-01      0.394E-01      0.100E+09     -0.990E+02     -0.990E+02
      0.263E-02      0.199E-01      0.394E-01      0.100E+09     -0.990E+02     -0.990E+02
      0.275E-02      0.199E-01      0.394E-01      0.100E+09     -0.990E+02     -0.990E+02
      0.288E-02      0.199E-01      0.394E-01      0.100E+09     -0.990E+02     -0.990E+02
      0.302E-02      0.199E-01      0.394E-01      0.100E+09     -0.990E+02     -0.990E+02
      0.316E-02      0.199E-01      0.394E-01      0.100E+09     -0.990E+02     -0.990E+02
      0.331E-02      0.199E-01      0.394E-01      0.100E+09     -0.990E+02     -0.990E+02
      0.347E-02      0.199E-01      0.394E-01      0.100E+09     -0.990E+02     -0.990E+02
      0.363E-02      0.199E-01      0.394E-01      0.100E+09     -0.990E+02     -0.990E+02
      0.380E-02      0.199E-01      0.394E-01      0.100E+09     -0.990E+02     -0.990E+02
      0.398E-02      0.199E-01      0.394E-01      0.100E+09     -0.990E+02     -0.990E+02
      0.417E-02      0.199E-01      0.394E-01      0.100E+09     -0.990E+02     -0.990E+02
      0.437E-02      0.199E-01      0.394E-01      0.100E+09     -0.990E+02     -0.990E+02
      0.457E-02      0.199E-01      0.394E-01      0.100E+09     -0.990E+02     -0.990E+02
      0.479E-02      0.199E-01      0.394E-01      0.100E+09     -0.990E+02     -0.990E+02
      0.501E-02      0.199E-01      0.394E-01      0.100E+09     -0.990E+02     -0.990E+02
      0.525E-02      0.199E-01      0.394E-01      0.100E+09     -0.990E+02     -0.990E+02
      0.550E-02      0.199E-01      0.394E-01      0.100E+09     -0.990E+02     -0.990E+02
      0.575E-02      0.199E-01      0.394E-01      0.100E+09     -0.990E+02     -0.990E+02
      0.603E-02      0.199E-01      0.394E-01      0.100E+09     -0.990E+02     -0.990E+02
      0.631E-02      0.199E-01      0.394E-01      0.100E+09     -0.990E+02     -0.990E+02
      0.661E-02      0.199E-01      0.394E-01      0.100E+09     -0.990E+02     -0.990E+02
      0.692E-02      0.199E-01      0.394E-01      0.100E+09     -0.990E+02     -0.990E+02
      0.724E-02      0.199E-01      0.394E-01      0.100E+09     -0.990E+02     -0.990E+02
      0.759E-02      0.199E-01      0.394E-01      0.100E+09     -0.990E+02     -0.990E+02
      0.794E-02      0.199E-01      0.394E-01      0.100E+09     -0.990E+02     -0.990E+02
      0.832E-02      0.199E-01      0.394E-01      0.100E+09     -0.990E+02     -0.990E+02
      0.871E-02      0.199E-01      0.394E-01      0.100E+09     -0.990E+02     -0.990E+02
      0.912E-02      0.199E-01      0.394E-01      0.100E+09     -0.990E+02     -0.990E+02
      0.955E-02      0.199E-01      0.394E-01      0.100E+09     -0.990E+02     -0.990E+02
      0.100E-01      0.199E-01      0.394E-01      0.100E+09     -0.711E+00      0.499E+00
      0.105E-01      0.121E-01      0.565E-02      0.998E+08     -0.711E+00      0.499E+00
      0.110E-01      0.120E-01      0.562E-02      0.998E+08     -0.711E+00      0.499E+00
      0.115E-01      0.120E-01      0.560E-02      0.998E+08     -0.711E+00      0.498E+00
      0.120E-01      0.120E-01      0.559E-02      0.998E+08     -0.711E+00      0.498E+00
      0.126E-01      0.120E-01      0.560E-02      0.998E+08     -0.711E+00      0.498E+00
      0.132E-01      0.121E-01      0.563E-02      0.998E+08     -0.711E+00      0.498E+00
      0.138E-01      0.120E-01      0.560E-02      0.998E+08     -0.711E+00      0.497E+00
      0.144E-01      0.119E-01      0.555E-02      0.998E+08     -0.711E+00      0.497E+00
      0.151E-01      0.119E-01      0.556E-02      0.997E+08     -0.711E+00      0.497E+00
      0.159E-01      0.120E-01      0.558E-02      0.997E+08     -0.711E+00      0.496E+00
      0.166E-01      0.120E-01      0.557E-02      0.997E+08     -0.710E+00      0.496E+00
      0.174E-01      0.120E-01      0.557E-02      0.997E+08     -0.710E+00      0.496E+00
      0.182E-01      0.120E-01      0.559E-02      0.997E+08     -0.710E+00      0.495E+00
      0.191E-01      0.120E-01      0.557E-02      0.997E+08     -0.710E+00      0.495E+00
      0.200E-01      0.119E-01      0.554E-02      0.997E+08     -0.710E+00      0.494E+00
      0.209E-01      0.119E-01      0.552E-02      0.997E+08     -0.710E+00      0.494E+00
      0.219E-01      0.119E-01      0.552E-02      0.997E+08     -0.710E+00      0.493E+00
      0.229E-01      0.119E-01      0.552E-02      0.997E+08     -0.710E+00      0.493E+00
      0.240E-01      0.119E-01      0.552E-02      0.997E+08     -0.709E+00      0.492E+00
      0.251E-01      0.119E-01      0.552E-02      0.996E+08     -0.709E+00      0.491E+00
      0.263E-01      0.119E-01      0.551E-02      0.996E+08     -0.709E+00      0.491E+00
      0.275E-01      0.119E-01      0.547E-02      0.996E+08     -0.709E+00      0.490E+00
      0.290E-01      0.119E-01      0.547E-02      0.996E+08     -0.709E+00      0.490E+00
      0.300E-01      0.119E-01      0.546E-02      0.996E+08     -0.709E+00      0.489E+00
      0.310E-01      0.119E-01      0.545E-02      0.996E+08     -0.708E+00      0.489E+00
      0.320E-01      0.119E-01      0.545E-02      0.996E+08     -0.708E+00      0.488E+00
      0.330E-01      0.119E-01      0.544E-02      0.996E+08     -0.708E+00      0.488E+00
      0.340E-01      0.119E-01      0.543E-02      0.996E+08     -0.708E+00      0.487E+00
      0.350E-01      0.118E-01      0.543E-02      0.996E+08     -0.708E+00      0.487E+00
      0.360E-01      0.118E-01      0.542E-02      0.995E+08     -0.708E+00      0.486E+00
      0.370E-01      0.118E-01      0.541E-02      0.995E+08     -0.708E+00      0.486E+00
      0.380E-01      0.118E-01      0.540E-02      0.995E+08     -0.707E+00      0.485E+00
      0.390E-01      0.118E-01      0.540E-02      0.995E+08     -0.707E+00      0.485E+00
      0.400E-01      0.118E-01      0.538E-02      0.995E+08     -0.707E+00      0.484E+00
      0.425E-01      0.118E-01      0.537E-02      0.995E+08     -0.707E+00      0.483E+00
      0.450E-01      0.118E-01      0.536E-02      0.995E+08     -0.707E+00      0.482E+00
      0.475E-01      0.117E-01      0.533E-02      0.994E+08     -0.706E+00      0.481E+00
      0.500E-01      0.117E-01      0.532E-02      0.994E+08     -0.706E+00      0.480E+00
      0.525E-01      0.117E-01      0.531E-02      0.994E+08     -0.706E+00      0.479E+00
      0.550E-01      0.117E-01      0.528E-02      0.994E+08     -0.705E+00      0.478E+00
      0.571E-01      0.117E-01      0.527E-02      0.993E+08     -0.705E+00      0.477E+00
      0.640E-01      0.116E-01      0.521E-02      0.993E+08     -0.704E+00      0.473E+00
      0.719E-01      0.116E-01      0.516E-02      0.992E+08     -0.703E+00      0.470E+00
      0.806E-01      0.115E-01      0.510E-02      0.992E+08     -0.702E+00      0.467E+00
      0.905E-01      0.114E-01      0.505E-02      0.991E+08     -0.700E+00      0.463E+00
      0.102E+00      0.113E-01      0.498E-02      0.990E+08     -0.699E+00      0.459E+00
      0.114E+00      0.113E-01      0.491E-02      0.989E+08     -0.697E+00      0.455E+00
      0.128E+00      0.111E-01      0.485E-02      0.988E+08     -0.696E+00      0.454E+00
      0.143E+00      0.110E-01      0.486E-02      0.987E+08     -0.696E+00      0.457E+00
      0.161E+00      0.109E-01      0.486E-02      0.985E+08     -0.695E+00      0.463E+00
      0.181E+00      0.108E-01      0.490E-02      0.984E+08     -0.695E+00      0.471E+00
      0.203E+00      0.106E-01      0.499E-02      0.982E+08     -0.695E+00      0.484E+00
      0.227E+00      0.103E-01      0.511E-02      0.980E+08     -0.694E+00      0.505E+00
      0.255E+00      0.100E-01      0.528E-02      0.978E+08     -0.694E+00      0.533E+00
      0.286E+00      0.962E-02      0.522E-02      0.976E+08     -0.695E+00      0.556E+00
      0.321E+00      0.919E-02      0.514E-02      0.974E+08     -0.695E+00      0.579E+00
      0.360E+00      0.872E-02      0.513E-02      0.972E+08     -0.694E+00      0.612E+00
      0.404E+00      0.899E-02      0.496E-02      0.969E+08     -0.700E+00      0.582E+00
      0.453E+00      0.962E-02      0.466E-02      0.966E+08     -0.709E+00      0.523E+00
      0.509E+00      0.104E-01      0.444E-02      0.963E+08     -0.718E+00      0.472E+00
      0.571E+00      0.112E-01      0.425E-02      0.959E+08     -0.724E+00      0.427E+00
      0.641E+00      0.121E-01      0.427E-02      0.954E+08     -0.735E+00      0.402E+00
      0.719E+00      0.133E-01      0.482E-02      0.948E+08     -0.756E+00      0.417E+00
      0.806E+00      0.150E-01      0.570E-02      0.940E+08     -0.773E+00      0.446E+00
      0.905E+00      0.165E-01      0.708E-02      0.931E+08     -0.790E+00      0.514E+00
      0.102E+01      0.170E-01      0.991E-02      0.920E+08     -0.818E+00      0.711E+00
      0.114E+01      0.192E-01      0.128E-01      0.907E+08     -0.851E+00      0.833E+00
      0.128E+01      0.246E-01      0.162E-01      0.891E+08     -0.894E+00      0.847E+00
      0.143E+01      0.317E-01      0.192E-01      0.868E+08     -0.932E+00      0.813E+00
      0.161E+01      0.403E-01      0.230E-01      0.835E+08     -0.987E+00      0.839E+00
      0.168E+01      0.362E-01      0.197E-01      0.805E+08     -0.966E+00      0.784E+00
      0.170E+01      0.345E-01      0.184E-01      0.795E+08     -0.956E+00      0.760E+00
      0.180E+01      0.265E-01      0.125E-01      0.782E+08     -0.888E+00      0.615E+00
      0.190E+01      0.211E-01      0.908E-02      0.766E+08     -0.811E+00      0.501E+00
      0.200E+01      0.221E-01      0.851E-02      0.753E+08     -0.824E+00      0.445E+00
      0.210E+01      0.220E-01      0.763E-02      0.739E+08     -0.845E+00      0.411E+00
      0.220E+01      0.212E-01      0.721E-02      0.726E+08     -0.861E+00      0.405E+00
      0.230E+01      0.209E-01      0.729E-02      0.713E+08     -0.878E+00      0.427E+00
      0.240E+01      0.217E-01      0.935E-02      0.701E+08     -0.898E+00      0.549E+00
      0.250E+01      0.225E-01      0.127E-01      0.688E+08     -0.912E+00      0.730E+00
      0.260E+01      0.248E-01      0.141E-01      0.674E+08     -0.945E+00      0.759E+00
      0.275E+01      0.333E-01      0.165E-01      0.656E+08     -0.982E+00      0.710E+00
      0.300E+01      0.209E-01      0.771E-02      0.617E+08     -0.868E+00      0.454E+00
      0.325E+01      0.163E-01      0.855E-02      0.586E+08     -0.854E+00      0.643E+00
      0.350E+01      0.176E-01      0.933E-02      0.562E+08     -0.881E+00      0.663E+00
      0.375E+01      0.167E-01      0.845E-02      0.537E+08     -0.878E+00      0.626E+00
      0.400E+01      0.154E-01      0.839E-02      0.512E+08     -0.851E+00      0.679E+00
      0.425E+01      0.177E-01      0.756E-02      0.490E+08     -0.887E+00      0.547E+00
      0.450E+01      0.169E-01      0.812E-02      0.465E+08     -0.931E+00      0.661E+00
      0.475E+01      0.111E-01      0.566E-02      0.441E+08     -0.920E+00      0.693E+00
      0.500E+01      0.154E-01      0.774E-02      0.425E+08     -0.874E+00      0.640E+00
      0.525E+01      0.191E-01      0.953E-02      0.403E+08     -0.835E+00      0.605E+00
      0.550E+01      0.137E-01      0.724E-02      0.376E+08     -0.763E+00      0.585E+00
      0.575E+01      0.163E-01      0.884E-02      0.356E+08     -0.906E+00      0.697E+00
      0.600E+01      0.234E-01      0.985E-02      0.333E+08     -0.991E+00      0.603E+00
      0.625E+01      0.192E-01      0.946E-02      0.300E+08     -0.104E+01      0.743E+00
      0.650E+01      0.169E-01      0.898E-02      0.273E+08     -0.106E+01      0.784E+00
      0.675E+01      0.133E-01      0.694E-02      0.250E+08     -0.105E+01      0.779E+00
      0.700E+01      0.159E-01      0.924E-02      0.231E+08     -0.878E+00      0.720E+00
      0.725E+01      0.130E-01      0.755E-02      0.209E+08     -0.916E+00      0.770E+00
      0.750E+01      0.208E-01      0.126E-01      0.191E+08     -0.947E+00      0.807E+00
      0.775E+01      0.177E-01      0.919E-02      0.162E+08     -0.994E+00      0.716E+00
      0.800E+01      0.148E-01      0.744E-02      0.137E+08     -0.101E+01      0.723E+00
      0.825E+01      0.166E-01      0.867E-02      0.117E+08     -0.107E+01      0.795E+00
      0.850E+01      0.122E-01      0.103E-01      0.940E+07     -0.101E+01      0.116E+01
      0.875E+01      0.115E-01      0.560E-02      0.772E+07     -0.102E+01      0.666E+00
      0.900E+01      0.156E-01      0.712E-02      0.613E+07     -0.116E+01      0.738E+00
      0.925E+01      0.957E-02      0.581E-02      0.398E+07     -0.140E+01      0.110E+01
      0.950E+01      0.606E-02      0.718E-02      0.265E+07     -0.158E+01      0.230E+01
      0.975E+01      0.548E-02      0.825E-02      0.182E+07     -0.118E+01      0.251E+01
      0.100E+02      0.286E-02      0.474E-02      0.107E+07     -0.120E+01      0.282E+01
      0.102E+02      0.294E-02      0.413E-02      0.674E+06     -0.145E+01      0.282E+01
      0.105E+02      0.123E-02      0.208E-02      0.266E+06     -0.191E+01      0.414E+01
      0.108E+02      0.647E-03      0.103E-02      0.960E+05     -0.273E+01      0.601E+01
      0.110E+02      0.380E-04      0.309E-03      0.665E+04     -0.151E+01      0.171E+02
      0.112E+02      0.800E-05      0.847E-04      0.140E+04     -0.189E+01      0.267E+02
      0.115E+02      0.211E-05      0.245E-04      0.294E+03     -0.237E+01      0.384E+02
      0.118E+02      0.695E-29      0.177E-16      0.939E-21     -0.423E+01       Infinity
      0.120E+02      0.000E+00      0.218E-25      0.000E+00     -0.208E+01            NaN
      0.122E+02      0.000E+00      0.000E+00      0.000E+00     -0.990E+02     -0.990E+02
      0.125E+02      0.000E+00      0.000E+00      0.000E+00     -0.990E+02     -0.990E+02
      0.128E+02      0.000E+00      0.000E+00      0.000E+00     -0.990E+02     -0.990E+02
      0.130E+02      0.000E+00      0.000E+00      0.000E+00     -0.990E+02     -0.990E+02
      0.132E+02      0.000E+00      0.000E+00      0.000E+00     -0.990E+02     -0.990E+02
      0.135E+02      0.000E+00      0.000E+00      0.000E+00     -0.990E+02     -0.990E+02
      0.138E+02      0.000E+00      0.000E+00      0.000E+00     -0.990E+02     -0.990E+02
      0.140E+02      0.000E+00      0.000E+00      0.000E+00     -0.990E+02     -0.990E+02
      0.142E+02      0.000E+00      0.000E+00      0.000E+00     -0.990E+02     -0.990E+02
      0.145E+02      0.000E+00      0.000E+00      0.000E+00     -0.990E+02     -0.990E+02
      0.148E+02      0.000E+00      0.000E+00      0.000E+00     -0.990E+02     -0.990E+02
      0.150E+02      0.000E+00      0.000E+00      0.000E+00     -0.990E+02     -0.990E+02
      0.152E+02      0.000E+00      0.000E+00      0.000E+00     -0.990E+02     -0.990E+02
      0.155E+02      0.000E+00      0.000E+00      0.000E+00     -0.990E+02     -0.990E+02
      0.158E+02      0.000E+00      0.000E+00      0.000E+00     -0.990E+02     -0.990E+02
      0.160E+02      0.000E+00      0.000E+00      0.000E+00     -0.990E+02     -0.990E+02
      0.162E+02      0.000E+00      0.000E+00      0.000E+00     -0.990E+02     -0.990E+02
      0.165E+02      0.000E+00      0.000E+00      0.000E+00     -0.990E+02     -0.990E+02
      0.168E+02      0.000E+00      0.000E+00      0.000E+00     -0.990E+02     -0.990E+02
      0.170E+02      0.000E+00      0.000E+00      0.000E+00     -0.990E+02     -0.990E+02
      0.172E+02      0.000E+00      0.000E+00      0.000E+00     -0.990E+02     -0.990E+02
      0.175E+02      0.000E+00      0.000E+00      0.000E+00     -0.990E+02     -0.990E+02
      0.178E+02      0.000E+00      0.000E+00      0.000E+00     -0.990E+02     -0.990E+02
      0.180E+02      0.000E+00      0.000E+00      0.000E+00     -0.990E+02     -0.990E+02
      0.182E+02      0.000E+00      0.000E+00      0.000E+00     -0.990E+02     -0.990E+02
      0.185E+02      0.000E+00      0.000E+00      0.000E+00     -0.990E+02     -0.990E+02
      0.188E+02      0.000E+00      0.000E+00      0.000E+00     -0.990E+02     -0.990E+02
      0.190E+02      0.000E+00      0.000E+00      0.000E+00     -0.990E+02     -0.990E+02
      0.192E+02      0.000E+00      0.000E+00      0.000E+00     -0.990E+02     -0.990E+02
      0.195E+02      0.000E+00      0.000E+00      0.000E+00     -0.990E+02     -0.990E+02
      0.198E+02      0.000E+00      0.000E+00      0.000E+00     -0.990E+02     -0.990E+02
      0.200E+02      0.000E+00      0.000E+00      0.000E+00     -0.990E+02     -0.990E+02
