      0.000E+00      0.150E+01      0.210E+01      0.152E+10     -0.990E+02     -0.990E+02
      0.100E-03      0.150E+01      0.210E+01      0.152E+10     -0.990E+02     -0.990E+02
      0.140E-03      0.150E+01      0.210E+01      0.152E+10     -0.990E+02     -0.990E+02
      0.160E-03      0.150E+01      0.210E+01      0.152E+10     -0.990E+02     -0.990E+02
      0.180E-03      0.150E+01      0.210E+01      0.152E+10     -0.990E+02     -0.990E+02
      0.200E-03      0.150E+01      0.210E+01      0.152E+10     -0.990E+02     -0.990E+02
      0.220E-03      0.150E+01      0.210E+01      0.152E+10     -0.990E+02     -0.990E+02
      0.250E-03      0.150E+01      0.210E+01      0.152E+10     -0.990E+02     -0.990E+02
      0.280E-03      0.150E+01      0.210E+01      0.152E+10     -0.990E+02     -0.990E+02
      0.320E-03      0.150E+01      0.210E+01      0.152E+10     -0.990E+02     -0.990E+02
      0.350E-03      0.150E+01      0.210E+01      0.152E+10     -0.990E+02     -0.990E+02
      0.400E-03      0.150E+01      0.210E+01      0.152E+10     -0.990E+02     -0.990E+02
      0.450E-03      0.150E+01      0.210E+01      0.152E+10     -0.990E+02     -0.990E+02
      0.500E-03      0.150E+01      0.210E+01      0.152E+10     -0.990E+02     -0.990E+02
      0.560E-03      0.150E+01      0.210E+01      0.152E+10     -0.990E+02     -0.990E+02
      0.630E-03      0.150E+01      0.210E+01      0.152E+10     -0.990E+02     -0.990E+02
      0.710E-03      0.150E+01      0.210E+01      0.152E+10     -0.990E+02     -0.990E+02
      0.790E-03      0.150E+01      0.210E+01      0.152E+10     -0.990E+02     -0.990E+02
      0.890E-03      0.150E+01      0.210E+01      0.152E+10     -0.990E+02     -0.990E+02
      0.100E-02      0.150E+01      0.210E+01      0.152E+10     -0.990E+02     -0.990E+02
      0.105E-02      0.150E+01      0.210E+01      0.152E+10     -0.990E+02     -0.990E+02
      0.110E-02      0.150E+01      0.210E+01      0.152E+10     -0.990E+02     -0.990E+02
      0.115E-02      0.150E+01      0.210E+01      0.152E+10     -0.990E+02     -0.990E+02
      0.120E-02      0.150E+01      0.210E+01      0.152E+10     -0.990E+02     -0.990E+02
      0.126E-02      0.150E+01      0.210E+01      0.152E+10     -0.990E+02     -0.990E+02
      0.132E-02      0.150E+01      0.210E+01      0.152E+10     -0.990E+02     -0.990E+02
      0.138E-02      0.150E+01      0.210E+01      0.152E+10     -0.990E+02     -0.990E+02
      0.145E-02      0.150E+01      0.210E+01      0.152E+10     -0.990E+02     -0.990E+02
      0.151E-02      0.150E+01      0.210E+01      0.152E+10     -0.990E+02     -0.990E+02
      0.158E-02      0.150E+01      0.210E+01      0.152E+10     -0.990E+02     -0.990E+02
      0.166E-02      0.150E+01      0.210E+01      0.152E+10     -0.990E+02     -0.990E+02
      0.174E-02      0.150E+01      0.210E+01      0.152E+10     -0.990E+02     -0.990E+02
      0.182E-02      0.150E+01      0.210E+01      0.152E+10     -0.990E+02     -0.990E+02
      0.191E-02      0.150E+01      0.210E+01      0.152E+10     -0.990E+02     -0.990E+02
      0.200E-02      0.150E+01      0.210E+01      0.152E+10     -0.990E+02     -0.990E+02
      0.209E-02      0.150E+01      0.210E+01      0.152E+10     -0.990E+02     -0.990E+02
      0.219E-02      0.150E+01      0.210E+01      0.152E+10     -0.990E+02     -0.990E+02
      0.229E-02      0.150E+01      0.210E+01      0.152E+10     -0.990E+02     -0.990E+02
      0.240E-02      0.150E+01      0.210E+01      0.152E+10     -0.990E+02     -0.990E+02
      0.251E-02      0.150E+01      0.210E+01      0.152E+10     -0.990E+02     -0.990E+02
      0.263E-02      0.150E+01      0.210E+01      0.152E+10     -0.990E+02     -0.990E+02
      0.275E-02      0.150E+01      0.210E+01      0.152E+10     -0.990E+02     -0.990E+02
      0.288E-02      0.150E+01      0.210E+01      0.152E+10     -0.990E+02     -0.990E+02
      0.302E-02      0.150E+01      0.210E+01      0.152E+10     -0.990E+02     -0.990E+02
      0.316E-02      0.150E+01      0.210E+01      0.152E+10     -0.990E+02     -0.990E+02
      0.331E-02      0.150E+01      0.210E+01      0.152E+10     -0.990E+02     -0.990E+02
      0.347E-02      0.150E+01      0.210E+01      0.152E+10     -0.990E+02     -0.990E+02
      0.363E-02      0.150E+01      0.210E+01      0.152E+10     -0.990E+02     -0.990E+02
      0.380E-02      0.150E+01      0.210E+01      0.152E+10     -0.990E+02     -0.990E+02
      0.398E-02      0.150E+01      0.210E+01      0.152E+10     -0.990E+02     -0.990E+02
      0.417E-02      0.150E+01      0.210E+01      0.152E+10     -0.990E+02     -0.990E+02
      0.437E-02      0.150E+01      0.210E+01      0.152E+10     -0.990E+02     -0.990E+02
      0.457E-02      0.150E+01      0.210E+01      0.152E+10     -0.990E+02     -0.990E+02
      0.479E-02      0.150E+01      0.210E+01      0.152E+10     -0.990E+02     -0.990E+02
      0.501E-02      0.150E+01      0.210E+01      0.152E+10     -0.990E+02     -0.990E+02
      0.525E-02      0.150E+01      0.210E+01      0.152E+10     -0.990E+02     -0.990E+02
      0.550E-02      0.150E+01      0.210E+01      0.152E+10     -0.990E+02     -0.990E+02
      0.575E-02      0.150E+01      0.210E+01      0.152E+10     -0.990E+02     -0.990E+02
      0.603E-02      0.150E+01      0.210E+01      0.152E+10     -0.990E+02     -0.990E+02
      0.631E-02      0.150E+01      0.210E+01      0.152E+10     -0.990E+02     -0.990E+02
      0.661E-02      0.150E+01      0.210E+01      0.152E+10     -0.990E+02     -0.990E+02
      0.692E-02      0.150E+01      0.210E+01      0.152E+10     -0.990E+02     -0.990E+02
      0.724E-02      0.150E+01      0.210E+01      0.152E+10     -0.990E+02     -0.990E+02
      0.759E-02      0.150E+01      0.210E+01      0.152E+10     -0.990E+02     -0.990E+02
      0.794E-02      0.150E+01      0.210E+01      0.152E+10     -0.990E+02     -0.990E+02
      0.832E-02      0.150E+01      0.210E+01      0.152E+10     -0.990E+02     -0.990E+02
      0.871E-02      0.150E+01      0.210E+01      0.152E+10     -0.990E+02     -0.990E+02
      0.912E-02      0.150E+01      0.210E+01      0.152E+10     -0.990E+02     -0.990E+02
      0.955E-02      0.150E+01      0.210E+01      0.152E+10     -0.990E+02     -0.990E+02
      0.100E-01      0.150E+01      0.210E+01      0.152E+10     -0.559E+00      0.531E+00
      0.105E-01      0.816E+01      0.431E+01      0.150E+10     -0.559E+00      0.532E+00
      0.110E-01      0.812E+01      0.428E+01      0.150E+10     -0.560E+00      0.533E+00
      0.115E-01      0.808E+01      0.427E+01      0.149E+10     -0.560E+00      0.533E+00
      0.120E-01      0.806E+01      0.426E+01      0.149E+10     -0.561E+00      0.534E+00
      0.126E-01      0.807E+01      0.426E+01      0.149E+10     -0.561E+00      0.534E+00
      0.132E-01      0.809E+01      0.427E+01      0.148E+10     -0.562E+00      0.534E+00
      0.138E-01      0.807E+01      0.425E+01      0.148E+10     -0.562E+00      0.534E+00
      0.144E-01      0.799E+01      0.421E+01      0.147E+10     -0.562E+00      0.534E+00
      0.151E-01      0.800E+01      0.421E+01      0.147E+10     -0.563E+00      0.534E+00
      0.159E-01      0.802E+01      0.422E+01      0.146E+10     -0.563E+00      0.534E+00
      0.166E-01      0.800E+01      0.420E+01      0.146E+10     -0.564E+00      0.533E+00
      0.174E-01      0.799E+01      0.420E+01      0.145E+10     -0.564E+00      0.533E+00
      0.182E-01      0.801E+01      0.420E+01      0.145E+10     -0.565E+00      0.533E+00
      0.191E-01      0.798E+01      0.418E+01      0.144E+10     -0.565E+00      0.533E+00
      0.200E-01      0.793E+01      0.415E+01      0.144E+10     -0.566E+00      0.533E+00
      0.209E-01      0.790E+01      0.413E+01      0.143E+10     -0.567E+00      0.533E+00
      0.219E-01      0.789E+01      0.412E+01      0.142E+10     -0.567E+00      0.533E+00
      0.229E-01      0.788E+01      0.411E+01      0.142E+10     -0.568E+00      0.533E+00
      0.240E-01      0.786E+01      0.410E+01      0.141E+10     -0.569E+00      0.533E+00
      0.251E-01      0.786E+01      0.409E+01      0.140E+10     -0.570E+00      0.532E+00
      0.263E-01      0.783E+01      0.407E+01      0.140E+10     -0.570E+00      0.532E+00
      0.275E-01      0.778E+01      0.404E+01      0.139E+10     -0.571E+00      0.532E+00
      0.290E-01      0.776E+01      0.402E+01      0.138E+10     -0.572E+00      0.532E+00
      0.300E-01      0.775E+01      0.401E+01      0.137E+10     -0.573E+00      0.531E+00
      0.310E-01      0.773E+01      0.399E+01      0.136E+10     -0.574E+00      0.531E+00
      0.320E-01      0.771E+01      0.398E+01      0.136E+10     -0.574E+00      0.531E+00
      0.330E-01      0.769E+01      0.396E+01      0.135E+10     -0.575E+00      0.530E+00
      0.340E-01      0.767E+01      0.395E+01      0.135E+10     -0.576E+00      0.530E+00
      0.350E-01      0.765E+01      0.393E+01      0.134E+10     -0.576E+00      0.530E+00
      0.360E-01      0.763E+01      0.392E+01      0.133E+10     -0.577E+00      0.530E+00
      0.370E-01      0.761E+01      0.390E+01      0.133E+10     -0.578E+00      0.530E+00
      0.380E-01      0.759E+01      0.389E+01      0.132E+10     -0.579E+00      0.530E+00
      0.390E-01      0.757E+01      0.387E+01      0.131E+10     -0.579E+00      0.529E+00
      0.400E-01      0.755E+01      0.386E+01      0.131E+10     -0.580E+00      0.529E+00
      0.425E-01      0.750E+01      0.382E+01      0.130E+10     -0.582E+00      0.529E+00
      0.450E-01      0.745E+01      0.378E+01      0.128E+10     -0.584E+00      0.528E+00
      0.475E-01      0.739E+01      0.374E+01      0.127E+10     -0.585E+00      0.528E+00
      0.500E-01      0.734E+01      0.370E+01      0.125E+10     -0.587E+00      0.527E+00
      0.525E-01      0.729E+01      0.366E+01      0.124E+10     -0.589E+00      0.527E+00
      0.550E-01      0.723E+01      0.362E+01      0.122E+10     -0.591E+00      0.526E+00
      0.571E-01      0.719E+01      0.360E+01      0.121E+10     -0.592E+00      0.526E+00
      0.640E-01      0.704E+01      0.349E+01      0.119E+10     -0.597E+00      0.526E+00
      0.719E-01      0.687E+01      0.338E+01      0.114E+10     -0.603E+00      0.525E+00
      0.806E-01      0.668E+01      0.326E+01      0.110E+10     -0.610E+00      0.526E+00
      0.905E-01      0.647E+01      0.313E+01      0.105E+10     -0.617E+00      0.526E+00
      0.102E+00      0.624E+01      0.300E+01      0.100E+10     -0.626E+00      0.528E+00
      0.114E+00      0.598E+01      0.285E+01      0.945E+09     -0.635E+00      0.529E+00
      0.128E+00      0.571E+01      0.269E+01      0.885E+09     -0.645E+00      0.531E+00
      0.143E+00      0.541E+01      0.252E+01      0.822E+09     -0.654E+00      0.532E+00
      0.161E+00      0.508E+01      0.233E+01      0.755E+09     -0.665E+00      0.531E+00
      0.181E+00      0.470E+01      0.212E+01      0.686E+09     -0.678E+00      0.531E+00
      0.203E+00      0.427E+01      0.191E+01      0.614E+09     -0.694E+00      0.538E+00
      0.227E+00      0.379E+01      0.170E+01      0.542E+09     -0.716E+00      0.556E+00
      0.255E+00      0.325E+01      0.153E+01      0.470E+09     -0.745E+00      0.600E+00
      0.286E+00      0.273E+01      0.138E+01      0.402E+09     -0.783E+00      0.670E+00
      0.321E+00      0.226E+01      0.122E+01      0.338E+09     -0.820E+00      0.740E+00
      0.360E+00      0.184E+01      0.107E+01      0.280E+09     -0.847E+00      0.811E+00
      0.404E+00      0.148E+01      0.922E+00      0.226E+09     -0.858E+00      0.879E+00
      0.453E+00      0.116E+01      0.773E+00      0.178E+09     -0.871E+00      0.954E+00
      0.509E+00      0.856E+00      0.651E+00      0.137E+09     -0.868E+00      0.108E+01
      0.571E+00      0.625E+00      0.549E+00      0.103E+09     -0.862E+00      0.117E+01
      0.641E+00      0.466E+00      0.472E+00      0.749E+08     -0.859E+00      0.124E+01
      0.719E+00      0.342E+00      0.413E+00      0.518E+08     -0.838E+00      0.136E+01
      0.806E+00      0.221E+00      0.319E+00      0.329E+08     -0.796E+00      0.152E+01
      0.905E+00      0.125E+00      0.208E+00      0.193E+08     -0.746E+00      0.171E+01
      0.102E+01      0.680E-01      0.139E+00      0.107E+08     -0.752E+00      0.223E+01
      0.114E+01      0.369E-01      0.106E+00      0.555E+07     -0.765E+00      0.321E+01
      0.128E+01      0.158E-01      0.640E-01      0.243E+07     -0.881E+00      0.506E+01
      0.143E+01      0.764E-02      0.403E-01      0.948E+06     -0.923E+00      0.674E+01
      0.161E+01      0.153E-02      0.772E-02      0.154E+06     -0.120E+01      0.843E+01
      0.168E+01      0.419E-03      0.302E-02      0.364E+05     -0.204E+01      0.203E+02
      0.170E+01      0.377E-03      0.268E-02      0.246E+05     -0.205E+01      0.204E+02
      0.180E+01      0.170E-03      0.118E-02      0.105E+05     -0.218E+01      0.216E+02
      0.190E+01      0.597E-06      0.141E-03      0.491E+02     -0.104E+01      0.321E+03
      0.200E+01      0.200E-06      0.478E-04      0.123E+02     -0.106E+01      0.326E+03
      0.210E+01      0.161E-08      0.566E-06      0.972E-01     -0.330E+01      0.155E+04
      0.220E+01      0.945E-13      0.498E-08      0.578E-05     -0.183E+01      0.139E+06
      0.230E+01      0.263E-24      0.115E-14      0.159E-16     -0.300E+01       Infinity
      0.240E+01      0.000E+00      0.000E+00      0.000E+00     -0.990E+02     -0.990E+02
      0.250E+01      0.000E+00      0.000E+00      0.000E+00     -0.990E+02     -0.990E+02
      0.260E+01      0.000E+00      0.000E+00      0.000E+00     -0.990E+02     -0.990E+02
      0.275E+01      0.000E+00      0.000E+00      0.000E+00     -0.990E+02     -0.990E+02
      0.300E+01      0.000E+00      0.000E+00      0.000E+00     -0.990E+02     -0.990E+02
      0.325E+01      0.000E+00      0.000E+00      0.000E+00     -0.990E+02     -0.990E+02
      0.350E+01      0.000E+00      0.000E+00      0.000E+00     -0.990E+02     -0.990E+02
      0.375E+01      0.000E+00      0.000E+00      0.000E+00     -0.990E+02     -0.990E+02
      0.400E+01      0.000E+00      0.000E+00      0.000E+00     -0.990E+02     -0.990E+02
      0.425E+01      0.000E+00      0.000E+00      0.000E+00     -0.990E+02     -0.990E+02
      0.450E+01      0.000E+00      0.000E+00      0.000E+00     -0.990E+02     -0.990E+02
      0.475E+01      0.000E+00      0.000E+00      0.000E+00     -0.990E+02     -0.990E+02
      0.500E+01      0.000E+00      0.000E+00      0.000E+00     -0.990E+02     -0.990E+02
      0.525E+01      0.000E+00      0.000E+00      0.000E+00     -0.990E+02     -0.990E+02
      0.550E+01      0.000E+00      0.000E+00      0.000E+00     -0.990E+02     -0.990E+02
      0.575E+01      0.000E+00      0.000E+00      0.000E+00     -0.990E+02     -0.990E+02
      0.600E+01      0.000E+00      0.000E+00      0.000E+00     -0.990E+02     -0.990E+02
      0.625E+01      0.000E+00      0.000E+00      0.000E+00     -0.990E+02     -0.990E+02
      0.650E+01      0.000E+00      0.000E+00      0.000E+00     -0.990E+02     -0.990E+02
      0.675E+01      0.000E+00      0.000E+00      0.000E+00     -0.990E+02     -0.990E+02
      0.700E+01      0.000E+00      0.000E+00      0.000E+00     -0.990E+02     -0.990E+02
      0.725E+01      0.000E+00      0.000E+00      0.000E+00     -0.990E+02     -0.990E+02
      0.750E+01      0.000E+00      0.000E+00      0.000E+00     -0.990E+02     -0.990E+02
      0.775E+01      0.000E+00      0.000E+00      0.000E+00     -0.990E+02     -0.990E+02
      0.800E+01      0.000E+00      0.000E+00      0.000E+00     -0.990E+02     -0.990E+02
      0.825E+01      0.000E+00      0.000E+00      0.000E+00     -0.990E+02     -0.990E+02
      0.850E+01      0.000E+00      0.000E+00      0.000E+00     -0.990E+02     -0.990E+02
      0.875E+01      0.000E+00      0.000E+00      0.000E+00     -0.990E+02     -0.990E+02
      0.900E+01      0.000E+00      0.000E+00      0.000E+00     -0.990E+02     -0.990E+02
      0.925E+01      0.000E+00      0.000E+00      0.000E+00     -0.990E+02     -0.990E+02
      0.950E+01      0.000E+00      0.000E+00      0.000E+00     -0.990E+02     -0.990E+02
      0.975E+01      0.000E+00      0.000E+00      0.000E+00     -0.990E+02     -0.990E+02
      0.100E+02      0.000E+00      0.000E+00      0.000E+00     -0.990E+02     -0.990E+02
      0.102E+02      0.000E+00      0.000E+00      0.000E+00     -0.990E+02     -0.990E+02
      0.105E+02      0.000E+00      0.000E+00      0.000E+00     -0.990E+02     -0.990E+02
      0.108E+02      0.000E+00      0.000E+00      0.000E+00     -0.990E+02     -0.990E+02
      0.110E+02      0.000E+00      0.000E+00      0.000E+00     -0.990E+02     -0.990E+02
      0.112E+02      0.000E+00      0.000E+00      0.000E+00     -0.990E+02     -0.990E+02
      0.115E+02      0.000E+00      0.000E+00      0.000E+00     -0.990E+02     -0.990E+02
      0.118E+02      0.000E+00      0.000E+00      0.000E+00     -0.990E+02     -0.990E+02
      0.120E+02      0.000E+00      0.000E+00      0.000E+00     -0.990E+02     -0.990E+02
      0.122E+02      0.000E+00      0.000E+00      0.000E+00     -0.990E+02     -0.990E+02
      0.125E+02      0.000E+00      0.000E+00      0.000E+00     -0.990E+02     -0.990E+02
      0.128E+02      0.000E+00      0.000E+00      0.000E+00     -0.990E+02     -0.990E+02
      0.130E+02      0.000E+00      0.000E+00      0.000E+00     -0.990E+02     -0.990E+02
      0.132E+02      0.000E+00      0.000E+00      0.000E+00     -0.990E+02     -0.990E+02
      0.135E+02      0.000E+00      0.000E+00      0.000E+00     -0.990E+02     -0.990E+02
      0.138E+02      0.000E+00      0.000E+00      0.000E+00     -0.990E+02     -0.990E+02
      0.140E+02      0.000E+00      0.000E+00      0.000E+00     -0.990E+02     -0.990E+02
      0.142E+02      0.000E+00      0.000E+00      0.000E+00     -0.990E+02     -0.990E+02
      0.145E+02      0.000E+00      0.000E+00      0.000E+00     -0.990E+02     -0.990E+02
      0.148E+02      0.000E+00      0.000E+00      0.000E+00     -0.990E+02     -0.990E+02
      0.150E+02      0.000E+00      0.000E+00      0.000E+00     -0.990E+02     -0.990E+02
      0.152E+02      0.000E+00      0.000E+00      0.000E+00     -0.990E+02     -0.990E+02
      0.155E+02      0.000E+00      0.000E+00      0.000E+00     -0.990E+02     -0.990E+02
      0.158E+02      0.000E+00      0.000E+00      0.000E+00     -0.990E+02     -0.990E+02
      0.160E+02      0.000E+00      0.000E+00      0.000E+00     -0.990E+02     -0.990E+02
      0.162E+02      0.000E+00      0.000E+00      0.000E+00     -0.990E+02     -0.990E+02
      0.165E+02      0.000E+00      0.000E+00      0.000E+00     -0.990E+02     -0.990E+02
      0.168E+02      0.000E+00      0.000E+00      0.000E+00     -0.990E+02     -0.990E+02
      0.170E+02      0.000E+00      0.000E+00      0.000E+00     -0.990E+02     -0.990E+02
      0.172E+02      0.000E+00      0.000E+00      0.000E+00     -0.990E+02     -0.990E+02
      0.175E+02      0.000E+00      0.000E+00      0.000E+00     -0.990E+02     -0.990E+02
      0.178E+02      0.000E+00      0.000E+00      0.000E+00     -0.990E+02     -0.990E+02
      0.180E+02      0.000E+00      0.000E+00      0.000E+00     -0.990E+02     -0.990E+02
      0.182E+02      0.000E+00      0.000E+00      0.000E+00     -0.990E+02     -0.990E+02
      0.185E+02      0.000E+00      0.000E+00      0.000E+00     -0.990E+02     -0.990E+02
      0.188E+02      0.000E+00      0.000E+00      0.000E+00     -0.990E+02     -0.990E+02
      0.190E+02      0.000E+00      0.000E+00      0.000E+00     -0.990E+02     -0.990E+02
      0.192E+02      0.000E+00      0.000E+00      0.000E+00     -0.990E+02     -0.990E+02
      0.195E+02      0.000E+00      0.000E+00      0.000E+00     -0.990E+02     -0.990E+02
      0.198E+02      0.000E+00      0.000E+00      0.000E+00     -0.990E+02     -0.990E+02
      0.200E+02      0.000E+00      0.000E+00      0.000E+00     -0.990E+02     -0.990E+02
