      0.000E+00      0.406E+01      0.151E+01      0.246E+10     -0.990E+02     -0.990E+02
      0.100E-03      0.406E+01      0.151E+01      0.246E+10     -0.990E+02     -0.990E+02
      0.140E-03      0.406E+01      0.151E+01      0.246E+10     -0.990E+02     -0.990E+02
      0.160E-03      0.406E+01      0.151E+01      0.246E+10     -0.990E+02     -0.990E+02
      0.180E-03      0.406E+01      0.151E+01      0.246E+10     -0.990E+02     -0.990E+02
      0.200E-03      0.406E+01      0.151E+01      0.246E+10     -0.990E+02     -0.990E+02
      0.220E-03      0.406E+01      0.151E+01      0.246E+10     -0.990E+02     -0.990E+02
      0.250E-03      0.406E+01      0.151E+01      0.246E+10     -0.990E+02     -0.990E+02
      0.280E-03      0.406E+01      0.151E+01      0.246E+10     -0.990E+02     -0.990E+02
      0.320E-03      0.406E+01      0.151E+01      0.246E+10     -0.990E+02     -0.990E+02
      0.350E-03      0.406E+01      0.151E+01      0.246E+10     -0.990E+02     -0.990E+02
      0.400E-03      0.406E+01      0.151E+01      0.246E+10     -0.990E+02     -0.990E+02
      0.450E-03      0.406E+01      0.151E+01      0.246E+10     -0.990E+02     -0.990E+02
      0.500E-03      0.406E+01      0.151E+01      0.246E+10     -0.990E+02     -0.990E+02
      0.560E-03      0.406E+01      0.151E+01      0.246E+10     -0.990E+02     -0.990E+02
      0.630E-03      0.406E+01      0.151E+01      0.246E+10     -0.990E+02     -0.990E+02
      0.710E-03      0.406E+01      0.151E+01      0.246E+10     -0.990E+02     -0.990E+02
      0.790E-03      0.406E+01      0.151E+01      0.246E+10     -0.990E+02     -0.990E+02
      0.890E-03      0.406E+01      0.151E+01      0.246E+10     -0.990E+02     -0.990E+02
      0.100E-02      0.406E+01      0.151E+01      0.246E+10     -0.990E+02     -0.990E+02
      0.105E-02      0.406E+01      0.151E+01      0.246E+10     -0.990E+02     -0.990E+02
      0.110E-02      0.406E+01      0.151E+01      0.246E+10     -0.990E+02     -0.990E+02
      0.115E-02      0.406E+01      0.151E+01      0.246E+10     -0.990E+02     -0.990E+02
      0.120E-02      0.406E+01      0.151E+01      0.246E+10     -0.990E+02     -0.990E+02
      0.126E-02      0.406E+01      0.151E+01      0.246E+10     -0.990E+02     -0.990E+02
      0.132E-02      0.406E+01      0.151E+01      0.246E+10     -0.990E+02     -0.990E+02
      0.138E-02      0.406E+01      0.151E+01      0.246E+10     -0.990E+02     -0.990E+02
      0.145E-02      0.406E+01      0.151E+01      0.246E+10     -0.990E+02     -0.990E+02
      0.151E-02      0.406E+01      0.151E+01      0.246E+10     -0.990E+02     -0.990E+02
      0.158E-02      0.406E+01      0.151E+01      0.246E+10     -0.990E+02     -0.990E+02
      0.166E-02      0.406E+01      0.151E+01      0.246E+10     -0.990E+02     -0.990E+02
      0.174E-02      0.406E+01      0.151E+01      0.246E+10     -0.990E+02     -0.990E+02
      0.182E-02      0.406E+01      0.151E+01      0.246E+10     -0.990E+02     -0.990E+02
      0.191E-02      0.406E+01      0.151E+01      0.246E+10     -0.990E+02     -0.990E+02
      0.200E-02      0.406E+01      0.151E+01      0.246E+10     -0.990E+02     -0.990E+02
      0.209E-02      0.406E+01      0.151E+01      0.246E+10     -0.990E+02     -0.990E+02
      0.219E-02      0.406E+01      0.151E+01      0.246E+10     -0.990E+02     -0.990E+02
      0.229E-02      0.406E+01      0.151E+01      0.246E+10     -0.990E+02     -0.990E+02
      0.240E-02      0.406E+01      0.151E+01      0.246E+10     -0.990E+02     -0.990E+02
      0.251E-02      0.406E+01      0.151E+01      0.246E+10     -0.990E+02     -0.990E+02
      0.263E-02      0.406E+01      0.151E+01      0.246E+10     -0.990E+02     -0.990E+02
      0.275E-02      0.406E+01      0.151E+01      0.246E+10     -0.990E+02     -0.990E+02
      0.288E-02      0.406E+01      0.151E+01      0.246E+10     -0.990E+02     -0.990E+02
      0.302E-02      0.406E+01      0.151E+01      0.246E+10     -0.990E+02     -0.990E+02
      0.316E-02      0.406E+01      0.151E+01      0.246E+10     -0.990E+02     -0.990E+02
      0.331E-02      0.406E+01      0.151E+01      0.246E+10     -0.990E+02     -0.990E+02
      0.347E-02      0.406E+01      0.151E+01      0.246E+10     -0.990E+02     -0.990E+02
      0.363E-02      0.406E+01      0.151E+01      0.246E+10     -0.990E+02     -0.990E+02
      0.380E-02      0.406E+01      0.151E+01      0.246E+10     -0.990E+02     -0.990E+02
      0.398E-02      0.406E+01      0.151E+01      0.246E+10     -0.990E+02     -0.990E+02
      0.417E-02      0.406E+01      0.151E+01      0.246E+10     -0.990E+02     -0.990E+02
      0.437E-02      0.406E+01      0.151E+01      0.246E+10     -0.990E+02     -0.990E+02
      0.457E-02      0.406E+01      0.151E+01      0.246E+10     -0.990E+02     -0.990E+02
      0.479E-02      0.406E+01      0.151E+01      0.246E+10     -0.990E+02     -0.990E+02
      0.501E-02      0.406E+01      0.151E+01      0.246E+10     -0.990E+02     -0.990E+02
      0.525E-02      0.406E+01      0.151E+01      0.246E+10     -0.990E+02     -0.990E+02
      0.550E-02      0.406E+01      0.151E+01      0.246E+10     -0.990E+02     -0.990E+02
      0.575E-02      0.406E+01      0.151E+01      0.246E+10     -0.990E+02     -0.990E+02
      0.603E-02      0.406E+01      0.151E+01      0.246E+10     -0.990E+02     -0.990E+02
      0.631E-02      0.406E+01      0.151E+01      0.246E+10     -0.990E+02     -0.990E+02
      0.661E-02      0.406E+01      0.151E+01      0.246E+10     -0.990E+02     -0.990E+02
      0.692E-02      0.406E+01      0.151E+01      0.246E+10     -0.990E+02     -0.990E+02
      0.724E-02      0.406E+01      0.151E+01      0.246E+10     -0.990E+02     -0.990E+02
      0.759E-02      0.406E+01      0.151E+01      0.246E+10     -0.990E+02     -0.990E+02
      0.794E-02      0.406E+01      0.151E+01      0.246E+10     -0.990E+02     -0.990E+02
      0.832E-02      0.406E+01      0.151E+01      0.246E+10     -0.990E+02     -0.990E+02
      0.871E-02      0.406E+01      0.151E+01      0.246E+10     -0.990E+02     -0.990E+02
      0.912E-02      0.406E+01      0.151E+01      0.246E+10     -0.990E+02     -0.990E+02
      0.955E-02      0.406E+01      0.151E+01      0.246E+10     -0.990E+02     -0.990E+02
      0.100E-01      0.406E+01      0.151E+01      0.246E+10     -0.163E+00      0.601E+00
      0.105E-01      0.135E+01      0.100E+01      0.242E+10     -0.162E+00      0.600E+00
      0.110E-01      0.134E+01      0.100E+01      0.242E+10     -0.162E+00      0.600E+00
      0.115E-01      0.134E+01      0.997E+00      0.242E+10     -0.162E+00      0.600E+00
      0.120E-01      0.134E+01      0.996E+00      0.242E+10     -0.162E+00      0.599E+00
      0.126E-01      0.134E+01      0.998E+00      0.242E+10     -0.162E+00      0.598E+00
      0.132E-01      0.135E+01      0.100E+01      0.242E+10     -0.162E+00      0.599E+00
      0.138E-01      0.135E+01      0.100E+01      0.242E+10     -0.162E+00      0.598E+00
      0.144E-01      0.134E+01      0.991E+00      0.242E+10     -0.162E+00      0.597E+00
      0.151E-01      0.134E+01      0.994E+00      0.241E+10     -0.162E+00      0.597E+00
      0.159E-01      0.135E+01      0.997E+00      0.241E+10     -0.161E+00      0.596E+00
      0.166E-01      0.135E+01      0.996E+00      0.241E+10     -0.161E+00      0.596E+00
      0.174E-01      0.135E+01      0.998E+00      0.241E+10     -0.161E+00      0.595E+00
      0.182E-01      0.136E+01      0.100E+01      0.241E+10     -0.160E+00      0.594E+00
      0.191E-01      0.136E+01      0.999E+00      0.241E+10     -0.161E+00      0.594E+00
      0.200E-01      0.135E+01      0.994E+00      0.241E+10     -0.160E+00      0.592E+00
      0.209E-01      0.135E+01      0.992E+00      0.241E+10     -0.160E+00      0.592E+00
      0.219E-01      0.135E+01      0.992E+00      0.241E+10     -0.160E+00      0.591E+00
      0.229E-01      0.136E+01      0.994E+00      0.241E+10     -0.160E+00      0.591E+00
      0.240E-01      0.136E+01      0.994E+00      0.240E+10     -0.159E+00      0.590E+00
      0.251E-01      0.136E+01      0.995E+00      0.240E+10     -0.159E+00      0.589E+00
      0.263E-01      0.136E+01      0.994E+00      0.240E+10     -0.159E+00      0.588E+00
      0.275E-01      0.136E+01      0.991E+00      0.240E+10     -0.158E+00      0.587E+00
      0.290E-01      0.136E+01      0.991E+00      0.240E+10     -0.158E+00      0.587E+00
      0.300E-01      0.137E+01      0.991E+00      0.240E+10     -0.158E+00      0.585E+00
      0.310E-01      0.137E+01      0.991E+00      0.240E+10     -0.158E+00      0.585E+00
      0.320E-01      0.137E+01      0.991E+00      0.240E+10     -0.157E+00      0.583E+00
      0.330E-01      0.137E+01      0.990E+00      0.239E+10     -0.157E+00      0.583E+00
      0.340E-01      0.137E+01      0.990E+00      0.239E+10     -0.157E+00      0.582E+00
      0.350E-01      0.137E+01      0.989E+00      0.239E+10     -0.157E+00      0.581E+00
      0.360E-01      0.137E+01      0.989E+00      0.239E+10     -0.157E+00      0.581E+00
      0.370E-01      0.138E+01      0.988E+00      0.239E+10     -0.156E+00      0.579E+00
      0.380E-01      0.138E+01      0.988E+00      0.239E+10     -0.156E+00      0.579E+00
      0.390E-01      0.138E+01      0.988E+00      0.239E+10     -0.156E+00      0.578E+00
      0.400E-01      0.138E+01      0.987E+00      0.239E+10     -0.156E+00      0.577E+00
      0.425E-01      0.138E+01      0.986E+00      0.238E+10     -0.155E+00      0.574E+00
      0.450E-01      0.139E+01      0.986E+00      0.238E+10     -0.155E+00      0.573E+00
      0.475E-01      0.139E+01      0.985E+00      0.238E+10     -0.154E+00      0.570E+00
      0.500E-01      0.140E+01      0.984E+00      0.238E+10     -0.154E+00      0.566E+00
      0.525E-01      0.141E+01      0.983E+00      0.237E+10     -0.154E+00      0.561E+00
      0.550E-01      0.142E+01      0.982E+00      0.237E+10     -0.153E+00      0.558E+00
      0.571E-01      0.143E+01      0.982E+00      0.237E+10     -0.153E+00      0.555E+00
      0.640E-01      0.145E+01      0.982E+00      0.236E+10     -0.153E+00      0.545E+00
      0.719E-01      0.148E+01      0.981E+00      0.235E+10     -0.152E+00      0.535E+00
      0.806E-01      0.151E+01      0.983E+00      0.235E+10     -0.152E+00      0.525E+00
      0.905E-01      0.154E+01      0.986E+00      0.233E+10     -0.151E+00      0.515E+00
      0.102E+00      0.158E+01      0.992E+00      0.232E+10     -0.150E+00      0.505E+00
      0.114E+00      0.162E+01      0.996E+00      0.231E+10     -0.149E+00      0.495E+00
      0.128E+00      0.167E+01      0.100E+01      0.229E+10     -0.149E+00      0.488E+00
      0.143E+00      0.171E+01      0.987E+00      0.227E+10     -0.143E+00      0.451E+00
      0.161E+00      0.176E+01      0.974E+00      0.225E+10     -0.136E+00      0.413E+00
      0.181E+00      0.182E+01      0.966E+00      0.223E+10     -0.129E+00      0.373E+00
      0.203E+00      0.189E+01      0.966E+00      0.220E+10     -0.121E+00      0.334E+00
      0.227E+00      0.196E+01      0.977E+00      0.217E+10     -0.114E+00      0.295E+00
      0.255E+00      0.205E+01      0.994E+00      0.213E+10     -0.107E+00      0.259E+00
      0.286E+00      0.215E+01      0.102E+01      0.209E+10     -0.990E-01      0.222E+00
      0.321E+00      0.214E+01      0.101E+01      0.204E+10     -0.960E-01      0.201E+00
      0.360E+00      0.206E+01      0.974E+00      0.198E+10     -0.949E-01      0.191E+00
      0.404E+00      0.198E+01      0.954E+00      0.192E+10     -0.100E+00      0.196E+00
      0.453E+00      0.190E+01      0.935E+00      0.185E+10     -0.114E+00      0.211E+00
      0.509E+00      0.180E+01      0.921E+00      0.179E+10     -0.131E+00      0.235E+00
      0.571E+00      0.172E+01      0.883E+00      0.171E+10     -0.148E+00      0.236E+00
      0.641E+00      0.169E+01      0.854E+00      0.164E+10     -0.165E+00      0.233E+00
      0.719E+00      0.165E+01      0.871E+00      0.155E+10     -0.183E+00      0.232E+00
      0.806E+00      0.162E+01      0.936E+00      0.146E+10     -0.203E+00      0.248E+00
      0.905E+00      0.141E+01      0.842E+00      0.136E+10     -0.186E+00      0.284E+00
      0.102E+01      0.116E+01      0.796E+00      0.126E+10     -0.160E+00      0.346E+00
      0.114E+01      0.118E+01      0.763E+00      0.117E+10     -0.150E+00      0.331E+00
      0.128E+01      0.129E+01      0.757E+00      0.107E+10     -0.150E+00      0.286E+00
      0.143E+01      0.124E+01      0.735E+00      0.949E+09     -0.164E+00      0.286E+00
      0.161E+01      0.119E+01      0.677E+00      0.818E+09     -0.185E+00      0.279E+00
      0.168E+01      0.119E+01      0.673E+00      0.725E+09     -0.203E+00      0.294E+00
      0.170E+01      0.119E+01      0.673E+00      0.691E+09     -0.208E+00      0.300E+00
      0.180E+01      0.116E+01      0.636E+00      0.646E+09     -0.234E+00      0.312E+00
      0.190E+01      0.107E+01      0.559E+00      0.573E+09     -0.241E+00      0.328E+00
      0.200E+01      0.979E+00      0.492E+00      0.507E+09     -0.233E+00      0.314E+00
      0.210E+01      0.927E+00      0.458E+00      0.446E+09     -0.203E+00      0.276E+00
      0.220E+01      0.869E+00      0.465E+00      0.388E+09     -0.180E+00      0.275E+00
      0.230E+01      0.795E+00      0.449E+00      0.335E+09     -0.176E+00      0.285E+00
      0.240E+01      0.744E+00      0.403E+00      0.286E+09     -0.236E+00      0.309E+00
      0.250E+01      0.688E+00      0.390E+00      0.240E+09     -0.300E+00      0.351E+00
      0.260E+01      0.622E+00      0.385E+00      0.199E+09     -0.295E+00      0.328E+00
      0.275E+01      0.463E+00      0.391E+00      0.151E+09     -0.180E+00      0.327E+00
      0.300E+01      0.443E+00      0.413E+00      0.951E+08     -0.127E+00      0.277E+00
      0.325E+01      0.131E+00      0.143E+00      0.283E+08     -0.316E+00      0.590E+00
      0.350E+01      0.450E-01      0.881E-01      0.871E+07     -0.314E+00      0.116E+01
      0.375E+01      0.562E-02      0.399E-01      0.204E+07     -0.471E+00      0.447E+01
      0.400E+01      0.690E-02      0.423E-01      0.122E+07     -0.846E+00      0.684E+01
      0.425E+01      0.135E-02      0.121E-01      0.214E+06     -0.556E+00      0.614E+01
      0.450E+01      0.119E-03      0.161E-02      0.172E+05     -0.402E+00      0.788E+01
      0.475E+01      0.164E-22      0.308E-13      0.231E-14     -0.420E+01       Infinity
      0.500E+01      0.000E+00      0.000E+00      0.000E+00     -0.990E+02     -0.990E+02
      0.525E+01      0.000E+00      0.000E+00      0.000E+00     -0.990E+02     -0.990E+02
      0.550E+01      0.000E+00      0.000E+00      0.000E+00     -0.990E+02     -0.990E+02
      0.575E+01      0.000E+00      0.000E+00      0.000E+00     -0.990E+02     -0.990E+02
      0.600E+01      0.000E+00      0.000E+00      0.000E+00     -0.990E+02     -0.990E+02
      0.625E+01      0.000E+00      0.000E+00      0.000E+00     -0.990E+02     -0.990E+02
      0.650E+01      0.000E+00      0.000E+00      0.000E+00     -0.990E+02     -0.990E+02
      0.675E+01      0.000E+00      0.000E+00      0.000E+00     -0.990E+02     -0.990E+02
      0.700E+01      0.000E+00      0.000E+00      0.000E+00     -0.990E+02     -0.990E+02
      0.725E+01      0.000E+00      0.000E+00      0.000E+00     -0.990E+02     -0.990E+02
      0.750E+01      0.000E+00      0.000E+00      0.000E+00     -0.990E+02     -0.990E+02
      0.775E+01      0.000E+00      0.000E+00      0.000E+00     -0.990E+02     -0.990E+02
      0.800E+01      0.000E+00      0.000E+00      0.000E+00     -0.990E+02     -0.990E+02
      0.825E+01      0.000E+00      0.000E+00      0.000E+00     -0.990E+02     -0.990E+02
      0.850E+01      0.000E+00      0.000E+00      0.000E+00     -0.990E+02     -0.990E+02
      0.875E+01      0.000E+00      0.000E+00      0.000E+00     -0.990E+02     -0.990E+02
      0.900E+01      0.000E+00      0.000E+00      0.000E+00     -0.990E+02     -0.990E+02
      0.925E+01      0.000E+00      0.000E+00      0.000E+00     -0.990E+02     -0.990E+02
      0.950E+01      0.000E+00      0.000E+00      0.000E+00     -0.990E+02     -0.990E+02
      0.975E+01      0.000E+00      0.000E+00      0.000E+00     -0.990E+02     -0.990E+02
      0.100E+02      0.000E+00      0.000E+00      0.000E+00     -0.990E+02     -0.990E+02
      0.102E+02      0.000E+00      0.000E+00      0.000E+00     -0.990E+02     -0.990E+02
      0.105E+02      0.000E+00      0.000E+00      0.000E+00     -0.990E+02     -0.990E+02
      0.108E+02      0.000E+00      0.000E+00      0.000E+00     -0.990E+02     -0.990E+02
      0.110E+02      0.000E+00      0.000E+00      0.000E+00     -0.990E+02     -0.990E+02
      0.112E+02      0.000E+00      0.000E+00      0.000E+00     -0.990E+02     -0.990E+02
      0.115E+02      0.000E+00      0.000E+00      0.000E+00     -0.990E+02     -0.990E+02
      0.118E+02      0.000E+00      0.000E+00      0.000E+00     -0.990E+02     -0.990E+02
      0.120E+02      0.000E+00      0.000E+00      0.000E+00     -0.990E+02     -0.990E+02
      0.122E+02      0.000E+00      0.000E+00      0.000E+00     -0.990E+02     -0.990E+02
      0.125E+02      0.000E+00      0.000E+00      0.000E+00     -0.990E+02     -0.990E+02
      0.128E+02      0.000E+00      0.000E+00      0.000E+00     -0.990E+02     -0.990E+02
      0.130E+02      0.000E+00      0.000E+00      0.000E+00     -0.990E+02     -0.990E+02
      0.132E+02      0.000E+00      0.000E+00      0.000E+00     -0.990E+02     -0.990E+02
      0.135E+02      0.000E+00      0.000E+00      0.000E+00     -0.990E+02     -0.990E+02
      0.138E+02      0.000E+00      0.000E+00      0.000E+00     -0.990E+02     -0.990E+02
      0.140E+02      0.000E+00      0.000E+00      0.000E+00     -0.990E+02     -0.990E+02
      0.142E+02      0.000E+00      0.000E+00      0.000E+00     -0.990E+02     -0.990E+02
      0.145E+02      0.000E+00      0.000E+00      0.000E+00     -0.990E+02     -0.990E+02
      0.148E+02      0.000E+00      0.000E+00      0.000E+00     -0.990E+02     -0.990E+02
      0.150E+02      0.000E+00      0.000E+00      0.000E+00     -0.990E+02     -0.990E+02
      0.152E+02      0.000E+00      0.000E+00      0.000E+00     -0.990E+02     -0.990E+02
      0.155E+02      0.000E+00      0.000E+00      0.000E+00     -0.990E+02     -0.990E+02
      0.158E+02      0.000E+00      0.000E+00      0.000E+00     -0.990E+02     -0.990E+02
      0.160E+02      0.000E+00      0.000E+00      0.000E+00     -0.990E+02     -0.990E+02
      0.162E+02      0.000E+00      0.000E+00      0.000E+00     -0.990E+02     -0.990E+02
      0.165E+02      0.000E+00      0.000E+00      0.000E+00     -0.990E+02     -0.990E+02
      0.168E+02      0.000E+00      0.000E+00      0.000E+00     -0.990E+02     -0.990E+02
      0.170E+02      0.000E+00      0.000E+00      0.000E+00     -0.990E+02     -0.990E+02
      0.172E+02      0.000E+00      0.000E+00      0.000E+00     -0.990E+02     -0.990E+02
      0.175E+02      0.000E+00      0.000E+00      0.000E+00     -0.990E+02     -0.990E+02
      0.178E+02      0.000E+00      0.000E+00      0.000E+00     -0.990E+02     -0.990E+02
      0.180E+02      0.000E+00      0.000E+00      0.000E+00     -0.990E+02     -0.990E+02
      0.182E+02      0.000E+00      0.000E+00      0.000E+00     -0.990E+02     -0.990E+02
      0.185E+02      0.000E+00      0.000E+00      0.000E+00     -0.990E+02     -0.990E+02
      0.188E+02      0.000E+00      0.000E+00      0.000E+00     -0.990E+02     -0.990E+02
      0.190E+02      0.000E+00      0.000E+00      0.000E+00     -0.990E+02     -0.990E+02
      0.192E+02      0.000E+00      0.000E+00      0.000E+00     -0.990E+02     -0.990E+02
      0.195E+02      0.000E+00      0.000E+00      0.000E+00     -0.990E+02     -0.990E+02
      0.198E+02      0.000E+00      0.000E+00      0.000E+00     -0.990E+02     -0.990E+02
      0.200E+02      0.000E+00      0.000E+00      0.000E+00     -0.990E+02     -0.990E+02
