      0.000E+00      0.197E+01      0.109E+01      0.931E+09     -0.990E+02     -0.990E+02
      0.100E-03      0.197E+01      0.109E+01      0.931E+09     -0.990E+02     -0.990E+02
      0.140E-03      0.197E+01      0.109E+01      0.931E+09     -0.990E+02     -0.990E+02
      0.160E-03      0.197E+01      0.109E+01      0.931E+09     -0.990E+02     -0.990E+02
      0.180E-03      0.197E+01      0.109E+01      0.931E+09     -0.990E+02     -0.990E+02
      0.200E-03      0.197E+01      0.109E+01      0.931E+09     -0.990E+02     -0.990E+02
      0.220E-03      0.197E+01      0.109E+01      0.931E+09     -0.990E+02     -0.990E+02
      0.250E-03      0.197E+01      0.109E+01      0.931E+09     -0.990E+02     -0.990E+02
      0.280E-03      0.197E+01      0.109E+01      0.931E+09     -0.990E+02     -0.990E+02
      0.320E-03      0.197E+01      0.109E+01      0.931E+09     -0.990E+02     -0.990E+02
      0.350E-03      0.197E+01      0.109E+01      0.931E+09     -0.990E+02     -0.990E+02
      0.400E-03      0.197E+01      0.109E+01      0.931E+09     -0.990E+02     -0.990E+02
      0.450E-03      0.197E+01      0.109E+01      0.931E+09     -0.990E+02     -0.990E+02
      0.500E-03      0.197E+01      0.109E+01      0.931E+09     -0.990E+02     -0.990E+02
      0.560E-03      0.197E+01      0.109E+01      0.931E+09     -0.990E+02     -0.990E+02
      0.630E-03      0.197E+01      0.109E+01      0.931E+09     -0.990E+02     -0.990E+02
      0.710E-03      0.197E+01      0.109E+01      0.931E+09     -0.990E+02     -0.990E+02
      0.790E-03      0.197E+01      0.109E+01      0.931E+09     -0.990E+02     -0.990E+02
      0.890E-03      0.197E+01      0.109E+01      0.931E+09     -0.990E+02     -0.990E+02
      0.100E-02      0.197E+01      0.109E+01      0.931E+09     -0.990E+02     -0.990E+02
      0.105E-02      0.197E+01      0.109E+01      0.931E+09     -0.990E+02     -0.990E+02
      0.110E-02      0.197E+01      0.109E+01      0.931E+09     -0.990E+02     -0.990E+02
      0.115E-02      0.197E+01      0.109E+01      0.931E+09     -0.990E+02     -0.990E+02
      0.120E-02      0.197E+01      0.109E+01      0.931E+09     -0.990E+02     -0.990E+02
      0.126E-02      0.197E+01      0.109E+01      0.931E+09     -0.990E+02     -0.990E+02
      0.132E-02      0.197E+01      0.109E+01      0.931E+09     -0.990E+02     -0.990E+02
      0.138E-02      0.197E+01      0.109E+01      0.931E+09     -0.990E+02     -0.990E+02
      0.145E-02      0.197E+01      0.109E+01      0.931E+09     -0.990E+02     -0.990E+02
      0.151E-02      0.197E+01      0.109E+01      0.931E+09     -0.990E+02     -0.990E+02
      0.158E-02      0.197E+01      0.109E+01      0.931E+09     -0.990E+02     -0.990E+02
      0.166E-02      0.197E+01      0.109E+01      0.931E+09     -0.990E+02     -0.990E+02
      0.174E-02      0.197E+01      0.109E+01      0.931E+09     -0.990E+02     -0.990E+02
      0.182E-02      0.197E+01      0.109E+01      0.931E+09     -0.990E+02     -0.990E+02
      0.191E-02      0.197E+01      0.109E+01      0.931E+09     -0.990E+02     -0.990E+02
      0.200E-02      0.197E+01      0.109E+01      0.931E+09     -0.990E+02     -0.990E+02
      0.209E-02      0.197E+01      0.109E+01      0.931E+09     -0.990E+02     -0.990E+02
      0.219E-02      0.197E+01      0.109E+01      0.931E+09     -0.990E+02     -0.990E+02
      0.229E-02      0.197E+01      0.109E+01      0.931E+09     -0.990E+02     -0.990E+02
      0.240E-02      0.197E+01      0.109E+01      0.931E+09     -0.990E+02     -0.990E+02
      0.251E-02      0.197E+01      0.109E+01      0.931E+09     -0.990E+02     -0.990E+02
      0.263E-02      0.197E+01      0.109E+01      0.931E+09     -0.990E+02     -0.990E+02
      0.275E-02      0.197E+01      0.109E+01      0.931E+09     -0.990E+02     -0.990E+02
      0.288E-02      0.197E+01      0.109E+01      0.931E+09     -0.990E+02     -0.990E+02
      0.302E-02      0.197E+01      0.109E+01      0.931E+09     -0.990E+02     -0.990E+02
      0.316E-02      0.197E+01      0.109E+01      0.931E+09     -0.990E+02     -0.990E+02
      0.331E-02      0.197E+01      0.109E+01      0.931E+09     -0.990E+02     -0.990E+02
      0.347E-02      0.197E+01      0.109E+01      0.931E+09     -0.990E+02     -0.990E+02
      0.363E-02      0.197E+01      0.109E+01      0.931E+09     -0.990E+02     -0.990E+02
      0.380E-02      0.197E+01      0.109E+01      0.931E+09     -0.990E+02     -0.990E+02
      0.398E-02      0.197E+01      0.109E+01      0.931E+09     -0.990E+02     -0.990E+02
      0.417E-02      0.197E+01      0.109E+01      0.931E+09     -0.990E+02     -0.990E+02
      0.437E-02      0.197E+01      0.109E+01      0.931E+09     -0.990E+02     -0.990E+02
      0.457E-02      0.197E+01      0.109E+01      0.931E+09     -0.990E+02     -0.990E+02
      0.479E-02      0.197E+01      0.109E+01      0.931E+09     -0.990E+02     -0.990E+02
      0.501E-02      0.197E+01      0.109E+01      0.931E+09     -0.990E+02     -0.990E+02
      0.525E-02      0.197E+01      0.109E+01      0.931E+09     -0.990E+02     -0.990E+02
      0.550E-02      0.197E+01      0.109E+01      0.931E+09     -0.990E+02     -0.990E+02
      0.575E-02      0.197E+01      0.109E+01      0.931E+09     -0.990E+02     -0.990E+02
      0.603E-02      0.197E+01      0.109E+01      0.931E+09     -0.990E+02     -0.990E+02
      0.631E-02      0.197E+01      0.109E+01      0.931E+09     -0.990E+02     -0.990E+02
      0.661E-02      0.197E+01      0.109E+01      0.931E+09     -0.990E+02     -0.990E+02
      0.692E-02      0.197E+01      0.109E+01      0.931E+09     -0.990E+02     -0.990E+02
      0.724E-02      0.197E+01      0.109E+01      0.931E+09     -0.990E+02     -0.990E+02
      0.759E-02      0.197E+01      0.109E+01      0.931E+09     -0.990E+02     -0.990E+02
      0.794E-02      0.197E+01      0.109E+01      0.931E+09     -0.990E+02     -0.990E+02
      0.832E-02      0.197E+01      0.109E+01      0.931E+09     -0.990E+02     -0.990E+02
      0.871E-02      0.197E+01      0.109E+01      0.931E+09     -0.990E+02     -0.990E+02
      0.912E-02      0.197E+01      0.109E+01      0.931E+09     -0.990E+02     -0.990E+02
      0.955E-02      0.197E+01      0.109E+01      0.931E+09     -0.990E+02     -0.990E+02
      0.100E-01      0.197E+01      0.109E+01      0.931E+09     -0.130E+01      0.888E+00
      0.105E-01      0.275E+01      0.128E+01      0.910E+09     -0.130E+01      0.888E+00
      0.110E-01      0.274E+01      0.127E+01      0.909E+09     -0.130E+01      0.889E+00
      0.115E-01      0.273E+01      0.127E+01      0.908E+09     -0.130E+01      0.889E+00
      0.120E-01      0.273E+01      0.126E+01      0.907E+09     -0.130E+01      0.889E+00
      0.126E-01      0.273E+01      0.127E+01      0.905E+09     -0.130E+01      0.889E+00
      0.132E-01      0.274E+01      0.127E+01      0.904E+09     -0.130E+01      0.889E+00
      0.138E-01      0.274E+01      0.127E+01      0.902E+09     -0.130E+01      0.890E+00
      0.144E-01      0.272E+01      0.126E+01      0.901E+09     -0.130E+01      0.890E+00
      0.151E-01      0.272E+01      0.126E+01      0.899E+09     -0.130E+01      0.890E+00
      0.159E-01      0.273E+01      0.126E+01      0.898E+09     -0.130E+01      0.890E+00
      0.166E-01      0.272E+01      0.126E+01      0.896E+09     -0.130E+01      0.891E+00
      0.174E-01      0.273E+01      0.126E+01      0.894E+09     -0.130E+01      0.891E+00
      0.182E-01      0.274E+01      0.127E+01      0.892E+09     -0.130E+01      0.892E+00
      0.191E-01      0.273E+01      0.126E+01      0.890E+09     -0.131E+01      0.892E+00
      0.200E-01      0.272E+01      0.126E+01      0.888E+09     -0.131E+01      0.893E+00
      0.209E-01      0.271E+01      0.125E+01      0.886E+09     -0.131E+01      0.893E+00
      0.219E-01      0.271E+01      0.125E+01      0.884E+09     -0.131E+01      0.894E+00
      0.229E-01      0.272E+01      0.126E+01      0.882E+09     -0.131E+01      0.894E+00
      0.240E-01      0.272E+01      0.125E+01      0.879E+09     -0.131E+01      0.895E+00
      0.251E-01      0.272E+01      0.126E+01      0.877E+09     -0.131E+01      0.896E+00
      0.263E-01      0.272E+01      0.125E+01      0.874E+09     -0.131E+01      0.897E+00
      0.275E-01      0.271E+01      0.125E+01      0.871E+09     -0.131E+01      0.898E+00
      0.290E-01      0.271E+01      0.125E+01      0.868E+09     -0.131E+01      0.899E+00
      0.300E-01      0.271E+01      0.125E+01      0.866E+09     -0.131E+01      0.899E+00
      0.310E-01      0.271E+01      0.125E+01      0.863E+09     -0.132E+01      0.900E+00
      0.320E-01      0.271E+01      0.125E+01      0.861E+09     -0.132E+01      0.901E+00
      0.330E-01      0.270E+01      0.125E+01      0.859E+09     -0.132E+01      0.902E+00
      0.340E-01      0.270E+01      0.125E+01      0.857E+09     -0.132E+01      0.903E+00
      0.350E-01      0.270E+01      0.125E+01      0.855E+09     -0.132E+01      0.904E+00
      0.360E-01      0.270E+01      0.125E+01      0.852E+09     -0.132E+01      0.905E+00
      0.370E-01      0.270E+01      0.125E+01      0.850E+09     -0.132E+01      0.906E+00
      0.380E-01      0.270E+01      0.125E+01      0.848E+09     -0.132E+01      0.907E+00
      0.390E-01      0.270E+01      0.125E+01      0.846E+09     -0.132E+01      0.908E+00
      0.400E-01      0.269E+01      0.125E+01      0.844E+09     -0.132E+01      0.909E+00
      0.425E-01      0.269E+01      0.125E+01      0.840E+09     -0.133E+01      0.913E+00
      0.450E-01      0.269E+01      0.125E+01      0.834E+09     -0.133E+01      0.916E+00
      0.475E-01      0.268E+01      0.125E+01      0.829E+09     -0.133E+01      0.919E+00
      0.500E-01      0.268E+01      0.125E+01      0.824E+09     -0.133E+01      0.922E+00
      0.525E-01      0.268E+01      0.125E+01      0.818E+09     -0.133E+01      0.926E+00
      0.550E-01      0.267E+01      0.125E+01      0.813E+09     -0.134E+01      0.930E+00
      0.571E-01      0.267E+01      0.125E+01      0.808E+09     -0.134E+01      0.934E+00
      0.640E-01      0.266E+01      0.126E+01      0.799E+09     -0.134E+01      0.946E+00
      0.719E-01      0.265E+01      0.127E+01      0.783E+09     -0.135E+01      0.961E+00
      0.806E-01      0.264E+01      0.127E+01      0.766E+09     -0.136E+01      0.978E+00
      0.905E-01      0.262E+01      0.128E+01      0.747E+09     -0.138E+01      0.100E+01
      0.102E+00      0.260E+01      0.130E+01      0.726E+09     -0.139E+01      0.103E+01
      0.114E+00      0.257E+01      0.132E+01      0.703E+09     -0.141E+01      0.107E+01
      0.128E+00      0.253E+01      0.133E+01      0.677E+09     -0.143E+01      0.110E+01
      0.143E+00      0.246E+01      0.127E+01      0.649E+09     -0.145E+01      0.108E+01
      0.161E+00      0.238E+01      0.120E+01      0.619E+09     -0.147E+01      0.107E+01
      0.181E+00      0.229E+01      0.113E+01      0.586E+09     -0.149E+01      0.106E+01
      0.203E+00      0.219E+01      0.105E+01      0.551E+09     -0.153E+01      0.104E+01
      0.227E+00      0.207E+01      0.965E+00      0.514E+09     -0.156E+01      0.104E+01
      0.255E+00      0.195E+01      0.879E+00      0.475E+09     -0.161E+01      0.103E+01
      0.286E+00      0.182E+01      0.795E+00      0.434E+09     -0.166E+01      0.105E+01
      0.321E+00      0.168E+01      0.724E+00      0.391E+09     -0.174E+01      0.110E+01
      0.360E+00      0.144E+01      0.648E+00      0.348E+09     -0.177E+01      0.115E+01
      0.404E+00      0.122E+01      0.563E+00      0.307E+09     -0.175E+01      0.114E+01
      0.453E+00      0.101E+01      0.459E+00      0.267E+09     -0.167E+01      0.107E+01
      0.509E+00      0.781E+00      0.372E+00      0.231E+09     -0.154E+01      0.984E+00
      0.571E+00      0.543E+00      0.339E+00      0.200E+09     -0.124E+01      0.104E+01
      0.641E+00      0.441E+00      0.351E+00      0.176E+09     -0.106E+01      0.120E+01
      0.719E+00      0.433E+00      0.357E+00      0.154E+09     -0.106E+01      0.126E+01
      0.806E+00      0.362E+00      0.300E+00      0.131E+09     -0.103E+01      0.123E+01
      0.905E+00      0.285E+00      0.246E+00      0.108E+09     -0.994E+00      0.122E+01
      0.102E+01      0.264E+00      0.208E+00      0.891E+08     -0.104E+01      0.111E+01
      0.114E+01      0.326E+00      0.228E+00      0.691E+08     -0.119E+01      0.111E+01
      0.128E+01      0.278E+00      0.191E+00      0.416E+08     -0.131E+01      0.123E+01
      0.143E+01      0.104E+00      0.854E-01      0.157E+08     -0.183E+01      0.245E+01
      0.161E+01      0.277E-01      0.493E-01      0.496E+07     -0.239E+01      0.584E+01
      0.168E+01      0.163E-01      0.403E-01      0.286E+07     -0.183E+01      0.553E+01
      0.170E+01      0.137E-01      0.378E-01      0.240E+07     -0.148E+01      0.493E+01
      0.180E+01      0.822E-02      0.289E-01      0.189E+07     -0.542E+00      0.321E+01
      0.190E+01      0.625E-02      0.229E-01      0.137E+07     -0.405E+00      0.283E+01
      0.200E+01      0.492E-02      0.178E-01      0.984E+06     -0.329E+00      0.252E+01
      0.210E+01      0.420E-02      0.149E-01      0.678E+06     -0.345E+00      0.237E+01
      0.220E+01      0.320E-02      0.123E-01      0.418E+06     -0.352E+00      0.261E+01
      0.230E+01      0.195E-02      0.757E-02      0.222E+06     -0.388E+00      0.317E+01
      0.240E+01      0.737E-03      0.478E-02      0.103E+06     -0.586E+00      0.689E+01
      0.250E+01      0.454E-03      0.380E-02      0.579E+05     -0.603E+00      0.873E+01
      0.260E+01      0.247E-03      0.278E-02      0.305E+05     -0.846E+00      0.148E+02
      0.275E+01      0.998E-04      0.228E-02      0.120E+05     -0.137E+01      0.407E+02
      0.300E+01      0.569E-06      0.242E-03      0.136E+03     -0.376E+00      0.199E+03
      0.325E+01      0.344E-06      0.105E-03      0.509E+02     -0.684E+00      0.274E+03
      0.350E+01      0.878E-16      0.629E-09      0.128E-07     -0.996E+00      0.913E+07
      0.375E+01      0.000E+00      0.000E+00      0.000E+00     -0.990E+02     -0.990E+02
      0.400E+01      0.000E+00      0.000E+00      0.000E+00     -0.990E+02     -0.990E+02
      0.425E+01      0.000E+00      0.000E+00      0.000E+00     -0.990E+02     -0.990E+02
      0.450E+01      0.000E+00      0.000E+00      0.000E+00     -0.990E+02     -0.990E+02
      0.475E+01      0.000E+00      0.000E+00      0.000E+00     -0.990E+02     -0.990E+02
      0.500E+01      0.000E+00      0.000E+00      0.000E+00     -0.990E+02     -0.990E+02
      0.525E+01      0.000E+00      0.000E+00      0.000E+00     -0.990E+02     -0.990E+02
      0.550E+01      0.000E+00      0.000E+00      0.000E+00     -0.990E+02     -0.990E+02
      0.575E+01      0.000E+00      0.000E+00      0.000E+00     -0.990E+02     -0.990E+02
      0.600E+01      0.000E+00      0.000E+00      0.000E+00     -0.990E+02     -0.990E+02
      0.625E+01      0.000E+00      0.000E+00      0.000E+00     -0.990E+02     -0.990E+02
      0.650E+01      0.000E+00      0.000E+00      0.000E+00     -0.990E+02     -0.990E+02
      0.675E+01      0.000E+00      0.000E+00      0.000E+00     -0.990E+02     -0.990E+02
      0.700E+01      0.000E+00      0.000E+00      0.000E+00     -0.990E+02     -0.990E+02
      0.725E+01      0.000E+00      0.000E+00      0.000E+00     -0.990E+02     -0.990E+02
      0.750E+01      0.000E+00      0.000E+00      0.000E+00     -0.990E+02     -0.990E+02
      0.775E+01      0.000E+00      0.000E+00      0.000E+00     -0.990E+02     -0.990E+02
      0.800E+01      0.000E+00      0.000E+00      0.000E+00     -0.990E+02     -0.990E+02
      0.825E+01      0.000E+00      0.000E+00      0.000E+00     -0.990E+02     -0.990E+02
      0.850E+01      0.000E+00      0.000E+00      0.000E+00     -0.990E+02     -0.990E+02
      0.875E+01      0.000E+00      0.000E+00      0.000E+00     -0.990E+02     -0.990E+02
      0.900E+01      0.000E+00      0.000E+00      0.000E+00     -0.990E+02     -0.990E+02
      0.925E+01      0.000E+00      0.000E+00      0.000E+00     -0.990E+02     -0.990E+02
      0.950E+01      0.000E+00      0.000E+00      0.000E+00     -0.990E+02     -0.990E+02
      0.975E+01      0.000E+00      0.000E+00      0.000E+00     -0.990E+02     -0.990E+02
      0.100E+02      0.000E+00      0.000E+00      0.000E+00     -0.990E+02     -0.990E+02
      0.102E+02      0.000E+00      0.000E+00      0.000E+00     -0.990E+02     -0.990E+02
      0.105E+02      0.000E+00      0.000E+00      0.000E+00     -0.990E+02     -0.990E+02
      0.108E+02      0.000E+00      0.000E+00      0.000E+00     -0.990E+02     -0.990E+02
      0.110E+02      0.000E+00      0.000E+00      0.000E+00     -0.990E+02     -0.990E+02
      0.112E+02      0.000E+00      0.000E+00      0.000E+00     -0.990E+02     -0.990E+02
      0.115E+02      0.000E+00      0.000E+00      0.000E+00     -0.990E+02     -0.990E+02
      0.118E+02      0.000E+00      0.000E+00      0.000E+00     -0.990E+02     -0.990E+02
      0.120E+02      0.000E+00      0.000E+00      0.000E+00     -0.990E+02     -0.990E+02
      0.122E+02      0.000E+00      0.000E+00      0.000E+00     -0.990E+02     -0.990E+02
      0.125E+02      0.000E+00      0.000E+00      0.000E+00     -0.990E+02     -0.990E+02
      0.128E+02      0.000E+00      0.000E+00      0.000E+00     -0.990E+02     -0.990E+02
      0.130E+02      0.000E+00      0.000E+00      0.000E+00     -0.990E+02     -0.990E+02
      0.132E+02      0.000E+00      0.000E+00      0.000E+00     -0.990E+02     -0.990E+02
      0.135E+02      0.000E+00      0.000E+00      0.000E+00     -0.990E+02     -0.990E+02
      0.138E+02      0.000E+00      0.000E+00      0.000E+00     -0.990E+02     -0.990E+02
      0.140E+02      0.000E+00      0.000E+00      0.000E+00     -0.990E+02     -0.990E+02
      0.142E+02      0.000E+00      0.000E+00      0.000E+00     -0.990E+02     -0.990E+02
      0.145E+02      0.000E+00      0.000E+00      0.000E+00     -0.990E+02     -0.990E+02
      0.148E+02      0.000E+00      0.000E+00      0.000E+00     -0.990E+02     -0.990E+02
      0.150E+02      0.000E+00      0.000E+00      0.000E+00     -0.990E+02     -0.990E+02
      0.152E+02      0.000E+00      0.000E+00      0.000E+00     -0.990E+02     -0.990E+02
      0.155E+02      0.000E+00      0.000E+00      0.000E+00     -0.990E+02     -0.990E+02
      0.158E+02      0.000E+00      0.000E+00      0.000E+00     -0.990E+02     -0.990E+02
      0.160E+02      0.000E+00      0.000E+00      0.000E+00     -0.990E+02     -0.990E+02
      0.162E+02      0.000E+00      0.000E+00      0.000E+00     -0.990E+02     -0.990E+02
      0.165E+02      0.000E+00      0.000E+00      0.000E+00     -0.990E+02     -0.990E+02
      0.168E+02      0.000E+00      0.000E+00      0.000E+00     -0.990E+02     -0.990E+02
      0.170E+02      0.000E+00      0.000E+00      0.000E+00     -0.990E+02     -0.990E+02
      0.172E+02      0.000E+00      0.000E+00      0.000E+00     -0.990E+02     -0.990E+02
      0.175E+02      0.000E+00      0.000E+00      0.000E+00     -0.990E+02     -0.990E+02
      0.178E+02      0.000E+00      0.000E+00      0.000E+00     -0.990E+02     -0.990E+02
      0.180E+02      0.000E+00      0.000E+00      0.000E+00     -0.990E+02     -0.990E+02
      0.182E+02      0.000E+00      0.000E+00      0.000E+00     -0.990E+02     -0.990E+02
      0.185E+02      0.000E+00      0.000E+00      0.000E+00     -0.990E+02     -0.990E+02
      0.188E+02      0.000E+00      0.000E+00      0.000E+00     -0.990E+02     -0.990E+02
      0.190E+02      0.000E+00      0.000E+00      0.000E+00     -0.990E+02     -0.990E+02
      0.192E+02      0.000E+00      0.000E+00      0.000E+00     -0.990E+02     -0.990E+02
      0.195E+02      0.000E+00      0.000E+00      0.000E+00     -0.990E+02     -0.990E+02
      0.198E+02      0.000E+00      0.000E+00      0.000E+00     -0.990E+02     -0.990E+02
      0.200E+02      0.000E+00      0.000E+00      0.000E+00     -0.990E+02     -0.990E+02
