      0.000E+00      0.135E+01      0.483E-01      0.846E+09     -0.990E+02     -0.990E+02
      0.100E-03      0.135E+01      0.483E-01      0.846E+09     -0.990E+02     -0.990E+02
      0.140E-03      0.135E+01      0.483E-01      0.846E+09     -0.990E+02     -0.990E+02
      0.160E-03      0.135E+01      0.483E-01      0.846E+09     -0.990E+02     -0.990E+02
      0.180E-03      0.135E+01      0.483E-01      0.846E+09     -0.990E+02     -0.990E+02
      0.200E-03      0.135E+01      0.483E-01      0.846E+09     -0.990E+02     -0.990E+02
      0.220E-03      0.135E+01      0.483E-01      0.846E+09     -0.990E+02     -0.990E+02
      0.250E-03      0.135E+01      0.483E-01      0.846E+09     -0.990E+02     -0.990E+02
      0.280E-03      0.135E+01      0.483E-01      0.846E+09     -0.990E+02     -0.990E+02
      0.320E-03      0.135E+01      0.483E-01      0.846E+09     -0.990E+02     -0.990E+02
      0.350E-03      0.135E+01      0.483E-01      0.846E+09     -0.990E+02     -0.990E+02
      0.400E-03      0.135E+01      0.483E-01      0.846E+09     -0.990E+02     -0.990E+02
      0.450E-03      0.135E+01      0.483E-01      0.846E+09     -0.990E+02     -0.990E+02
      0.500E-03      0.135E+01      0.483E-01      0.846E+09     -0.990E+02     -0.990E+02
      0.560E-03      0.135E+01      0.483E-01      0.846E+09     -0.990E+02     -0.990E+02
      0.630E-03      0.135E+01      0.483E-01      0.846E+09     -0.990E+02     -0.990E+02
      0.710E-03      0.135E+01      0.483E-01      0.846E+09     -0.990E+02     -0.990E+02
      0.790E-03      0.135E+01      0.483E-01      0.846E+09     -0.990E+02     -0.990E+02
      0.890E-03      0.135E+01      0.483E-01      0.846E+09     -0.990E+02     -0.990E+02
      0.100E-02      0.135E+01      0.483E-01      0.846E+09     -0.990E+02     -0.990E+02
      0.105E-02      0.135E+01      0.483E-01      0.846E+09     -0.990E+02     -0.990E+02
      0.110E-02      0.135E+01      0.483E-01      0.846E+09     -0.990E+02     -0.990E+02
      0.115E-02      0.135E+01      0.483E-01      0.846E+09     -0.990E+02     -0.990E+02
      0.120E-02      0.135E+01      0.483E-01      0.846E+09     -0.990E+02     -0.990E+02
      0.126E-02      0.135E+01      0.483E-01      0.846E+09     -0.990E+02     -0.990E+02
      0.132E-02      0.135E+01      0.483E-01      0.846E+09     -0.990E+02     -0.990E+02
      0.138E-02      0.135E+01      0.483E-01      0.846E+09     -0.990E+02     -0.990E+02
      0.145E-02      0.135E+01      0.483E-01      0.846E+09     -0.990E+02     -0.990E+02
      0.151E-02      0.135E+01      0.483E-01      0.846E+09     -0.990E+02     -0.990E+02
      0.158E-02      0.135E+01      0.483E-01      0.846E+09     -0.990E+02     -0.990E+02
      0.166E-02      0.135E+01      0.483E-01      0.846E+09     -0.990E+02     -0.990E+02
      0.174E-02      0.135E+01      0.483E-01      0.846E+09     -0.990E+02     -0.990E+02
      0.182E-02      0.135E+01      0.483E-01      0.846E+09     -0.990E+02     -0.990E+02
      0.191E-02      0.135E+01      0.483E-01      0.846E+09     -0.990E+02     -0.990E+02
      0.200E-02      0.135E+01      0.483E-01      0.846E+09     -0.990E+02     -0.990E+02
      0.209E-02      0.135E+01      0.483E-01      0.846E+09     -0.990E+02     -0.990E+02
      0.219E-02      0.135E+01      0.483E-01      0.846E+09     -0.990E+02     -0.990E+02
      0.229E-02      0.135E+01      0.483E-01      0.846E+09     -0.990E+02     -0.990E+02
      0.240E-02      0.135E+01      0.483E-01      0.846E+09     -0.990E+02     -0.990E+02
      0.251E-02      0.135E+01      0.483E-01      0.846E+09     -0.990E+02     -0.990E+02
      0.263E-02      0.135E+01      0.483E-01      0.846E+09     -0.990E+02     -0.990E+02
      0.275E-02      0.135E+01      0.483E-01      0.846E+09     -0.990E+02     -0.990E+02
      0.288E-02      0.135E+01      0.483E-01      0.846E+09     -0.990E+02     -0.990E+02
      0.302E-02      0.135E+01      0.483E-01      0.846E+09     -0.990E+02     -0.990E+02
      0.316E-02      0.135E+01      0.483E-01      0.846E+09     -0.990E+02     -0.990E+02
      0.331E-02      0.135E+01      0.483E-01      0.846E+09     -0.990E+02     -0.990E+02
      0.347E-02      0.135E+01      0.483E-01      0.846E+09     -0.990E+02     -0.990E+02
      0.363E-02      0.135E+01      0.483E-01      0.846E+09     -0.990E+02     -0.990E+02
      0.380E-02      0.135E+01      0.483E-01      0.846E+09     -0.990E+02     -0.990E+02
      0.398E-02      0.135E+01      0.483E-01      0.846E+09     -0.990E+02     -0.990E+02
      0.417E-02      0.135E+01      0.483E-01      0.846E+09     -0.990E+02     -0.990E+02
      0.437E-02      0.135E+01      0.483E-01      0.846E+09     -0.990E+02     -0.990E+02
      0.457E-02      0.135E+01      0.483E-01      0.846E+09     -0.990E+02     -0.990E+02
      0.479E-02      0.135E+01      0.483E-01      0.846E+09     -0.990E+02     -0.990E+02
      0.501E-02      0.135E+01      0.483E-01      0.846E+09     -0.990E+02     -0.990E+02
      0.525E-02      0.135E+01      0.483E-01      0.846E+09     -0.990E+02     -0.990E+02
      0.550E-02      0.135E+01      0.483E-01      0.846E+09     -0.990E+02     -0.990E+02
      0.575E-02      0.135E+01      0.483E-01      0.846E+09     -0.990E+02     -0.990E+02
      0.603E-02      0.135E+01      0.483E-01      0.846E+09     -0.990E+02     -0.990E+02
      0.631E-02      0.135E+01      0.483E-01      0.846E+09     -0.990E+02     -0.990E+02
      0.661E-02      0.135E+01      0.483E-01      0.846E+09     -0.990E+02     -0.990E+02
      0.692E-02      0.135E+01      0.483E-01      0.846E+09     -0.990E+02     -0.990E+02
      0.724E-02      0.135E+01      0.483E-01      0.846E+09     -0.990E+02     -0.990E+02
      0.759E-02      0.135E+01      0.483E-01      0.846E+09     -0.990E+02     -0.990E+02
      0.794E-02      0.135E+01      0.483E-01      0.846E+09     -0.990E+02     -0.990E+02
      0.832E-02      0.135E+01      0.483E-01      0.846E+09     -0.990E+02     -0.990E+02
      0.871E-02      0.135E+01      0.483E-01      0.846E+09     -0.990E+02     -0.990E+02
      0.912E-02      0.135E+01      0.483E-01      0.846E+09     -0.990E+02     -0.990E+02
      0.955E-02      0.135E+01      0.483E-01      0.846E+09     -0.990E+02     -0.990E+02
      0.100E-01      0.135E+01      0.483E-01      0.846E+09     -0.623E+00      0.386E+00
      0.105E-01      0.259E+00      0.914E-01      0.833E+09     -0.623E+00      0.386E+00
      0.110E-01      0.258E+00      0.911E-01      0.833E+09     -0.623E+00      0.386E+00
      0.115E-01      0.257E+00      0.911E-01      0.832E+09     -0.623E+00      0.388E+00
      0.120E-01      0.257E+00      0.911E-01      0.832E+09     -0.623E+00      0.388E+00
      0.126E-01      0.257E+00      0.913E-01      0.832E+09     -0.623E+00      0.388E+00
      0.132E-01      0.259E+00      0.919E-01      0.832E+09     -0.623E+00      0.389E+00
      0.138E-01      0.258E+00      0.918E-01      0.832E+09     -0.623E+00      0.390E+00
      0.144E-01      0.256E+00      0.913E-01      0.832E+09     -0.623E+00      0.390E+00
      0.151E-01      0.257E+00      0.917E-01      0.832E+09     -0.623E+00      0.391E+00
      0.159E-01      0.258E+00      0.922E-01      0.831E+09     -0.624E+00      0.392E+00
      0.166E-01      0.258E+00      0.922E-01      0.831E+09     -0.624E+00      0.393E+00
      0.174E-01      0.258E+00      0.926E-01      0.831E+09     -0.624E+00      0.394E+00
      0.182E-01      0.259E+00      0.931E-01      0.831E+09     -0.624E+00      0.395E+00
      0.191E-01      0.259E+00      0.932E-01      0.831E+09     -0.624E+00      0.395E+00
      0.200E-01      0.258E+00      0.930E-01      0.831E+09     -0.624E+00      0.396E+00
      0.209E-01      0.257E+00      0.932E-01      0.830E+09     -0.624E+00      0.398E+00
      0.219E-01      0.258E+00      0.934E-01      0.830E+09     -0.624E+00      0.399E+00
      0.229E-01      0.258E+00      0.939E-01      0.830E+09     -0.624E+00      0.400E+00
      0.240E-01      0.258E+00      0.941E-01      0.830E+09     -0.625E+00      0.402E+00
      0.251E-01      0.259E+00      0.946E-01      0.829E+09     -0.625E+00      0.402E+00
      0.263E-01      0.259E+00      0.948E-01      0.829E+09     -0.625E+00      0.404E+00
      0.275E-01      0.261E+00      0.948E-01      0.829E+09     -0.626E+00      0.401E+00
      0.290E-01      0.264E+00      0.951E-01      0.829E+09     -0.628E+00      0.399E+00
      0.300E-01      0.266E+00      0.953E-01      0.828E+09     -0.629E+00      0.396E+00
      0.310E-01      0.269E+00      0.955E-01      0.828E+09     -0.631E+00      0.394E+00
      0.320E-01      0.271E+00      0.957E-01      0.828E+09     -0.632E+00      0.392E+00
      0.330E-01      0.273E+00      0.959E-01      0.828E+09     -0.633E+00      0.390E+00
      0.340E-01      0.275E+00      0.960E-01      0.827E+09     -0.634E+00      0.387E+00
      0.350E-01      0.278E+00      0.963E-01      0.827E+09     -0.635E+00      0.385E+00
      0.360E-01      0.280E+00      0.964E-01      0.827E+09     -0.637E+00      0.383E+00
      0.370E-01      0.282E+00      0.966E-01      0.827E+09     -0.638E+00      0.382E+00
      0.380E-01      0.285E+00      0.969E-01      0.827E+09     -0.639E+00      0.380E+00
      0.390E-01      0.287E+00      0.970E-01      0.826E+09     -0.640E+00      0.378E+00
      0.400E-01      0.289E+00      0.973E-01      0.826E+09     -0.641E+00      0.376E+00
      0.425E-01      0.295E+00      0.979E-01      0.826E+09     -0.644E+00      0.372E+00
      0.450E-01      0.300E+00      0.985E-01      0.825E+09     -0.646E+00      0.368E+00
      0.475E-01      0.306E+00      0.992E-01      0.825E+09     -0.649E+00      0.364E+00
      0.500E-01      0.312E+00      0.997E-01      0.824E+09     -0.651E+00      0.360E+00
      0.525E-01      0.317E+00      0.100E+00      0.823E+09     -0.653E+00      0.356E+00
      0.550E-01      0.323E+00      0.101E+00      0.823E+09     -0.656E+00      0.353E+00
      0.571E-01      0.328E+00      0.102E+00      0.822E+09     -0.658E+00      0.350E+00
      0.640E-01      0.344E+00      0.104E+00      0.821E+09     -0.663E+00      0.342E+00
      0.719E-01      0.361E+00      0.105E+00      0.819E+09     -0.668E+00      0.331E+00
      0.806E-01      0.381E+00      0.107E+00      0.817E+09     -0.674E+00      0.318E+00
      0.905E-01      0.403E+00      0.109E+00      0.814E+09     -0.679E+00      0.305E+00
      0.102E+00      0.427E+00      0.112E+00      0.811E+09     -0.684E+00      0.294E+00
      0.114E+00      0.454E+00      0.115E+00      0.807E+09     -0.689E+00      0.282E+00
      0.128E+00      0.485E+00      0.119E+00      0.802E+09     -0.694E+00      0.272E+00
      0.143E+00      0.520E+00      0.125E+00      0.797E+09     -0.699E+00      0.264E+00
      0.161E+00      0.559E+00      0.132E+00      0.791E+09     -0.703E+00      0.258E+00
      0.181E+00      0.602E+00      0.141E+00      0.783E+09     -0.708E+00      0.254E+00
      0.203E+00      0.651E+00      0.152E+00      0.774E+09     -0.713E+00      0.251E+00
      0.227E+00      0.706E+00      0.164E+00      0.763E+09     -0.716E+00      0.250E+00
      0.255E+00      0.758E+00      0.167E+00      0.749E+09     -0.717E+00      0.231E+00
      0.286E+00      0.781E+00      0.166E+00      0.734E+09     -0.717E+00      0.220E+00
      0.321E+00      0.716E+00      0.152E+00      0.715E+09     -0.715E+00      0.219E+00
      0.360E+00      0.650E+00      0.137E+00      0.697E+09     -0.712E+00      0.216E+00
      0.404E+00      0.570E+00      0.119E+00      0.678E+09     -0.708E+00      0.211E+00
      0.453E+00      0.485E+00      0.100E+00      0.660E+09     -0.702E+00      0.207E+00
      0.509E+00      0.392E+00      0.844E-01      0.642E+09     -0.697E+00      0.214E+00
      0.571E+00      0.346E+00      0.760E-01      0.627E+09     -0.695E+00      0.221E+00
      0.641E+00      0.314E+00      0.693E-01      0.611E+09     -0.693E+00      0.225E+00
      0.719E+00      0.280E+00      0.634E-01      0.596E+09     -0.689E+00      0.234E+00
      0.806E+00      0.253E+00      0.604E-01      0.580E+09     -0.692E+00      0.250E+00
      0.905E+00      0.250E+00      0.875E-01      0.565E+09     -0.702E+00      0.356E+00
      0.102E+01      0.244E+00      0.139E+00      0.548E+09     -0.711E+00      0.565E+00
      0.114E+01      0.239E+00      0.926E-01      0.529E+09     -0.706E+00      0.389E+00
      0.128E+01      0.243E+00      0.652E-01      0.509E+09     -0.711E+00      0.299E+00
      0.143E+01      0.252E+00      0.825E-01      0.486E+09     -0.746E+00      0.418E+00
      0.161E+01      0.227E+00      0.709E-01      0.460E+09     -0.730E+00      0.392E+00
      0.168E+01      0.214E+00      0.639E-01      0.443E+09     -0.712E+00      0.364E+00
      0.170E+01      0.210E+00      0.623E-01      0.437E+09     -0.706E+00      0.358E+00
      0.180E+01      0.203E+00      0.586E-01      0.429E+09     -0.694E+00      0.336E+00
      0.190E+01      0.220E+00      0.580E-01      0.416E+09     -0.713E+00      0.300E+00
      0.200E+01      0.236E+00      0.613E-01      0.403E+09     -0.730E+00      0.286E+00
      0.210E+01      0.259E+00      0.638E-01      0.389E+09     -0.761E+00      0.280E+00
      0.220E+01      0.282E+00      0.682E-01      0.373E+09     -0.791E+00      0.283E+00
      0.230E+01      0.291E+00      0.714E-01      0.356E+09     -0.815E+00      0.294E+00
      0.240E+01      0.244E+00      0.606E-01      0.338E+09     -0.828E+00      0.303E+00
      0.250E+01      0.198E+00      0.580E-01      0.324E+09     -0.849E+00      0.376E+00
      0.260E+01      0.209E+00      0.580E-01      0.312E+09     -0.842E+00      0.348E+00
      0.275E+01      0.253E+00      0.721E-01      0.297E+09     -0.814E+00      0.343E+00
      0.300E+01      0.341E+00      0.784E-01      0.267E+09     -0.925E+00      0.279E+00
      0.325E+01      0.580E+00      0.103E+00      0.217E+09     -0.895E+00      0.225E+00
      0.350E+01      0.193E+00      0.644E-01      0.132E+09     -0.904E+00      0.439E+00
      0.375E+01      0.188E+00      0.603E-01      0.104E+09     -0.888E+00      0.364E+00
      0.400E+01      0.192E+00      0.434E-01      0.766E+08     -0.109E+01      0.330E+00
      0.425E+01      0.948E-01      0.481E-01      0.490E+08     -0.125E+01      0.785E+00
      0.450E+01      0.175E+00      0.431E-01      0.353E+08     -0.110E+01      0.334E+00
      0.475E+01      0.582E-01      0.301E-01      0.102E+08     -0.203E+01      0.120E+01
      0.500E+01      0.108E-01      0.174E-01      0.189E+07     -0.186E+01      0.376E+01
      0.525E+01      0.203E-02      0.588E-02      0.347E+06     -0.164E+01      0.650E+01
      0.550E+01      0.372E-03      0.139E-02      0.533E+05     -0.315E+01      0.154E+02
      0.575E+01      0.278E-05      0.294E-03      0.394E+03     -0.156E+01      0.221E+03
      0.600E+01      0.383E-15      0.213E-09      0.540E-07     -0.966E+00      0.743E+06
      0.625E+01      0.000E+00      0.000E+00      0.000E+00     -0.990E+02     -0.990E+02
      0.650E+01      0.000E+00      0.000E+00      0.000E+00     -0.990E+02     -0.990E+02
      0.675E+01      0.000E+00      0.000E+00      0.000E+00     -0.990E+02     -0.990E+02
      0.700E+01      0.000E+00      0.000E+00      0.000E+00     -0.990E+02     -0.990E+02
      0.725E+01      0.000E+00      0.000E+00      0.000E+00     -0.990E+02     -0.990E+02
      0.750E+01      0.000E+00      0.000E+00      0.000E+00     -0.990E+02     -0.990E+02
      0.775E+01      0.000E+00      0.000E+00      0.000E+00     -0.990E+02     -0.990E+02
      0.800E+01      0.000E+00      0.000E+00      0.000E+00     -0.990E+02     -0.990E+02
      0.825E+01      0.000E+00      0.000E+00      0.000E+00     -0.990E+02     -0.990E+02
      0.850E+01      0.000E+00      0.000E+00      0.000E+00     -0.990E+02     -0.990E+02
      0.875E+01      0.000E+00      0.000E+00      0.000E+00     -0.990E+02     -0.990E+02
      0.900E+01      0.000E+00      0.000E+00      0.000E+00     -0.990E+02     -0.990E+02
      0.925E+01      0.000E+00      0.000E+00      0.000E+00     -0.990E+02     -0.990E+02
      0.950E+01      0.000E+00      0.000E+00      0.000E+00     -0.990E+02     -0.990E+02
      0.975E+01      0.000E+00      0.000E+00      0.000E+00     -0.990E+02     -0.990E+02
      0.100E+02      0.000E+00      0.000E+00      0.000E+00     -0.990E+02     -0.990E+02
      0.102E+02      0.000E+00      0.000E+00      0.000E+00     -0.990E+02     -0.990E+02
      0.105E+02      0.000E+00      0.000E+00      0.000E+00     -0.990E+02     -0.990E+02
      0.108E+02      0.000E+00      0.000E+00      0.000E+00     -0.990E+02     -0.990E+02
      0.110E+02      0.000E+00      0.000E+00      0.000E+00     -0.990E+02     -0.990E+02
      0.112E+02      0.000E+00      0.000E+00      0.000E+00     -0.990E+02     -0.990E+02
      0.115E+02      0.000E+00      0.000E+00      0.000E+00     -0.990E+02     -0.990E+02
      0.118E+02      0.000E+00      0.000E+00      0.000E+00     -0.990E+02     -0.990E+02
      0.120E+02      0.000E+00      0.000E+00      0.000E+00     -0.990E+02     -0.990E+02
      0.122E+02      0.000E+00      0.000E+00      0.000E+00     -0.990E+02     -0.990E+02
      0.125E+02      0.000E+00      0.000E+00      0.000E+00     -0.990E+02     -0.990E+02
      0.128E+02      0.000E+00      0.000E+00      0.000E+00     -0.990E+02     -0.990E+02
      0.130E+02      0.000E+00      0.000E+00      0.000E+00     -0.990E+02     -0.990E+02
      0.132E+02      0.000E+00      0.000E+00      0.000E+00     -0.990E+02     -0.990E+02
      0.135E+02      0.000E+00      0.000E+00      0.000E+00     -0.990E+02     -0.990E+02
      0.138E+02      0.000E+00      0.000E+00      0.000E+00     -0.990E+02     -0.990E+02
      0.140E+02      0.000E+00      0.000E+00      0.000E+00     -0.990E+02     -0.990E+02
      0.142E+02      0.000E+00      0.000E+00      0.000E+00     -0.990E+02     -0.990E+02
      0.145E+02      0.000E+00      0.000E+00      0.000E+00     -0.990E+02     -0.990E+02
      0.148E+02      0.000E+00      0.000E+00      0.000E+00     -0.990E+02     -0.990E+02
      0.150E+02      0.000E+00      0.000E+00      0.000E+00     -0.990E+02     -0.990E+02
      0.152E+02      0.000E+00      0.000E+00      0.000E+00     -0.990E+02     -0.990E+02
      0.155E+02      0.000E+00      0.000E+00      0.000E+00     -0.990E+02     -0.990E+02
      0.158E+02      0.000E+00      0.000E+00      0.000E+00     -0.990E+02     -0.990E+02
      0.160E+02      0.000E+00      0.000E+00      0.000E+00     -0.990E+02     -0.990E+02
      0.162E+02      0.000E+00      0.000E+00      0.000E+00     -0.990E+02     -0.990E+02
      0.165E+02      0.000E+00      0.000E+00      0.000E+00     -0.990E+02     -0.990E+02
      0.168E+02      0.000E+00      0.000E+00      0.000E+00     -0.990E+02     -0.990E+02
      0.170E+02      0.000E+00      0.000E+00      0.000E+00     -0.990E+02     -0.990E+02
      0.172E+02      0.000E+00      0.000E+00      0.000E+00     -0.990E+02     -0.990E+02
      0.175E+02      0.000E+00      0.000E+00      0.000E+00     -0.990E+02     -0.990E+02
      0.178E+02      0.000E+00      0.000E+00      0.000E+00     -0.990E+02     -0.990E+02
      0.180E+02      0.000E+00      0.000E+00      0.000E+00     -0.990E+02     -0.990E+02
      0.182E+02      0.000E+00      0.000E+00      0.000E+00     -0.990E+02     -0.990E+02
      0.185E+02      0.000E+00      0.000E+00      0.000E+00     -0.990E+02     -0.990E+02
      0.188E+02      0.000E+00      0.000E+00      0.000E+00     -0.990E+02     -0.990E+02
      0.190E+02      0.000E+00      0.000E+00      0.000E+00     -0.990E+02     -0.990E+02
      0.192E+02      0.000E+00      0.000E+00      0.000E+00     -0.990E+02     -0.990E+02
      0.195E+02      0.000E+00      0.000E+00      0.000E+00     -0.990E+02     -0.990E+02
      0.198E+02      0.000E+00      0.000E+00      0.000E+00     -0.990E+02     -0.990E+02
      0.200E+02      0.000E+00      0.000E+00      0.000E+00     -0.990E+02     -0.990E+02
