      0.000E+00      0.404E-01      0.399E-01      0.261E+09     -0.990E+02     -0.990E+02
      0.100E-03      0.404E-01      0.399E-01      0.261E+09     -0.990E+02     -0.990E+02
      0.140E-03      0.404E-01      0.399E-01      0.261E+09     -0.990E+02     -0.990E+02
      0.160E-03      0.404E-01      0.399E-01      0.261E+09     -0.990E+02     -0.990E+02
      0.180E-03      0.404E-01      0.399E-01      0.261E+09     -0.990E+02     -0.990E+02
      0.200E-03      0.404E-01      0.399E-01      0.261E+09     -0.990E+02     -0.990E+02
      0.220E-03      0.404E-01      0.399E-01      0.261E+09     -0.990E+02     -0.990E+02
      0.250E-03      0.404E-01      0.399E-01      0.261E+09     -0.990E+02     -0.990E+02
      0.280E-03      0.404E-01      0.399E-01      0.261E+09     -0.990E+02     -0.990E+02
      0.320E-03      0.404E-01      0.399E-01      0.261E+09     -0.990E+02     -0.990E+02
      0.350E-03      0.404E-01      0.399E-01      0.261E+09     -0.990E+02     -0.990E+02
      0.400E-03      0.404E-01      0.399E-01      0.261E+09     -0.990E+02     -0.990E+02
      0.450E-03      0.404E-01      0.399E-01      0.261E+09     -0.990E+02     -0.990E+02
      0.500E-03      0.404E-01      0.399E-01      0.261E+09     -0.990E+02     -0.990E+02
      0.560E-03      0.404E-01      0.399E-01      0.261E+09     -0.990E+02     -0.990E+02
      0.630E-03      0.404E-01      0.399E-01      0.261E+09     -0.990E+02     -0.990E+02
      0.710E-03      0.404E-01      0.399E-01      0.261E+09     -0.990E+02     -0.990E+02
      0.790E-03      0.404E-01      0.399E-01      0.261E+09     -0.990E+02     -0.990E+02
      0.890E-03      0.404E-01      0.399E-01      0.261E+09     -0.990E+02     -0.990E+02
      0.100E-02      0.404E-01      0.399E-01      0.261E+09     -0.990E+02     -0.990E+02
      0.105E-02      0.404E-01      0.399E-01      0.261E+09     -0.990E+02     -0.990E+02
      0.110E-02      0.404E-01      0.399E-01      0.261E+09     -0.990E+02     -0.990E+02
      0.115E-02      0.404E-01      0.399E-01      0.261E+09     -0.990E+02     -0.990E+02
      0.120E-02      0.404E-01      0.399E-01      0.261E+09     -0.990E+02     -0.990E+02
      0.126E-02      0.404E-01      0.399E-01      0.261E+09     -0.990E+02     -0.990E+02
      0.132E-02      0.404E-01      0.399E-01      0.261E+09     -0.990E+02     -0.990E+02
      0.138E-02      0.404E-01      0.399E-01      0.261E+09     -0.990E+02     -0.990E+02
      0.145E-02      0.404E-01      0.399E-01      0.261E+09     -0.990E+02     -0.990E+02
      0.151E-02      0.404E-01      0.399E-01      0.261E+09     -0.990E+02     -0.990E+02
      0.158E-02      0.404E-01      0.399E-01      0.261E+09     -0.990E+02     -0.990E+02
      0.166E-02      0.404E-01      0.399E-01      0.261E+09     -0.990E+02     -0.990E+02
      0.174E-02      0.404E-01      0.399E-01      0.261E+09     -0.990E+02     -0.990E+02
      0.182E-02      0.404E-01      0.399E-01      0.261E+09     -0.990E+02     -0.990E+02
      0.191E-02      0.404E-01      0.399E-01      0.261E+09     -0.990E+02     -0.990E+02
      0.200E-02      0.404E-01      0.399E-01      0.261E+09     -0.990E+02     -0.990E+02
      0.209E-02      0.404E-01      0.399E-01      0.261E+09     -0.990E+02     -0.990E+02
      0.219E-02      0.404E-01      0.399E-01      0.261E+09     -0.990E+02     -0.990E+02
      0.229E-02      0.404E-01      0.399E-01      0.261E+09     -0.990E+02     -0.990E+02
      0.240E-02      0.404E-01      0.399E-01      0.261E+09     -0.990E+02     -0.990E+02
      0.251E-02      0.404E-01      0.399E-01      0.261E+09     -0.990E+02     -0.990E+02
      0.263E-02      0.404E-01      0.399E-01      0.261E+09     -0.990E+02     -0.990E+02
      0.275E-02      0.404E-01      0.399E-01      0.261E+09     -0.990E+02     -0.990E+02
      0.288E-02      0.404E-01      0.399E-01      0.261E+09     -0.990E+02     -0.990E+02
      0.302E-02      0.404E-01      0.399E-01      0.261E+09     -0.990E+02     -0.990E+02
      0.316E-02      0.404E-01      0.399E-01      0.261E+09     -0.990E+02     -0.990E+02
      0.331E-02      0.404E-01      0.399E-01      0.261E+09     -0.990E+02     -0.990E+02
      0.347E-02      0.404E-01      0.399E-01      0.261E+09     -0.990E+02     -0.990E+02
      0.363E-02      0.404E-01      0.399E-01      0.261E+09     -0.990E+02     -0.990E+02
      0.380E-02      0.404E-01      0.399E-01      0.261E+09     -0.990E+02     -0.990E+02
      0.398E-02      0.404E-01      0.399E-01      0.261E+09     -0.990E+02     -0.990E+02
      0.417E-02      0.404E-01      0.399E-01      0.261E+09     -0.990E+02     -0.990E+02
      0.437E-02      0.404E-01      0.399E-01      0.261E+09     -0.990E+02     -0.990E+02
      0.457E-02      0.404E-01      0.399E-01      0.261E+09     -0.990E+02     -0.990E+02
      0.479E-02      0.404E-01      0.399E-01      0.261E+09     -0.990E+02     -0.990E+02
      0.501E-02      0.404E-01      0.399E-01      0.261E+09     -0.990E+02     -0.990E+02
      0.525E-02      0.404E-01      0.399E-01      0.261E+09     -0.990E+02     -0.990E+02
      0.550E-02      0.404E-01      0.399E-01      0.261E+09     -0.990E+02     -0.990E+02
      0.575E-02      0.404E-01      0.399E-01      0.261E+09     -0.990E+02     -0.990E+02
      0.603E-02      0.404E-01      0.399E-01      0.261E+09     -0.990E+02     -0.990E+02
      0.631E-02      0.404E-01      0.399E-01      0.261E+09     -0.990E+02     -0.990E+02
      0.661E-02      0.404E-01      0.399E-01      0.261E+09     -0.990E+02     -0.990E+02
      0.692E-02      0.404E-01      0.399E-01      0.261E+09     -0.990E+02     -0.990E+02
      0.724E-02      0.404E-01      0.399E-01      0.261E+09     -0.990E+02     -0.990E+02
      0.759E-02      0.404E-01      0.399E-01      0.261E+09     -0.990E+02     -0.990E+02
      0.794E-02      0.404E-01      0.399E-01      0.261E+09     -0.990E+02     -0.990E+02
      0.832E-02      0.404E-01      0.399E-01      0.261E+09     -0.990E+02     -0.990E+02
      0.871E-02      0.404E-01      0.399E-01      0.261E+09     -0.990E+02     -0.990E+02
      0.912E-02      0.404E-01      0.399E-01      0.261E+09     -0.990E+02     -0.990E+02
      0.955E-02      0.404E-01      0.399E-01      0.261E+09     -0.990E+02     -0.990E+02
      0.100E-01      0.404E-01      0.399E-01      0.261E+09     -0.738E+00      0.649E+00
      0.105E-01      0.119E+00      0.724E-01      0.260E+09     -0.738E+00      0.649E+00
      0.110E-01      0.118E+00      0.721E-01      0.260E+09     -0.737E+00      0.648E+00
      0.115E-01      0.118E+00      0.719E-01      0.260E+09     -0.737E+00      0.648E+00
      0.120E-01      0.118E+00      0.718E-01      0.260E+09     -0.736E+00      0.649E+00
      0.126E-01      0.118E+00      0.719E-01      0.260E+09     -0.736E+00      0.649E+00
      0.132E-01      0.118E+00      0.723E-01      0.260E+09     -0.735E+00      0.649E+00
      0.138E-01      0.118E+00      0.721E-01      0.260E+09     -0.735E+00      0.648E+00
      0.144E-01      0.117E+00      0.716E-01      0.260E+09     -0.735E+00      0.650E+00
      0.151E-01      0.117E+00      0.718E-01      0.260E+09     -0.734E+00      0.649E+00
      0.159E-01      0.117E+00      0.720E-01      0.260E+09     -0.733E+00      0.649E+00
      0.166E-01      0.117E+00      0.720E-01      0.260E+09     -0.733E+00      0.650E+00
      0.174E-01      0.117E+00      0.721E-01      0.259E+09     -0.732E+00      0.651E+00
      0.182E-01      0.118E+00      0.724E-01      0.259E+09     -0.732E+00      0.651E+00
      0.191E-01      0.118E+00      0.724E-01      0.259E+09     -0.732E+00      0.651E+00
      0.200E-01      0.117E+00      0.721E-01      0.259E+09     -0.732E+00      0.651E+00
      0.209E-01      0.117E+00      0.720E-01      0.259E+09     -0.732E+00      0.651E+00
      0.219E-01      0.117E+00      0.721E-01      0.259E+09     -0.732E+00      0.651E+00
      0.229E-01      0.118E+00      0.723E-01      0.259E+09     -0.733E+00      0.651E+00
      0.240E-01      0.118E+00      0.723E-01      0.259E+09     -0.733E+00      0.651E+00
      0.251E-01      0.118E+00      0.726E-01      0.259E+09     -0.733E+00      0.651E+00
      0.263E-01      0.118E+00      0.725E-01      0.259E+09     -0.733E+00      0.651E+00
      0.275E-01      0.118E+00      0.724E-01      0.258E+09     -0.733E+00      0.652E+00
      0.290E-01      0.118E+00      0.725E-01      0.258E+09     -0.734E+00      0.652E+00
      0.300E-01      0.118E+00      0.725E-01      0.258E+09     -0.734E+00      0.652E+00
      0.310E-01      0.118E+00      0.726E-01      0.258E+09     -0.734E+00      0.652E+00
      0.320E-01      0.118E+00      0.727E-01      0.258E+09     -0.734E+00      0.652E+00
      0.330E-01      0.118E+00      0.727E-01      0.258E+09     -0.734E+00      0.652E+00
      0.340E-01      0.118E+00      0.728E-01      0.258E+09     -0.734E+00      0.652E+00
      0.350E-01      0.118E+00      0.728E-01      0.258E+09     -0.735E+00      0.653E+00
      0.360E-01      0.118E+00      0.728E-01      0.258E+09     -0.735E+00      0.653E+00
      0.370E-01      0.118E+00      0.729E-01      0.258E+09     -0.735E+00      0.653E+00
      0.380E-01      0.118E+00      0.729E-01      0.257E+09     -0.735E+00      0.653E+00
      0.390E-01      0.118E+00      0.730E-01      0.257E+09     -0.735E+00      0.653E+00
      0.400E-01      0.119E+00      0.731E-01      0.257E+09     -0.735E+00      0.654E+00
      0.425E-01      0.119E+00      0.732E-01      0.257E+09     -0.736E+00      0.654E+00
      0.450E-01      0.119E+00      0.733E-01      0.257E+09     -0.736E+00      0.654E+00
      0.475E-01      0.119E+00      0.734E-01      0.257E+09     -0.736E+00      0.655E+00
      0.500E-01      0.119E+00      0.734E-01      0.256E+09     -0.737E+00      0.655E+00
      0.525E-01      0.119E+00      0.735E-01      0.256E+09     -0.737E+00      0.655E+00
      0.550E-01      0.119E+00      0.736E-01      0.256E+09     -0.737E+00      0.656E+00
      0.571E-01      0.119E+00      0.737E-01      0.256E+09     -0.737E+00      0.656E+00
      0.640E-01      0.119E+00      0.738E-01      0.255E+09     -0.738E+00      0.657E+00
      0.719E-01      0.119E+00      0.738E-01      0.255E+09     -0.739E+00      0.657E+00
      0.806E-01      0.119E+00      0.739E-01      0.254E+09     -0.740E+00      0.658E+00
      0.905E-01      0.119E+00      0.738E-01      0.253E+09     -0.741E+00      0.659E+00
      0.102E+00      0.119E+00      0.737E-01      0.252E+09     -0.742E+00      0.659E+00
      0.114E+00      0.119E+00      0.737E-01      0.251E+09     -0.744E+00      0.661E+00
      0.128E+00      0.119E+00      0.738E-01      0.250E+09     -0.745E+00      0.665E+00
      0.143E+00      0.119E+00      0.742E-01      0.248E+09     -0.747E+00      0.670E+00
      0.161E+00      0.119E+00      0.747E-01      0.247E+09     -0.749E+00      0.679E+00
      0.181E+00      0.118E+00      0.753E-01      0.245E+09     -0.752E+00      0.690E+00
      0.203E+00      0.117E+00      0.757E-01      0.244E+09     -0.757E+00      0.706E+00
      0.227E+00      0.115E+00      0.747E-01      0.242E+09     -0.757E+00      0.711E+00
      0.255E+00      0.113E+00      0.740E-01      0.239E+09     -0.759E+00      0.722E+00
      0.286E+00      0.108E+00      0.707E-01      0.237E+09     -0.760E+00      0.716E+00
      0.321E+00      0.103E+00      0.672E-01      0.235E+09     -0.761E+00      0.714E+00
      0.360E+00      0.974E-01      0.624E-01      0.232E+09     -0.762E+00      0.703E+00
      0.404E+00      0.911E-01      0.579E-01      0.229E+09     -0.762E+00      0.697E+00
      0.453E+00      0.847E-01      0.555E-01      0.226E+09     -0.760E+00      0.714E+00
      0.509E+00      0.804E-01      0.557E-01      0.223E+09     -0.762E+00      0.752E+00
      0.571E+00      0.778E-01      0.561E-01      0.220E+09     -0.767E+00      0.788E+00
      0.641E+00      0.756E-01      0.531E-01      0.216E+09     -0.778E+00      0.790E+00
      0.719E+00      0.731E-01      0.506E-01      0.213E+09     -0.790E+00      0.816E+00
      0.806E+00      0.699E-01      0.493E-01      0.209E+09     -0.802E+00      0.865E+00
      0.905E+00      0.654E-01      0.468E-01      0.204E+09     -0.801E+00      0.884E+00
      0.102E+01      0.607E-01      0.466E-01      0.200E+09     -0.798E+00      0.949E+00
      0.114E+01      0.617E-01      0.465E-01      0.195E+09     -0.786E+00      0.907E+00
      0.128E+01      0.713E-01      0.596E-01      0.190E+09     -0.758E+00      0.933E+00
      0.143E+01      0.732E-01      0.580E-01      0.183E+09     -0.734E+00      0.862E+00
      0.161E+01      0.687E-01      0.454E-01      0.176E+09     -0.724E+00      0.734E+00
      0.168E+01      0.685E-01      0.444E-01      0.171E+09     -0.724E+00      0.713E+00
      0.170E+01      0.687E-01      0.447E-01      0.169E+09     -0.725E+00      0.715E+00
      0.180E+01      0.719E-01      0.465E-01      0.166E+09     -0.742E+00      0.702E+00
      0.190E+01      0.774E-01      0.456E-01      0.162E+09     -0.779E+00      0.665E+00
      0.200E+01      0.821E-01      0.475E-01      0.157E+09     -0.800E+00      0.668E+00
      0.210E+01      0.802E-01      0.451E-01      0.152E+09     -0.780E+00      0.620E+00
      0.220E+01      0.745E-01      0.412E-01      0.147E+09     -0.734E+00      0.575E+00
      0.230E+01      0.736E-01      0.448E-01      0.143E+09     -0.702E+00      0.632E+00
      0.240E+01      0.980E-01      0.516E-01      0.138E+09     -0.742E+00      0.564E+00
      0.250E+01      0.120E+00      0.662E-01      0.132E+09     -0.762E+00      0.604E+00
      0.260E+01      0.117E+00      0.631E-01      0.125E+09     -0.780E+00      0.602E+00
      0.275E+01      0.845E-01      0.471E-01      0.116E+09     -0.821E+00      0.660E+00
      0.300E+01      0.732E-01      0.418E-01      0.106E+09     -0.826E+00      0.672E+00
      0.325E+01      0.111E+00      0.627E-01      0.956E+08     -0.866E+00      0.711E+00
      0.350E+01      0.109E+00      0.596E-01      0.795E+08     -0.892E+00      0.703E+00
      0.375E+01      0.789E-01      0.440E-01      0.636E+08     -0.900E+00      0.707E+00
      0.400E+01      0.691E-01      0.385E-01      0.522E+08     -0.942E+00      0.725E+00
      0.425E+01      0.668E-01      0.353E-01      0.422E+08     -0.968E+00      0.710E+00
      0.450E+01      0.609E-01      0.334E-01      0.326E+08     -0.989E+00      0.762E+00
      0.475E+01      0.600E-01      0.340E-01      0.239E+08     -0.100E+01      0.789E+00
      0.500E+01      0.421E-01      0.253E-01      0.154E+08     -0.109E+01      0.896E+00
      0.525E+01      0.330E-01      0.213E-01      0.936E+07     -0.136E+01      0.120E+01
      0.550E+01      0.146E-01      0.149E-01      0.466E+07     -0.131E+01      0.167E+01
      0.575E+01      0.692E-02      0.116E-01      0.259E+07     -0.108E+01      0.247E+01
      0.600E+01      0.417E-02      0.987E-02      0.161E+07     -0.102E+01      0.334E+01
      0.625E+01      0.366E-02      0.107E-01      0.102E+07     -0.100E+01      0.414E+01
      0.650E+01      0.268E-02      0.832E-02      0.508E+06     -0.124E+01      0.539E+01
      0.675E+01      0.859E-03      0.266E-02      0.133E+06     -0.201E+01      0.868E+01
      0.700E+01      0.756E-04      0.692E-03      0.106E+05     -0.151E+01      0.186E+02
      0.725E+01      0.526E-06      0.102E-04      0.733E+02     -0.153E+01      0.398E+02
      0.750E+01      0.106E-29      0.745E-17      0.149E-21     -0.308E+01       Infinity
      0.775E+01      0.000E+00      0.000E+00      0.000E+00     -0.990E+02     -0.990E+02
      0.800E+01      0.000E+00      0.000E+00      0.000E+00     -0.990E+02     -0.990E+02
      0.825E+01      0.000E+00      0.000E+00      0.000E+00     -0.990E+02     -0.990E+02
      0.850E+01      0.000E+00      0.000E+00      0.000E+00     -0.990E+02     -0.990E+02
      0.875E+01      0.000E+00      0.000E+00      0.000E+00     -0.990E+02     -0.990E+02
      0.900E+01      0.000E+00      0.000E+00      0.000E+00     -0.990E+02     -0.990E+02
      0.925E+01      0.000E+00      0.000E+00      0.000E+00     -0.990E+02     -0.990E+02
      0.950E+01      0.000E+00      0.000E+00      0.000E+00     -0.990E+02     -0.990E+02
      0.975E+01      0.000E+00      0.000E+00      0.000E+00     -0.990E+02     -0.990E+02
      0.100E+02      0.000E+00      0.000E+00      0.000E+00     -0.990E+02     -0.990E+02
      0.102E+02      0.000E+00      0.000E+00      0.000E+00     -0.990E+02     -0.990E+02
      0.105E+02      0.000E+00      0.000E+00      0.000E+00     -0.990E+02     -0.990E+02
      0.108E+02      0.000E+00      0.000E+00      0.000E+00     -0.990E+02     -0.990E+02
      0.110E+02      0.000E+00      0.000E+00      0.000E+00     -0.990E+02     -0.990E+02
      0.112E+02      0.000E+00      0.000E+00      0.000E+00     -0.990E+02     -0.990E+02
      0.115E+02      0.000E+00      0.000E+00      0.000E+00     -0.990E+02     -0.990E+02
      0.118E+02      0.000E+00      0.000E+00      0.000E+00     -0.990E+02     -0.990E+02
      0.120E+02      0.000E+00      0.000E+00      0.000E+00     -0.990E+02     -0.990E+02
      0.122E+02      0.000E+00      0.000E+00      0.000E+00     -0.990E+02     -0.990E+02
      0.125E+02      0.000E+00      0.000E+00      0.000E+00     -0.990E+02     -0.990E+02
      0.128E+02      0.000E+00      0.000E+00      0.000E+00     -0.990E+02     -0.990E+02
      0.130E+02      0.000E+00      0.000E+00      0.000E+00     -0.990E+02     -0.990E+02
      0.132E+02      0.000E+00      0.000E+00      0.000E+00     -0.990E+02     -0.990E+02
      0.135E+02      0.000E+00      0.000E+00      0.000E+00     -0.990E+02     -0.990E+02
      0.138E+02      0.000E+00      0.000E+00      0.000E+00     -0.990E+02     -0.990E+02
      0.140E+02      0.000E+00      0.000E+00      0.000E+00     -0.990E+02     -0.990E+02
      0.142E+02      0.000E+00      0.000E+00      0.000E+00     -0.990E+02     -0.990E+02
      0.145E+02      0.000E+00      0.000E+00      0.000E+00     -0.990E+02     -0.990E+02
      0.148E+02      0.000E+00      0.000E+00      0.000E+00     -0.990E+02     -0.990E+02
      0.150E+02      0.000E+00      0.000E+00      0.000E+00     -0.990E+02     -0.990E+02
      0.152E+02      0.000E+00      0.000E+00      0.000E+00     -0.990E+02     -0.990E+02
      0.155E+02      0.000E+00      0.000E+00      0.000E+00     -0.990E+02     -0.990E+02
      0.158E+02      0.000E+00      0.000E+00      0.000E+00     -0.990E+02     -0.990E+02
      0.160E+02      0.000E+00      0.000E+00      0.000E+00     -0.990E+02     -0.990E+02
      0.162E+02      0.000E+00      0.000E+00      0.000E+00     -0.990E+02     -0.990E+02
      0.165E+02      0.000E+00      0.000E+00      0.000E+00     -0.990E+02     -0.990E+02
      0.168E+02      0.000E+00      0.000E+00      0.000E+00     -0.990E+02     -0.990E+02
      0.170E+02      0.000E+00      0.000E+00      0.000E+00     -0.990E+02     -0.990E+02
      0.172E+02      0.000E+00      0.000E+00      0.000E+00     -0.990E+02     -0.990E+02
      0.175E+02      0.000E+00      0.000E+00      0.000E+00     -0.990E+02     -0.990E+02
      0.178E+02      0.000E+00      0.000E+00      0.000E+00     -0.990E+02     -0.990E+02
      0.180E+02      0.000E+00      0.000E+00      0.000E+00     -0.990E+02     -0.990E+02
      0.182E+02      0.000E+00      0.000E+00      0.000E+00     -0.990E+02     -0.990E+02
      0.185E+02      0.000E+00      0.000E+00      0.000E+00     -0.990E+02     -0.990E+02
      0.188E+02      0.000E+00      0.000E+00      0.000E+00     -0.990E+02     -0.990E+02
      0.190E+02      0.000E+00      0.000E+00      0.000E+00     -0.990E+02     -0.990E+02
      0.192E+02      0.000E+00      0.000E+00      0.000E+00     -0.990E+02     -0.990E+02
      0.195E+02      0.000E+00      0.000E+00      0.000E+00     -0.990E+02     -0.990E+02
      0.198E+02      0.000E+00      0.000E+00      0.000E+00     -0.990E+02     -0.990E+02
      0.200E+02      0.000E+00      0.000E+00      0.000E+00     -0.990E+02     -0.990E+02
