      0.000E+00      0.190E+01      0.154E+00      0.630E+09     -0.990E+02     -0.990E+02
      0.100E-03      0.190E+01      0.154E+00      0.630E+09     -0.990E+02     -0.990E+02
      0.140E-03      0.190E+01      0.154E+00      0.630E+09     -0.990E+02     -0.990E+02
      0.160E-03      0.190E+01      0.154E+00      0.630E+09     -0.990E+02     -0.990E+02
      0.180E-03      0.190E+01      0.154E+00      0.630E+09     -0.990E+02     -0.990E+02
      0.200E-03      0.190E+01      0.154E+00      0.630E+09     -0.990E+02     -0.990E+02
      0.220E-03      0.190E+01      0.154E+00      0.630E+09     -0.990E+02     -0.990E+02
      0.250E-03      0.190E+01      0.154E+00      0.630E+09     -0.990E+02     -0.990E+02
      0.280E-03      0.190E+01      0.154E+00      0.630E+09     -0.990E+02     -0.990E+02
      0.320E-03      0.190E+01      0.154E+00      0.630E+09     -0.990E+02     -0.990E+02
      0.350E-03      0.190E+01      0.154E+00      0.630E+09     -0.990E+02     -0.990E+02
      0.400E-03      0.190E+01      0.154E+00      0.630E+09     -0.990E+02     -0.990E+02
      0.450E-03      0.190E+01      0.154E+00      0.630E+09     -0.990E+02     -0.990E+02
      0.500E-03      0.190E+01      0.154E+00      0.630E+09     -0.990E+02     -0.990E+02
      0.560E-03      0.190E+01      0.154E+00      0.630E+09     -0.990E+02     -0.990E+02
      0.630E-03      0.190E+01      0.154E+00      0.630E+09     -0.990E+02     -0.990E+02
      0.710E-03      0.190E+01      0.154E+00      0.630E+09     -0.990E+02     -0.990E+02
      0.790E-03      0.190E+01      0.154E+00      0.630E+09     -0.990E+02     -0.990E+02
      0.890E-03      0.190E+01      0.154E+00      0.630E+09     -0.990E+02     -0.990E+02
      0.100E-02      0.190E+01      0.154E+00      0.630E+09     -0.990E+02     -0.990E+02
      0.105E-02      0.190E+01      0.154E+00      0.630E+09     -0.990E+02     -0.990E+02
      0.110E-02      0.190E+01      0.154E+00      0.630E+09     -0.990E+02     -0.990E+02
      0.115E-02      0.190E+01      0.154E+00      0.630E+09     -0.990E+02     -0.990E+02
      0.120E-02      0.190E+01      0.154E+00      0.630E+09     -0.990E+02     -0.990E+02
      0.126E-02      0.190E+01      0.154E+00      0.630E+09     -0.990E+02     -0.990E+02
      0.132E-02      0.190E+01      0.154E+00      0.630E+09     -0.990E+02     -0.990E+02
      0.138E-02      0.190E+01      0.154E+00      0.630E+09     -0.990E+02     -0.990E+02
      0.145E-02      0.190E+01      0.154E+00      0.630E+09     -0.990E+02     -0.990E+02
      0.151E-02      0.190E+01      0.154E+00      0.630E+09     -0.990E+02     -0.990E+02
      0.158E-02      0.190E+01      0.154E+00      0.630E+09     -0.990E+02     -0.990E+02
      0.166E-02      0.190E+01      0.154E+00      0.630E+09     -0.990E+02     -0.990E+02
      0.174E-02      0.190E+01      0.154E+00      0.630E+09     -0.990E+02     -0.990E+02
      0.182E-02      0.190E+01      0.154E+00      0.630E+09     -0.990E+02     -0.990E+02
      0.191E-02      0.190E+01      0.154E+00      0.630E+09     -0.990E+02     -0.990E+02
      0.200E-02      0.190E+01      0.154E+00      0.630E+09     -0.990E+02     -0.990E+02
      0.209E-02      0.190E+01      0.154E+00      0.630E+09     -0.990E+02     -0.990E+02
      0.219E-02      0.190E+01      0.154E+00      0.630E+09     -0.990E+02     -0.990E+02
      0.229E-02      0.190E+01      0.154E+00      0.630E+09     -0.990E+02     -0.990E+02
      0.240E-02      0.190E+01      0.154E+00      0.630E+09     -0.990E+02     -0.990E+02
      0.251E-02      0.190E+01      0.154E+00      0.630E+09     -0.990E+02     -0.990E+02
      0.263E-02      0.190E+01      0.154E+00      0.630E+09     -0.990E+02     -0.990E+02
      0.275E-02      0.190E+01      0.154E+00      0.630E+09     -0.990E+02     -0.990E+02
      0.288E-02      0.190E+01      0.154E+00      0.630E+09     -0.990E+02     -0.990E+02
      0.302E-02      0.190E+01      0.154E+00      0.630E+09     -0.990E+02     -0.990E+02
      0.316E-02      0.190E+01      0.154E+00      0.630E+09     -0.990E+02     -0.990E+02
      0.331E-02      0.190E+01      0.154E+00      0.630E+09     -0.990E+02     -0.990E+02
      0.347E-02      0.190E+01      0.154E+00      0.630E+09     -0.990E+02     -0.990E+02
      0.363E-02      0.190E+01      0.154E+00      0.630E+09     -0.990E+02     -0.990E+02
      0.380E-02      0.190E+01      0.154E+00      0.630E+09     -0.990E+02     -0.990E+02
      0.398E-02      0.190E+01      0.154E+00      0.630E+09     -0.990E+02     -0.990E+02
      0.417E-02      0.190E+01      0.154E+00      0.630E+09     -0.990E+02     -0.990E+02
      0.437E-02      0.190E+01      0.154E+00      0.630E+09     -0.990E+02     -0.990E+02
      0.457E-02      0.190E+01      0.154E+00      0.630E+09     -0.990E+02     -0.990E+02
      0.479E-02      0.190E+01      0.154E+00      0.630E+09     -0.990E+02     -0.990E+02
      0.501E-02      0.190E+01      0.154E+00      0.630E+09     -0.990E+02     -0.990E+02
      0.525E-02      0.190E+01      0.154E+00      0.630E+09     -0.990E+02     -0.990E+02
      0.550E-02      0.190E+01      0.154E+00      0.630E+09     -0.990E+02     -0.990E+02
      0.575E-02      0.190E+01      0.154E+00      0.630E+09     -0.990E+02     -0.990E+02
      0.603E-02      0.190E+01      0.154E+00      0.630E+09     -0.990E+02     -0.990E+02
      0.631E-02      0.190E+01      0.154E+00      0.630E+09     -0.990E+02     -0.990E+02
      0.661E-02      0.190E+01      0.154E+00      0.630E+09     -0.990E+02     -0.990E+02
      0.692E-02      0.190E+01      0.154E+00      0.630E+09     -0.990E+02     -0.990E+02
      0.724E-02      0.190E+01      0.154E+00      0.630E+09     -0.990E+02     -0.990E+02
      0.759E-02      0.190E+01      0.154E+00      0.630E+09     -0.990E+02     -0.990E+02
      0.794E-02      0.190E+01      0.154E+00      0.630E+09     -0.990E+02     -0.990E+02
      0.832E-02      0.190E+01      0.154E+00      0.630E+09     -0.990E+02     -0.990E+02
      0.871E-02      0.190E+01      0.154E+00      0.630E+09     -0.990E+02     -0.990E+02
      0.912E-02      0.190E+01      0.154E+00      0.630E+09     -0.990E+02     -0.990E+02
      0.955E-02      0.190E+01      0.154E+00      0.630E+09     -0.990E+02     -0.990E+02
      0.100E-01      0.190E+01      0.154E+00      0.630E+09     -0.175E+00      0.398E+00
      0.105E-01      0.135E+00      0.902E-01      0.610E+09     -0.175E+00      0.398E+00
      0.110E-01      0.134E+00      0.899E-01      0.610E+09     -0.175E+00      0.398E+00
      0.115E-01      0.134E+00      0.896E-01      0.610E+09     -0.175E+00      0.399E+00
      0.120E-01      0.134E+00      0.896E-01      0.610E+09     -0.175E+00      0.399E+00
      0.126E-01      0.134E+00      0.899E-01      0.610E+09     -0.176E+00      0.400E+00
      0.132E-01      0.135E+00      0.904E-01      0.610E+09     -0.175E+00      0.399E+00
      0.138E-01      0.135E+00      0.901E-01      0.610E+09     -0.175E+00      0.399E+00
      0.144E-01      0.134E+00      0.896E-01      0.610E+09     -0.176E+00      0.400E+00
      0.151E-01      0.134E+00      0.896E-01      0.610E+09     -0.176E+00      0.399E+00
      0.159E-01      0.135E+00      0.903E-01      0.610E+09     -0.176E+00      0.401E+00
      0.166E-01      0.134E+00      0.901E-01      0.610E+09     -0.176E+00      0.401E+00
      0.174E-01      0.135E+00      0.905E-01      0.610E+09     -0.177E+00      0.401E+00
      0.182E-01      0.135E+00      0.908E-01      0.610E+09     -0.177E+00      0.401E+00
      0.191E-01      0.135E+00      0.907E-01      0.610E+09     -0.176E+00      0.400E+00
      0.200E-01      0.134E+00      0.904E-01      0.609E+09     -0.177E+00      0.402E+00
      0.209E-01      0.134E+00      0.903E-01      0.609E+09     -0.177E+00      0.402E+00
      0.219E-01      0.135E+00      0.906E-01      0.609E+09     -0.177E+00      0.402E+00
      0.229E-01      0.135E+00      0.908E-01      0.609E+09     -0.178E+00      0.403E+00
      0.240E-01      0.135E+00      0.908E-01      0.609E+09     -0.177E+00      0.402E+00
      0.251E-01      0.135E+00      0.911E-01      0.609E+09     -0.177E+00      0.403E+00
      0.263E-01      0.135E+00      0.910E-01      0.609E+09     -0.177E+00      0.402E+00
      0.275E-01      0.135E+00      0.909E-01      0.609E+09     -0.178E+00      0.403E+00
      0.290E-01      0.135E+00      0.913E-01      0.608E+09     -0.178E+00      0.404E+00
      0.300E-01      0.136E+00      0.912E-01      0.608E+09     -0.178E+00      0.403E+00
      0.310E-01      0.136E+00      0.915E-01      0.608E+09     -0.178E+00      0.405E+00
      0.320E-01      0.136E+00      0.915E-01      0.608E+09     -0.178E+00      0.405E+00
      0.330E-01      0.136E+00      0.915E-01      0.608E+09     -0.178E+00      0.405E+00
      0.340E-01      0.136E+00      0.918E-01      0.608E+09     -0.178E+00      0.406E+00
      0.350E-01      0.136E+00      0.918E-01      0.608E+09     -0.179E+00      0.406E+00
      0.360E-01      0.136E+00      0.918E-01      0.608E+09     -0.179E+00      0.406E+00
      0.370E-01      0.136E+00      0.918E-01      0.608E+09     -0.178E+00      0.405E+00
      0.380E-01      0.136E+00      0.921E-01      0.607E+09     -0.179E+00      0.406E+00
      0.390E-01      0.136E+00      0.921E-01      0.607E+09     -0.179E+00      0.407E+00
      0.400E-01      0.136E+00      0.921E-01      0.607E+09     -0.179E+00      0.407E+00
      0.425E-01      0.136E+00      0.924E-01      0.607E+09     -0.180E+00      0.408E+00
      0.450E-01      0.137E+00      0.926E-01      0.607E+09     -0.180E+00      0.408E+00
      0.475E-01      0.137E+00      0.929E-01      0.606E+09     -0.180E+00      0.409E+00
      0.500E-01      0.137E+00      0.932E-01      0.606E+09     -0.181E+00      0.410E+00
      0.525E-01      0.137E+00      0.933E-01      0.606E+09     -0.181E+00      0.410E+00
      0.550E-01      0.138E+00      0.936E-01      0.606E+09     -0.181E+00      0.411E+00
      0.571E-01      0.138E+00      0.939E-01      0.605E+09     -0.182E+00      0.411E+00
      0.640E-01      0.139E+00      0.945E-01      0.605E+09     -0.183E+00      0.411E+00
      0.719E-01      0.140E+00      0.956E-01      0.604E+09     -0.184E+00      0.412E+00
      0.806E-01      0.142E+00      0.965E-01      0.603E+09     -0.185E+00      0.412E+00
      0.905E-01      0.143E+00      0.975E-01      0.602E+09     -0.186E+00      0.412E+00
      0.102E+00      0.145E+00      0.990E-01      0.601E+09     -0.187E+00      0.414E+00
      0.114E+00      0.147E+00      0.983E-01      0.600E+09     -0.185E+00      0.404E+00
      0.128E+00      0.148E+00      0.975E-01      0.598E+09     -0.182E+00      0.393E+00
      0.143E+00      0.150E+00      0.968E-01      0.597E+09     -0.179E+00      0.382E+00
      0.161E+00      0.152E+00      0.962E-01      0.595E+09     -0.175E+00      0.370E+00
      0.181E+00      0.154E+00      0.956E-01      0.593E+09     -0.172E+00      0.358E+00
      0.203E+00      0.156E+00      0.952E-01      0.590E+09     -0.168E+00      0.344E+00
      0.227E+00      0.159E+00      0.950E-01      0.588E+09     -0.164E+00      0.330E+00
      0.255E+00      0.162E+00      0.950E-01      0.585E+09     -0.159E+00      0.314E+00
      0.286E+00      0.165E+00      0.951E-01      0.581E+09     -0.154E+00      0.298E+00
      0.321E+00      0.164E+00      0.931E-01      0.577E+09     -0.154E+00      0.289E+00
      0.360E+00      0.157E+00      0.884E-01      0.573E+09     -0.159E+00      0.291E+00
      0.404E+00      0.151E+00      0.837E-01      0.568E+09     -0.166E+00      0.295E+00
      0.453E+00      0.143E+00      0.788E-01      0.563E+09     -0.175E+00      0.304E+00
      0.509E+00      0.134E+00      0.741E-01      0.558E+09     -0.186E+00      0.316E+00
      0.571E+00      0.127E+00      0.705E-01      0.553E+09     -0.195E+00      0.329E+00
      0.641E+00      0.125E+00      0.706E-01      0.547E+09     -0.204E+00      0.340E+00
      0.719E+00      0.125E+00      0.728E-01      0.541E+09     -0.224E+00      0.362E+00
      0.806E+00      0.125E+00      0.767E-01      0.534E+09     -0.245E+00      0.387E+00
      0.905E+00      0.119E+00      0.734E-01      0.526E+09     -0.250E+00      0.395E+00
      0.102E+01      0.106E+00      0.645E-01      0.518E+09     -0.237E+00      0.406E+00
      0.114E+01      0.970E-01      0.623E-01      0.510E+09     -0.235E+00      0.440E+00
      0.128E+01      0.103E+00      0.723E-01      0.502E+09     -0.270E+00      0.478E+00
      0.143E+01      0.130E+00      0.828E-01      0.492E+09     -0.211E+00      0.390E+00
      0.161E+01      0.147E+00      0.901E-01      0.478E+09     -0.169E+00      0.345E+00
      0.168E+01      0.155E+00      0.954E-01      0.467E+09     -0.213E+00      0.367E+00
      0.170E+01      0.158E+00      0.976E-01      0.462E+09     -0.224E+00      0.377E+00
      0.180E+01      0.169E+00      0.111E+00      0.456E+09     -0.273E+00      0.434E+00
      0.190E+01      0.181E+00      0.109E+00      0.446E+09     -0.270E+00      0.405E+00
      0.200E+01      0.181E+00      0.998E-01      0.434E+09     -0.233E+00      0.341E+00
      0.210E+01      0.167E+00      0.102E+00      0.423E+09     -0.214E+00      0.363E+00
      0.220E+01      0.170E+00      0.106E+00      0.413E+09     -0.290E+00      0.405E+00
      0.230E+01      0.174E+00      0.136E+00      0.402E+09     -0.365E+00      0.552E+00
      0.240E+01      0.172E+00      0.140E+00      0.392E+09     -0.377E+00      0.585E+00
      0.250E+01      0.149E+00      0.109E+00      0.381E+09     -0.362E+00      0.518E+00
      0.260E+01      0.128E+00      0.869E-01      0.372E+09     -0.336E+00      0.474E+00
      0.275E+01      0.125E+00      0.812E-01      0.363E+09     -0.329E+00      0.437E+00
      0.300E+01      0.126E+00      0.793E-01      0.348E+09     -0.322E+00      0.417E+00
      0.325E+01      0.177E+00      0.101E+00      0.329E+09     -0.308E+00      0.375E+00
      0.350E+01      0.180E+00      0.108E+00      0.302E+09     -0.330E+00      0.430E+00
      0.375E+01      0.200E+00      0.117E+00      0.276E+09     -0.290E+00      0.384E+00
      0.400E+01      0.227E+00      0.112E+00      0.246E+09     -0.309E+00      0.336E+00
      0.425E+01      0.212E+00      0.105E+00      0.213E+09     -0.401E+00      0.394E+00
      0.450E+01      0.196E+00      0.111E+00      0.182E+09     -0.441E+00      0.453E+00
      0.475E+01      0.178E+00      0.991E-01      0.153E+09     -0.426E+00      0.380E+00
      0.500E+01      0.167E+00      0.861E-01      0.128E+09     -0.452E+00      0.382E+00
      0.525E+01      0.141E+00      0.644E-01      0.104E+09     -0.518E+00      0.362E+00
      0.550E+01      0.100E+00      0.440E-01      0.834E+08     -0.586E+00      0.406E+00
      0.575E+01      0.864E-01      0.468E-01      0.691E+08     -0.384E+00      0.280E+00
      0.600E+01      0.101E+00      0.534E-01      0.567E+08     -0.341E+00      0.242E+00
      0.625E+01      0.824E-01      0.399E-01      0.423E+08     -0.405E+00      0.285E+00
      0.650E+01      0.107E+00      0.542E-01      0.306E+08     -0.543E+00      0.411E+00
      0.675E+01      0.727E-01      0.322E-01      0.155E+08     -0.731E+00      0.450E+00
      0.700E+01      0.324E-01      0.117E-01      0.526E+07     -0.865E+00      0.420E+00
      0.725E+01      0.510E-02      0.170E-02      0.715E+06     -0.900E+00      0.405E+00
      0.750E+01      0.978E-07      0.558E-04      0.137E+02     -0.148E+01      0.113E+04
      0.775E+01      0.414E-10      0.769E-07      0.568E-02     -0.423E+01      0.111E+05
      0.800E+01      0.000E+00      0.153E-21      0.115E-31     -0.402E+01            NaN
      0.825E+01      0.000E+00      0.000E+00      0.000E+00     -0.990E+02     -0.990E+02
      0.850E+01      0.000E+00      0.000E+00      0.000E+00     -0.990E+02     -0.990E+02
      0.875E+01      0.000E+00      0.000E+00      0.000E+00     -0.990E+02     -0.990E+02
      0.900E+01      0.000E+00      0.000E+00      0.000E+00     -0.990E+02     -0.990E+02
      0.925E+01      0.000E+00      0.000E+00      0.000E+00     -0.990E+02     -0.990E+02
      0.950E+01      0.000E+00      0.000E+00      0.000E+00     -0.990E+02     -0.990E+02
      0.975E+01      0.000E+00      0.000E+00      0.000E+00     -0.990E+02     -0.990E+02
      0.100E+02      0.000E+00      0.000E+00      0.000E+00     -0.990E+02     -0.990E+02
      0.102E+02      0.000E+00      0.000E+00      0.000E+00     -0.990E+02     -0.990E+02
      0.105E+02      0.000E+00      0.000E+00      0.000E+00     -0.990E+02     -0.990E+02
      0.108E+02      0.000E+00      0.000E+00      0.000E+00     -0.990E+02     -0.990E+02
      0.110E+02      0.000E+00      0.000E+00      0.000E+00     -0.990E+02     -0.990E+02
      0.112E+02      0.000E+00      0.000E+00      0.000E+00     -0.990E+02     -0.990E+02
      0.115E+02      0.000E+00      0.000E+00      0.000E+00     -0.990E+02     -0.990E+02
      0.118E+02      0.000E+00      0.000E+00      0.000E+00     -0.990E+02     -0.990E+02
      0.120E+02      0.000E+00      0.000E+00      0.000E+00     -0.990E+02     -0.990E+02
      0.122E+02      0.000E+00      0.000E+00      0.000E+00     -0.990E+02     -0.990E+02
      0.125E+02      0.000E+00      0.000E+00      0.000E+00     -0.990E+02     -0.990E+02
      0.128E+02      0.000E+00      0.000E+00      0.000E+00     -0.990E+02     -0.990E+02
      0.130E+02      0.000E+00      0.000E+00      0.000E+00     -0.990E+02     -0.990E+02
      0.132E+02      0.000E+00      0.000E+00      0.000E+00     -0.990E+02     -0.990E+02
      0.135E+02      0.000E+00      0.000E+00      0.000E+00     -0.990E+02     -0.990E+02
      0.138E+02      0.000E+00      0.000E+00      0.000E+00     -0.990E+02     -0.990E+02
      0.140E+02      0.000E+00      0.000E+00      0.000E+00     -0.990E+02     -0.990E+02
      0.142E+02      0.000E+00      0.000E+00      0.000E+00     -0.990E+02     -0.990E+02
      0.145E+02      0.000E+00      0.000E+00      0.000E+00     -0.990E+02     -0.990E+02
      0.148E+02      0.000E+00      0.000E+00      0.000E+00     -0.990E+02     -0.990E+02
      0.150E+02      0.000E+00      0.000E+00      0.000E+00     -0.990E+02     -0.990E+02
      0.152E+02      0.000E+00      0.000E+00      0.000E+00     -0.990E+02     -0.990E+02
      0.155E+02      0.000E+00      0.000E+00      0.000E+00     -0.990E+02     -0.990E+02
      0.158E+02      0.000E+00      0.000E+00      0.000E+00     -0.990E+02     -0.990E+02
      0.160E+02      0.000E+00      0.000E+00      0.000E+00     -0.990E+02     -0.990E+02
      0.162E+02      0.000E+00      0.000E+00      0.000E+00     -0.990E+02     -0.990E+02
      0.165E+02      0.000E+00      0.000E+00      0.000E+00     -0.990E+02     -0.990E+02
      0.168E+02      0.000E+00      0.000E+00      0.000E+00     -0.990E+02     -0.990E+02
      0.170E+02      0.000E+00      0.000E+00      0.000E+00     -0.990E+02     -0.990E+02
      0.172E+02      0.000E+00      0.000E+00      0.000E+00     -0.990E+02     -0.990E+02
      0.175E+02      0.000E+00      0.000E+00      0.000E+00     -0.990E+02     -0.990E+02
      0.178E+02      0.000E+00      0.000E+00      0.000E+00     -0.990E+02     -0.990E+02
      0.180E+02      0.000E+00      0.000E+00      0.000E+00     -0.990E+02     -0.990E+02
      0.182E+02      0.000E+00      0.000E+00      0.000E+00     -0.990E+02     -0.990E+02
      0.185E+02      0.000E+00      0.000E+00      0.000E+00     -0.990E+02     -0.990E+02
      0.188E+02      0.000E+00      0.000E+00      0.000E+00     -0.990E+02     -0.990E+02
      0.190E+02      0.000E+00      0.000E+00      0.000E+00     -0.990E+02     -0.990E+02
      0.192E+02      0.000E+00      0.000E+00      0.000E+00     -0.990E+02     -0.990E+02
      0.195E+02      0.000E+00      0.000E+00      0.000E+00     -0.990E+02     -0.990E+02
      0.198E+02      0.000E+00      0.000E+00      0.000E+00     -0.990E+02     -0.990E+02
      0.200E+02      0.000E+00      0.000E+00      0.000E+00     -0.990E+02     -0.990E+02
