      0.000E+00      0.329E+01      0.934E-01      0.119E+09     -0.990E+02     -0.990E+02
      0.100E-03      0.329E+01      0.934E-01      0.119E+09     -0.990E+02     -0.990E+02
      0.140E-03      0.329E+01      0.934E-01      0.119E+09     -0.990E+02     -0.990E+02
      0.160E-03      0.329E+01      0.934E-01      0.119E+09     -0.990E+02     -0.990E+02
      0.180E-03      0.329E+01      0.934E-01      0.119E+09     -0.990E+02     -0.990E+02
      0.200E-03      0.329E+01      0.934E-01      0.119E+09     -0.990E+02     -0.990E+02
      0.220E-03      0.329E+01      0.934E-01      0.119E+09     -0.990E+02     -0.990E+02
      0.250E-03      0.329E+01      0.934E-01      0.119E+09     -0.990E+02     -0.990E+02
      0.280E-03      0.329E+01      0.934E-01      0.119E+09     -0.990E+02     -0.990E+02
      0.320E-03      0.329E+01      0.934E-01      0.119E+09     -0.990E+02     -0.990E+02
      0.350E-03      0.329E+01      0.934E-01      0.119E+09     -0.990E+02     -0.990E+02
      0.400E-03      0.329E+01      0.934E-01      0.119E+09     -0.990E+02     -0.990E+02
      0.450E-03      0.329E+01      0.934E-01      0.119E+09     -0.990E+02     -0.990E+02
      0.500E-03      0.329E+01      0.934E-01      0.119E+09     -0.990E+02     -0.990E+02
      0.560E-03      0.329E+01      0.934E-01      0.119E+09     -0.990E+02     -0.990E+02
      0.630E-03      0.329E+01      0.934E-01      0.119E+09     -0.990E+02     -0.990E+02
      0.710E-03      0.329E+01      0.934E-01      0.119E+09     -0.990E+02     -0.990E+02
      0.790E-03      0.329E+01      0.934E-01      0.119E+09     -0.990E+02     -0.990E+02
      0.890E-03      0.329E+01      0.934E-01      0.119E+09     -0.990E+02     -0.990E+02
      0.100E-02      0.329E+01      0.934E-01      0.119E+09     -0.990E+02     -0.990E+02
      0.105E-02      0.329E+01      0.934E-01      0.119E+09     -0.990E+02     -0.990E+02
      0.110E-02      0.329E+01      0.934E-01      0.119E+09     -0.990E+02     -0.990E+02
      0.115E-02      0.329E+01      0.934E-01      0.119E+09     -0.990E+02     -0.990E+02
      0.120E-02      0.329E+01      0.934E-01      0.119E+09     -0.990E+02     -0.990E+02
      0.126E-02      0.329E+01      0.934E-01      0.119E+09     -0.990E+02     -0.990E+02
      0.132E-02      0.329E+01      0.934E-01      0.119E+09     -0.990E+02     -0.990E+02
      0.138E-02      0.329E+01      0.934E-01      0.119E+09     -0.990E+02     -0.990E+02
      0.145E-02      0.329E+01      0.934E-01      0.119E+09     -0.990E+02     -0.990E+02
      0.151E-02      0.329E+01      0.934E-01      0.119E+09     -0.990E+02     -0.990E+02
      0.158E-02      0.329E+01      0.934E-01      0.119E+09     -0.990E+02     -0.990E+02
      0.166E-02      0.329E+01      0.934E-01      0.119E+09     -0.990E+02     -0.990E+02
      0.174E-02      0.329E+01      0.934E-01      0.119E+09     -0.990E+02     -0.990E+02
      0.182E-02      0.329E+01      0.934E-01      0.119E+09     -0.990E+02     -0.990E+02
      0.191E-02      0.329E+01      0.934E-01      0.119E+09     -0.990E+02     -0.990E+02
      0.200E-02      0.329E+01      0.934E-01      0.119E+09     -0.990E+02     -0.990E+02
      0.209E-02      0.329E+01      0.934E-01      0.119E+09     -0.990E+02     -0.990E+02
      0.219E-02      0.329E+01      0.934E-01      0.119E+09     -0.990E+02     -0.990E+02
      0.229E-02      0.329E+01      0.934E-01      0.119E+09     -0.990E+02     -0.990E+02
      0.240E-02      0.329E+01      0.934E-01      0.119E+09     -0.990E+02     -0.990E+02
      0.251E-02      0.329E+01      0.934E-01      0.119E+09     -0.990E+02     -0.990E+02
      0.263E-02      0.329E+01      0.934E-01      0.119E+09     -0.990E+02     -0.990E+02
      0.275E-02      0.329E+01      0.934E-01      0.119E+09     -0.990E+02     -0.990E+02
      0.288E-02      0.329E+01      0.934E-01      0.119E+09     -0.990E+02     -0.990E+02
      0.302E-02      0.329E+01      0.934E-01      0.119E+09     -0.990E+02     -0.990E+02
      0.316E-02      0.329E+01      0.934E-01      0.119E+09     -0.990E+02     -0.990E+02
      0.331E-02      0.329E+01      0.934E-01      0.119E+09     -0.990E+02     -0.990E+02
      0.347E-02      0.329E+01      0.934E-01      0.119E+09     -0.990E+02     -0.990E+02
      0.363E-02      0.329E+01      0.934E-01      0.119E+09     -0.990E+02     -0.990E+02
      0.380E-02      0.329E+01      0.934E-01      0.119E+09     -0.990E+02     -0.990E+02
      0.398E-02      0.329E+01      0.934E-01      0.119E+09     -0.990E+02     -0.990E+02
      0.417E-02      0.329E+01      0.934E-01      0.119E+09     -0.990E+02     -0.990E+02
      0.437E-02      0.329E+01      0.934E-01      0.119E+09     -0.990E+02     -0.990E+02
      0.457E-02      0.329E+01      0.934E-01      0.119E+09     -0.990E+02     -0.990E+02
      0.479E-02      0.329E+01      0.934E-01      0.119E+09     -0.990E+02     -0.990E+02
      0.501E-02      0.329E+01      0.934E-01      0.119E+09     -0.990E+02     -0.990E+02
      0.525E-02      0.329E+01      0.934E-01      0.119E+09     -0.990E+02     -0.990E+02
      0.550E-02      0.329E+01      0.934E-01      0.119E+09     -0.990E+02     -0.990E+02
      0.575E-02      0.329E+01      0.934E-01      0.119E+09     -0.990E+02     -0.990E+02
      0.603E-02      0.329E+01      0.934E-01      0.119E+09     -0.990E+02     -0.990E+02
      0.631E-02      0.329E+01      0.934E-01      0.119E+09     -0.990E+02     -0.990E+02
      0.661E-02      0.329E+01      0.934E-01      0.119E+09     -0.990E+02     -0.990E+02
      0.692E-02      0.329E+01      0.934E-01      0.119E+09     -0.990E+02     -0.990E+02
      0.724E-02      0.329E+01      0.934E-01      0.119E+09     -0.990E+02     -0.990E+02
      0.759E-02      0.329E+01      0.934E-01      0.119E+09     -0.990E+02     -0.990E+02
      0.794E-02      0.329E+01      0.934E-01      0.119E+09     -0.990E+02     -0.990E+02
      0.832E-02      0.329E+01      0.934E-01      0.119E+09     -0.990E+02     -0.990E+02
      0.871E-02      0.329E+01      0.934E-01      0.119E+09     -0.990E+02     -0.990E+02
      0.912E-02      0.329E+01      0.934E-01      0.119E+09     -0.990E+02     -0.990E+02
      0.955E-02      0.329E+01      0.934E-01      0.119E+09     -0.990E+02     -0.990E+02
      0.100E-01      0.329E+01      0.934E-01      0.119E+09      0.215E+00      0.285E+00
      0.105E-01      0.609E-02      0.573E-02      0.866E+08      0.216E+00      0.285E+00
      0.110E-01      0.607E-02      0.571E-02      0.866E+08      0.215E+00      0.285E+00
      0.115E-01      0.606E-02      0.569E-02      0.866E+08      0.215E+00      0.285E+00
      0.120E-01      0.605E-02      0.569E-02      0.866E+08      0.215E+00      0.285E+00
      0.126E-01      0.607E-02      0.570E-02      0.866E+08      0.216E+00      0.285E+00
      0.132E-01      0.610E-02      0.573E-02      0.866E+08      0.215E+00      0.285E+00
      0.138E-01      0.609E-02      0.571E-02      0.866E+08      0.215E+00      0.285E+00
      0.144E-01      0.605E-02      0.568E-02      0.866E+08      0.215E+00      0.285E+00
      0.151E-01      0.608E-02      0.569E-02      0.866E+08      0.215E+00      0.284E+00
      0.159E-01      0.610E-02      0.572E-02      0.866E+08      0.215E+00      0.284E+00
      0.166E-01      0.611E-02      0.572E-02      0.866E+08      0.215E+00      0.284E+00
      0.174E-01      0.612E-02      0.571E-02      0.866E+08      0.216E+00      0.284E+00
      0.182E-01      0.615E-02      0.575E-02      0.866E+08      0.215E+00      0.284E+00
      0.191E-01      0.615E-02      0.574E-02      0.866E+08      0.215E+00      0.284E+00
      0.200E-01      0.613E-02      0.571E-02      0.866E+08      0.215E+00      0.283E+00
      0.209E-01      0.612E-02      0.570E-02      0.865E+08      0.215E+00      0.283E+00
      0.219E-01      0.613E-02      0.570E-02      0.865E+08      0.215E+00      0.283E+00
      0.229E-01      0.616E-02      0.573E-02      0.865E+08      0.215E+00      0.283E+00
      0.240E-01      0.616E-02      0.572E-02      0.865E+08      0.215E+00      0.283E+00
      0.251E-01      0.618E-02      0.573E-02      0.865E+08      0.215E+00      0.282E+00
      0.263E-01      0.618E-02      0.573E-02      0.865E+08      0.215E+00      0.282E+00
      0.275E-01      0.618E-02      0.572E-02      0.865E+08      0.215E+00      0.282E+00
      0.290E-01      0.620E-02      0.572E-02      0.865E+08      0.215E+00      0.281E+00
      0.300E-01      0.620E-02      0.573E-02      0.865E+08      0.215E+00      0.282E+00
      0.310E-01      0.622E-02      0.574E-02      0.865E+08      0.215E+00      0.282E+00
      0.320E-01      0.622E-02      0.574E-02      0.865E+08      0.215E+00      0.281E+00
      0.330E-01      0.623E-02      0.573E-02      0.865E+08      0.216E+00      0.281E+00
      0.340E-01      0.624E-02      0.573E-02      0.865E+08      0.215E+00      0.281E+00
      0.350E-01      0.625E-02      0.574E-02      0.865E+08      0.215E+00      0.281E+00
      0.360E-01      0.626E-02      0.574E-02      0.865E+08      0.216E+00      0.280E+00
      0.370E-01      0.626E-02      0.574E-02      0.865E+08      0.215E+00      0.280E+00
      0.380E-01      0.628E-02      0.575E-02      0.865E+08      0.215E+00      0.280E+00
      0.390E-01      0.628E-02      0.575E-02      0.865E+08      0.215E+00      0.280E+00
      0.400E-01      0.628E-02      0.574E-02      0.864E+08      0.215E+00      0.280E+00
      0.425E-01      0.630E-02      0.575E-02      0.864E+08      0.216E+00      0.280E+00
      0.450E-01      0.633E-02      0.575E-02      0.864E+08      0.215E+00      0.279E+00
      0.475E-01      0.634E-02      0.576E-02      0.864E+08      0.215E+00      0.279E+00
      0.500E-01      0.636E-02      0.576E-02      0.864E+08      0.215E+00      0.278E+00
      0.525E-01      0.638E-02      0.577E-02      0.864E+08      0.215E+00      0.278E+00
      0.550E-01      0.639E-02      0.577E-02      0.864E+08      0.215E+00      0.278E+00
      0.571E-01      0.642E-02      0.578E-02      0.864E+08      0.215E+00      0.278E+00
      0.640E-01      0.647E-02      0.579E-02      0.863E+08      0.215E+00      0.277E+00
      0.719E-01      0.653E-02      0.581E-02      0.863E+08      0.215E+00      0.276E+00
      0.806E-01      0.659E-02      0.582E-02      0.863E+08      0.215E+00      0.275E+00
      0.905E-01      0.667E-02      0.585E-02      0.862E+08      0.215E+00      0.274E+00
      0.102E+00      0.676E-02      0.589E-02      0.862E+08      0.215E+00      0.274E+00
      0.114E+00      0.685E-02      0.592E-02      0.861E+08      0.215E+00      0.273E+00
      0.128E+00      0.696E-02      0.595E-02      0.860E+08      0.215E+00      0.272E+00
      0.143E+00      0.708E-02      0.600E-02      0.860E+08      0.215E+00      0.271E+00
      0.161E+00      0.722E-02      0.607E-02      0.859E+08      0.215E+00      0.271E+00
      0.181E+00      0.735E-02      0.612E-02      0.858E+08      0.210E+00      0.267E+00
      0.203E+00      0.749E-02      0.620E-02      0.857E+08      0.205E+00      0.262E+00
      0.227E+00      0.766E-02      0.629E-02      0.855E+08      0.200E+00      0.258E+00
      0.255E+00      0.790E-02      0.643E-02      0.854E+08      0.191E+00      0.251E+00
      0.286E+00      0.821E-02      0.662E-02      0.852E+08      0.181E+00      0.244E+00
      0.321E+00      0.855E-02      0.686E-02      0.850E+08      0.170E+00      0.239E+00
      0.360E+00      0.893E-02      0.715E-02      0.848E+08      0.159E+00      0.237E+00
      0.404E+00      0.935E-02      0.748E-02      0.845E+08      0.147E+00      0.236E+00
      0.453E+00      0.131E-01      0.841E-02      0.842E+08      0.154E+00      0.183E+00
      0.509E+00      0.176E-01      0.102E-01      0.838E+08      0.162E+00      0.159E+00
      0.571E+00      0.224E-01      0.128E-01      0.830E+08      0.171E+00      0.148E+00
      0.641E+00      0.278E-01      0.161E-01      0.820E+08      0.178E+00      0.146E+00
      0.719E+00      0.303E-01      0.155E-01      0.806E+08      0.181E+00      0.133E+00
      0.806E+00      0.316E-01      0.134E-01      0.789E+08      0.187E+00      0.120E+00
      0.905E+00      0.329E-01      0.127E-01      0.770E+08      0.195E+00      0.115E+00
      0.102E+01      0.290E-01      0.988E-02      0.747E+08      0.188E+00      0.113E+00
      0.114E+01      0.246E-01      0.101E-01      0.725E+08      0.172E+00      0.115E+00
      0.128E+01      0.262E-01      0.127E-01      0.703E+08      0.152E+00      0.109E+00
      0.143E+01      0.291E-01      0.157E-01      0.678E+08      0.132E+00      0.111E+00
      0.161E+01      0.281E-01      0.152E-01      0.647E+08      0.126E+00      0.107E+00
      0.168E+01      0.277E-01      0.150E-01      0.625E+08      0.125E+00      0.106E+00
      0.170E+01      0.277E-01      0.149E-01      0.617E+08      0.125E+00      0.106E+00
      0.180E+01      0.279E-01      0.146E-01      0.607E+08      0.122E+00      0.104E+00
      0.190E+01      0.282E-01      0.145E-01      0.589E+08      0.119E+00      0.102E+00
      0.200E+01      0.286E-01      0.140E-01      0.571E+08      0.113E+00      0.971E-01
      0.210E+01      0.290E-01      0.143E-01      0.553E+08      0.106E+00      0.944E-01
      0.220E+01      0.284E-01      0.135E-01      0.535E+08      0.104E+00      0.877E-01
      0.230E+01      0.263E-01      0.111E-01      0.518E+08      0.111E+00      0.755E-01
      0.240E+01      0.242E-01      0.109E-01      0.501E+08      0.117E+00      0.773E-01
      0.250E+01      0.220E-01      0.869E-02      0.486E+08      0.116E+00      0.695E-01
      0.260E+01      0.196E-01      0.679E-02      0.473E+08      0.113E+00      0.616E-01
      0.275E+01      0.192E-01      0.553E-02      0.458E+08      0.107E+00      0.467E-01
      0.300E+01      0.212E-01      0.477E-02      0.434E+08      0.101E+00      0.368E-01
      0.325E+01      0.202E-01      0.409E-02      0.402E+08      0.111E+00      0.637E-01
      0.350E+01      0.168E-01      0.411E-02      0.372E+08      0.134E+00      0.608E-01
      0.375E+01      0.151E-01      0.650E-02      0.347E+08      0.172E+00      0.131E+00
      0.400E+01      0.178E-01      0.797E-02      0.324E+08      0.208E+00      0.156E+00
      0.425E+01      0.241E-01      0.571E-02      0.298E+08      0.181E+00      0.675E-01
      0.450E+01      0.273E-01      0.546E-02      0.262E+08      0.126E+00      0.401E-01
      0.475E+01      0.265E-01      0.721E-02      0.222E+08      0.882E-01      0.434E-01
      0.500E+01      0.274E-01      0.746E-02      0.184E+08      0.465E-01      0.350E-01
      0.525E+01      0.277E-01      0.881E-02      0.144E+08      0.829E-02      0.379E-01
      0.550E+01      0.201E-01      0.711E-02      0.103E+08     -0.144E-01      0.689E-01
      0.575E+01      0.119E-01      0.439E-02      0.741E+07      0.130E-01      0.747E-01
      0.600E+01      0.128E-01      0.448E-02      0.569E+07      0.802E-01      0.834E-01
      0.625E+01      0.132E-01      0.566E-02      0.384E+07      0.217E-01      0.427E-01
      0.650E+01      0.920E-02      0.472E-02      0.194E+07     -0.755E-01      0.675E-01
      0.675E+01      0.432E-02      0.221E-02      0.621E+06     -0.164E+00      0.124E+00
      0.700E+01      0.782E-05      0.134E-03      0.421E+04     -0.105E+01      0.254E+02
      0.725E+01      0.123E-04      0.264E-03      0.313E+04     -0.120E+01      0.365E+02
      0.750E+01      0.852E-05      0.148E-03      0.141E+04     -0.148E+01      0.344E+02
      0.775E+01      0.149E-05      0.221E-04      0.217E+03     -0.240E+01      0.554E+02
      0.800E+01      0.704E-07      0.193E-05      0.965E+01     -0.421E+01      0.161E+03
      0.825E+01      0.379E-11      0.469E-07      0.531E-03     -0.635E+00      0.149E+05
      0.850E+01      0.172E-16      0.661E-11      0.240E-08     -0.321E+01      0.178E+07
      0.875E+01      0.112E-32      0.273E-18      0.155E-24     -0.155E+01       Infinity
      0.900E+01      0.000E+00      0.000E+00      0.000E+00     -0.990E+02     -0.990E+02
      0.925E+01      0.000E+00      0.000E+00      0.000E+00     -0.990E+02     -0.990E+02
      0.950E+01      0.000E+00      0.000E+00      0.000E+00     -0.990E+02     -0.990E+02
      0.975E+01      0.000E+00      0.000E+00      0.000E+00     -0.990E+02     -0.990E+02
      0.100E+02      0.000E+00      0.000E+00      0.000E+00     -0.990E+02     -0.990E+02
      0.102E+02      0.000E+00      0.000E+00      0.000E+00     -0.990E+02     -0.990E+02
      0.105E+02      0.000E+00      0.000E+00      0.000E+00     -0.990E+02     -0.990E+02
      0.108E+02      0.000E+00      0.000E+00      0.000E+00     -0.990E+02     -0.990E+02
      0.110E+02      0.000E+00      0.000E+00      0.000E+00     -0.990E+02     -0.990E+02
      0.112E+02      0.000E+00      0.000E+00      0.000E+00     -0.990E+02     -0.990E+02
      0.115E+02      0.000E+00      0.000E+00      0.000E+00     -0.990E+02     -0.990E+02
      0.118E+02      0.000E+00      0.000E+00      0.000E+00     -0.990E+02     -0.990E+02
      0.120E+02      0.000E+00      0.000E+00      0.000E+00     -0.990E+02     -0.990E+02
      0.122E+02      0.000E+00      0.000E+00      0.000E+00     -0.990E+02     -0.990E+02
      0.125E+02      0.000E+00      0.000E+00      0.000E+00     -0.990E+02     -0.990E+02
      0.128E+02      0.000E+00      0.000E+00      0.000E+00     -0.990E+02     -0.990E+02
      0.130E+02      0.000E+00      0.000E+00      0.000E+00     -0.990E+02     -0.990E+02
      0.132E+02      0.000E+00      0.000E+00      0.000E+00     -0.990E+02     -0.990E+02
      0.135E+02      0.000E+00      0.000E+00      0.000E+00     -0.990E+02     -0.990E+02
      0.138E+02      0.000E+00      0.000E+00      0.000E+00     -0.990E+02     -0.990E+02
      0.140E+02      0.000E+00      0.000E+00      0.000E+00     -0.990E+02     -0.990E+02
      0.142E+02      0.000E+00      0.000E+00      0.000E+00     -0.990E+02     -0.990E+02
      0.145E+02      0.000E+00      0.000E+00      0.000E+00     -0.990E+02     -0.990E+02
      0.148E+02      0.000E+00      0.000E+00      0.000E+00     -0.990E+02     -0.990E+02
      0.150E+02      0.000E+00      0.000E+00      0.000E+00     -0.990E+02     -0.990E+02
      0.152E+02      0.000E+00      0.000E+00      0.000E+00     -0.990E+02     -0.990E+02
      0.155E+02      0.000E+00      0.000E+00      0.000E+00     -0.990E+02     -0.990E+02
      0.158E+02      0.000E+00      0.000E+00      0.000E+00     -0.990E+02     -0.990E+02
      0.160E+02      0.000E+00      0.000E+00      0.000E+00     -0.990E+02     -0.990E+02
      0.162E+02      0.000E+00      0.000E+00      0.000E+00     -0.990E+02     -0.990E+02
      0.165E+02      0.000E+00      0.000E+00      0.000E+00     -0.990E+02     -0.990E+02
      0.168E+02      0.000E+00      0.000E+00      0.000E+00     -0.990E+02     -0.990E+02
      0.170E+02      0.000E+00      0.000E+00      0.000E+00     -0.990E+02     -0.990E+02
      0.172E+02      0.000E+00      0.000E+00      0.000E+00     -0.990E+02     -0.990E+02
      0.175E+02      0.000E+00      0.000E+00      0.000E+00     -0.990E+02     -0.990E+02
      0.178E+02      0.000E+00      0.000E+00      0.000E+00     -0.990E+02     -0.990E+02
      0.180E+02      0.000E+00      0.000E+00      0.000E+00     -0.990E+02     -0.990E+02
      0.182E+02      0.000E+00      0.000E+00      0.000E+00     -0.990E+02     -0.990E+02
      0.185E+02      0.000E+00      0.000E+00      0.000E+00     -0.990E+02     -0.990E+02
      0.188E+02      0.000E+00      0.000E+00      0.000E+00     -0.990E+02     -0.990E+02
      0.190E+02      0.000E+00      0.000E+00      0.000E+00     -0.990E+02     -0.990E+02
      0.192E+02      0.000E+00      0.000E+00      0.000E+00     -0.990E+02     -0.990E+02
      0.195E+02      0.000E+00      0.000E+00      0.000E+00     -0.990E+02     -0.990E+02
      0.198E+02      0.000E+00      0.000E+00      0.000E+00     -0.990E+02     -0.990E+02
      0.200E+02      0.000E+00      0.000E+00      0.000E+00     -0.990E+02     -0.990E+02
