      0.000E+00      0.752E+01      0.803E+01      0.786E+10     -0.990E+02     -0.990E+02
      0.100E-03      0.752E+01      0.803E+01      0.786E+10     -0.990E+02     -0.990E+02
      0.140E-03      0.752E+01      0.803E+01      0.786E+10     -0.990E+02     -0.990E+02
      0.160E-03      0.752E+01      0.803E+01      0.786E+10     -0.990E+02     -0.990E+02
      0.180E-03      0.752E+01      0.803E+01      0.786E+10     -0.990E+02     -0.990E+02
      0.200E-03      0.752E+01      0.803E+01      0.786E+10     -0.990E+02     -0.990E+02
      0.220E-03      0.752E+01      0.803E+01      0.786E+10     -0.990E+02     -0.990E+02
      0.250E-03      0.752E+01      0.803E+01      0.786E+10     -0.990E+02     -0.990E+02
      0.280E-03      0.752E+01      0.803E+01      0.786E+10     -0.990E+02     -0.990E+02
      0.320E-03      0.752E+01      0.803E+01      0.786E+10     -0.990E+02     -0.990E+02
      0.350E-03      0.752E+01      0.803E+01      0.786E+10     -0.990E+02     -0.990E+02
      0.400E-03      0.752E+01      0.803E+01      0.786E+10     -0.990E+02     -0.990E+02
      0.450E-03      0.752E+01      0.803E+01      0.786E+10     -0.990E+02     -0.990E+02
      0.500E-03      0.752E+01      0.803E+01      0.786E+10     -0.990E+02     -0.990E+02
      0.560E-03      0.752E+01      0.803E+01      0.786E+10     -0.990E+02     -0.990E+02
      0.630E-03      0.752E+01      0.803E+01      0.786E+10     -0.990E+02     -0.990E+02
      0.710E-03      0.752E+01      0.803E+01      0.786E+10     -0.990E+02     -0.990E+02
      0.790E-03      0.752E+01      0.803E+01      0.786E+10     -0.990E+02     -0.990E+02
      0.890E-03      0.752E+01      0.803E+01      0.786E+10     -0.990E+02     -0.990E+02
      0.100E-02      0.752E+01      0.803E+01      0.786E+10     -0.990E+02     -0.990E+02
      0.105E-02      0.752E+01      0.803E+01      0.786E+10     -0.990E+02     -0.990E+02
      0.110E-02      0.752E+01      0.803E+01      0.786E+10     -0.990E+02     -0.990E+02
      0.115E-02      0.752E+01      0.803E+01      0.786E+10     -0.990E+02     -0.990E+02
      0.120E-02      0.752E+01      0.803E+01      0.786E+10     -0.990E+02     -0.990E+02
      0.126E-02      0.752E+01      0.803E+01      0.786E+10     -0.990E+02     -0.990E+02
      0.132E-02      0.752E+01      0.803E+01      0.786E+10     -0.990E+02     -0.990E+02
      0.138E-02      0.752E+01      0.803E+01      0.786E+10     -0.990E+02     -0.990E+02
      0.145E-02      0.752E+01      0.803E+01      0.786E+10     -0.990E+02     -0.990E+02
      0.151E-02      0.752E+01      0.803E+01      0.786E+10     -0.990E+02     -0.990E+02
      0.158E-02      0.752E+01      0.803E+01      0.786E+10     -0.990E+02     -0.990E+02
      0.166E-02      0.752E+01      0.803E+01      0.786E+10     -0.990E+02     -0.990E+02
      0.174E-02      0.752E+01      0.803E+01      0.786E+10     -0.990E+02     -0.990E+02
      0.182E-02      0.752E+01      0.803E+01      0.786E+10     -0.990E+02     -0.990E+02
      0.191E-02      0.752E+01      0.803E+01      0.786E+10     -0.990E+02     -0.990E+02
      0.200E-02      0.752E+01      0.803E+01      0.786E+10     -0.990E+02     -0.990E+02
      0.209E-02      0.752E+01      0.803E+01      0.786E+10     -0.990E+02     -0.990E+02
      0.219E-02      0.752E+01      0.803E+01      0.786E+10     -0.990E+02     -0.990E+02
      0.229E-02      0.752E+01      0.803E+01      0.786E+10     -0.990E+02     -0.990E+02
      0.240E-02      0.752E+01      0.803E+01      0.786E+10     -0.990E+02     -0.990E+02
      0.251E-02      0.752E+01      0.803E+01      0.786E+10     -0.990E+02     -0.990E+02
      0.263E-02      0.752E+01      0.803E+01      0.786E+10     -0.990E+02     -0.990E+02
      0.275E-02      0.752E+01      0.803E+01      0.786E+10     -0.990E+02     -0.990E+02
      0.288E-02      0.752E+01      0.803E+01      0.786E+10     -0.990E+02     -0.990E+02
      0.302E-02      0.752E+01      0.803E+01      0.786E+10     -0.990E+02     -0.990E+02
      0.316E-02      0.752E+01      0.803E+01      0.786E+10     -0.990E+02     -0.990E+02
      0.331E-02      0.752E+01      0.803E+01      0.786E+10     -0.990E+02     -0.990E+02
      0.347E-02      0.752E+01      0.803E+01      0.786E+10     -0.990E+02     -0.990E+02
      0.363E-02      0.752E+01      0.803E+01      0.786E+10     -0.990E+02     -0.990E+02
      0.380E-02      0.752E+01      0.803E+01      0.786E+10     -0.990E+02     -0.990E+02
      0.398E-02      0.752E+01      0.803E+01      0.786E+10     -0.990E+02     -0.990E+02
      0.417E-02      0.752E+01      0.803E+01      0.786E+10     -0.990E+02     -0.990E+02
      0.437E-02      0.752E+01      0.803E+01      0.786E+10     -0.990E+02     -0.990E+02
      0.457E-02      0.752E+01      0.803E+01      0.786E+10     -0.990E+02     -0.990E+02
      0.479E-02      0.752E+01      0.803E+01      0.786E+10     -0.990E+02     -0.990E+02
      0.501E-02      0.752E+01      0.803E+01      0.786E+10     -0.990E+02     -0.990E+02
      0.525E-02      0.752E+01      0.803E+01      0.786E+10     -0.990E+02     -0.990E+02
      0.550E-02      0.752E+01      0.803E+01      0.786E+10     -0.990E+02     -0.990E+02
      0.575E-02      0.752E+01      0.803E+01      0.786E+10     -0.990E+02     -0.990E+02
      0.603E-02      0.752E+01      0.803E+01      0.786E+10     -0.990E+02     -0.990E+02
      0.631E-02      0.752E+01      0.803E+01      0.786E+10     -0.990E+02     -0.990E+02
      0.661E-02      0.752E+01      0.803E+01      0.786E+10     -0.990E+02     -0.990E+02
      0.692E-02      0.752E+01      0.803E+01      0.786E+10     -0.990E+02     -0.990E+02
      0.724E-02      0.752E+01      0.803E+01      0.786E+10     -0.990E+02     -0.990E+02
      0.759E-02      0.752E+01      0.803E+01      0.786E+10     -0.990E+02     -0.990E+02
      0.794E-02      0.752E+01      0.803E+01      0.786E+10     -0.990E+02     -0.990E+02
      0.832E-02      0.752E+01      0.803E+01      0.786E+10     -0.990E+02     -0.990E+02
      0.871E-02      0.752E+01      0.803E+01      0.786E+10     -0.990E+02     -0.990E+02
      0.912E-02      0.752E+01      0.803E+01      0.786E+10     -0.990E+02     -0.990E+02
      0.955E-02      0.752E+01      0.803E+01      0.786E+10     -0.990E+02     -0.990E+02
      0.100E-01      0.752E+01      0.803E+01      0.786E+10     -0.130E+00      0.108E+00
      0.105E-01      0.475E+02      0.179E+02      0.777E+10     -0.130E+00      0.108E+00
      0.110E-01      0.472E+02      0.178E+02      0.775E+10     -0.130E+00      0.108E+00
      0.115E-01      0.470E+02      0.177E+02      0.773E+10     -0.131E+00      0.108E+00
      0.120E-01      0.469E+02      0.177E+02      0.771E+10     -0.131E+00      0.108E+00
      0.126E-01      0.469E+02      0.176E+02      0.768E+10     -0.131E+00      0.109E+00
      0.132E-01      0.470E+02      0.177E+02      0.766E+10     -0.132E+00      0.109E+00
      0.138E-01      0.468E+02      0.176E+02      0.763E+10     -0.132E+00      0.109E+00
      0.144E-01      0.463E+02      0.174E+02      0.761E+10     -0.132E+00      0.109E+00
      0.151E-01      0.463E+02      0.173E+02      0.758E+10     -0.133E+00      0.110E+00
      0.159E-01      0.464E+02      0.174E+02      0.755E+10     -0.133E+00      0.110E+00
      0.166E-01      0.462E+02      0.173E+02      0.752E+10     -0.134E+00      0.110E+00
      0.174E-01      0.461E+02      0.172E+02      0.749E+10     -0.134E+00      0.110E+00
      0.182E-01      0.462E+02      0.172E+02      0.746E+10     -0.135E+00      0.111E+00
      0.191E-01      0.460E+02      0.172E+02      0.743E+10     -0.136E+00      0.111E+00
      0.200E-01      0.456E+02      0.170E+02      0.739E+10     -0.136E+00      0.111E+00
      0.209E-01      0.454E+02      0.169E+02      0.736E+10     -0.137E+00      0.112E+00
      0.219E-01      0.452E+02      0.168E+02      0.732E+10     -0.137E+00      0.112E+00
      0.229E-01      0.451E+02      0.168E+02      0.728E+10     -0.138E+00      0.113E+00
      0.240E-01      0.450E+02      0.167E+02      0.724E+10     -0.139E+00      0.113E+00
      0.251E-01      0.448E+02      0.167E+02      0.720E+10     -0.140E+00      0.113E+00
      0.263E-01      0.446E+02      0.166E+02      0.716E+10     -0.141E+00      0.114E+00
      0.275E-01      0.443E+02      0.165E+02      0.711E+10     -0.141E+00      0.115E+00
      0.290E-01      0.440E+02      0.164E+02      0.706E+10     -0.142E+00      0.115E+00
      0.300E-01      0.439E+02      0.164E+02      0.702E+10     -0.143E+00      0.116E+00
      0.310E-01      0.438E+02      0.163E+02      0.698E+10     -0.144E+00      0.116E+00
      0.320E-01      0.436E+02      0.162E+02      0.695E+10     -0.145E+00      0.117E+00
      0.330E-01      0.434E+02      0.162E+02      0.691E+10     -0.145E+00      0.117E+00
      0.340E-01      0.432E+02      0.161E+02      0.688E+10     -0.146E+00      0.118E+00
      0.350E-01      0.430E+02      0.161E+02      0.684E+10     -0.147E+00      0.118E+00
      0.360E-01      0.429E+02      0.161E+02      0.681E+10     -0.147E+00      0.119E+00
      0.370E-01      0.427E+02      0.160E+02      0.677E+10     -0.148E+00      0.119E+00
      0.380E-01      0.425E+02      0.160E+02      0.674E+10     -0.149E+00      0.120E+00
      0.390E-01      0.424E+02      0.160E+02      0.670E+10     -0.150E+00      0.121E+00
      0.400E-01      0.422E+02      0.159E+02      0.667E+10     -0.150E+00      0.121E+00
      0.425E-01      0.419E+02      0.158E+02      0.661E+10     -0.152E+00      0.122E+00
      0.450E-01      0.416E+02      0.156E+02      0.652E+10     -0.153E+00      0.122E+00
      0.475E-01      0.413E+02      0.154E+02      0.644E+10     -0.155E+00      0.122E+00
      0.500E-01      0.410E+02      0.153E+02      0.636E+10     -0.156E+00      0.122E+00
      0.525E-01      0.407E+02      0.151E+02      0.628E+10     -0.157E+00      0.123E+00
      0.550E-01      0.404E+02      0.150E+02      0.619E+10     -0.159E+00      0.123E+00
      0.571E-01      0.402E+02      0.148E+02      0.612E+10     -0.160E+00      0.123E+00
      0.640E-01      0.394E+02      0.144E+02      0.598E+10     -0.163E+00      0.124E+00
      0.719E-01      0.384E+02      0.139E+02      0.575E+10     -0.167E+00      0.124E+00
      0.806E-01      0.373E+02      0.133E+02      0.550E+10     -0.172E+00      0.125E+00
      0.905E-01      0.360E+02      0.127E+02      0.523E+10     -0.177E+00      0.125E+00
      0.102E+00      0.345E+02      0.120E+02      0.494E+10     -0.183E+00      0.127E+00
      0.114E+00      0.328E+02      0.112E+02      0.463E+10     -0.189E+00      0.128E+00
      0.128E+00      0.309E+02      0.105E+02      0.431E+10     -0.197E+00      0.130E+00
      0.143E+00      0.288E+02      0.970E+01      0.396E+10     -0.208E+00      0.134E+00
      0.161E+00      0.265E+02      0.894E+01      0.361E+10     -0.221E+00      0.138E+00
      0.181E+00      0.240E+02      0.807E+01      0.324E+10     -0.235E+00      0.142E+00
      0.203E+00      0.214E+02      0.712E+01      0.287E+10     -0.251E+00      0.147E+00
      0.227E+00      0.185E+02      0.635E+01      0.251E+10     -0.273E+00      0.161E+00
      0.255E+00      0.156E+02      0.575E+01      0.216E+10     -0.301E+00      0.181E+00
      0.286E+00      0.128E+02      0.525E+01      0.183E+10     -0.325E+00      0.211E+00
      0.321E+00      0.103E+02      0.491E+01      0.153E+10     -0.358E+00      0.258E+00
      0.360E+00      0.849E+01      0.459E+01      0.126E+10     -0.385E+00      0.310E+00
      0.404E+00      0.684E+01      0.405E+01      0.101E+10     -0.402E+00      0.353E+00
      0.453E+00      0.529E+01      0.339E+01      0.787E+09     -0.419E+00      0.391E+00
      0.509E+00      0.384E+01      0.287E+01      0.596E+09     -0.431E+00      0.467E+00
      0.571E+00      0.283E+01      0.239E+01      0.442E+09     -0.414E+00      0.502E+00
      0.641E+00      0.199E+01      0.200E+01      0.315E+09     -0.404E+00      0.574E+00
      0.719E+00      0.131E+01      0.156E+01      0.216E+09     -0.375E+00      0.643E+00
      0.806E+00      0.824E+00      0.115E+01      0.144E+09     -0.376E+00      0.788E+00
      0.905E+00      0.482E+00      0.938E+00      0.927E+08     -0.366E+00      0.103E+01
      0.102E+01      0.319E+00      0.743E+00      0.595E+08     -0.354E+00      0.117E+01
      0.114E+01      0.210E+00      0.603E+00      0.351E+08     -0.404E+00      0.172E+01
      0.128E+01      0.128E+00      0.378E+00      0.172E+08     -0.420E+00      0.165E+01
      0.143E+01      0.423E-01      0.190E+00      0.509E+07     -0.379E+00      0.225E+01
      0.161E+01      0.519E-02      0.374E-01      0.634E+06     -0.564E+00      0.578E+01
      0.168E+01      0.326E-02      0.248E-01      0.234E+06     -0.539E+00      0.594E+01
      0.170E+01      0.281E-02      0.214E-01      0.142E+06     -0.538E+00      0.592E+01
      0.180E+01      0.586E-03      0.444E-02      0.369E+05     -0.552E+00      0.598E+01
      0.190E+01      0.617E-05      0.182E-03      0.543E+03     -0.182E+01      0.577E+02
      0.200E+01      0.260E-05      0.242E-04      0.160E+03     -0.185E+01      0.229E+02
      0.210E+01      0.500E-09      0.431E-05      0.309E-01     -0.253E+00      0.300E+04
      0.220E+01      0.233E-18      0.187E-11      0.138E-10     -0.423E+01      0.479E+08
      0.230E+01      0.000E+00      0.000E+00      0.000E+00     -0.990E+02     -0.990E+02
      0.240E+01      0.000E+00      0.000E+00      0.000E+00     -0.990E+02     -0.990E+02
      0.250E+01      0.000E+00      0.000E+00      0.000E+00     -0.990E+02     -0.990E+02
      0.260E+01      0.000E+00      0.000E+00      0.000E+00     -0.990E+02     -0.990E+02
      0.275E+01      0.000E+00      0.000E+00      0.000E+00     -0.990E+02     -0.990E+02
      0.300E+01      0.000E+00      0.000E+00      0.000E+00     -0.990E+02     -0.990E+02
      0.325E+01      0.000E+00      0.000E+00      0.000E+00     -0.990E+02     -0.990E+02
      0.350E+01      0.000E+00      0.000E+00      0.000E+00     -0.990E+02     -0.990E+02
      0.375E+01      0.000E+00      0.000E+00      0.000E+00     -0.990E+02     -0.990E+02
      0.400E+01      0.000E+00      0.000E+00      0.000E+00     -0.990E+02     -0.990E+02
      0.425E+01      0.000E+00      0.000E+00      0.000E+00     -0.990E+02     -0.990E+02
      0.450E+01      0.000E+00      0.000E+00      0.000E+00     -0.990E+02     -0.990E+02
      0.475E+01      0.000E+00      0.000E+00      0.000E+00     -0.990E+02     -0.990E+02
      0.500E+01      0.000E+00      0.000E+00      0.000E+00     -0.990E+02     -0.990E+02
      0.525E+01      0.000E+00      0.000E+00      0.000E+00     -0.990E+02     -0.990E+02
      0.550E+01      0.000E+00      0.000E+00      0.000E+00     -0.990E+02     -0.990E+02
      0.575E+01      0.000E+00      0.000E+00      0.000E+00     -0.990E+02     -0.990E+02
      0.600E+01      0.000E+00      0.000E+00      0.000E+00     -0.990E+02     -0.990E+02
      0.625E+01      0.000E+00      0.000E+00      0.000E+00     -0.990E+02     -0.990E+02
      0.650E+01      0.000E+00      0.000E+00      0.000E+00     -0.990E+02     -0.990E+02
      0.675E+01      0.000E+00      0.000E+00      0.000E+00     -0.990E+02     -0.990E+02
      0.700E+01      0.000E+00      0.000E+00      0.000E+00     -0.990E+02     -0.990E+02
      0.725E+01      0.000E+00      0.000E+00      0.000E+00     -0.990E+02     -0.990E+02
      0.750E+01      0.000E+00      0.000E+00      0.000E+00     -0.990E+02     -0.990E+02
      0.775E+01      0.000E+00      0.000E+00      0.000E+00     -0.990E+02     -0.990E+02
      0.800E+01      0.000E+00      0.000E+00      0.000E+00     -0.990E+02     -0.990E+02
      0.825E+01      0.000E+00      0.000E+00      0.000E+00     -0.990E+02     -0.990E+02
      0.850E+01      0.000E+00      0.000E+00      0.000E+00     -0.990E+02     -0.990E+02
      0.875E+01      0.000E+00      0.000E+00      0.000E+00     -0.990E+02     -0.990E+02
      0.900E+01      0.000E+00      0.000E+00      0.000E+00     -0.990E+02     -0.990E+02
      0.925E+01      0.000E+00      0.000E+00      0.000E+00     -0.990E+02     -0.990E+02
      0.950E+01      0.000E+00      0.000E+00      0.000E+00     -0.990E+02     -0.990E+02
      0.975E+01      0.000E+00      0.000E+00      0.000E+00     -0.990E+02     -0.990E+02
      0.100E+02      0.000E+00      0.000E+00      0.000E+00     -0.990E+02     -0.990E+02
      0.102E+02      0.000E+00      0.000E+00      0.000E+00     -0.990E+02     -0.990E+02
      0.105E+02      0.000E+00      0.000E+00      0.000E+00     -0.990E+02     -0.990E+02
      0.108E+02      0.000E+00      0.000E+00      0.000E+00     -0.990E+02     -0.990E+02
      0.110E+02      0.000E+00      0.000E+00      0.000E+00     -0.990E+02     -0.990E+02
      0.112E+02      0.000E+00      0.000E+00      0.000E+00     -0.990E+02     -0.990E+02
      0.115E+02      0.000E+00      0.000E+00      0.000E+00     -0.990E+02     -0.990E+02
      0.118E+02      0.000E+00      0.000E+00      0.000E+00     -0.990E+02     -0.990E+02
      0.120E+02      0.000E+00      0.000E+00      0.000E+00     -0.990E+02     -0.990E+02
      0.122E+02      0.000E+00      0.000E+00      0.000E+00     -0.990E+02     -0.990E+02
      0.125E+02      0.000E+00      0.000E+00      0.000E+00     -0.990E+02     -0.990E+02
      0.128E+02      0.000E+00      0.000E+00      0.000E+00     -0.990E+02     -0.990E+02
      0.130E+02      0.000E+00      0.000E+00      0.000E+00     -0.990E+02     -0.990E+02
      0.132E+02      0.000E+00      0.000E+00      0.000E+00     -0.990E+02     -0.990E+02
      0.135E+02      0.000E+00      0.000E+00      0.000E+00     -0.990E+02     -0.990E+02
      0.138E+02      0.000E+00      0.000E+00      0.000E+00     -0.990E+02     -0.990E+02
      0.140E+02      0.000E+00      0.000E+00      0.000E+00     -0.990E+02     -0.990E+02
      0.142E+02      0.000E+00      0.000E+00      0.000E+00     -0.990E+02     -0.990E+02
      0.145E+02      0.000E+00      0.000E+00      0.000E+00     -0.990E+02     -0.990E+02
      0.148E+02      0.000E+00      0.000E+00      0.000E+00     -0.990E+02     -0.990E+02
      0.150E+02      0.000E+00      0.000E+00      0.000E+00     -0.990E+02     -0.990E+02
      0.152E+02      0.000E+00      0.000E+00      0.000E+00     -0.990E+02     -0.990E+02
      0.155E+02      0.000E+00      0.000E+00      0.000E+00     -0.990E+02     -0.990E+02
      0.158E+02      0.000E+00      0.000E+00      0.000E+00     -0.990E+02     -0.990E+02
      0.160E+02      0.000E+00      0.000E+00      0.000E+00     -0.990E+02     -0.990E+02
      0.162E+02      0.000E+00      0.000E+00      0.000E+00     -0.990E+02     -0.990E+02
      0.165E+02      0.000E+00      0.000E+00      0.000E+00     -0.990E+02     -0.990E+02
      0.168E+02      0.000E+00      0.000E+00      0.000E+00     -0.990E+02     -0.990E+02
      0.170E+02      0.000E+00      0.000E+00      0.000E+00     -0.990E+02     -0.990E+02
      0.172E+02      0.000E+00      0.000E+00      0.000E+00     -0.990E+02     -0.990E+02
      0.175E+02      0.000E+00      0.000E+00      0.000E+00     -0.990E+02     -0.990E+02
      0.178E+02      0.000E+00      0.000E+00      0.000E+00     -0.990E+02     -0.990E+02
      0.180E+02      0.000E+00      0.000E+00      0.000E+00     -0.990E+02     -0.990E+02
      0.182E+02      0.000E+00      0.000E+00      0.000E+00     -0.990E+02     -0.990E+02
      0.185E+02      0.000E+00      0.000E+00      0.000E+00     -0.990E+02     -0.990E+02
      0.188E+02      0.000E+00      0.000E+00      0.000E+00     -0.990E+02     -0.990E+02
      0.190E+02      0.000E+00      0.000E+00      0.000E+00     -0.990E+02     -0.990E+02
      0.192E+02      0.000E+00      0.000E+00      0.000E+00     -0.990E+02     -0.990E+02
      0.195E+02      0.000E+00      0.000E+00      0.000E+00     -0.990E+02     -0.990E+02
      0.198E+02      0.000E+00      0.000E+00      0.000E+00     -0.990E+02     -0.990E+02
      0.200E+02      0.000E+00      0.000E+00      0.000E+00     -0.990E+02     -0.990E+02
