      0.000E+00      0.229E+01      0.291E+01      0.966E+09     -0.990E+02     -0.990E+02
      0.100E-03      0.229E+01      0.291E+01      0.966E+09     -0.990E+02     -0.990E+02
      0.140E-03      0.229E+01      0.291E+01      0.966E+09     -0.990E+02     -0.990E+02
      0.160E-03      0.229E+01      0.291E+01      0.966E+09     -0.990E+02     -0.990E+02
      0.180E-03      0.229E+01      0.291E+01      0.966E+09     -0.990E+02     -0.990E+02
      0.200E-03      0.229E+01      0.291E+01      0.966E+09     -0.990E+02     -0.990E+02
      0.220E-03      0.229E+01      0.291E+01      0.966E+09     -0.990E+02     -0.990E+02
      0.250E-03      0.229E+01      0.291E+01      0.966E+09     -0.990E+02     -0.990E+02
      0.280E-03      0.229E+01      0.291E+01      0.966E+09     -0.990E+02     -0.990E+02
      0.320E-03      0.229E+01      0.291E+01      0.966E+09     -0.990E+02     -0.990E+02
      0.350E-03      0.229E+01      0.291E+01      0.966E+09     -0.990E+02     -0.990E+02
      0.400E-03      0.229E+01      0.291E+01      0.966E+09     -0.990E+02     -0.990E+02
      0.450E-03      0.229E+01      0.291E+01      0.966E+09     -0.990E+02     -0.990E+02
      0.500E-03      0.229E+01      0.291E+01      0.966E+09     -0.990E+02     -0.990E+02
      0.560E-03      0.229E+01      0.291E+01      0.966E+09     -0.990E+02     -0.990E+02
      0.630E-03      0.229E+01      0.291E+01      0.966E+09     -0.990E+02     -0.990E+02
      0.710E-03      0.229E+01      0.291E+01      0.966E+09     -0.990E+02     -0.990E+02
      0.790E-03      0.229E+01      0.291E+01      0.966E+09     -0.990E+02     -0.990E+02
      0.890E-03      0.229E+01      0.291E+01      0.966E+09     -0.990E+02     -0.990E+02
      0.100E-02      0.229E+01      0.291E+01      0.966E+09     -0.990E+02     -0.990E+02
      0.105E-02      0.229E+01      0.291E+01      0.966E+09     -0.990E+02     -0.990E+02
      0.110E-02      0.229E+01      0.291E+01      0.966E+09     -0.990E+02     -0.990E+02
      0.115E-02      0.229E+01      0.291E+01      0.966E+09     -0.990E+02     -0.990E+02
      0.120E-02      0.229E+01      0.291E+01      0.966E+09     -0.990E+02     -0.990E+02
      0.126E-02      0.229E+01      0.291E+01      0.966E+09     -0.990E+02     -0.990E+02
      0.132E-02      0.229E+01      0.291E+01      0.966E+09     -0.990E+02     -0.990E+02
      0.138E-02      0.229E+01      0.291E+01      0.966E+09     -0.990E+02     -0.990E+02
      0.145E-02      0.229E+01      0.291E+01      0.966E+09     -0.990E+02     -0.990E+02
      0.151E-02      0.229E+01      0.291E+01      0.966E+09     -0.990E+02     -0.990E+02
      0.158E-02      0.229E+01      0.291E+01      0.966E+09     -0.990E+02     -0.990E+02
      0.166E-02      0.229E+01      0.291E+01      0.966E+09     -0.990E+02     -0.990E+02
      0.174E-02      0.229E+01      0.291E+01      0.966E+09     -0.990E+02     -0.990E+02
      0.182E-02      0.229E+01      0.291E+01      0.966E+09     -0.990E+02     -0.990E+02
      0.191E-02      0.229E+01      0.291E+01      0.966E+09     -0.990E+02     -0.990E+02
      0.200E-02      0.229E+01      0.291E+01      0.966E+09     -0.990E+02     -0.990E+02
      0.209E-02      0.229E+01      0.291E+01      0.966E+09     -0.990E+02     -0.990E+02
      0.219E-02      0.229E+01      0.291E+01      0.966E+09     -0.990E+02     -0.990E+02
      0.229E-02      0.229E+01      0.291E+01      0.966E+09     -0.990E+02     -0.990E+02
      0.240E-02      0.229E+01      0.291E+01      0.966E+09     -0.990E+02     -0.990E+02
      0.251E-02      0.229E+01      0.291E+01      0.966E+09     -0.990E+02     -0.990E+02
      0.263E-02      0.229E+01      0.291E+01      0.966E+09     -0.990E+02     -0.990E+02
      0.275E-02      0.229E+01      0.291E+01      0.966E+09     -0.990E+02     -0.990E+02
      0.288E-02      0.229E+01      0.291E+01      0.966E+09     -0.990E+02     -0.990E+02
      0.302E-02      0.229E+01      0.291E+01      0.966E+09     -0.990E+02     -0.990E+02
      0.316E-02      0.229E+01      0.291E+01      0.966E+09     -0.990E+02     -0.990E+02
      0.331E-02      0.229E+01      0.291E+01      0.966E+09     -0.990E+02     -0.990E+02
      0.347E-02      0.229E+01      0.291E+01      0.966E+09     -0.990E+02     -0.990E+02
      0.363E-02      0.229E+01      0.291E+01      0.966E+09     -0.990E+02     -0.990E+02
      0.380E-02      0.229E+01      0.291E+01      0.966E+09     -0.990E+02     -0.990E+02
      0.398E-02      0.229E+01      0.291E+01      0.966E+09     -0.990E+02     -0.990E+02
      0.417E-02      0.229E+01      0.291E+01      0.966E+09     -0.990E+02     -0.990E+02
      0.437E-02      0.229E+01      0.291E+01      0.966E+09     -0.990E+02     -0.990E+02
      0.457E-02      0.229E+01      0.291E+01      0.966E+09     -0.990E+02     -0.990E+02
      0.479E-02      0.229E+01      0.291E+01      0.966E+09     -0.990E+02     -0.990E+02
      0.501E-02      0.229E+01      0.291E+01      0.966E+09     -0.990E+02     -0.990E+02
      0.525E-02      0.229E+01      0.291E+01      0.966E+09     -0.990E+02     -0.990E+02
      0.550E-02      0.229E+01      0.291E+01      0.966E+09     -0.990E+02     -0.990E+02
      0.575E-02      0.229E+01      0.291E+01      0.966E+09     -0.990E+02     -0.990E+02
      0.603E-02      0.229E+01      0.291E+01      0.966E+09     -0.990E+02     -0.990E+02
      0.631E-02      0.229E+01      0.291E+01      0.966E+09     -0.990E+02     -0.990E+02
      0.661E-02      0.229E+01      0.291E+01      0.966E+09     -0.990E+02     -0.990E+02
      0.692E-02      0.229E+01      0.291E+01      0.966E+09     -0.990E+02     -0.990E+02
      0.724E-02      0.229E+01      0.291E+01      0.966E+09     -0.990E+02     -0.990E+02
      0.759E-02      0.229E+01      0.291E+01      0.966E+09     -0.990E+02     -0.990E+02
      0.794E-02      0.229E+01      0.291E+01      0.966E+09     -0.990E+02     -0.990E+02
      0.832E-02      0.229E+01      0.291E+01      0.966E+09     -0.990E+02     -0.990E+02
      0.871E-02      0.229E+01      0.291E+01      0.966E+09     -0.990E+02     -0.990E+02
      0.912E-02      0.229E+01      0.291E+01      0.966E+09     -0.990E+02     -0.990E+02
      0.955E-02      0.229E+01      0.291E+01      0.966E+09     -0.990E+02     -0.990E+02
      0.100E-01      0.229E+01      0.291E+01      0.966E+09     -0.436E+00      0.227E+00
      0.105E-01      0.224E+01      0.818E+00      0.942E+09     -0.436E+00      0.227E+00
      0.110E-01      0.223E+01      0.812E+00      0.941E+09     -0.436E+00      0.227E+00
      0.115E-01      0.221E+01      0.807E+00      0.940E+09     -0.437E+00      0.227E+00
      0.120E-01      0.221E+01      0.803E+00      0.939E+09     -0.436E+00      0.226E+00
      0.126E-01      0.220E+01      0.800E+00      0.938E+09     -0.437E+00      0.226E+00
      0.132E-01      0.221E+01      0.801E+00      0.937E+09     -0.436E+00      0.226E+00
      0.138E-01      0.219E+01      0.794E+00      0.936E+09     -0.437E+00      0.225E+00
      0.144E-01      0.217E+01      0.785E+00      0.935E+09     -0.436E+00      0.225E+00
      0.151E-01      0.216E+01      0.782E+00      0.933E+09     -0.437E+00      0.225E+00
      0.159E-01      0.216E+01      0.781E+00      0.932E+09     -0.437E+00      0.224E+00
      0.166E-01      0.215E+01      0.775E+00      0.931E+09     -0.437E+00      0.224E+00
      0.174E-01      0.215E+01      0.771E+00      0.929E+09     -0.437E+00      0.223E+00
      0.182E-01      0.214E+01      0.770E+00      0.928E+09     -0.437E+00      0.223E+00
      0.191E-01      0.213E+01      0.763E+00      0.926E+09     -0.437E+00      0.223E+00
      0.200E-01      0.211E+01      0.754E+00      0.925E+09     -0.437E+00      0.222E+00
      0.209E-01      0.209E+01      0.747E+00      0.923E+09     -0.437E+00      0.222E+00
      0.219E-01      0.208E+01      0.742E+00      0.921E+09     -0.437E+00      0.221E+00
      0.229E-01      0.207E+01      0.737E+00      0.919E+09     -0.437E+00      0.221E+00
      0.240E-01      0.206E+01      0.730E+00      0.918E+09     -0.437E+00      0.220E+00
      0.251E-01      0.205E+01      0.724E+00      0.916E+09     -0.437E+00      0.219E+00
      0.263E-01      0.203E+01      0.716E+00      0.914E+09     -0.437E+00      0.218E+00
      0.275E-01      0.201E+01      0.706E+00      0.912E+09     -0.437E+00      0.218E+00
      0.290E-01      0.199E+01      0.698E+00      0.909E+09     -0.437E+00      0.217E+00
      0.300E-01      0.198E+01      0.692E+00      0.907E+09     -0.437E+00      0.216E+00
      0.310E-01      0.197E+01      0.686E+00      0.906E+09     -0.437E+00      0.216E+00
      0.320E-01      0.196E+01      0.680E+00      0.904E+09     -0.437E+00      0.215E+00
      0.330E-01      0.195E+01      0.673E+00      0.903E+09     -0.437E+00      0.214E+00
      0.340E-01      0.193E+01      0.667E+00      0.901E+09     -0.438E+00      0.214E+00
      0.350E-01      0.192E+01      0.660E+00      0.899E+09     -0.437E+00      0.213E+00
      0.360E-01      0.191E+01      0.654E+00      0.898E+09     -0.438E+00      0.212E+00
      0.370E-01      0.189E+01      0.647E+00      0.896E+09     -0.438E+00      0.212E+00
      0.380E-01      0.188E+01      0.642E+00      0.895E+09     -0.438E+00      0.211E+00
      0.390E-01      0.187E+01      0.636E+00      0.893E+09     -0.438E+00      0.210E+00
      0.400E-01      0.186E+01      0.629E+00      0.892E+09     -0.438E+00      0.209E+00
      0.425E-01      0.183E+01      0.616E+00      0.889E+09     -0.438E+00      0.208E+00
      0.450E-01      0.180E+01      0.599E+00      0.885E+09     -0.438E+00      0.206E+00
      0.475E-01      0.176E+01      0.583E+00      0.882E+09     -0.438E+00      0.204E+00
      0.500E-01      0.173E+01      0.566E+00      0.878E+09     -0.439E+00      0.202E+00
      0.525E-01      0.170E+01      0.551E+00      0.875E+09     -0.438E+00      0.200E+00
      0.550E-01      0.166E+01      0.535E+00      0.871E+09     -0.439E+00      0.198E+00
      0.571E-01      0.164E+01      0.522E+00      0.868E+09     -0.439E+00      0.196E+00
      0.640E-01      0.155E+01      0.478E+00      0.863E+09     -0.440E+00      0.189E+00
      0.719E-01      0.145E+01      0.430E+00      0.854E+09     -0.440E+00      0.181E+00
      0.806E-01      0.134E+01      0.376E+00      0.844E+09     -0.441E+00      0.170E+00
      0.905E-01      0.121E+01      0.315E+00      0.835E+09     -0.442E+00      0.156E+00
      0.102E+00      0.107E+01      0.248E+00      0.825E+09     -0.444E+00      0.137E+00
      0.114E+00      0.916E+00      0.175E+00      0.815E+09     -0.447E+00      0.112E+00
      0.128E+00      0.738E+00      0.104E+00      0.806E+09     -0.450E+00      0.858E-01
      0.143E+00      0.541E+00      0.832E-01      0.798E+09     -0.458E+00      0.124E+00
      0.161E+00      0.325E+00      0.157E+00      0.791E+09     -0.478E+00      0.375E+00
      0.181E+00      0.334E+00      0.159E+00      0.787E+09     -0.478E+00      0.374E+00
      0.203E+00      0.341E+00      0.161E+00      0.782E+09     -0.477E+00      0.371E+00
      0.227E+00      0.348E+00      0.161E+00      0.776E+09     -0.476E+00      0.369E+00
      0.255E+00      0.355E+00      0.163E+00      0.769E+09     -0.475E+00      0.367E+00
      0.286E+00      0.364E+00      0.165E+00      0.762E+09     -0.473E+00      0.365E+00
      0.321E+00      0.373E+00      0.169E+00      0.753E+09     -0.471E+00      0.364E+00
      0.360E+00      0.385E+00      0.174E+00      0.744E+09     -0.470E+00      0.364E+00
      0.404E+00      0.396E+00      0.181E+00      0.732E+09     -0.467E+00      0.365E+00
      0.453E+00      0.452E+00      0.193E+00      0.720E+09     -0.424E+00      0.318E+00
      0.509E+00      0.515E+00      0.209E+00      0.703E+09     -0.377E+00      0.271E+00
      0.571E+00      0.586E+00      0.237E+00      0.683E+09     -0.336E+00      0.235E+00
      0.641E+00      0.666E+00      0.276E+00      0.656E+09     -0.301E+00      0.207E+00
      0.719E+00      0.665E+00      0.246E+00      0.623E+09     -0.320E+00      0.179E+00
      0.806E+00      0.622E+00      0.195E+00      0.586E+09     -0.359E+00      0.147E+00
      0.905E+00      0.574E+00      0.186E+00      0.548E+09     -0.410E+00      0.155E+00
      0.102E+01      0.421E+00      0.105E+00      0.508E+09     -0.458E+00      0.140E+00
      0.114E+01      0.246E+00      0.529E-01      0.476E+09     -0.582E+00      0.203E+00
      0.128E+01      0.187E+00      0.507E-01      0.456E+09     -0.516E+00      0.224E+00
      0.143E+01      0.169E+00      0.608E-01      0.438E+09     -0.326E+00      0.206E+00
      0.161E+01      0.188E+00      0.628E-01      0.420E+09     -0.138E+00      0.132E+00
      0.168E+01      0.188E+00      0.649E-01      0.405E+09     -0.966E-01      0.135E+00
      0.170E+01      0.204E+00      0.689E-01      0.400E+09     -0.150E+00      0.148E+00
      0.180E+01      0.346E+00      0.141E+00      0.392E+09     -0.362E+00      0.270E+00
      0.190E+01      0.486E+00      0.231E+00      0.371E+09     -0.451E+00      0.350E+00
      0.200E+01      0.487E+00      0.230E+00      0.341E+09     -0.454E+00      0.353E+00
      0.210E+01      0.385E+00      0.179E+00      0.311E+09     -0.440E+00      0.346E+00
      0.220E+01      0.288E+00      0.137E+00      0.287E+09     -0.431E+00      0.350E+00
      0.230E+01      0.276E+00      0.124E+00      0.270E+09     -0.463E+00      0.342E+00
      0.240E+01      0.264E+00      0.113E+00      0.253E+09     -0.497E+00      0.339E+00
      0.250E+01      0.277E+00      0.116E+00      0.237E+09     -0.514E+00      0.339E+00
      0.260E+01      0.301E+00      0.128E+00      0.220E+09     -0.526E+00      0.347E+00
      0.275E+01      0.306E+00      0.134E+00      0.198E+09     -0.552E+00      0.367E+00
      0.300E+01      0.262E+00      0.106E+00      0.161E+09     -0.558E+00      0.347E+00
      0.325E+01      0.221E+00      0.897E-01      0.122E+09     -0.421E+00      0.279E+00
      0.350E+01      0.212E+00      0.837E-01      0.892E+08     -0.388E+00      0.235E+00
      0.375E+01      0.179E+00      0.499E-01      0.579E+08     -0.587E+00      0.247E+00
      0.400E+01      0.170E+00      0.484E-01      0.317E+08     -0.652E+00      0.232E+00
      0.425E+01      0.479E-01      0.135E-01      0.701E+07     -0.130E+01      0.486E+00
      0.450E+01      0.809E-03      0.742E-02      0.116E+06     -0.107E+01      0.132E+02
      0.475E+01      0.126E-06      0.840E-04      0.240E+02     -0.210E+00      0.190E+03
      0.500E+01      0.326E-07      0.506E-04      0.569E+01     -0.445E+00      0.811E+03
      0.525E+01      0.698E-08      0.148E-04      0.100E+01     -0.505E+00      0.155E+04
      0.550E+01      0.204E-10      0.419E-07      0.294E-02     -0.214E+01      0.607E+04
      0.575E+01      0.000E+00      0.000E+00      0.000E+00     -0.990E+02     -0.990E+02
      0.600E+01      0.000E+00      0.000E+00      0.000E+00     -0.990E+02     -0.990E+02
      0.625E+01      0.000E+00      0.000E+00      0.000E+00     -0.990E+02     -0.990E+02
      0.650E+01      0.000E+00      0.000E+00      0.000E+00     -0.990E+02     -0.990E+02
      0.675E+01      0.000E+00      0.000E+00      0.000E+00     -0.990E+02     -0.990E+02
      0.700E+01      0.000E+00      0.000E+00      0.000E+00     -0.990E+02     -0.990E+02
      0.725E+01      0.000E+00      0.000E+00      0.000E+00     -0.990E+02     -0.990E+02
      0.750E+01      0.000E+00      0.000E+00      0.000E+00     -0.990E+02     -0.990E+02
      0.775E+01      0.000E+00      0.000E+00      0.000E+00     -0.990E+02     -0.990E+02
      0.800E+01      0.000E+00      0.000E+00      0.000E+00     -0.990E+02     -0.990E+02
      0.825E+01      0.000E+00      0.000E+00      0.000E+00     -0.990E+02     -0.990E+02
      0.850E+01      0.000E+00      0.000E+00      0.000E+00     -0.990E+02     -0.990E+02
      0.875E+01      0.000E+00      0.000E+00      0.000E+00     -0.990E+02     -0.990E+02
      0.900E+01      0.000E+00      0.000E+00      0.000E+00     -0.990E+02     -0.990E+02
      0.925E+01      0.000E+00      0.000E+00      0.000E+00     -0.990E+02     -0.990E+02
      0.950E+01      0.000E+00      0.000E+00      0.000E+00     -0.990E+02     -0.990E+02
      0.975E+01      0.000E+00      0.000E+00      0.000E+00     -0.990E+02     -0.990E+02
      0.100E+02      0.000E+00      0.000E+00      0.000E+00     -0.990E+02     -0.990E+02
      0.102E+02      0.000E+00      0.000E+00      0.000E+00     -0.990E+02     -0.990E+02
      0.105E+02      0.000E+00      0.000E+00      0.000E+00     -0.990E+02     -0.990E+02
      0.108E+02      0.000E+00      0.000E+00      0.000E+00     -0.990E+02     -0.990E+02
      0.110E+02      0.000E+00      0.000E+00      0.000E+00     -0.990E+02     -0.990E+02
      0.112E+02      0.000E+00      0.000E+00      0.000E+00     -0.990E+02     -0.990E+02
      0.115E+02      0.000E+00      0.000E+00      0.000E+00     -0.990E+02     -0.990E+02
      0.118E+02      0.000E+00      0.000E+00      0.000E+00     -0.990E+02     -0.990E+02
      0.120E+02      0.000E+00      0.000E+00      0.000E+00     -0.990E+02     -0.990E+02
      0.122E+02      0.000E+00      0.000E+00      0.000E+00     -0.990E+02     -0.990E+02
      0.125E+02      0.000E+00      0.000E+00      0.000E+00     -0.990E+02     -0.990E+02
      0.128E+02      0.000E+00      0.000E+00      0.000E+00     -0.990E+02     -0.990E+02
      0.130E+02      0.000E+00      0.000E+00      0.000E+00     -0.990E+02     -0.990E+02
      0.132E+02      0.000E+00      0.000E+00      0.000E+00     -0.990E+02     -0.990E+02
      0.135E+02      0.000E+00      0.000E+00      0.000E+00     -0.990E+02     -0.990E+02
      0.138E+02      0.000E+00      0.000E+00      0.000E+00     -0.990E+02     -0.990E+02
      0.140E+02      0.000E+00      0.000E+00      0.000E+00     -0.990E+02     -0.990E+02
      0.142E+02      0.000E+00      0.000E+00      0.000E+00     -0.990E+02     -0.990E+02
      0.145E+02      0.000E+00      0.000E+00      0.000E+00     -0.990E+02     -0.990E+02
      0.148E+02      0.000E+00      0.000E+00      0.000E+00     -0.990E+02     -0.990E+02
      0.150E+02      0.000E+00      0.000E+00      0.000E+00     -0.990E+02     -0.990E+02
      0.152E+02      0.000E+00      0.000E+00      0.000E+00     -0.990E+02     -0.990E+02
      0.155E+02      0.000E+00      0.000E+00      0.000E+00     -0.990E+02     -0.990E+02
      0.158E+02      0.000E+00      0.000E+00      0.000E+00     -0.990E+02     -0.990E+02
      0.160E+02      0.000E+00      0.000E+00      0.000E+00     -0.990E+02     -0.990E+02
      0.162E+02      0.000E+00      0.000E+00      0.000E+00     -0.990E+02     -0.990E+02
      0.165E+02      0.000E+00      0.000E+00      0.000E+00     -0.990E+02     -0.990E+02
      0.168E+02      0.000E+00      0.000E+00      0.000E+00     -0.990E+02     -0.990E+02
      0.170E+02      0.000E+00      0.000E+00      0.000E+00     -0.990E+02     -0.990E+02
      0.172E+02      0.000E+00      0.000E+00      0.000E+00     -0.990E+02     -0.990E+02
      0.175E+02      0.000E+00      0.000E+00      0.000E+00     -0.990E+02     -0.990E+02
      0.178E+02      0.000E+00      0.000E+00      0.000E+00     -0.990E+02     -0.990E+02
      0.180E+02      0.000E+00      0.000E+00      0.000E+00     -0.990E+02     -0.990E+02
      0.182E+02      0.000E+00      0.000E+00      0.000E+00     -0.990E+02     -0.990E+02
      0.185E+02      0.000E+00      0.000E+00      0.000E+00     -0.990E+02     -0.990E+02
      0.188E+02      0.000E+00      0.000E+00      0.000E+00     -0.990E+02     -0.990E+02
      0.190E+02      0.000E+00      0.000E+00      0.000E+00     -0.990E+02     -0.990E+02
      0.192E+02      0.000E+00      0.000E+00      0.000E+00     -0.990E+02     -0.990E+02
      0.195E+02      0.000E+00      0.000E+00      0.000E+00     -0.990E+02     -0.990E+02
      0.198E+02      0.000E+00      0.000E+00      0.000E+00     -0.990E+02     -0.990E+02
      0.200E+02      0.000E+00      0.000E+00      0.000E+00     -0.990E+02     -0.990E+02
