      0.000E+00      0.160E+00      0.111E+00      0.100E+09     -0.990E+02     -0.990E+02
      0.100E-03      0.160E+00      0.111E+00      0.100E+09     -0.990E+02     -0.990E+02
      0.140E-03      0.160E+00      0.111E+00      0.100E+09     -0.990E+02     -0.990E+02
      0.160E-03      0.160E+00      0.111E+00      0.100E+09     -0.990E+02     -0.990E+02
      0.180E-03      0.160E+00      0.111E+00      0.100E+09     -0.990E+02     -0.990E+02
      0.200E-03      0.160E+00      0.111E+00      0.100E+09     -0.990E+02     -0.990E+02
      0.220E-03      0.160E+00      0.111E+00      0.100E+09     -0.990E+02     -0.990E+02
      0.250E-03      0.160E+00      0.111E+00      0.100E+09     -0.990E+02     -0.990E+02
      0.280E-03      0.160E+00      0.111E+00      0.100E+09     -0.990E+02     -0.990E+02
      0.320E-03      0.160E+00      0.111E+00      0.100E+09     -0.990E+02     -0.990E+02
      0.350E-03      0.160E+00      0.111E+00      0.100E+09     -0.990E+02     -0.990E+02
      0.400E-03      0.160E+00      0.111E+00      0.100E+09     -0.990E+02     -0.990E+02
      0.450E-03      0.160E+00      0.111E+00      0.100E+09     -0.990E+02     -0.990E+02
      0.500E-03      0.160E+00      0.111E+00      0.100E+09     -0.990E+02     -0.990E+02
      0.560E-03      0.160E+00      0.111E+00      0.100E+09     -0.990E+02     -0.990E+02
      0.630E-03      0.160E+00      0.111E+00      0.100E+09     -0.990E+02     -0.990E+02
      0.710E-03      0.160E+00      0.111E+00      0.100E+09     -0.990E+02     -0.990E+02
      0.790E-03      0.160E+00      0.111E+00      0.100E+09     -0.990E+02     -0.990E+02
      0.890E-03      0.160E+00      0.111E+00      0.100E+09     -0.990E+02     -0.990E+02
      0.100E-02      0.160E+00      0.111E+00      0.100E+09     -0.990E+02     -0.990E+02
      0.105E-02      0.160E+00      0.111E+00      0.100E+09     -0.990E+02     -0.990E+02
      0.110E-02      0.160E+00      0.111E+00      0.100E+09     -0.990E+02     -0.990E+02
      0.115E-02      0.160E+00      0.111E+00      0.100E+09     -0.990E+02     -0.990E+02
      0.120E-02      0.160E+00      0.111E+00      0.100E+09     -0.990E+02     -0.990E+02
      0.126E-02      0.160E+00      0.111E+00      0.100E+09     -0.990E+02     -0.990E+02
      0.132E-02      0.160E+00      0.111E+00      0.100E+09     -0.990E+02     -0.990E+02
      0.138E-02      0.160E+00      0.111E+00      0.100E+09     -0.990E+02     -0.990E+02
      0.145E-02      0.160E+00      0.111E+00      0.100E+09     -0.990E+02     -0.990E+02
      0.151E-02      0.160E+00      0.111E+00      0.100E+09     -0.990E+02     -0.990E+02
      0.158E-02      0.160E+00      0.111E+00      0.100E+09     -0.990E+02     -0.990E+02
      0.166E-02      0.160E+00      0.111E+00      0.100E+09     -0.990E+02     -0.990E+02
      0.174E-02      0.160E+00      0.111E+00      0.100E+09     -0.990E+02     -0.990E+02
      0.182E-02      0.160E+00      0.111E+00      0.100E+09     -0.990E+02     -0.990E+02
      0.191E-02      0.160E+00      0.111E+00      0.100E+09     -0.990E+02     -0.990E+02
      0.200E-02      0.160E+00      0.111E+00      0.100E+09     -0.990E+02     -0.990E+02
      0.209E-02      0.160E+00      0.111E+00      0.100E+09     -0.990E+02     -0.990E+02
      0.219E-02      0.160E+00      0.111E+00      0.100E+09     -0.990E+02     -0.990E+02
      0.229E-02      0.160E+00      0.111E+00      0.100E+09     -0.990E+02     -0.990E+02
      0.240E-02      0.160E+00      0.111E+00      0.100E+09     -0.990E+02     -0.990E+02
      0.251E-02      0.160E+00      0.111E+00      0.100E+09     -0.990E+02     -0.990E+02
      0.263E-02      0.160E+00      0.111E+00      0.100E+09     -0.990E+02     -0.990E+02
      0.275E-02      0.160E+00      0.111E+00      0.100E+09     -0.990E+02     -0.990E+02
      0.288E-02      0.160E+00      0.111E+00      0.100E+09     -0.990E+02     -0.990E+02
      0.302E-02      0.160E+00      0.111E+00      0.100E+09     -0.990E+02     -0.990E+02
      0.316E-02      0.160E+00      0.111E+00      0.100E+09     -0.990E+02     -0.990E+02
      0.331E-02      0.160E+00      0.111E+00      0.100E+09     -0.990E+02     -0.990E+02
      0.347E-02      0.160E+00      0.111E+00      0.100E+09     -0.990E+02     -0.990E+02
      0.363E-02      0.160E+00      0.111E+00      0.100E+09     -0.990E+02     -0.990E+02
      0.380E-02      0.160E+00      0.111E+00      0.100E+09     -0.990E+02     -0.990E+02
      0.398E-02      0.160E+00      0.111E+00      0.100E+09     -0.990E+02     -0.990E+02
      0.417E-02      0.160E+00      0.111E+00      0.100E+09     -0.990E+02     -0.990E+02
      0.437E-02      0.160E+00      0.111E+00      0.100E+09     -0.990E+02     -0.990E+02
      0.457E-02      0.160E+00      0.111E+00      0.100E+09     -0.990E+02     -0.990E+02
      0.479E-02      0.160E+00      0.111E+00      0.100E+09     -0.990E+02     -0.990E+02
      0.501E-02      0.160E+00      0.111E+00      0.100E+09     -0.990E+02     -0.990E+02
      0.525E-02      0.160E+00      0.111E+00      0.100E+09     -0.990E+02     -0.990E+02
      0.550E-02      0.160E+00      0.111E+00      0.100E+09     -0.990E+02     -0.990E+02
      0.575E-02      0.160E+00      0.111E+00      0.100E+09     -0.990E+02     -0.990E+02
      0.603E-02      0.160E+00      0.111E+00      0.100E+09     -0.990E+02     -0.990E+02
      0.631E-02      0.160E+00      0.111E+00      0.100E+09     -0.990E+02     -0.990E+02
      0.661E-02      0.160E+00      0.111E+00      0.100E+09     -0.990E+02     -0.990E+02
      0.692E-02      0.160E+00      0.111E+00      0.100E+09     -0.990E+02     -0.990E+02
      0.724E-02      0.160E+00      0.111E+00      0.100E+09     -0.990E+02     -0.990E+02
      0.759E-02      0.160E+00      0.111E+00      0.100E+09     -0.990E+02     -0.990E+02
      0.794E-02      0.160E+00      0.111E+00      0.100E+09     -0.990E+02     -0.990E+02
      0.832E-02      0.160E+00      0.111E+00      0.100E+09     -0.990E+02     -0.990E+02
      0.871E-02      0.160E+00      0.111E+00      0.100E+09     -0.990E+02     -0.990E+02
      0.912E-02      0.160E+00      0.111E+00      0.100E+09     -0.990E+02     -0.990E+02
      0.955E-02      0.160E+00      0.111E+00      0.100E+09     -0.990E+02     -0.990E+02
      0.100E-01      0.160E+00      0.111E+00      0.100E+09     -0.442E+00      0.109E+01
      0.105E-01      0.114E-01      0.133E-01      0.984E+08     -0.441E+00      0.109E+01
      0.110E-01      0.114E-01      0.132E-01      0.984E+08     -0.442E+00      0.109E+01
      0.115E-01      0.114E-01      0.133E-01      0.984E+08     -0.442E+00      0.110E+01
      0.120E-01      0.114E-01      0.133E-01      0.984E+08     -0.442E+00      0.110E+01
      0.126E-01      0.114E-01      0.133E-01      0.984E+08     -0.443E+00      0.110E+01
      0.132E-01      0.115E-01      0.134E-01      0.984E+08     -0.443E+00      0.110E+01
      0.138E-01      0.114E-01      0.134E-01      0.984E+08     -0.443E+00      0.110E+01
      0.144E-01      0.114E-01      0.133E-01      0.984E+08     -0.444E+00      0.111E+01
      0.151E-01      0.114E-01      0.134E-01      0.984E+08     -0.444E+00      0.111E+01
      0.159E-01      0.114E-01      0.134E-01      0.983E+08     -0.444E+00      0.111E+01
      0.166E-01      0.114E-01      0.134E-01      0.983E+08     -0.444E+00      0.111E+01
      0.174E-01      0.115E-01      0.134E-01      0.983E+08     -0.444E+00      0.110E+01
      0.182E-01      0.115E-01      0.135E-01      0.983E+08     -0.444E+00      0.110E+01
      0.191E-01      0.115E-01      0.134E-01      0.983E+08     -0.443E+00      0.110E+01
      0.200E-01      0.114E-01      0.133E-01      0.983E+08     -0.443E+00      0.110E+01
      0.209E-01      0.114E-01      0.133E-01      0.983E+08     -0.443E+00      0.110E+01
      0.219E-01      0.114E-01      0.132E-01      0.983E+08     -0.443E+00      0.109E+01
      0.229E-01      0.114E-01      0.132E-01      0.983E+08     -0.442E+00      0.109E+01
      0.240E-01      0.114E-01      0.131E-01      0.983E+08     -0.442E+00      0.108E+01
      0.251E-01      0.114E-01      0.131E-01      0.983E+08     -0.442E+00      0.108E+01
      0.263E-01      0.114E-01      0.131E-01      0.982E+08     -0.441E+00      0.108E+01
      0.275E-01      0.113E-01      0.130E-01      0.982E+08     -0.441E+00      0.107E+01
      0.290E-01      0.113E-01      0.129E-01      0.982E+08     -0.440E+00      0.107E+01
      0.300E-01      0.113E-01      0.128E-01      0.982E+08     -0.440E+00      0.107E+01
      0.310E-01      0.113E-01      0.128E-01      0.982E+08     -0.440E+00      0.106E+01
      0.320E-01      0.113E-01      0.128E-01      0.982E+08     -0.440E+00      0.106E+01
      0.330E-01      0.113E-01      0.127E-01      0.982E+08     -0.439E+00      0.106E+01
      0.340E-01      0.113E-01      0.127E-01      0.982E+08     -0.439E+00      0.105E+01
      0.350E-01      0.113E-01      0.126E-01      0.982E+08     -0.439E+00      0.105E+01
      0.360E-01      0.113E-01      0.126E-01      0.982E+08     -0.438E+00      0.104E+01
      0.370E-01      0.112E-01      0.125E-01      0.981E+08     -0.438E+00      0.104E+01
      0.380E-01      0.112E-01      0.125E-01      0.981E+08     -0.438E+00      0.104E+01
      0.390E-01      0.112E-01      0.124E-01      0.981E+08     -0.438E+00      0.104E+01
      0.400E-01      0.112E-01      0.124E-01      0.981E+08     -0.437E+00      0.103E+01
      0.425E-01      0.112E-01      0.123E-01      0.981E+08     -0.436E+00      0.102E+01
      0.450E-01      0.111E-01      0.122E-01      0.981E+08     -0.435E+00      0.102E+01
      0.475E-01      0.111E-01      0.120E-01      0.981E+08     -0.435E+00      0.101E+01
      0.500E-01      0.111E-01      0.119E-01      0.980E+08     -0.434E+00      0.100E+01
      0.525E-01      0.111E-01      0.118E-01      0.980E+08     -0.433E+00      0.992E+00
      0.550E-01      0.110E-01      0.117E-01      0.980E+08     -0.433E+00      0.984E+00
      0.571E-01      0.110E-01      0.116E-01      0.980E+08     -0.432E+00      0.979E+00
      0.640E-01      0.109E-01      0.113E-01      0.979E+08     -0.430E+00      0.956E+00
      0.719E-01      0.109E-01      0.110E-01      0.979E+08     -0.427E+00      0.931E+00
      0.806E-01      0.108E-01      0.106E-01      0.978E+08     -0.424E+00      0.903E+00
      0.905E-01      0.107E-01      0.103E-01      0.977E+08     -0.421E+00      0.871E+00
      0.102E+00      0.105E-01      0.984E-02      0.976E+08     -0.417E+00      0.838E+00
      0.114E+00      0.104E-01      0.943E-02      0.975E+08     -0.413E+00      0.801E+00
      0.128E+00      0.103E-01      0.899E-02      0.974E+08     -0.409E+00      0.759E+00
      0.143E+00      0.102E-01      0.851E-02      0.973E+08     -0.405E+00      0.711E+00
      0.161E+00      0.100E-01      0.800E-02      0.972E+08     -0.399E+00      0.658E+00
      0.181E+00      0.985E-02      0.746E-02      0.971E+08     -0.393E+00      0.599E+00
      0.203E+00      0.965E-02      0.691E-02      0.969E+08     -0.386E+00      0.535E+00
      0.227E+00      0.945E-02      0.641E-02      0.967E+08     -0.378E+00      0.469E+00
      0.255E+00      0.922E-02      0.598E-02      0.966E+08     -0.368E+00      0.409E+00
      0.286E+00      0.917E-02      0.587E-02      0.964E+08     -0.365E+00      0.391E+00
      0.321E+00      0.921E-02      0.589E-02      0.962E+08     -0.365E+00      0.391E+00
      0.360E+00      0.916E-02      0.585E-02      0.959E+08     -0.360E+00      0.382E+00
      0.404E+00      0.900E-02      0.586E-02      0.956E+08     -0.348E+00      0.388E+00
      0.453E+00      0.883E-02      0.636E-02      0.954E+08     -0.335E+00      0.469E+00
      0.509E+00      0.858E-02      0.603E-02      0.950E+08     -0.314E+00      0.396E+00
      0.571E+00      0.841E-02      0.572E-02      0.947E+08     -0.289E+00      0.303E+00
      0.641E+00      0.855E-02      0.605E-02      0.943E+08     -0.278E+00      0.303E+00
      0.719E+00      0.885E-02      0.677E-02      0.939E+08     -0.273E+00      0.323E+00
      0.806E+00      0.877E-02      0.645E-02      0.934E+08     -0.264E+00      0.301E+00
      0.905E+00      0.834E-02      0.536E-02      0.929E+08     -0.251E+00      0.255E+00
      0.102E+01      0.781E-02      0.506E-02      0.923E+08     -0.238E+00      0.254E+00
      0.114E+01      0.807E-02      0.520E-02      0.917E+08     -0.231E+00      0.240E+00
      0.128E+01      0.843E-02      0.646E-02      0.910E+08     -0.220E+00      0.261E+00
      0.143E+01      0.884E-02      0.616E-02      0.902E+08     -0.235E+00      0.276E+00
      0.161E+01      0.950E-02      0.615E-02      0.893E+08     -0.273E+00      0.311E+00
      0.168E+01      0.954E-02      0.586E-02      0.885E+08     -0.277E+00      0.291E+00
      0.170E+01      0.953E-02      0.580E-02      0.882E+08     -0.278E+00      0.288E+00
      0.180E+01      0.958E-02      0.581E-02      0.879E+08     -0.282E+00      0.282E+00
      0.190E+01      0.104E-01      0.625E-02      0.873E+08     -0.300E+00      0.306E+00
      0.200E+01      0.119E-01      0.726E-02      0.866E+08     -0.327E+00      0.342E+00
      0.210E+01      0.134E-01      0.827E-02      0.859E+08     -0.351E+00      0.373E+00
      0.220E+01      0.123E-01      0.774E-02      0.851E+08     -0.356E+00      0.385E+00
      0.230E+01      0.109E-01      0.719E-02      0.843E+08     -0.354E+00      0.394E+00
      0.240E+01      0.100E-01      0.677E-02      0.837E+08     -0.347E+00      0.380E+00
      0.250E+01      0.994E-02      0.690E-02      0.831E+08     -0.346E+00      0.394E+00
      0.260E+01      0.979E-02      0.605E-02      0.825E+08     -0.343E+00      0.330E+00
      0.275E+01      0.983E-02      0.592E-02      0.817E+08     -0.325E+00      0.299E+00
      0.300E+01      0.103E-01      0.649E-02      0.805E+08     -0.342E+00      0.334E+00
      0.325E+01      0.937E-02      0.684E-02      0.790E+08     -0.342E+00      0.508E+00
      0.350E+01      0.920E-02      0.711E-02      0.776E+08     -0.287E+00      0.488E+00
      0.375E+01      0.100E-01      0.780E-02      0.762E+08     -0.294E+00      0.463E+00
      0.400E+01      0.128E-01      0.109E-01      0.748E+08     -0.376E+00      0.669E+00
      0.425E+01      0.116E-01      0.853E-02      0.729E+08     -0.315E+00      0.462E+00
      0.450E+01      0.144E-01      0.837E-02      0.712E+08     -0.270E+00      0.346E+00
      0.475E+01      0.132E-01      0.797E-02      0.691E+08     -0.293E+00      0.410E+00
      0.500E+01      0.166E-01      0.923E-02      0.672E+08     -0.327E+00      0.389E+00
      0.525E+01      0.193E-01      0.113E-01      0.648E+08     -0.400E+00      0.478E+00
      0.550E+01      0.193E-01      0.113E-01      0.620E+08     -0.429E+00      0.449E+00
      0.575E+01      0.208E-01      0.121E-01      0.592E+08     -0.443E+00      0.415E+00
      0.600E+01      0.284E-01      0.157E-01      0.563E+08     -0.527E+00      0.420E+00
      0.625E+01      0.246E-01      0.123E-01      0.522E+08     -0.562E+00      0.409E+00
      0.650E+01      0.173E-01      0.958E-02      0.488E+08     -0.441E+00      0.385E+00
      0.675E+01      0.223E-01      0.121E-01      0.463E+08     -0.450E+00      0.393E+00
      0.700E+01      0.286E-01      0.212E-01      0.431E+08     -0.633E+00      0.779E+00
      0.725E+01      0.313E-01      0.256E-01      0.391E+08     -0.740E+00      0.104E+01
      0.750E+01      0.206E-01      0.136E-01      0.347E+08     -0.582E+00      0.614E+00
      0.775E+01      0.203E-01      0.123E-01      0.319E+08     -0.625E+00      0.599E+00
      0.800E+01      0.238E-01      0.128E-01      0.290E+08     -0.635E+00      0.527E+00
      0.825E+01      0.432E-01      0.287E-01      0.257E+08     -0.862E+00      0.922E+00
      0.850E+01      0.274E-01      0.123E-01      0.197E+08     -0.628E+00      0.392E+00
      0.875E+01      0.295E-01      0.127E-01      0.159E+08     -0.641E+00      0.393E+00
      0.900E+01      0.249E-01      0.119E-01      0.118E+08     -0.738E+00      0.557E+00
      0.925E+01      0.197E-01      0.103E-01      0.830E+07     -0.908E+00      0.701E+00
      0.950E+01      0.141E-01      0.850E-02      0.556E+07     -0.756E+00      0.603E+00
      0.975E+01      0.104E-01      0.738E-02      0.360E+07     -0.875E+00      0.791E+00
      0.100E+02      0.683E-02      0.608E-02      0.217E+07     -0.780E+00      0.859E+00
      0.102E+02      0.440E-02      0.633E-02      0.122E+07     -0.743E+00      0.144E+01
      0.105E+02      0.198E-02      0.313E-02      0.617E+06     -0.837E+00      0.181E+01
      0.108E+02      0.148E-02      0.291E-02      0.345E+06     -0.980E+00      0.266E+01
      0.110E+02      0.863E-03      0.137E-02      0.143E+06     -0.123E+01      0.264E+01
      0.112E+02      0.179E-03      0.369E-03      0.247E+05     -0.184E+01      0.513E+01
      0.115E+02      0.272E-09      0.143E-06      0.374E-01     -0.129E+01      0.956E+03
      0.118E+02      0.490E-27      0.657E-16      0.689E-19     -0.163E+01       Infinity
      0.120E+02      0.000E+00      0.000E+00      0.000E+00     -0.990E+02     -0.990E+02
      0.122E+02      0.000E+00      0.000E+00      0.000E+00     -0.990E+02     -0.990E+02
      0.125E+02      0.000E+00      0.000E+00      0.000E+00     -0.990E+02     -0.990E+02
      0.128E+02      0.000E+00      0.000E+00      0.000E+00     -0.990E+02     -0.990E+02
      0.130E+02      0.000E+00      0.000E+00      0.000E+00     -0.990E+02     -0.990E+02
      0.132E+02      0.000E+00      0.000E+00      0.000E+00     -0.990E+02     -0.990E+02
      0.135E+02      0.000E+00      0.000E+00      0.000E+00     -0.990E+02     -0.990E+02
      0.138E+02      0.000E+00      0.000E+00      0.000E+00     -0.990E+02     -0.990E+02
      0.140E+02      0.000E+00      0.000E+00      0.000E+00     -0.990E+02     -0.990E+02
      0.142E+02      0.000E+00      0.000E+00      0.000E+00     -0.990E+02     -0.990E+02
      0.145E+02      0.000E+00      0.000E+00      0.000E+00     -0.990E+02     -0.990E+02
      0.148E+02      0.000E+00      0.000E+00      0.000E+00     -0.990E+02     -0.990E+02
      0.150E+02      0.000E+00      0.000E+00      0.000E+00     -0.990E+02     -0.990E+02
      0.152E+02      0.000E+00      0.000E+00      0.000E+00     -0.990E+02     -0.990E+02
      0.155E+02      0.000E+00      0.000E+00      0.000E+00     -0.990E+02     -0.990E+02
      0.158E+02      0.000E+00      0.000E+00      0.000E+00     -0.990E+02     -0.990E+02
      0.160E+02      0.000E+00      0.000E+00      0.000E+00     -0.990E+02     -0.990E+02
      0.162E+02      0.000E+00      0.000E+00      0.000E+00     -0.990E+02     -0.990E+02
      0.165E+02      0.000E+00      0.000E+00      0.000E+00     -0.990E+02     -0.990E+02
      0.168E+02      0.000E+00      0.000E+00      0.000E+00     -0.990E+02     -0.990E+02
      0.170E+02      0.000E+00      0.000E+00      0.000E+00     -0.990E+02     -0.990E+02
      0.172E+02      0.000E+00      0.000E+00      0.000E+00     -0.990E+02     -0.990E+02
      0.175E+02      0.000E+00      0.000E+00      0.000E+00     -0.990E+02     -0.990E+02
      0.178E+02      0.000E+00      0.000E+00      0.000E+00     -0.990E+02     -0.990E+02
      0.180E+02      0.000E+00      0.000E+00      0.000E+00     -0.990E+02     -0.990E+02
      0.182E+02      0.000E+00      0.000E+00      0.000E+00     -0.990E+02     -0.990E+02
      0.185E+02      0.000E+00      0.000E+00      0.000E+00     -0.990E+02     -0.990E+02
      0.188E+02      0.000E+00      0.000E+00      0.000E+00     -0.990E+02     -0.990E+02
      0.190E+02      0.000E+00      0.000E+00      0.000E+00     -0.990E+02     -0.990E+02
      0.192E+02      0.000E+00      0.000E+00      0.000E+00     -0.990E+02     -0.990E+02
      0.195E+02      0.000E+00      0.000E+00      0.000E+00     -0.990E+02     -0.990E+02
      0.198E+02      0.000E+00      0.000E+00      0.000E+00     -0.990E+02     -0.990E+02
      0.200E+02      0.000E+00      0.000E+00      0.000E+00     -0.990E+02     -0.990E+02
