      0.000E+00      0.276E+01      0.206E+01      0.245E+10     -0.990E+02     -0.990E+02
      0.100E-03      0.276E+01      0.206E+01      0.245E+10     -0.990E+02     -0.990E+02
      0.140E-03      0.276E+01      0.206E+01      0.245E+10     -0.990E+02     -0.990E+02
      0.160E-03      0.276E+01      0.206E+01      0.245E+10     -0.990E+02     -0.990E+02
      0.180E-03      0.276E+01      0.206E+01      0.245E+10     -0.990E+02     -0.990E+02
      0.200E-03      0.276E+01      0.206E+01      0.245E+10     -0.990E+02     -0.990E+02
      0.220E-03      0.276E+01      0.206E+01      0.245E+10     -0.990E+02     -0.990E+02
      0.250E-03      0.276E+01      0.206E+01      0.245E+10     -0.990E+02     -0.990E+02
      0.280E-03      0.276E+01      0.206E+01      0.245E+10     -0.990E+02     -0.990E+02
      0.320E-03      0.276E+01      0.206E+01      0.245E+10     -0.990E+02     -0.990E+02
      0.350E-03      0.276E+01      0.206E+01      0.245E+10     -0.990E+02     -0.990E+02
      0.400E-03      0.276E+01      0.206E+01      0.245E+10     -0.990E+02     -0.990E+02
      0.450E-03      0.276E+01      0.206E+01      0.245E+10     -0.990E+02     -0.990E+02
      0.500E-03      0.276E+01      0.206E+01      0.245E+10     -0.990E+02     -0.990E+02
      0.560E-03      0.276E+01      0.206E+01      0.245E+10     -0.990E+02     -0.990E+02
      0.630E-03      0.276E+01      0.206E+01      0.245E+10     -0.990E+02     -0.990E+02
      0.710E-03      0.276E+01      0.206E+01      0.245E+10     -0.990E+02     -0.990E+02
      0.790E-03      0.276E+01      0.206E+01      0.245E+10     -0.990E+02     -0.990E+02
      0.890E-03      0.276E+01      0.206E+01      0.245E+10     -0.990E+02     -0.990E+02
      0.100E-02      0.276E+01      0.206E+01      0.245E+10     -0.990E+02     -0.990E+02
      0.105E-02      0.276E+01      0.206E+01      0.245E+10     -0.990E+02     -0.990E+02
      0.110E-02      0.276E+01      0.206E+01      0.245E+10     -0.990E+02     -0.990E+02
      0.115E-02      0.276E+01      0.206E+01      0.245E+10     -0.990E+02     -0.990E+02
      0.120E-02      0.276E+01      0.206E+01      0.245E+10     -0.990E+02     -0.990E+02
      0.126E-02      0.276E+01      0.206E+01      0.245E+10     -0.990E+02     -0.990E+02
      0.132E-02      0.276E+01      0.206E+01      0.245E+10     -0.990E+02     -0.990E+02
      0.138E-02      0.276E+01      0.206E+01      0.245E+10     -0.990E+02     -0.990E+02
      0.145E-02      0.276E+01      0.206E+01      0.245E+10     -0.990E+02     -0.990E+02
      0.151E-02      0.276E+01      0.206E+01      0.245E+10     -0.990E+02     -0.990E+02
      0.158E-02      0.276E+01      0.206E+01      0.245E+10     -0.990E+02     -0.990E+02
      0.166E-02      0.276E+01      0.206E+01      0.245E+10     -0.990E+02     -0.990E+02
      0.174E-02      0.276E+01      0.206E+01      0.245E+10     -0.990E+02     -0.990E+02
      0.182E-02      0.276E+01      0.206E+01      0.245E+10     -0.990E+02     -0.990E+02
      0.191E-02      0.276E+01      0.206E+01      0.245E+10     -0.990E+02     -0.990E+02
      0.200E-02      0.276E+01      0.206E+01      0.245E+10     -0.990E+02     -0.990E+02
      0.209E-02      0.276E+01      0.206E+01      0.245E+10     -0.990E+02     -0.990E+02
      0.219E-02      0.276E+01      0.206E+01      0.245E+10     -0.990E+02     -0.990E+02
      0.229E-02      0.276E+01      0.206E+01      0.245E+10     -0.990E+02     -0.990E+02
      0.240E-02      0.276E+01      0.206E+01      0.245E+10     -0.990E+02     -0.990E+02
      0.251E-02      0.276E+01      0.206E+01      0.245E+10     -0.990E+02     -0.990E+02
      0.263E-02      0.276E+01      0.206E+01      0.245E+10     -0.990E+02     -0.990E+02
      0.275E-02      0.276E+01      0.206E+01      0.245E+10     -0.990E+02     -0.990E+02
      0.288E-02      0.276E+01      0.206E+01      0.245E+10     -0.990E+02     -0.990E+02
      0.302E-02      0.276E+01      0.206E+01      0.245E+10     -0.990E+02     -0.990E+02
      0.316E-02      0.276E+01      0.206E+01      0.245E+10     -0.990E+02     -0.990E+02
      0.331E-02      0.276E+01      0.206E+01      0.245E+10     -0.990E+02     -0.990E+02
      0.347E-02      0.276E+01      0.206E+01      0.245E+10     -0.990E+02     -0.990E+02
      0.363E-02      0.276E+01      0.206E+01      0.245E+10     -0.990E+02     -0.990E+02
      0.380E-02      0.276E+01      0.206E+01      0.245E+10     -0.990E+02     -0.990E+02
      0.398E-02      0.276E+01      0.206E+01      0.245E+10     -0.990E+02     -0.990E+02
      0.417E-02      0.276E+01      0.206E+01      0.245E+10     -0.990E+02     -0.990E+02
      0.437E-02      0.276E+01      0.206E+01      0.245E+10     -0.990E+02     -0.990E+02
      0.457E-02      0.276E+01      0.206E+01      0.245E+10     -0.990E+02     -0.990E+02
      0.479E-02      0.276E+01      0.206E+01      0.245E+10     -0.990E+02     -0.990E+02
      0.501E-02      0.276E+01      0.206E+01      0.245E+10     -0.990E+02     -0.990E+02
      0.525E-02      0.276E+01      0.206E+01      0.245E+10     -0.990E+02     -0.990E+02
      0.550E-02      0.276E+01      0.206E+01      0.245E+10     -0.990E+02     -0.990E+02
      0.575E-02      0.276E+01      0.206E+01      0.245E+10     -0.990E+02     -0.990E+02
      0.603E-02      0.276E+01      0.206E+01      0.245E+10     -0.990E+02     -0.990E+02
      0.631E-02      0.276E+01      0.206E+01      0.245E+10     -0.990E+02     -0.990E+02
      0.661E-02      0.276E+01      0.206E+01      0.245E+10     -0.990E+02     -0.990E+02
      0.692E-02      0.276E+01      0.206E+01      0.245E+10     -0.990E+02     -0.990E+02
      0.724E-02      0.276E+01      0.206E+01      0.245E+10     -0.990E+02     -0.990E+02
      0.759E-02      0.276E+01      0.206E+01      0.245E+10     -0.990E+02     -0.990E+02
      0.794E-02      0.276E+01      0.206E+01      0.245E+10     -0.990E+02     -0.990E+02
      0.832E-02      0.276E+01      0.206E+01      0.245E+10     -0.990E+02     -0.990E+02
      0.871E-02      0.276E+01      0.206E+01      0.245E+10     -0.990E+02     -0.990E+02
      0.912E-02      0.276E+01      0.206E+01      0.245E+10     -0.990E+02     -0.990E+02
      0.955E-02      0.276E+01      0.206E+01      0.245E+10     -0.990E+02     -0.990E+02
      0.100E-01      0.276E+01      0.206E+01      0.245E+10     -0.730E+00      0.689E+00
      0.105E-01      0.132E+01      0.849E+00      0.242E+10     -0.730E+00      0.689E+00
      0.110E-01      0.131E+01      0.845E+00      0.242E+10     -0.730E+00      0.689E+00
      0.115E-01      0.131E+01      0.842E+00      0.242E+10     -0.730E+00      0.689E+00
      0.120E-01      0.131E+01      0.841E+00      0.242E+10     -0.730E+00      0.689E+00
      0.126E-01      0.131E+01      0.842E+00      0.242E+10     -0.730E+00      0.689E+00
      0.132E-01      0.131E+01      0.846E+00      0.242E+10     -0.730E+00      0.689E+00
      0.138E-01      0.131E+01      0.844E+00      0.242E+10     -0.730E+00      0.689E+00
      0.144E-01      0.130E+01      0.836E+00      0.242E+10     -0.730E+00      0.688E+00
      0.151E-01      0.130E+01      0.837E+00      0.242E+10     -0.729E+00      0.688E+00
      0.159E-01      0.130E+01      0.840E+00      0.242E+10     -0.730E+00      0.689E+00
      0.166E-01      0.130E+01      0.838E+00      0.242E+10     -0.729E+00      0.688E+00
      0.174E-01      0.130E+01      0.839E+00      0.242E+10     -0.729E+00      0.688E+00
      0.182E-01      0.131E+01      0.842E+00      0.241E+10     -0.729E+00      0.688E+00
      0.191E-01      0.130E+01      0.840E+00      0.241E+10     -0.729E+00      0.688E+00
      0.200E-01      0.130E+01      0.835E+00      0.241E+10     -0.729E+00      0.687E+00
      0.209E-01      0.129E+01      0.833E+00      0.241E+10     -0.728E+00      0.687E+00
      0.219E-01      0.129E+01      0.833E+00      0.241E+10     -0.728E+00      0.687E+00
      0.229E-01      0.129E+01      0.834E+00      0.241E+10     -0.728E+00      0.687E+00
      0.240E-01      0.129E+01      0.833E+00      0.241E+10     -0.728E+00      0.686E+00
      0.251E-01      0.129E+01      0.833E+00      0.241E+10     -0.727E+00      0.686E+00
      0.263E-01      0.129E+01      0.832E+00      0.241E+10     -0.727E+00      0.686E+00
      0.275E-01      0.128E+01      0.829E+00      0.240E+10     -0.727E+00      0.686E+00
      0.290E-01      0.128E+01      0.828E+00      0.240E+10     -0.727E+00      0.686E+00
      0.300E-01      0.128E+01      0.828E+00      0.240E+10     -0.727E+00      0.686E+00
      0.310E-01      0.128E+01      0.827E+00      0.240E+10     -0.726E+00      0.685E+00
      0.320E-01      0.128E+01      0.825E+00      0.240E+10     -0.726E+00      0.685E+00
      0.330E-01      0.127E+01      0.825E+00      0.240E+10     -0.726E+00      0.685E+00
      0.340E-01      0.127E+01      0.824E+00      0.240E+10     -0.726E+00      0.685E+00
      0.350E-01      0.127E+01      0.824E+00      0.240E+10     -0.726E+00      0.685E+00
      0.360E-01      0.127E+01      0.823E+00      0.240E+10     -0.725E+00      0.685E+00
      0.370E-01      0.127E+01      0.822E+00      0.239E+10     -0.725E+00      0.685E+00
      0.380E-01      0.127E+01      0.822E+00      0.239E+10     -0.725E+00      0.685E+00
      0.390E-01      0.126E+01      0.820E+00      0.239E+10     -0.725E+00      0.684E+00
      0.400E-01      0.126E+01      0.820E+00      0.239E+10     -0.725E+00      0.684E+00
      0.425E-01      0.126E+01      0.818E+00      0.239E+10     -0.724E+00      0.684E+00
      0.450E-01      0.125E+01      0.815E+00      0.239E+10     -0.723E+00      0.684E+00
      0.475E-01      0.125E+01      0.815E+00      0.238E+10     -0.723E+00      0.684E+00
      0.500E-01      0.125E+01      0.812E+00      0.238E+10     -0.722E+00      0.684E+00
      0.525E-01      0.124E+01      0.811E+00      0.238E+10     -0.722E+00      0.684E+00
      0.550E-01      0.124E+01      0.808E+00      0.238E+10     -0.721E+00      0.683E+00
      0.571E-01      0.123E+01      0.805E+00      0.237E+10     -0.721E+00      0.682E+00
      0.640E-01      0.122E+01      0.794E+00      0.237E+10     -0.719E+00      0.679E+00
      0.719E-01      0.120E+01      0.781E+00      0.236E+10     -0.718E+00      0.676E+00
      0.806E-01      0.118E+01      0.768E+00      0.236E+10     -0.716E+00      0.673E+00
      0.905E-01      0.116E+01      0.754E+00      0.235E+10     -0.714E+00      0.669E+00
      0.102E+00      0.114E+01      0.738E+00      0.234E+10     -0.711E+00      0.665E+00
      0.114E+00      0.111E+01      0.722E+00      0.233E+10     -0.706E+00      0.659E+00
      0.128E+00      0.109E+01      0.702E+00      0.232E+10     -0.700E+00      0.651E+00
      0.143E+00      0.106E+01      0.680E+00      0.230E+10     -0.693E+00      0.642E+00
      0.161E+00      0.104E+01      0.655E+00      0.229E+10     -0.690E+00      0.630E+00
      0.181E+00      0.103E+01      0.635E+00      0.228E+10     -0.690E+00      0.618E+00
      0.203E+00      0.103E+01      0.616E+00      0.226E+10     -0.691E+00      0.606E+00
      0.227E+00      0.102E+01      0.593E+00      0.224E+10     -0.691E+00      0.591E+00
      0.255E+00      0.101E+01      0.571E+00      0.222E+10     -0.690E+00      0.576E+00
      0.286E+00      0.101E+01      0.550E+00      0.220E+10     -0.691E+00      0.562E+00
      0.321E+00      0.100E+01      0.534E+00      0.218E+10     -0.690E+00      0.551E+00
      0.360E+00      0.998E+00      0.523E+00      0.215E+10     -0.690E+00      0.544E+00
      0.404E+00      0.992E+00      0.511E+00      0.213E+10     -0.691E+00      0.538E+00
      0.453E+00      0.986E+00      0.502E+00      0.209E+10     -0.691E+00      0.534E+00
      0.509E+00      0.989E+00      0.500E+00      0.206E+10     -0.693E+00      0.533E+00
      0.571E+00      0.996E+00      0.505E+00      0.202E+10     -0.694E+00      0.538E+00
      0.641E+00      0.100E+01      0.511E+00      0.197E+10     -0.699E+00      0.546E+00
      0.719E+00      0.978E+00      0.501E+00      0.192E+10     -0.689E+00      0.544E+00
      0.806E+00      0.942E+00      0.496E+00      0.187E+10     -0.671E+00      0.542E+00
      0.905E+00      0.874E+00      0.480E+00      0.181E+10     -0.664E+00      0.560E+00
      0.102E+01      0.780E+00      0.459E+00      0.175E+10     -0.660E+00      0.589E+00
      0.114E+01      0.668E+00      0.421E+00      0.169E+10     -0.648E+00      0.621E+00
      0.128E+01      0.595E+00      0.353E+00      0.164E+10     -0.604E+00      0.572E+00
      0.143E+01      0.591E+00      0.358E+00      0.158E+10     -0.512E+00      0.492E+00
      0.161E+01      0.574E+00      0.354E+00      0.152E+10     -0.531E+00      0.537E+00
      0.168E+01      0.590E+00      0.386E+00      0.148E+10     -0.543E+00      0.582E+00
      0.170E+01      0.597E+00      0.399E+00      0.146E+10     -0.548E+00      0.594E+00
      0.180E+01      0.639E+00      0.409E+00      0.144E+10     -0.551E+00      0.575E+00
      0.190E+01      0.674E+00      0.429E+00      0.140E+10     -0.571E+00      0.598E+00
      0.200E+01      0.688E+00      0.416E+00      0.136E+10     -0.599E+00      0.586E+00
      0.210E+01      0.671E+00      0.409E+00      0.131E+10     -0.598E+00      0.579E+00
      0.220E+01      0.646E+00      0.399E+00      0.127E+10     -0.587E+00      0.571E+00
      0.230E+01      0.689E+00      0.403E+00      0.123E+10     -0.617E+00      0.550E+00
      0.240E+01      0.737E+00      0.420E+00      0.119E+10     -0.638E+00      0.543E+00
      0.250E+01      0.765E+00      0.415E+00      0.115E+10     -0.641E+00      0.507E+00
      0.260E+01      0.779E+00      0.426E+00      0.110E+10     -0.640E+00      0.512E+00
      0.275E+01      0.753E+00      0.409E+00      0.104E+10     -0.663E+00      0.528E+00
      0.300E+01      0.746E+00      0.457E+00      0.953E+09     -0.703E+00      0.644E+00
      0.325E+01      0.773E+00      0.481E+00      0.842E+09     -0.695E+00      0.660E+00
      0.350E+01      0.800E+00      0.473E+00      0.728E+09     -0.670E+00      0.589E+00
      0.375E+01      0.721E+00      0.376E+00      0.611E+09     -0.714E+00      0.546E+00
      0.400E+01      0.709E+00      0.351E+00      0.506E+09     -0.786E+00      0.566E+00
      0.425E+01      0.708E+00      0.360E+00      0.404E+09     -0.802E+00      0.596E+00
      0.450E+01      0.656E+00      0.348E+00      0.302E+09     -0.819E+00      0.640E+00
      0.475E+01      0.522E+00      0.246E+00      0.208E+09     -0.862E+00      0.566E+00
      0.500E+01      0.445E+00      0.194E+00      0.133E+09     -0.957E+00      0.600E+00
      0.525E+01      0.336E+00      0.157E+00      0.698E+08     -0.109E+01      0.702E+00
      0.550E+01      0.125E+00      0.730E-01      0.221E+08     -0.135E+01      0.106E+01
      0.575E+01      0.276E-01      0.335E-01      0.423E+07     -0.836E+00      0.148E+01
      0.600E+01      0.214E-02      0.650E-02      0.306E+06     -0.122E+01      0.473E+01
      0.625E+01      0.315E-04      0.124E-02      0.453E+04     -0.135E+01      0.603E+02
      0.650E+01      0.451E-06      0.672E-04      0.639E+02     -0.641E+00      0.128E+03
      0.675E+01      0.178E-09      0.568E-06      0.249E-01     -0.119E+01      0.488E+04
      0.700E+01      0.632E-23      0.187E-12      0.885E-15     -0.937E+00       Infinity
      0.725E+01      0.000E+00      0.000E+00      0.000E+00     -0.990E+02     -0.990E+02
      0.750E+01      0.000E+00      0.000E+00      0.000E+00     -0.990E+02     -0.990E+02
      0.775E+01      0.000E+00      0.000E+00      0.000E+00     -0.990E+02     -0.990E+02
      0.800E+01      0.000E+00      0.000E+00      0.000E+00     -0.990E+02     -0.990E+02
      0.825E+01      0.000E+00      0.000E+00      0.000E+00     -0.990E+02     -0.990E+02
      0.850E+01      0.000E+00      0.000E+00      0.000E+00     -0.990E+02     -0.990E+02
      0.875E+01      0.000E+00      0.000E+00      0.000E+00     -0.990E+02     -0.990E+02
      0.900E+01      0.000E+00      0.000E+00      0.000E+00     -0.990E+02     -0.990E+02
      0.925E+01      0.000E+00      0.000E+00      0.000E+00     -0.990E+02     -0.990E+02
      0.950E+01      0.000E+00      0.000E+00      0.000E+00     -0.990E+02     -0.990E+02
      0.975E+01      0.000E+00      0.000E+00      0.000E+00     -0.990E+02     -0.990E+02
      0.100E+02      0.000E+00      0.000E+00      0.000E+00     -0.990E+02     -0.990E+02
      0.102E+02      0.000E+00      0.000E+00      0.000E+00     -0.990E+02     -0.990E+02
      0.105E+02      0.000E+00      0.000E+00      0.000E+00     -0.990E+02     -0.990E+02
      0.108E+02      0.000E+00      0.000E+00      0.000E+00     -0.990E+02     -0.990E+02
      0.110E+02      0.000E+00      0.000E+00      0.000E+00     -0.990E+02     -0.990E+02
      0.112E+02      0.000E+00      0.000E+00      0.000E+00     -0.990E+02     -0.990E+02
      0.115E+02      0.000E+00      0.000E+00      0.000E+00     -0.990E+02     -0.990E+02
      0.118E+02      0.000E+00      0.000E+00      0.000E+00     -0.990E+02     -0.990E+02
      0.120E+02      0.000E+00      0.000E+00      0.000E+00     -0.990E+02     -0.990E+02
      0.122E+02      0.000E+00      0.000E+00      0.000E+00     -0.990E+02     -0.990E+02
      0.125E+02      0.000E+00      0.000E+00      0.000E+00     -0.990E+02     -0.990E+02
      0.128E+02      0.000E+00      0.000E+00      0.000E+00     -0.990E+02     -0.990E+02
      0.130E+02      0.000E+00      0.000E+00      0.000E+00     -0.990E+02     -0.990E+02
      0.132E+02      0.000E+00      0.000E+00      0.000E+00     -0.990E+02     -0.990E+02
      0.135E+02      0.000E+00      0.000E+00      0.000E+00     -0.990E+02     -0.990E+02
      0.138E+02      0.000E+00      0.000E+00      0.000E+00     -0.990E+02     -0.990E+02
      0.140E+02      0.000E+00      0.000E+00      0.000E+00     -0.990E+02     -0.990E+02
      0.142E+02      0.000E+00      0.000E+00      0.000E+00     -0.990E+02     -0.990E+02
      0.145E+02      0.000E+00      0.000E+00      0.000E+00     -0.990E+02     -0.990E+02
      0.148E+02      0.000E+00      0.000E+00      0.000E+00     -0.990E+02     -0.990E+02
      0.150E+02      0.000E+00      0.000E+00      0.000E+00     -0.990E+02     -0.990E+02
      0.152E+02      0.000E+00      0.000E+00      0.000E+00     -0.990E+02     -0.990E+02
      0.155E+02      0.000E+00      0.000E+00      0.000E+00     -0.990E+02     -0.990E+02
      0.158E+02      0.000E+00      0.000E+00      0.000E+00     -0.990E+02     -0.990E+02
      0.160E+02      0.000E+00      0.000E+00      0.000E+00     -0.990E+02     -0.990E+02
      0.162E+02      0.000E+00      0.000E+00      0.000E+00     -0.990E+02     -0.990E+02
      0.165E+02      0.000E+00      0.000E+00      0.000E+00     -0.990E+02     -0.990E+02
      0.168E+02      0.000E+00      0.000E+00      0.000E+00     -0.990E+02     -0.990E+02
      0.170E+02      0.000E+00      0.000E+00      0.000E+00     -0.990E+02     -0.990E+02
      0.172E+02      0.000E+00      0.000E+00      0.000E+00     -0.990E+02     -0.990E+02
      0.175E+02      0.000E+00      0.000E+00      0.000E+00     -0.990E+02     -0.990E+02
      0.178E+02      0.000E+00      0.000E+00      0.000E+00     -0.990E+02     -0.990E+02
      0.180E+02      0.000E+00      0.000E+00      0.000E+00     -0.990E+02     -0.990E+02
      0.182E+02      0.000E+00      0.000E+00      0.000E+00     -0.990E+02     -0.990E+02
      0.185E+02      0.000E+00      0.000E+00      0.000E+00     -0.990E+02     -0.990E+02
      0.188E+02      0.000E+00      0.000E+00      0.000E+00     -0.990E+02     -0.990E+02
      0.190E+02      0.000E+00      0.000E+00      0.000E+00     -0.990E+02     -0.990E+02
      0.192E+02      0.000E+00      0.000E+00      0.000E+00     -0.990E+02     -0.990E+02
      0.195E+02      0.000E+00      0.000E+00      0.000E+00     -0.990E+02     -0.990E+02
      0.198E+02      0.000E+00      0.000E+00      0.000E+00     -0.990E+02     -0.990E+02
      0.200E+02      0.000E+00      0.000E+00      0.000E+00     -0.990E+02     -0.990E+02
