      0.000E+00      0.364E+01      0.601E+01      0.189E+10     -0.990E+02     -0.990E+02
      0.100E-03      0.364E+01      0.601E+01      0.189E+10     -0.990E+02     -0.990E+02
      0.140E-03      0.364E+01      0.601E+01      0.189E+10     -0.990E+02     -0.990E+02
      0.160E-03      0.364E+01      0.601E+01      0.189E+10     -0.990E+02     -0.990E+02
      0.180E-03      0.364E+01      0.601E+01      0.189E+10     -0.990E+02     -0.990E+02
      0.200E-03      0.364E+01      0.601E+01      0.189E+10     -0.990E+02     -0.990E+02
      0.220E-03      0.364E+01      0.601E+01      0.189E+10     -0.990E+02     -0.990E+02
      0.250E-03      0.364E+01      0.601E+01      0.189E+10     -0.990E+02     -0.990E+02
      0.280E-03      0.364E+01      0.601E+01      0.189E+10     -0.990E+02     -0.990E+02
      0.320E-03      0.364E+01      0.601E+01      0.189E+10     -0.990E+02     -0.990E+02
      0.350E-03      0.364E+01      0.601E+01      0.189E+10     -0.990E+02     -0.990E+02
      0.400E-03      0.364E+01      0.601E+01      0.189E+10     -0.990E+02     -0.990E+02
      0.450E-03      0.364E+01      0.601E+01      0.189E+10     -0.990E+02     -0.990E+02
      0.500E-03      0.364E+01      0.601E+01      0.189E+10     -0.990E+02     -0.990E+02
      0.560E-03      0.364E+01      0.601E+01      0.189E+10     -0.990E+02     -0.990E+02
      0.630E-03      0.364E+01      0.601E+01      0.189E+10     -0.990E+02     -0.990E+02
      0.710E-03      0.364E+01      0.601E+01      0.189E+10     -0.990E+02     -0.990E+02
      0.790E-03      0.364E+01      0.601E+01      0.189E+10     -0.990E+02     -0.990E+02
      0.890E-03      0.364E+01      0.601E+01      0.189E+10     -0.990E+02     -0.990E+02
      0.100E-02      0.364E+01      0.601E+01      0.189E+10     -0.990E+02     -0.990E+02
      0.105E-02      0.364E+01      0.601E+01      0.189E+10     -0.990E+02     -0.990E+02
      0.110E-02      0.364E+01      0.601E+01      0.189E+10     -0.990E+02     -0.990E+02
      0.115E-02      0.364E+01      0.601E+01      0.189E+10     -0.990E+02     -0.990E+02
      0.120E-02      0.364E+01      0.601E+01      0.189E+10     -0.990E+02     -0.990E+02
      0.126E-02      0.364E+01      0.601E+01      0.189E+10     -0.990E+02     -0.990E+02
      0.132E-02      0.364E+01      0.601E+01      0.189E+10     -0.990E+02     -0.990E+02
      0.138E-02      0.364E+01      0.601E+01      0.189E+10     -0.990E+02     -0.990E+02
      0.145E-02      0.364E+01      0.601E+01      0.189E+10     -0.990E+02     -0.990E+02
      0.151E-02      0.364E+01      0.601E+01      0.189E+10     -0.990E+02     -0.990E+02
      0.158E-02      0.364E+01      0.601E+01      0.189E+10     -0.990E+02     -0.990E+02
      0.166E-02      0.364E+01      0.601E+01      0.189E+10     -0.990E+02     -0.990E+02
      0.174E-02      0.364E+01      0.601E+01      0.189E+10     -0.990E+02     -0.990E+02
      0.182E-02      0.364E+01      0.601E+01      0.189E+10     -0.990E+02     -0.990E+02
      0.191E-02      0.364E+01      0.601E+01      0.189E+10     -0.990E+02     -0.990E+02
      0.200E-02      0.364E+01      0.601E+01      0.189E+10     -0.990E+02     -0.990E+02
      0.209E-02      0.364E+01      0.601E+01      0.189E+10     -0.990E+02     -0.990E+02
      0.219E-02      0.364E+01      0.601E+01      0.189E+10     -0.990E+02     -0.990E+02
      0.229E-02      0.364E+01      0.601E+01      0.189E+10     -0.990E+02     -0.990E+02
      0.240E-02      0.364E+01      0.601E+01      0.189E+10     -0.990E+02     -0.990E+02
      0.251E-02      0.364E+01      0.601E+01      0.189E+10     -0.990E+02     -0.990E+02
      0.263E-02      0.364E+01      0.601E+01      0.189E+10     -0.990E+02     -0.990E+02
      0.275E-02      0.364E+01      0.601E+01      0.189E+10     -0.990E+02     -0.990E+02
      0.288E-02      0.364E+01      0.601E+01      0.189E+10     -0.990E+02     -0.990E+02
      0.302E-02      0.364E+01      0.601E+01      0.189E+10     -0.990E+02     -0.990E+02
      0.316E-02      0.364E+01      0.601E+01      0.189E+10     -0.990E+02     -0.990E+02
      0.331E-02      0.364E+01      0.601E+01      0.189E+10     -0.990E+02     -0.990E+02
      0.347E-02      0.364E+01      0.601E+01      0.189E+10     -0.990E+02     -0.990E+02
      0.363E-02      0.364E+01      0.601E+01      0.189E+10     -0.990E+02     -0.990E+02
      0.380E-02      0.364E+01      0.601E+01      0.189E+10     -0.990E+02     -0.990E+02
      0.398E-02      0.364E+01      0.601E+01      0.189E+10     -0.990E+02     -0.990E+02
      0.417E-02      0.364E+01      0.601E+01      0.189E+10     -0.990E+02     -0.990E+02
      0.437E-02      0.364E+01      0.601E+01      0.189E+10     -0.990E+02     -0.990E+02
      0.457E-02      0.364E+01      0.601E+01      0.189E+10     -0.990E+02     -0.990E+02
      0.479E-02      0.364E+01      0.601E+01      0.189E+10     -0.990E+02     -0.990E+02
      0.501E-02      0.364E+01      0.601E+01      0.189E+10     -0.990E+02     -0.990E+02
      0.525E-02      0.364E+01      0.601E+01      0.189E+10     -0.990E+02     -0.990E+02
      0.550E-02      0.364E+01      0.601E+01      0.189E+10     -0.990E+02     -0.990E+02
      0.575E-02      0.364E+01      0.601E+01      0.189E+10     -0.990E+02     -0.990E+02
      0.603E-02      0.364E+01      0.601E+01      0.189E+10     -0.990E+02     -0.990E+02
      0.631E-02      0.364E+01      0.601E+01      0.189E+10     -0.990E+02     -0.990E+02
      0.661E-02      0.364E+01      0.601E+01      0.189E+10     -0.990E+02     -0.990E+02
      0.692E-02      0.364E+01      0.601E+01      0.189E+10     -0.990E+02     -0.990E+02
      0.724E-02      0.364E+01      0.601E+01      0.189E+10     -0.990E+02     -0.990E+02
      0.759E-02      0.364E+01      0.601E+01      0.189E+10     -0.990E+02     -0.990E+02
      0.794E-02      0.364E+01      0.601E+01      0.189E+10     -0.990E+02     -0.990E+02
      0.832E-02      0.364E+01      0.601E+01      0.189E+10     -0.990E+02     -0.990E+02
      0.871E-02      0.364E+01      0.601E+01      0.189E+10     -0.990E+02     -0.990E+02
      0.912E-02      0.364E+01      0.601E+01      0.189E+10     -0.990E+02     -0.990E+02
      0.955E-02      0.364E+01      0.601E+01      0.189E+10     -0.990E+02     -0.990E+02
      0.100E-01      0.364E+01      0.601E+01      0.189E+10     -0.457E+00      0.542E+00
      0.105E-01      0.625E+01      0.416E+01      0.185E+10     -0.458E+00      0.541E+00
      0.110E-01      0.622E+01      0.414E+01      0.185E+10     -0.458E+00      0.542E+00
      0.115E-01      0.619E+01      0.412E+01      0.184E+10     -0.458E+00      0.541E+00
      0.120E-01      0.618E+01      0.411E+01      0.184E+10     -0.458E+00      0.541E+00
      0.126E-01      0.619E+01      0.412E+01      0.184E+10     -0.458E+00      0.541E+00
      0.132E-01      0.622E+01      0.413E+01      0.183E+10     -0.459E+00      0.541E+00
      0.138E-01      0.620E+01      0.412E+01      0.183E+10     -0.459E+00      0.541E+00
      0.144E-01      0.614E+01      0.408E+01      0.183E+10     -0.459E+00      0.541E+00
      0.151E-01      0.615E+01      0.408E+01      0.182E+10     -0.460E+00      0.541E+00
      0.159E-01      0.617E+01      0.409E+01      0.182E+10     -0.460E+00      0.541E+00
      0.166E-01      0.616E+01      0.408E+01      0.182E+10     -0.460E+00      0.541E+00
      0.174E-01      0.616E+01      0.408E+01      0.181E+10     -0.460E+00      0.541E+00
      0.182E-01      0.618E+01      0.408E+01      0.181E+10     -0.461E+00      0.540E+00
      0.191E-01      0.616E+01      0.407E+01      0.180E+10     -0.461E+00      0.540E+00
      0.200E-01      0.613E+01      0.405E+01      0.180E+10     -0.462E+00      0.540E+00
      0.209E-01      0.611E+01      0.403E+01      0.179E+10     -0.462E+00      0.540E+00
      0.219E-01      0.611E+01      0.402E+01      0.179E+10     -0.462E+00      0.540E+00
      0.229E-01      0.611E+01      0.402E+01      0.178E+10     -0.463E+00      0.540E+00
      0.240E-01      0.610E+01      0.401E+01      0.178E+10     -0.463E+00      0.539E+00
      0.251E-01      0.611E+01      0.401E+01      0.177E+10     -0.464E+00      0.539E+00
      0.263E-01      0.609E+01      0.399E+01      0.177E+10     -0.464E+00      0.539E+00
      0.275E-01      0.607E+01      0.397E+01      0.176E+10     -0.465E+00      0.539E+00
      0.290E-01      0.606E+01      0.396E+01      0.175E+10     -0.466E+00      0.539E+00
      0.300E-01      0.605E+01      0.395E+01      0.175E+10     -0.466E+00      0.538E+00
      0.310E-01      0.604E+01      0.394E+01      0.174E+10     -0.467E+00      0.538E+00
      0.320E-01      0.604E+01      0.393E+01      0.174E+10     -0.467E+00      0.538E+00
      0.330E-01      0.603E+01      0.392E+01      0.173E+10     -0.468E+00      0.538E+00
      0.340E-01      0.602E+01      0.391E+01      0.173E+10     -0.468E+00      0.538E+00
      0.350E-01      0.601E+01      0.390E+01      0.172E+10     -0.469E+00      0.537E+00
      0.360E-01      0.600E+01      0.390E+01      0.172E+10     -0.469E+00      0.537E+00
      0.370E-01      0.600E+01      0.389E+01      0.171E+10     -0.470E+00      0.537E+00
      0.380E-01      0.599E+01      0.388E+01      0.171E+10     -0.470E+00      0.537E+00
      0.390E-01      0.598E+01      0.387E+01      0.170E+10     -0.471E+00      0.537E+00
      0.400E-01      0.597E+01      0.386E+01      0.170E+10     -0.471E+00      0.536E+00
      0.425E-01      0.595E+01      0.383E+01      0.169E+10     -0.472E+00      0.536E+00
      0.450E-01      0.593E+01      0.381E+01      0.168E+10     -0.474E+00      0.536E+00
      0.475E-01      0.591E+01      0.379E+01      0.167E+10     -0.475E+00      0.535E+00
      0.500E-01      0.589E+01      0.377E+01      0.166E+10     -0.476E+00      0.535E+00
      0.525E-01      0.587E+01      0.374E+01      0.164E+10     -0.477E+00      0.535E+00
      0.550E-01      0.585E+01      0.372E+01      0.163E+10     -0.479E+00      0.534E+00
      0.571E-01      0.584E+01      0.370E+01      0.162E+10     -0.480E+00      0.534E+00
      0.640E-01      0.578E+01      0.364E+01      0.160E+10     -0.483E+00      0.533E+00
      0.719E-01      0.571E+01      0.357E+01      0.157E+10     -0.487E+00      0.532E+00
      0.806E-01      0.564E+01      0.349E+01      0.153E+10     -0.491E+00      0.530E+00
      0.905E-01      0.556E+01      0.340E+01      0.149E+10     -0.496E+00      0.527E+00
      0.102E+00      0.547E+01      0.331E+01      0.144E+10     -0.502E+00      0.525E+00
      0.114E+00      0.536E+01      0.320E+01      0.140E+10     -0.508E+00      0.521E+00
      0.128E+00      0.525E+01      0.308E+01      0.134E+10     -0.516E+00      0.518E+00
      0.143E+00      0.511E+01      0.296E+01      0.128E+10     -0.525E+00      0.516E+00
      0.161E+00      0.496E+01      0.282E+01      0.122E+10     -0.537E+00      0.514E+00
      0.181E+00      0.478E+01      0.266E+01      0.115E+10     -0.550E+00      0.514E+00
      0.203E+00      0.458E+01      0.251E+01      0.108E+10     -0.567E+00      0.517E+00
      0.227E+00      0.435E+01      0.234E+01      0.100E+10     -0.585E+00      0.524E+00
      0.255E+00      0.408E+01      0.217E+01      0.920E+09     -0.607E+00      0.540E+00
      0.286E+00      0.379E+01      0.201E+01      0.834E+09     -0.631E+00      0.559E+00
      0.321E+00      0.346E+01      0.185E+01      0.746E+09     -0.656E+00      0.580E+00
      0.360E+00      0.310E+01      0.169E+01      0.656E+09     -0.679E+00      0.603E+00
      0.404E+00      0.271E+01      0.152E+01      0.566E+09     -0.693E+00      0.618E+00
      0.453E+00      0.230E+01      0.135E+01      0.478E+09     -0.701E+00      0.644E+00
      0.509E+00      0.188E+01      0.120E+01      0.395E+09     -0.702E+00      0.690E+00
      0.571E+00      0.149E+01      0.106E+01      0.320E+09     -0.699E+00      0.760E+00
      0.641E+00      0.118E+01      0.937E+00      0.254E+09     -0.696E+00      0.845E+00
      0.719E+00      0.942E+00      0.815E+00      0.195E+09     -0.715E+00      0.944E+00
      0.806E+00      0.716E+00      0.660E+00      0.143E+09     -0.738E+00      0.103E+01
      0.905E+00      0.518E+00      0.533E+00      0.990E+08     -0.794E+00      0.124E+01
      0.102E+01      0.344E+00      0.423E+00      0.636E+08     -0.836E+00      0.155E+01
      0.114E+01      0.208E+00      0.311E+00      0.374E+08     -0.847E+00      0.187E+01
      0.128E+01      0.115E+00      0.216E+00      0.199E+08     -0.934E+00      0.256E+01
      0.143E+01      0.605E-01      0.149E+00      0.907E+07     -0.123E+01      0.411E+01
      0.161E+01      0.251E-01      0.727E-01      0.279E+07     -0.135E+01      0.525E+01
      0.168E+01      0.125E-01      0.382E-01      0.882E+06     -0.134E+01      0.539E+01
      0.170E+01      0.928E-02      0.302E-01      0.531E+06     -0.132E+01      0.560E+01
      0.180E+01      0.232E-02      0.130E-01      0.188E+06     -0.124E+01      0.895E+01
      0.190E+01      0.699E-03      0.491E-02      0.453E+05     -0.123E+01      0.110E+02
      0.200E+01      0.283E-04      0.501E-03      0.259E+04     -0.148E+01      0.315E+02
      0.210E+01      0.126E-04      0.257E-03      0.863E+03     -0.133E+01      0.331E+02
      0.220E+01      0.160E-05      0.464E-04      0.974E+02     -0.644E+00      0.244E+02
      0.230E+01      0.000E+00      0.000E+00      0.000E+00     -0.990E+02     -0.990E+02
      0.240E+01      0.000E+00      0.000E+00      0.000E+00     -0.990E+02     -0.990E+02
      0.250E+01      0.000E+00      0.000E+00      0.000E+00     -0.990E+02     -0.990E+02
      0.260E+01      0.000E+00      0.000E+00      0.000E+00     -0.990E+02     -0.990E+02
      0.275E+01      0.000E+00      0.000E+00      0.000E+00     -0.990E+02     -0.990E+02
      0.300E+01      0.000E+00      0.000E+00      0.000E+00     -0.990E+02     -0.990E+02
      0.325E+01      0.000E+00      0.000E+00      0.000E+00     -0.990E+02     -0.990E+02
      0.350E+01      0.000E+00      0.000E+00      0.000E+00     -0.990E+02     -0.990E+02
      0.375E+01      0.000E+00      0.000E+00      0.000E+00     -0.990E+02     -0.990E+02
      0.400E+01      0.000E+00      0.000E+00      0.000E+00     -0.990E+02     -0.990E+02
      0.425E+01      0.000E+00      0.000E+00      0.000E+00     -0.990E+02     -0.990E+02
      0.450E+01      0.000E+00      0.000E+00      0.000E+00     -0.990E+02     -0.990E+02
      0.475E+01      0.000E+00      0.000E+00      0.000E+00     -0.990E+02     -0.990E+02
      0.500E+01      0.000E+00      0.000E+00      0.000E+00     -0.990E+02     -0.990E+02
      0.525E+01      0.000E+00      0.000E+00      0.000E+00     -0.990E+02     -0.990E+02
      0.550E+01      0.000E+00      0.000E+00      0.000E+00     -0.990E+02     -0.990E+02
      0.575E+01      0.000E+00      0.000E+00      0.000E+00     -0.990E+02     -0.990E+02
      0.600E+01      0.000E+00      0.000E+00      0.000E+00     -0.990E+02     -0.990E+02
      0.625E+01      0.000E+00      0.000E+00      0.000E+00     -0.990E+02     -0.990E+02
      0.650E+01      0.000E+00      0.000E+00      0.000E+00     -0.990E+02     -0.990E+02
      0.675E+01      0.000E+00      0.000E+00      0.000E+00     -0.990E+02     -0.990E+02
      0.700E+01      0.000E+00      0.000E+00      0.000E+00     -0.990E+02     -0.990E+02
      0.725E+01      0.000E+00      0.000E+00      0.000E+00     -0.990E+02     -0.990E+02
      0.750E+01      0.000E+00      0.000E+00      0.000E+00     -0.990E+02     -0.990E+02
      0.775E+01      0.000E+00      0.000E+00      0.000E+00     -0.990E+02     -0.990E+02
      0.800E+01      0.000E+00      0.000E+00      0.000E+00     -0.990E+02     -0.990E+02
      0.825E+01      0.000E+00      0.000E+00      0.000E+00     -0.990E+02     -0.990E+02
      0.850E+01      0.000E+00      0.000E+00      0.000E+00     -0.990E+02     -0.990E+02
      0.875E+01      0.000E+00      0.000E+00      0.000E+00     -0.990E+02     -0.990E+02
      0.900E+01      0.000E+00      0.000E+00      0.000E+00     -0.990E+02     -0.990E+02
      0.925E+01      0.000E+00      0.000E+00      0.000E+00     -0.990E+02     -0.990E+02
      0.950E+01      0.000E+00      0.000E+00      0.000E+00     -0.990E+02     -0.990E+02
      0.975E+01      0.000E+00      0.000E+00      0.000E+00     -0.990E+02     -0.990E+02
      0.100E+02      0.000E+00      0.000E+00      0.000E+00     -0.990E+02     -0.990E+02
      0.102E+02      0.000E+00      0.000E+00      0.000E+00     -0.990E+02     -0.990E+02
      0.105E+02      0.000E+00      0.000E+00      0.000E+00     -0.990E+02     -0.990E+02
      0.108E+02      0.000E+00      0.000E+00      0.000E+00     -0.990E+02     -0.990E+02
      0.110E+02      0.000E+00      0.000E+00      0.000E+00     -0.990E+02     -0.990E+02
      0.112E+02      0.000E+00      0.000E+00      0.000E+00     -0.990E+02     -0.990E+02
      0.115E+02      0.000E+00      0.000E+00      0.000E+00     -0.990E+02     -0.990E+02
      0.118E+02      0.000E+00      0.000E+00      0.000E+00     -0.990E+02     -0.990E+02
      0.120E+02      0.000E+00      0.000E+00      0.000E+00     -0.990E+02     -0.990E+02
      0.122E+02      0.000E+00      0.000E+00      0.000E+00     -0.990E+02     -0.990E+02
      0.125E+02      0.000E+00      0.000E+00      0.000E+00     -0.990E+02     -0.990E+02
      0.128E+02      0.000E+00      0.000E+00      0.000E+00     -0.990E+02     -0.990E+02
      0.130E+02      0.000E+00      0.000E+00      0.000E+00     -0.990E+02     -0.990E+02
      0.132E+02      0.000E+00      0.000E+00      0.000E+00     -0.990E+02     -0.990E+02
      0.135E+02      0.000E+00      0.000E+00      0.000E+00     -0.990E+02     -0.990E+02
      0.138E+02      0.000E+00      0.000E+00      0.000E+00     -0.990E+02     -0.990E+02
      0.140E+02      0.000E+00      0.000E+00      0.000E+00     -0.990E+02     -0.990E+02
      0.142E+02      0.000E+00      0.000E+00      0.000E+00     -0.990E+02     -0.990E+02
      0.145E+02      0.000E+00      0.000E+00      0.000E+00     -0.990E+02     -0.990E+02
      0.148E+02      0.000E+00      0.000E+00      0.000E+00     -0.990E+02     -0.990E+02
      0.150E+02      0.000E+00      0.000E+00      0.000E+00     -0.990E+02     -0.990E+02
      0.152E+02      0.000E+00      0.000E+00      0.000E+00     -0.990E+02     -0.990E+02
      0.155E+02      0.000E+00      0.000E+00      0.000E+00     -0.990E+02     -0.990E+02
      0.158E+02      0.000E+00      0.000E+00      0.000E+00     -0.990E+02     -0.990E+02
      0.160E+02      0.000E+00      0.000E+00      0.000E+00     -0.990E+02     -0.990E+02
      0.162E+02      0.000E+00      0.000E+00      0.000E+00     -0.990E+02     -0.990E+02
      0.165E+02      0.000E+00      0.000E+00      0.000E+00     -0.990E+02     -0.990E+02
      0.168E+02      0.000E+00      0.000E+00      0.000E+00     -0.990E+02     -0.990E+02
      0.170E+02      0.000E+00      0.000E+00      0.000E+00     -0.990E+02     -0.990E+02
      0.172E+02      0.000E+00      0.000E+00      0.000E+00     -0.990E+02     -0.990E+02
      0.175E+02      0.000E+00      0.000E+00      0.000E+00     -0.990E+02     -0.990E+02
      0.178E+02      0.000E+00      0.000E+00      0.000E+00     -0.990E+02     -0.990E+02
      0.180E+02      0.000E+00      0.000E+00      0.000E+00     -0.990E+02     -0.990E+02
      0.182E+02      0.000E+00      0.000E+00      0.000E+00     -0.990E+02     -0.990E+02
      0.185E+02      0.000E+00      0.000E+00      0.000E+00     -0.990E+02     -0.990E+02
      0.188E+02      0.000E+00      0.000E+00      0.000E+00     -0.990E+02     -0.990E+02
      0.190E+02      0.000E+00      0.000E+00      0.000E+00     -0.990E+02     -0.990E+02
      0.192E+02      0.000E+00      0.000E+00      0.000E+00     -0.990E+02     -0.990E+02
      0.195E+02      0.000E+00      0.000E+00      0.000E+00     -0.990E+02     -0.990E+02
      0.198E+02      0.000E+00      0.000E+00      0.000E+00     -0.990E+02     -0.990E+02
      0.200E+02      0.000E+00      0.000E+00      0.000E+00     -0.990E+02     -0.990E+02
