      0.000E+00      0.709E-01      0.620E-01      0.259E+09     -0.990E+02     -0.990E+02
      0.100E-03      0.709E-01      0.620E-01      0.259E+09     -0.990E+02     -0.990E+02
      0.140E-03      0.709E-01      0.620E-01      0.259E+09     -0.990E+02     -0.990E+02
      0.160E-03      0.709E-01      0.620E-01      0.259E+09     -0.990E+02     -0.990E+02
      0.180E-03      0.709E-01      0.620E-01      0.259E+09     -0.990E+02     -0.990E+02
      0.200E-03      0.709E-01      0.620E-01      0.259E+09     -0.990E+02     -0.990E+02
      0.220E-03      0.709E-01      0.620E-01      0.259E+09     -0.990E+02     -0.990E+02
      0.250E-03      0.709E-01      0.620E-01      0.259E+09     -0.990E+02     -0.990E+02
      0.280E-03      0.709E-01      0.620E-01      0.259E+09     -0.990E+02     -0.990E+02
      0.320E-03      0.709E-01      0.620E-01      0.259E+09     -0.990E+02     -0.990E+02
      0.350E-03      0.709E-01      0.620E-01      0.259E+09     -0.990E+02     -0.990E+02
      0.400E-03      0.709E-01      0.620E-01      0.259E+09     -0.990E+02     -0.990E+02
      0.450E-03      0.709E-01      0.620E-01      0.259E+09     -0.990E+02     -0.990E+02
      0.500E-03      0.709E-01      0.620E-01      0.259E+09     -0.990E+02     -0.990E+02
      0.560E-03      0.709E-01      0.620E-01      0.259E+09     -0.990E+02     -0.990E+02
      0.630E-03      0.709E-01      0.620E-01      0.259E+09     -0.990E+02     -0.990E+02
      0.710E-03      0.709E-01      0.620E-01      0.259E+09     -0.990E+02     -0.990E+02
      0.790E-03      0.709E-01      0.620E-01      0.259E+09     -0.990E+02     -0.990E+02
      0.890E-03      0.709E-01      0.620E-01      0.259E+09     -0.990E+02     -0.990E+02
      0.100E-02      0.709E-01      0.620E-01      0.259E+09     -0.990E+02     -0.990E+02
      0.105E-02      0.709E-01      0.620E-01      0.259E+09     -0.990E+02     -0.990E+02
      0.110E-02      0.709E-01      0.620E-01      0.259E+09     -0.990E+02     -0.990E+02
      0.115E-02      0.709E-01      0.620E-01      0.259E+09     -0.990E+02     -0.990E+02
      0.120E-02      0.709E-01      0.620E-01      0.259E+09     -0.990E+02     -0.990E+02
      0.126E-02      0.709E-01      0.620E-01      0.259E+09     -0.990E+02     -0.990E+02
      0.132E-02      0.709E-01      0.620E-01      0.259E+09     -0.990E+02     -0.990E+02
      0.138E-02      0.709E-01      0.620E-01      0.259E+09     -0.990E+02     -0.990E+02
      0.145E-02      0.709E-01      0.620E-01      0.259E+09     -0.990E+02     -0.990E+02
      0.151E-02      0.709E-01      0.620E-01      0.259E+09     -0.990E+02     -0.990E+02
      0.158E-02      0.709E-01      0.620E-01      0.259E+09     -0.990E+02     -0.990E+02
      0.166E-02      0.709E-01      0.620E-01      0.259E+09     -0.990E+02     -0.990E+02
      0.174E-02      0.709E-01      0.620E-01      0.259E+09     -0.990E+02     -0.990E+02
      0.182E-02      0.709E-01      0.620E-01      0.259E+09     -0.990E+02     -0.990E+02
      0.191E-02      0.709E-01      0.620E-01      0.259E+09     -0.990E+02     -0.990E+02
      0.200E-02      0.709E-01      0.620E-01      0.259E+09     -0.990E+02     -0.990E+02
      0.209E-02      0.709E-01      0.620E-01      0.259E+09     -0.990E+02     -0.990E+02
      0.219E-02      0.709E-01      0.620E-01      0.259E+09     -0.990E+02     -0.990E+02
      0.229E-02      0.709E-01      0.620E-01      0.259E+09     -0.990E+02     -0.990E+02
      0.240E-02      0.709E-01      0.620E-01      0.259E+09     -0.990E+02     -0.990E+02
      0.251E-02      0.709E-01      0.620E-01      0.259E+09     -0.990E+02     -0.990E+02
      0.263E-02      0.709E-01      0.620E-01      0.259E+09     -0.990E+02     -0.990E+02
      0.275E-02      0.709E-01      0.620E-01      0.259E+09     -0.990E+02     -0.990E+02
      0.288E-02      0.709E-01      0.620E-01      0.259E+09     -0.990E+02     -0.990E+02
      0.302E-02      0.709E-01      0.620E-01      0.259E+09     -0.990E+02     -0.990E+02
      0.316E-02      0.709E-01      0.620E-01      0.259E+09     -0.990E+02     -0.990E+02
      0.331E-02      0.709E-01      0.620E-01      0.259E+09     -0.990E+02     -0.990E+02
      0.347E-02      0.709E-01      0.620E-01      0.259E+09     -0.990E+02     -0.990E+02
      0.363E-02      0.709E-01      0.620E-01      0.259E+09     -0.990E+02     -0.990E+02
      0.380E-02      0.709E-01      0.620E-01      0.259E+09     -0.990E+02     -0.990E+02
      0.398E-02      0.709E-01      0.620E-01      0.259E+09     -0.990E+02     -0.990E+02
      0.417E-02      0.709E-01      0.620E-01      0.259E+09     -0.990E+02     -0.990E+02
      0.437E-02      0.709E-01      0.620E-01      0.259E+09     -0.990E+02     -0.990E+02
      0.457E-02      0.709E-01      0.620E-01      0.259E+09     -0.990E+02     -0.990E+02
      0.479E-02      0.709E-01      0.620E-01      0.259E+09     -0.990E+02     -0.990E+02
      0.501E-02      0.709E-01      0.620E-01      0.259E+09     -0.990E+02     -0.990E+02
      0.525E-02      0.709E-01      0.620E-01      0.259E+09     -0.990E+02     -0.990E+02
      0.550E-02      0.709E-01      0.620E-01      0.259E+09     -0.990E+02     -0.990E+02
      0.575E-02      0.709E-01      0.620E-01      0.259E+09     -0.990E+02     -0.990E+02
      0.603E-02      0.709E-01      0.620E-01      0.259E+09     -0.990E+02     -0.990E+02
      0.631E-02      0.709E-01      0.620E-01      0.259E+09     -0.990E+02     -0.990E+02
      0.661E-02      0.709E-01      0.620E-01      0.259E+09     -0.990E+02     -0.990E+02
      0.692E-02      0.709E-01      0.620E-01      0.259E+09     -0.990E+02     -0.990E+02
      0.724E-02      0.709E-01      0.620E-01      0.259E+09     -0.990E+02     -0.990E+02
      0.759E-02      0.709E-01      0.620E-01      0.259E+09     -0.990E+02     -0.990E+02
      0.794E-02      0.709E-01      0.620E-01      0.259E+09     -0.990E+02     -0.990E+02
      0.832E-02      0.709E-01      0.620E-01      0.259E+09     -0.990E+02     -0.990E+02
      0.871E-02      0.709E-01      0.620E-01      0.259E+09     -0.990E+02     -0.990E+02
      0.912E-02      0.709E-01      0.620E-01      0.259E+09     -0.990E+02     -0.990E+02
      0.955E-02      0.709E-01      0.620E-01      0.259E+09     -0.990E+02     -0.990E+02
      0.100E-01      0.709E-01      0.620E-01      0.259E+09     -0.518E+00      0.466E+00
      0.105E-01      0.171E+00      0.100E+00      0.258E+09     -0.518E+00      0.466E+00
      0.110E-01      0.171E+00      0.999E-01      0.258E+09     -0.518E+00      0.466E+00
      0.115E-01      0.170E+00      0.997E-01      0.258E+09     -0.519E+00      0.466E+00
      0.120E-01      0.170E+00      0.996E-01      0.258E+09     -0.519E+00      0.466E+00
      0.126E-01      0.170E+00      0.998E-01      0.258E+09     -0.519E+00      0.467E+00
      0.132E-01      0.171E+00      0.100E+00      0.258E+09     -0.519E+00      0.467E+00
      0.138E-01      0.171E+00      0.100E+00      0.258E+09     -0.519E+00      0.467E+00
      0.144E-01      0.170E+00      0.994E-01      0.257E+09     -0.520E+00      0.467E+00
      0.151E-01      0.170E+00      0.996E-01      0.257E+09     -0.520E+00      0.467E+00
      0.159E-01      0.171E+00      0.100E+00      0.257E+09     -0.520E+00      0.467E+00
      0.166E-01      0.171E+00      0.999E-01      0.257E+09     -0.520E+00      0.467E+00
      0.174E-01      0.171E+00      0.100E+00      0.257E+09     -0.521E+00      0.468E+00
      0.182E-01      0.171E+00      0.100E+00      0.257E+09     -0.521E+00      0.468E+00
      0.191E-01      0.171E+00      0.100E+00      0.257E+09     -0.521E+00      0.468E+00
      0.200E-01      0.171E+00      0.100E+00      0.257E+09     -0.521E+00      0.468E+00
      0.209E-01      0.170E+00      0.999E-01      0.257E+09     -0.522E+00      0.468E+00
      0.219E-01      0.171E+00      0.100E+00      0.256E+09     -0.522E+00      0.469E+00
      0.229E-01      0.171E+00      0.100E+00      0.256E+09     -0.522E+00      0.469E+00
      0.240E-01      0.171E+00      0.100E+00      0.256E+09     -0.523E+00      0.469E+00
      0.251E-01      0.171E+00      0.101E+00      0.256E+09     -0.523E+00      0.470E+00
      0.263E-01      0.171E+00      0.101E+00      0.256E+09     -0.523E+00      0.470E+00
      0.275E-01      0.171E+00      0.100E+00      0.256E+09     -0.524E+00      0.470E+00
      0.290E-01      0.171E+00      0.101E+00      0.255E+09     -0.524E+00      0.471E+00
      0.300E-01      0.171E+00      0.101E+00      0.255E+09     -0.524E+00      0.471E+00
      0.310E-01      0.171E+00      0.101E+00      0.255E+09     -0.525E+00      0.472E+00
      0.320E-01      0.171E+00      0.101E+00      0.255E+09     -0.525E+00      0.472E+00
      0.330E-01      0.171E+00      0.101E+00      0.255E+09     -0.525E+00      0.472E+00
      0.340E-01      0.171E+00      0.101E+00      0.255E+09     -0.526E+00      0.473E+00
      0.350E-01      0.171E+00      0.101E+00      0.255E+09     -0.526E+00      0.473E+00
      0.360E-01      0.172E+00      0.101E+00      0.254E+09     -0.527E+00      0.473E+00
      0.370E-01      0.172E+00      0.101E+00      0.254E+09     -0.527E+00      0.474E+00
      0.380E-01      0.172E+00      0.101E+00      0.254E+09     -0.527E+00      0.474E+00
      0.390E-01      0.172E+00      0.101E+00      0.254E+09     -0.528E+00      0.474E+00
      0.400E-01      0.172E+00      0.101E+00      0.254E+09     -0.528E+00      0.475E+00
      0.425E-01      0.171E+00      0.101E+00      0.254E+09     -0.529E+00      0.476E+00
      0.450E-01      0.172E+00      0.101E+00      0.253E+09     -0.530E+00      0.477E+00
      0.475E-01      0.172E+00      0.101E+00      0.253E+09     -0.531E+00      0.478E+00
      0.500E-01      0.172E+00      0.101E+00      0.253E+09     -0.533E+00      0.480E+00
      0.525E-01      0.172E+00      0.101E+00      0.252E+09     -0.534E+00      0.481E+00
      0.550E-01      0.172E+00      0.101E+00      0.252E+09     -0.536E+00      0.483E+00
      0.571E-01      0.172E+00      0.101E+00      0.252E+09     -0.537E+00      0.484E+00
      0.640E-01      0.172E+00      0.101E+00      0.251E+09     -0.541E+00      0.489E+00
      0.719E-01      0.172E+00      0.101E+00      0.250E+09     -0.545E+00      0.494E+00
      0.806E-01      0.173E+00      0.102E+00      0.249E+09     -0.550E+00      0.500E+00
      0.905E-01      0.173E+00      0.102E+00      0.248E+09     -0.556E+00      0.508E+00
      0.102E+00      0.172E+00      0.102E+00      0.246E+09     -0.562E+00      0.515E+00
      0.114E+00      0.171E+00      0.101E+00      0.245E+09     -0.569E+00      0.523E+00
      0.128E+00      0.170E+00      0.101E+00      0.243E+09     -0.576E+00      0.534E+00
      0.143E+00      0.168E+00      0.101E+00      0.241E+09     -0.586E+00      0.544E+00
      0.161E+00      0.166E+00      0.995E-01      0.239E+09     -0.597E+00      0.550E+00
      0.181E+00      0.164E+00      0.986E-01      0.237E+09     -0.609E+00      0.559E+00
      0.203E+00      0.160E+00      0.963E-01      0.234E+09     -0.623E+00      0.571E+00
      0.227E+00      0.155E+00      0.922E-01      0.232E+09     -0.640E+00      0.584E+00
      0.255E+00      0.148E+00      0.886E-01      0.229E+09     -0.662E+00      0.607E+00
      0.286E+00      0.141E+00      0.859E-01      0.226E+09     -0.687E+00      0.644E+00
      0.321E+00      0.140E+00      0.856E-01      0.222E+09     -0.702E+00      0.670E+00
      0.360E+00      0.139E+00      0.851E-01      0.219E+09     -0.718E+00      0.697E+00
      0.404E+00      0.137E+00      0.835E-01      0.215E+09     -0.727E+00      0.703E+00
      0.453E+00      0.135E+00      0.808E-01      0.210E+09     -0.727E+00      0.677E+00
      0.509E+00      0.137E+00      0.807E-01      0.205E+09     -0.715E+00      0.653E+00
      0.571E+00      0.135E+00      0.813E-01      0.200E+09     -0.707E+00      0.665E+00
      0.641E+00      0.127E+00      0.794E-01      0.194E+09     -0.697E+00      0.695E+00
      0.719E+00      0.120E+00      0.787E-01      0.188E+09     -0.693E+00      0.729E+00
      0.806E+00      0.115E+00      0.796E-01      0.181E+09     -0.696E+00      0.771E+00
      0.905E+00      0.122E+00      0.830E-01      0.174E+09     -0.716E+00      0.782E+00
      0.102E+01      0.130E+00      0.107E+00      0.166E+09     -0.740E+00      0.106E+01
      0.114E+01      0.117E+00      0.940E-01      0.156E+09     -0.686E+00      0.985E+00
      0.128E+01      0.997E-01      0.723E-01      0.146E+09     -0.571E+00      0.713E+00
      0.143E+01      0.826E-01      0.552E-01      0.137E+09     -0.654E+00      0.730E+00
      0.161E+01      0.728E-01      0.488E-01      0.128E+09     -0.772E+00      0.825E+00
      0.168E+01      0.714E-01      0.477E-01      0.122E+09     -0.791E+00      0.830E+00
      0.170E+01      0.709E-01      0.474E-01      0.120E+09     -0.799E+00      0.837E+00
      0.180E+01      0.675E-01      0.458E-01      0.118E+09     -0.835E+00      0.885E+00
      0.190E+01      0.646E-01      0.427E-01      0.114E+09     -0.815E+00      0.850E+00
      0.200E+01      0.611E-01      0.402E-01      0.110E+09     -0.782E+00      0.818E+00
      0.210E+01      0.597E-01      0.401E-01      0.106E+09     -0.728E+00      0.763E+00
      0.220E+01      0.603E-01      0.401E-01      0.102E+09     -0.672E+00      0.681E+00
      0.230E+01      0.633E-01      0.426E-01      0.985E+08     -0.614E+00      0.617E+00
      0.240E+01      0.643E-01      0.450E-01      0.946E+08     -0.633E+00      0.665E+00
      0.250E+01      0.625E-01      0.478E-01      0.908E+08     -0.669E+00      0.796E+00
      0.260E+01      0.603E-01      0.466E-01      0.870E+08     -0.702E+00      0.863E+00
      0.275E+01      0.592E-01      0.477E-01      0.825E+08     -0.715E+00      0.975E+00
      0.300E+01      0.525E-01      0.370E-01      0.754E+08     -0.715E+00      0.778E+00
      0.325E+01      0.587E-01      0.369E-01      0.677E+08     -0.877E+00      0.855E+00
      0.350E+01      0.680E-01      0.394E-01      0.590E+08     -0.676E+00      0.620E+00
      0.375E+01      0.790E-01      0.516E-01      0.490E+08     -0.490E+00      0.499E+00
      0.400E+01      0.712E-01      0.450E-01      0.374E+08     -0.605E+00      0.585E+00
      0.425E+01      0.512E-01      0.359E-01      0.270E+08     -0.626E+00      0.667E+00
      0.450E+01      0.550E-01      0.342E-01      0.196E+08     -0.688E+00      0.620E+00
      0.475E+01      0.378E-01      0.259E-01      0.117E+08     -0.879E+00      0.814E+00
      0.500E+01      0.251E-01      0.237E-01      0.623E+07     -0.101E+01      0.130E+01
      0.525E+01      0.108E-01      0.129E-01      0.264E+07     -0.112E+01      0.193E+01
      0.550E+01      0.446E-02      0.833E-02      0.110E+07     -0.124E+01      0.299E+01
      0.575E+01      0.195E-02      0.570E-02      0.463E+06     -0.981E+00      0.396E+01
      0.600E+01      0.970E-03      0.316E-02      0.186E+06     -0.111E+01      0.485E+01
      0.625E+01      0.303E-03      0.133E-02      0.494E+05     -0.137E+01      0.835E+01
      0.650E+01      0.440E-04      0.282E-03      0.665E+04     -0.140E+01      0.123E+02
      0.675E+01      0.297E-05      0.477E-04      0.427E+03     -0.144E+01      0.317E+02
      0.700E+01      0.672E-07      0.109E-04      0.940E+01     -0.150E+01      0.325E+03
      0.725E+01      0.363E-13      0.236E-08      0.507E-05     -0.109E+01      0.950E+05
      0.750E+01      0.000E+00      0.152E-26      0.000E+00     -0.307E+01            NaN
      0.775E+01      0.000E+00      0.000E+00      0.000E+00     -0.990E+02     -0.990E+02
      0.800E+01      0.000E+00      0.000E+00      0.000E+00     -0.990E+02     -0.990E+02
      0.825E+01      0.000E+00      0.000E+00      0.000E+00     -0.990E+02     -0.990E+02
      0.850E+01      0.000E+00      0.000E+00      0.000E+00     -0.990E+02     -0.990E+02
      0.875E+01      0.000E+00      0.000E+00      0.000E+00     -0.990E+02     -0.990E+02
      0.900E+01      0.000E+00      0.000E+00      0.000E+00     -0.990E+02     -0.990E+02
      0.925E+01      0.000E+00      0.000E+00      0.000E+00     -0.990E+02     -0.990E+02
      0.950E+01      0.000E+00      0.000E+00      0.000E+00     -0.990E+02     -0.990E+02
      0.975E+01      0.000E+00      0.000E+00      0.000E+00     -0.990E+02     -0.990E+02
      0.100E+02      0.000E+00      0.000E+00      0.000E+00     -0.990E+02     -0.990E+02
      0.102E+02      0.000E+00      0.000E+00      0.000E+00     -0.990E+02     -0.990E+02
      0.105E+02      0.000E+00      0.000E+00      0.000E+00     -0.990E+02     -0.990E+02
      0.108E+02      0.000E+00      0.000E+00      0.000E+00     -0.990E+02     -0.990E+02
      0.110E+02      0.000E+00      0.000E+00      0.000E+00     -0.990E+02     -0.990E+02
      0.112E+02      0.000E+00      0.000E+00      0.000E+00     -0.990E+02     -0.990E+02
      0.115E+02      0.000E+00      0.000E+00      0.000E+00     -0.990E+02     -0.990E+02
      0.118E+02      0.000E+00      0.000E+00      0.000E+00     -0.990E+02     -0.990E+02
      0.120E+02      0.000E+00      0.000E+00      0.000E+00     -0.990E+02     -0.990E+02
      0.122E+02      0.000E+00      0.000E+00      0.000E+00     -0.990E+02     -0.990E+02
      0.125E+02      0.000E+00      0.000E+00      0.000E+00     -0.990E+02     -0.990E+02
      0.128E+02      0.000E+00      0.000E+00      0.000E+00     -0.990E+02     -0.990E+02
      0.130E+02      0.000E+00      0.000E+00      0.000E+00     -0.990E+02     -0.990E+02
      0.132E+02      0.000E+00      0.000E+00      0.000E+00     -0.990E+02     -0.990E+02
      0.135E+02      0.000E+00      0.000E+00      0.000E+00     -0.990E+02     -0.990E+02
      0.138E+02      0.000E+00      0.000E+00      0.000E+00     -0.990E+02     -0.990E+02
      0.140E+02      0.000E+00      0.000E+00      0.000E+00     -0.990E+02     -0.990E+02
      0.142E+02      0.000E+00      0.000E+00      0.000E+00     -0.990E+02     -0.990E+02
      0.145E+02      0.000E+00      0.000E+00      0.000E+00     -0.990E+02     -0.990E+02
      0.148E+02      0.000E+00      0.000E+00      0.000E+00     -0.990E+02     -0.990E+02
      0.150E+02      0.000E+00      0.000E+00      0.000E+00     -0.990E+02     -0.990E+02
      0.152E+02      0.000E+00      0.000E+00      0.000E+00     -0.990E+02     -0.990E+02
      0.155E+02      0.000E+00      0.000E+00      0.000E+00     -0.990E+02     -0.990E+02
      0.158E+02      0.000E+00      0.000E+00      0.000E+00     -0.990E+02     -0.990E+02
      0.160E+02      0.000E+00      0.000E+00      0.000E+00     -0.990E+02     -0.990E+02
      0.162E+02      0.000E+00      0.000E+00      0.000E+00     -0.990E+02     -0.990E+02
      0.165E+02      0.000E+00      0.000E+00      0.000E+00     -0.990E+02     -0.990E+02
      0.168E+02      0.000E+00      0.000E+00      0.000E+00     -0.990E+02     -0.990E+02
      0.170E+02      0.000E+00      0.000E+00      0.000E+00     -0.990E+02     -0.990E+02
      0.172E+02      0.000E+00      0.000E+00      0.000E+00     -0.990E+02     -0.990E+02
      0.175E+02      0.000E+00      0.000E+00      0.000E+00     -0.990E+02     -0.990E+02
      0.178E+02      0.000E+00      0.000E+00      0.000E+00     -0.990E+02     -0.990E+02
      0.180E+02      0.000E+00      0.000E+00      0.000E+00     -0.990E+02     -0.990E+02
      0.182E+02      0.000E+00      0.000E+00      0.000E+00     -0.990E+02     -0.990E+02
      0.185E+02      0.000E+00      0.000E+00      0.000E+00     -0.990E+02     -0.990E+02
      0.188E+02      0.000E+00      0.000E+00      0.000E+00     -0.990E+02     -0.990E+02
      0.190E+02      0.000E+00      0.000E+00      0.000E+00     -0.990E+02     -0.990E+02
      0.192E+02      0.000E+00      0.000E+00      0.000E+00     -0.990E+02     -0.990E+02
      0.195E+02      0.000E+00      0.000E+00      0.000E+00     -0.990E+02     -0.990E+02
      0.198E+02      0.000E+00      0.000E+00      0.000E+00     -0.990E+02     -0.990E+02
      0.200E+02      0.000E+00      0.000E+00      0.000E+00     -0.990E+02     -0.990E+02
