      0.000E+00      0.705E+02      0.616E+01      0.103E+12     -0.990E+02     -0.990E+02
      0.100E-03      0.705E+02      0.616E+01      0.103E+12     -0.990E+02     -0.990E+02
      0.140E-03      0.705E+02      0.616E+01      0.103E+12     -0.990E+02     -0.990E+02
      0.160E-03      0.705E+02      0.616E+01      0.103E+12     -0.990E+02     -0.990E+02
      0.180E-03      0.705E+02      0.616E+01      0.103E+12     -0.990E+02     -0.990E+02
      0.200E-03      0.705E+02      0.616E+01      0.103E+12     -0.990E+02     -0.990E+02
      0.220E-03      0.705E+02      0.616E+01      0.103E+12     -0.990E+02     -0.990E+02
      0.250E-03      0.705E+02      0.616E+01      0.103E+12     -0.990E+02     -0.990E+02
      0.280E-03      0.705E+02      0.616E+01      0.103E+12     -0.990E+02     -0.990E+02
      0.320E-03      0.705E+02      0.616E+01      0.103E+12     -0.990E+02     -0.990E+02
      0.350E-03      0.705E+02      0.616E+01      0.103E+12     -0.990E+02     -0.990E+02
      0.400E-03      0.705E+02      0.616E+01      0.103E+12     -0.990E+02     -0.990E+02
      0.450E-03      0.705E+02      0.616E+01      0.103E+12     -0.990E+02     -0.990E+02
      0.500E-03      0.705E+02      0.616E+01      0.103E+12     -0.990E+02     -0.990E+02
      0.560E-03      0.705E+02      0.616E+01      0.103E+12     -0.990E+02     -0.990E+02
      0.630E-03      0.705E+02      0.616E+01      0.103E+12     -0.990E+02     -0.990E+02
      0.710E-03      0.705E+02      0.616E+01      0.103E+12     -0.990E+02     -0.990E+02
      0.790E-03      0.705E+02      0.616E+01      0.103E+12     -0.990E+02     -0.990E+02
      0.890E-03      0.705E+02      0.616E+01      0.103E+12     -0.990E+02     -0.990E+02
      0.100E-02      0.705E+02      0.616E+01      0.103E+12     -0.990E+02     -0.990E+02
      0.105E-02      0.705E+02      0.616E+01      0.103E+12     -0.990E+02     -0.990E+02
      0.110E-02      0.705E+02      0.616E+01      0.103E+12     -0.990E+02     -0.990E+02
      0.115E-02      0.705E+02      0.616E+01      0.103E+12     -0.990E+02     -0.990E+02
      0.120E-02      0.705E+02      0.616E+01      0.103E+12     -0.990E+02     -0.990E+02
      0.126E-02      0.705E+02      0.616E+01      0.103E+12     -0.990E+02     -0.990E+02
      0.132E-02      0.705E+02      0.616E+01      0.103E+12     -0.990E+02     -0.990E+02
      0.138E-02      0.705E+02      0.616E+01      0.103E+12     -0.990E+02     -0.990E+02
      0.145E-02      0.705E+02      0.616E+01      0.103E+12     -0.990E+02     -0.990E+02
      0.151E-02      0.705E+02      0.616E+01      0.103E+12     -0.990E+02     -0.990E+02
      0.158E-02      0.705E+02      0.616E+01      0.103E+12     -0.990E+02     -0.990E+02
      0.166E-02      0.705E+02      0.616E+01      0.103E+12     -0.990E+02     -0.990E+02
      0.174E-02      0.705E+02      0.616E+01      0.103E+12     -0.990E+02     -0.990E+02
      0.182E-02      0.705E+02      0.616E+01      0.103E+12     -0.990E+02     -0.990E+02
      0.191E-02      0.705E+02      0.616E+01      0.103E+12     -0.990E+02     -0.990E+02
      0.200E-02      0.705E+02      0.616E+01      0.103E+12     -0.990E+02     -0.990E+02
      0.209E-02      0.705E+02      0.616E+01      0.103E+12     -0.990E+02     -0.990E+02
      0.219E-02      0.705E+02      0.616E+01      0.103E+12     -0.990E+02     -0.990E+02
      0.229E-02      0.705E+02      0.616E+01      0.103E+12     -0.990E+02     -0.990E+02
      0.240E-02      0.705E+02      0.616E+01      0.103E+12     -0.990E+02     -0.990E+02
      0.251E-02      0.705E+02      0.616E+01      0.103E+12     -0.990E+02     -0.990E+02
      0.263E-02      0.705E+02      0.616E+01      0.103E+12     -0.990E+02     -0.990E+02
      0.275E-02      0.705E+02      0.616E+01      0.103E+12     -0.990E+02     -0.990E+02
      0.288E-02      0.705E+02      0.616E+01      0.103E+12     -0.990E+02     -0.990E+02
      0.302E-02      0.705E+02      0.616E+01      0.103E+12     -0.990E+02     -0.990E+02
      0.316E-02      0.705E+02      0.616E+01      0.103E+12     -0.990E+02     -0.990E+02
      0.331E-02      0.705E+02      0.616E+01      0.103E+12     -0.990E+02     -0.990E+02
      0.347E-02      0.705E+02      0.616E+01      0.103E+12     -0.990E+02     -0.990E+02
      0.363E-02      0.705E+02      0.616E+01      0.103E+12     -0.990E+02     -0.990E+02
      0.380E-02      0.705E+02      0.616E+01      0.103E+12     -0.990E+02     -0.990E+02
      0.398E-02      0.705E+02      0.616E+01      0.103E+12     -0.990E+02     -0.990E+02
      0.417E-02      0.705E+02      0.616E+01      0.103E+12     -0.990E+02     -0.990E+02
      0.437E-02      0.705E+02      0.616E+01      0.103E+12     -0.990E+02     -0.990E+02
      0.457E-02      0.705E+02      0.616E+01      0.103E+12     -0.990E+02     -0.990E+02
      0.479E-02      0.705E+02      0.616E+01      0.103E+12     -0.990E+02     -0.990E+02
      0.501E-02      0.705E+02      0.616E+01      0.103E+12     -0.990E+02     -0.990E+02
      0.525E-02      0.705E+02      0.616E+01      0.103E+12     -0.990E+02     -0.990E+02
      0.550E-02      0.705E+02      0.616E+01      0.103E+12     -0.990E+02     -0.990E+02
      0.575E-02      0.705E+02      0.616E+01      0.103E+12     -0.990E+02     -0.990E+02
      0.603E-02      0.705E+02      0.616E+01      0.103E+12     -0.990E+02     -0.990E+02
      0.631E-02      0.705E+02      0.616E+01      0.103E+12     -0.990E+02     -0.990E+02
      0.661E-02      0.705E+02      0.616E+01      0.103E+12     -0.990E+02     -0.990E+02
      0.692E-02      0.705E+02      0.616E+01      0.103E+12     -0.990E+02     -0.990E+02
      0.724E-02      0.705E+02      0.616E+01      0.103E+12     -0.990E+02     -0.990E+02
      0.759E-02      0.705E+02      0.616E+01      0.103E+12     -0.990E+02     -0.990E+02
      0.794E-02      0.705E+02      0.616E+01      0.103E+12     -0.990E+02     -0.990E+02
      0.832E-02      0.705E+02      0.616E+01      0.103E+12     -0.990E+02     -0.990E+02
      0.871E-02      0.705E+02      0.616E+01      0.103E+12     -0.990E+02     -0.990E+02
      0.912E-02      0.705E+02      0.616E+01      0.103E+12     -0.990E+02     -0.990E+02
      0.955E-02      0.705E+02      0.616E+01      0.103E+12     -0.990E+02     -0.990E+02
      0.100E-01      0.705E+02      0.616E+01      0.103E+12      0.391E-01      0.233E-01
      0.105E-01      0.663E+02      0.944E+01      0.102E+12      0.390E-01      0.233E-01
      0.110E-01      0.659E+02      0.940E+01      0.102E+12      0.391E-01      0.234E-01
      0.115E-01      0.658E+02      0.939E+01      0.102E+12      0.391E-01      0.234E-01
      0.120E-01      0.657E+02      0.934E+01      0.102E+12      0.389E-01      0.232E-01
      0.126E-01      0.659E+02      0.940E+01      0.102E+12      0.390E-01      0.233E-01
      0.132E-01      0.663E+02      0.942E+01      0.102E+12      0.389E-01      0.232E-01
      0.138E-01      0.661E+02      0.940E+01      0.102E+12      0.390E-01      0.232E-01
      0.144E-01      0.656E+02      0.933E+01      0.102E+12      0.389E-01      0.232E-01
      0.151E-01      0.658E+02      0.934E+01      0.102E+12      0.389E-01      0.231E-01
      0.159E-01      0.661E+02      0.939E+01      0.102E+12      0.389E-01      0.231E-01
      0.166E-01      0.661E+02      0.938E+01      0.102E+12      0.389E-01      0.231E-01
      0.174E-01      0.661E+02      0.939E+01      0.102E+12      0.388E-01      0.230E-01
      0.182E-01      0.664E+02      0.943E+01      0.102E+12      0.388E-01      0.231E-01
      0.191E-01      0.664E+02      0.942E+01      0.102E+12      0.388E-01      0.230E-01
      0.200E-01      0.661E+02      0.937E+01      0.101E+12      0.388E-01      0.230E-01
      0.209E-01      0.660E+02      0.935E+01      0.101E+12      0.387E-01      0.229E-01
      0.219E-01      0.661E+02      0.937E+01      0.101E+12      0.387E-01      0.229E-01
      0.229E-01      0.663E+02      0.939E+01      0.101E+12      0.386E-01      0.228E-01
      0.240E-01      0.663E+02      0.938E+01      0.101E+12      0.386E-01      0.228E-01
      0.251E-01      0.665E+02      0.940E+01      0.101E+12      0.386E-01      0.227E-01
      0.263E-01      0.666E+02      0.939E+01      0.101E+12      0.386E-01      0.227E-01
      0.275E-01      0.664E+02      0.939E+01      0.101E+12      0.384E-01      0.226E-01
      0.290E-01      0.663E+02      0.937E+01      0.101E+12      0.385E-01      0.227E-01
      0.300E-01      0.665E+02      0.939E+01      0.101E+12      0.384E-01      0.226E-01
      0.310E-01      0.666E+02      0.940E+01      0.101E+12      0.384E-01      0.226E-01
      0.320E-01      0.666E+02      0.940E+01      0.101E+12      0.384E-01      0.225E-01
      0.330E-01      0.666E+02      0.940E+01      0.101E+12      0.383E-01      0.225E-01
      0.340E-01      0.666E+02      0.939E+01      0.101E+12      0.382E-01      0.224E-01
      0.350E-01      0.667E+02      0.940E+01      0.101E+12      0.382E-01      0.224E-01
      0.360E-01      0.667E+02      0.940E+01      0.101E+12      0.382E-01      0.224E-01
      0.370E-01      0.667E+02      0.940E+01      0.101E+12      0.382E-01      0.223E-01
      0.380E-01      0.668E+02      0.941E+01      0.100E+12      0.381E-01      0.223E-01
      0.390E-01      0.668E+02      0.942E+01      0.100E+12      0.381E-01      0.223E-01
      0.400E-01      0.668E+02      0.941E+01      0.100E+12      0.382E-01      0.223E-01
      0.425E-01      0.669E+02      0.941E+01      0.100E+12      0.381E-01      0.222E-01
      0.450E-01      0.669E+02      0.943E+01      0.100E+12      0.380E-01      0.221E-01
      0.475E-01      0.670E+02      0.943E+01      0.100E+12      0.379E-01      0.221E-01
      0.500E-01      0.671E+02      0.944E+01      0.999E+11      0.378E-01      0.219E-01
      0.525E-01      0.672E+02      0.945E+01      0.997E+11      0.378E-01      0.219E-01
      0.550E-01      0.673E+02      0.948E+01      0.996E+11      0.376E-01      0.218E-01
      0.571E-01      0.674E+02      0.949E+01      0.995E+11      0.376E-01      0.218E-01
      0.640E-01      0.676E+02      0.953E+01      0.992E+11      0.373E-01      0.215E-01
      0.719E-01      0.678E+02      0.957E+01      0.988E+11      0.370E-01      0.214E-01
      0.806E-01      0.681E+02      0.965E+01      0.984E+11      0.368E-01      0.212E-01
      0.905E-01      0.688E+02      0.979E+01      0.979E+11      0.361E-01      0.210E-01
      0.102E+00      0.696E+02      0.991E+01      0.974E+11      0.355E-01      0.207E-01
      0.114E+00      0.705E+02      0.101E+02      0.967E+11      0.346E-01      0.205E-01
      0.128E+00      0.712E+02      0.103E+02      0.960E+11      0.339E-01      0.203E-01
      0.143E+00      0.722E+02      0.105E+02      0.952E+11      0.337E-01      0.200E-01
      0.161E+00      0.734E+02      0.107E+02      0.943E+11      0.334E-01      0.197E-01
      0.181E+00      0.744E+02      0.109E+02      0.933E+11      0.333E-01      0.194E-01
      0.203E+00      0.759E+02      0.100E+02      0.922E+11      0.306E-01      0.178E-01
      0.227E+00      0.774E+02      0.850E+01      0.909E+11      0.266E-01      0.157E-01
      0.255E+00      0.790E+02      0.703E+01      0.894E+11      0.223E-01      0.137E-01
      0.286E+00      0.809E+02      0.590E+01      0.877E+11      0.176E-01      0.119E-01
      0.321E+00      0.829E+02      0.557E+01      0.858E+11      0.125E-01      0.101E-01
      0.360E+00      0.867E+02      0.669E+01      0.836E+11      0.312E-02      0.900E-02
      0.404E+00      0.919E+02      0.829E+01      0.811E+11     -0.818E-02      0.874E-02
      0.453E+00      0.980E+02      0.967E+01      0.781E+11     -0.197E-01      0.977E-02
      0.509E+00      0.105E+03      0.108E+02      0.745E+11     -0.318E-01      0.130E-01
      0.571E+00      0.113E+03      0.128E+02      0.702E+11     -0.436E-01      0.170E-01
      0.641E+00      0.118E+03      0.152E+02      0.652E+11     -0.496E-01      0.220E-01
      0.719E+00      0.121E+03      0.167E+02      0.592E+11     -0.527E-01      0.263E-01
      0.806E+00      0.121E+03      0.185E+02      0.524E+11     -0.526E-01      0.299E-01
      0.905E+00      0.117E+03      0.232E+02      0.449E+11     -0.615E-01      0.353E-01
      0.102E+01      0.112E+03      0.229E+02      0.368E+11     -0.681E-01      0.302E-01
      0.114E+01      0.102E+03      0.198E+02      0.281E+11     -0.730E-01      0.205E-01
      0.128E+01      0.923E+02      0.150E+02      0.193E+11     -0.108E+00      0.255E-01
      0.143E+01      0.702E+02      0.814E+01      0.105E+11     -0.170E+00      0.392E-01
      0.161E+01      0.249E+02      0.268E+01      0.308E+10     -0.238E+00      0.431E-01
      0.168E+01      0.147E+02      0.267E+01      0.114E+10     -0.227E+00      0.601E-01
      0.170E+01      0.126E+02      0.242E+01      0.716E+09     -0.228E+00      0.641E-01
      0.180E+01      0.344E+01      0.699E+00      0.241E+09     -0.307E+00      0.878E-01
      0.190E+01      0.290E+00      0.264E+00      0.257E+08     -0.946E+00      0.909E+00
      0.200E+01      0.130E+00      0.939E-01      0.803E+07     -0.952E+00      0.809E+00
      0.210E+01      0.139E-02      0.336E-01      0.123E+06     -0.788E+00      0.302E+02
      0.220E+01      0.625E-03      0.149E-01      0.380E+05     -0.750E+00      0.260E+02
      0.230E+01      0.689E-08      0.468E-05      0.418E+00     -0.147E+01      0.147E+04
      0.240E+01      0.000E+00      0.000E+00      0.000E+00     -0.990E+02     -0.990E+02
      0.250E+01      0.000E+00      0.000E+00      0.000E+00     -0.990E+02     -0.990E+02
      0.260E+01      0.000E+00      0.000E+00      0.000E+00     -0.990E+02     -0.990E+02
      0.275E+01      0.000E+00      0.000E+00      0.000E+00     -0.990E+02     -0.990E+02
      0.300E+01      0.000E+00      0.000E+00      0.000E+00     -0.990E+02     -0.990E+02
      0.325E+01      0.000E+00      0.000E+00      0.000E+00     -0.990E+02     -0.990E+02
      0.350E+01      0.000E+00      0.000E+00      0.000E+00     -0.990E+02     -0.990E+02
      0.375E+01      0.000E+00      0.000E+00      0.000E+00     -0.990E+02     -0.990E+02
      0.400E+01      0.000E+00      0.000E+00      0.000E+00     -0.990E+02     -0.990E+02
      0.425E+01      0.000E+00      0.000E+00      0.000E+00     -0.990E+02     -0.990E+02
      0.450E+01      0.000E+00      0.000E+00      0.000E+00     -0.990E+02     -0.990E+02
      0.475E+01      0.000E+00      0.000E+00      0.000E+00     -0.990E+02     -0.990E+02
      0.500E+01      0.000E+00      0.000E+00      0.000E+00     -0.990E+02     -0.990E+02
      0.525E+01      0.000E+00      0.000E+00      0.000E+00     -0.990E+02     -0.990E+02
      0.550E+01      0.000E+00      0.000E+00      0.000E+00     -0.990E+02     -0.990E+02
      0.575E+01      0.000E+00      0.000E+00      0.000E+00     -0.990E+02     -0.990E+02
      0.600E+01      0.000E+00      0.000E+00      0.000E+00     -0.990E+02     -0.990E+02
      0.625E+01      0.000E+00      0.000E+00      0.000E+00     -0.990E+02     -0.990E+02
      0.650E+01      0.000E+00      0.000E+00      0.000E+00     -0.990E+02     -0.990E+02
      0.675E+01      0.000E+00      0.000E+00      0.000E+00     -0.990E+02     -0.990E+02
      0.700E+01      0.000E+00      0.000E+00      0.000E+00     -0.990E+02     -0.990E+02
      0.725E+01      0.000E+00      0.000E+00      0.000E+00     -0.990E+02     -0.990E+02
      0.750E+01      0.000E+00      0.000E+00      0.000E+00     -0.990E+02     -0.990E+02
      0.775E+01      0.000E+00      0.000E+00      0.000E+00     -0.990E+02     -0.990E+02
      0.800E+01      0.000E+00      0.000E+00      0.000E+00     -0.990E+02     -0.990E+02
      0.825E+01      0.000E+00      0.000E+00      0.000E+00     -0.990E+02     -0.990E+02
      0.850E+01      0.000E+00      0.000E+00      0.000E+00     -0.990E+02     -0.990E+02
      0.875E+01      0.000E+00      0.000E+00      0.000E+00     -0.990E+02     -0.990E+02
      0.900E+01      0.000E+00      0.000E+00      0.000E+00     -0.990E+02     -0.990E+02
      0.925E+01      0.000E+00      0.000E+00      0.000E+00     -0.990E+02     -0.990E+02
      0.950E+01      0.000E+00      0.000E+00      0.000E+00     -0.990E+02     -0.990E+02
      0.975E+01      0.000E+00      0.000E+00      0.000E+00     -0.990E+02     -0.990E+02
      0.100E+02      0.000E+00      0.000E+00      0.000E+00     -0.990E+02     -0.990E+02
      0.102E+02      0.000E+00      0.000E+00      0.000E+00     -0.990E+02     -0.990E+02
      0.105E+02      0.000E+00      0.000E+00      0.000E+00     -0.990E+02     -0.990E+02
      0.108E+02      0.000E+00      0.000E+00      0.000E+00     -0.990E+02     -0.990E+02
      0.110E+02      0.000E+00      0.000E+00      0.000E+00     -0.990E+02     -0.990E+02
      0.112E+02      0.000E+00      0.000E+00      0.000E+00     -0.990E+02     -0.990E+02
      0.115E+02      0.000E+00      0.000E+00      0.000E+00     -0.990E+02     -0.990E+02
      0.118E+02      0.000E+00      0.000E+00      0.000E+00     -0.990E+02     -0.990E+02
      0.120E+02      0.000E+00      0.000E+00      0.000E+00     -0.990E+02     -0.990E+02
      0.122E+02      0.000E+00      0.000E+00      0.000E+00     -0.990E+02     -0.990E+02
      0.125E+02      0.000E+00      0.000E+00      0.000E+00     -0.990E+02     -0.990E+02
      0.128E+02      0.000E+00      0.000E+00      0.000E+00     -0.990E+02     -0.990E+02
      0.130E+02      0.000E+00      0.000E+00      0.000E+00     -0.990E+02     -0.990E+02
      0.132E+02      0.000E+00      0.000E+00      0.000E+00     -0.990E+02     -0.990E+02
      0.135E+02      0.000E+00      0.000E+00      0.000E+00     -0.990E+02     -0.990E+02
      0.138E+02      0.000E+00      0.000E+00      0.000E+00     -0.990E+02     -0.990E+02
      0.140E+02      0.000E+00      0.000E+00      0.000E+00     -0.990E+02     -0.990E+02
      0.142E+02      0.000E+00      0.000E+00      0.000E+00     -0.990E+02     -0.990E+02
      0.145E+02      0.000E+00      0.000E+00      0.000E+00     -0.990E+02     -0.990E+02
      0.148E+02      0.000E+00      0.000E+00      0.000E+00     -0.990E+02     -0.990E+02
      0.150E+02      0.000E+00      0.000E+00      0.000E+00     -0.990E+02     -0.990E+02
      0.152E+02      0.000E+00      0.000E+00      0.000E+00     -0.990E+02     -0.990E+02
      0.155E+02      0.000E+00      0.000E+00      0.000E+00     -0.990E+02     -0.990E+02
      0.158E+02      0.000E+00      0.000E+00      0.000E+00     -0.990E+02     -0.990E+02
      0.160E+02      0.000E+00      0.000E+00      0.000E+00     -0.990E+02     -0.990E+02
      0.162E+02      0.000E+00      0.000E+00      0.000E+00     -0.990E+02     -0.990E+02
      0.165E+02      0.000E+00      0.000E+00      0.000E+00     -0.990E+02     -0.990E+02
      0.168E+02      0.000E+00      0.000E+00      0.000E+00     -0.990E+02     -0.990E+02
      0.170E+02      0.000E+00      0.000E+00      0.000E+00     -0.990E+02     -0.990E+02
      0.172E+02      0.000E+00      0.000E+00      0.000E+00     -0.990E+02     -0.990E+02
      0.175E+02      0.000E+00      0.000E+00      0.000E+00     -0.990E+02     -0.990E+02
      0.178E+02      0.000E+00      0.000E+00      0.000E+00     -0.990E+02     -0.990E+02
      0.180E+02      0.000E+00      0.000E+00      0.000E+00     -0.990E+02     -0.990E+02
      0.182E+02      0.000E+00      0.000E+00      0.000E+00     -0.990E+02     -0.990E+02
      0.185E+02      0.000E+00      0.000E+00      0.000E+00     -0.990E+02     -0.990E+02
      0.188E+02      0.000E+00      0.000E+00      0.000E+00     -0.990E+02     -0.990E+02
      0.190E+02      0.000E+00      0.000E+00      0.000E+00     -0.990E+02     -0.990E+02
      0.192E+02      0.000E+00      0.000E+00      0.000E+00     -0.990E+02     -0.990E+02
      0.195E+02      0.000E+00      0.000E+00      0.000E+00     -0.990E+02     -0.990E+02
      0.198E+02      0.000E+00      0.000E+00      0.000E+00     -0.990E+02     -0.990E+02
      0.200E+02      0.000E+00      0.000E+00      0.000E+00     -0.990E+02     -0.990E+02
