      0.000E+00      0.206E-01      0.319E-01      0.194E+09     -0.990E+02     -0.990E+02
      0.100E-03      0.206E-01      0.319E-01      0.194E+09     -0.990E+02     -0.990E+02
      0.140E-03      0.206E-01      0.319E-01      0.194E+09     -0.990E+02     -0.990E+02
      0.160E-03      0.206E-01      0.319E-01      0.194E+09     -0.990E+02     -0.990E+02
      0.180E-03      0.206E-01      0.319E-01      0.194E+09     -0.990E+02     -0.990E+02
      0.200E-03      0.206E-01      0.319E-01      0.194E+09     -0.990E+02     -0.990E+02
      0.220E-03      0.206E-01      0.319E-01      0.194E+09     -0.990E+02     -0.990E+02
      0.250E-03      0.206E-01      0.319E-01      0.194E+09     -0.990E+02     -0.990E+02
      0.280E-03      0.206E-01      0.319E-01      0.194E+09     -0.990E+02     -0.990E+02
      0.320E-03      0.206E-01      0.319E-01      0.194E+09     -0.990E+02     -0.990E+02
      0.350E-03      0.206E-01      0.319E-01      0.194E+09     -0.990E+02     -0.990E+02
      0.400E-03      0.206E-01      0.319E-01      0.194E+09     -0.990E+02     -0.990E+02
      0.450E-03      0.206E-01      0.319E-01      0.194E+09     -0.990E+02     -0.990E+02
      0.500E-03      0.206E-01      0.319E-01      0.194E+09     -0.990E+02     -0.990E+02
      0.560E-03      0.206E-01      0.319E-01      0.194E+09     -0.990E+02     -0.990E+02
      0.630E-03      0.206E-01      0.319E-01      0.194E+09     -0.990E+02     -0.990E+02
      0.710E-03      0.206E-01      0.319E-01      0.194E+09     -0.990E+02     -0.990E+02
      0.790E-03      0.206E-01      0.319E-01      0.194E+09     -0.990E+02     -0.990E+02
      0.890E-03      0.206E-01      0.319E-01      0.194E+09     -0.990E+02     -0.990E+02
      0.100E-02      0.206E-01      0.319E-01      0.194E+09     -0.990E+02     -0.990E+02
      0.105E-02      0.206E-01      0.319E-01      0.194E+09     -0.990E+02     -0.990E+02
      0.110E-02      0.206E-01      0.319E-01      0.194E+09     -0.990E+02     -0.990E+02
      0.115E-02      0.206E-01      0.319E-01      0.194E+09     -0.990E+02     -0.990E+02
      0.120E-02      0.206E-01      0.319E-01      0.194E+09     -0.990E+02     -0.990E+02
      0.126E-02      0.206E-01      0.319E-01      0.194E+09     -0.990E+02     -0.990E+02
      0.132E-02      0.206E-01      0.319E-01      0.194E+09     -0.990E+02     -0.990E+02
      0.138E-02      0.206E-01      0.319E-01      0.194E+09     -0.990E+02     -0.990E+02
      0.145E-02      0.206E-01      0.319E-01      0.194E+09     -0.990E+02     -0.990E+02
      0.151E-02      0.206E-01      0.319E-01      0.194E+09     -0.990E+02     -0.990E+02
      0.158E-02      0.206E-01      0.319E-01      0.194E+09     -0.990E+02     -0.990E+02
      0.166E-02      0.206E-01      0.319E-01      0.194E+09     -0.990E+02     -0.990E+02
      0.174E-02      0.206E-01      0.319E-01      0.194E+09     -0.990E+02     -0.990E+02
      0.182E-02      0.206E-01      0.319E-01      0.194E+09     -0.990E+02     -0.990E+02
      0.191E-02      0.206E-01      0.319E-01      0.194E+09     -0.990E+02     -0.990E+02
      0.200E-02      0.206E-01      0.319E-01      0.194E+09     -0.990E+02     -0.990E+02
      0.209E-02      0.206E-01      0.319E-01      0.194E+09     -0.990E+02     -0.990E+02
      0.219E-02      0.206E-01      0.319E-01      0.194E+09     -0.990E+02     -0.990E+02
      0.229E-02      0.206E-01      0.319E-01      0.194E+09     -0.990E+02     -0.990E+02
      0.240E-02      0.206E-01      0.319E-01      0.194E+09     -0.990E+02     -0.990E+02
      0.251E-02      0.206E-01      0.319E-01      0.194E+09     -0.990E+02     -0.990E+02
      0.263E-02      0.206E-01      0.319E-01      0.194E+09     -0.990E+02     -0.990E+02
      0.275E-02      0.206E-01      0.319E-01      0.194E+09     -0.990E+02     -0.990E+02
      0.288E-02      0.206E-01      0.319E-01      0.194E+09     -0.990E+02     -0.990E+02
      0.302E-02      0.206E-01      0.319E-01      0.194E+09     -0.990E+02     -0.990E+02
      0.316E-02      0.206E-01      0.319E-01      0.194E+09     -0.990E+02     -0.990E+02
      0.331E-02      0.206E-01      0.319E-01      0.194E+09     -0.990E+02     -0.990E+02
      0.347E-02      0.206E-01      0.319E-01      0.194E+09     -0.990E+02     -0.990E+02
      0.363E-02      0.206E-01      0.319E-01      0.194E+09     -0.990E+02     -0.990E+02
      0.380E-02      0.206E-01      0.319E-01      0.194E+09     -0.990E+02     -0.990E+02
      0.398E-02      0.206E-01      0.319E-01      0.194E+09     -0.990E+02     -0.990E+02
      0.417E-02      0.206E-01      0.319E-01      0.194E+09     -0.990E+02     -0.990E+02
      0.437E-02      0.206E-01      0.319E-01      0.194E+09     -0.990E+02     -0.990E+02
      0.457E-02      0.206E-01      0.319E-01      0.194E+09     -0.990E+02     -0.990E+02
      0.479E-02      0.206E-01      0.319E-01      0.194E+09     -0.990E+02     -0.990E+02
      0.501E-02      0.206E-01      0.319E-01      0.194E+09     -0.990E+02     -0.990E+02
      0.525E-02      0.206E-01      0.319E-01      0.194E+09     -0.990E+02     -0.990E+02
      0.550E-02      0.206E-01      0.319E-01      0.194E+09     -0.990E+02     -0.990E+02
      0.575E-02      0.206E-01      0.319E-01      0.194E+09     -0.990E+02     -0.990E+02
      0.603E-02      0.206E-01      0.319E-01      0.194E+09     -0.990E+02     -0.990E+02
      0.631E-02      0.206E-01      0.319E-01      0.194E+09     -0.990E+02     -0.990E+02
      0.661E-02      0.206E-01      0.319E-01      0.194E+09     -0.990E+02     -0.990E+02
      0.692E-02      0.206E-01      0.319E-01      0.194E+09     -0.990E+02     -0.990E+02
      0.724E-02      0.206E-01      0.319E-01      0.194E+09     -0.990E+02     -0.990E+02
      0.759E-02      0.206E-01      0.319E-01      0.194E+09     -0.990E+02     -0.990E+02
      0.794E-02      0.206E-01      0.319E-01      0.194E+09     -0.990E+02     -0.990E+02
      0.832E-02      0.206E-01      0.319E-01      0.194E+09     -0.990E+02     -0.990E+02
      0.871E-02      0.206E-01      0.319E-01      0.194E+09     -0.990E+02     -0.990E+02
      0.912E-02      0.206E-01      0.319E-01      0.194E+09     -0.990E+02     -0.990E+02
      0.955E-02      0.206E-01      0.319E-01      0.194E+09     -0.990E+02     -0.990E+02
      0.100E-01      0.206E-01      0.319E-01      0.194E+09     -0.114E+01      0.736E+00
      0.105E-01      0.167E+00      0.747E-01      0.194E+09     -0.114E+01      0.735E+00
      0.110E-01      0.167E+00      0.745E-01      0.194E+09     -0.114E+01      0.736E+00
      0.115E-01      0.167E+00      0.744E-01      0.194E+09     -0.114E+01      0.736E+00
      0.120E-01      0.167E+00      0.747E-01      0.194E+09     -0.114E+01      0.736E+00
      0.126E-01      0.168E+00      0.749E-01      0.194E+09     -0.114E+01      0.736E+00
      0.132E-01      0.169E+00      0.755E-01      0.194E+09     -0.114E+01      0.736E+00
      0.138E-01      0.169E+00      0.755E-01      0.194E+09     -0.114E+01      0.736E+00
      0.144E-01      0.168E+00      0.749E-01      0.194E+09     -0.114E+01      0.736E+00
      0.151E-01      0.169E+00      0.752E-01      0.193E+09     -0.114E+01      0.736E+00
      0.159E-01      0.170E+00      0.758E-01      0.193E+09     -0.114E+01      0.736E+00
      0.166E-01      0.170E+00      0.759E-01      0.193E+09     -0.114E+01      0.736E+00
      0.174E-01      0.171E+00      0.762E-01      0.193E+09     -0.114E+01      0.736E+00
      0.182E-01      0.172E+00      0.768E-01      0.193E+09     -0.114E+01      0.736E+00
      0.191E-01      0.172E+00      0.768E-01      0.193E+09     -0.114E+01      0.736E+00
      0.200E-01      0.172E+00      0.767E-01      0.193E+09     -0.114E+01      0.737E+00
      0.209E-01      0.172E+00      0.769E-01      0.193E+09     -0.114E+01      0.737E+00
      0.219E-01      0.173E+00      0.772E-01      0.193E+09     -0.114E+01      0.737E+00
      0.229E-01      0.174E+00      0.777E-01      0.192E+09     -0.114E+01      0.737E+00
      0.240E-01      0.174E+00      0.779E-01      0.192E+09     -0.114E+01      0.737E+00
      0.251E-01      0.175E+00      0.784E-01      0.192E+09     -0.114E+01      0.737E+00
      0.263E-01      0.176E+00      0.787E-01      0.192E+09     -0.114E+01      0.738E+00
      0.275E-01      0.176E+00      0.788E-01      0.192E+09     -0.114E+01      0.738E+00
      0.290E-01      0.177E+00      0.792E-01      0.192E+09     -0.114E+01      0.738E+00
      0.300E-01      0.178E+00      0.794E-01      0.191E+09     -0.114E+01      0.738E+00
      0.310E-01      0.179E+00      0.798E-01      0.191E+09     -0.114E+01      0.738E+00
      0.320E-01      0.179E+00      0.800E-01      0.191E+09     -0.114E+01      0.738E+00
      0.330E-01      0.179E+00      0.803E-01      0.191E+09     -0.114E+01      0.738E+00
      0.340E-01      0.180E+00      0.805E-01      0.191E+09     -0.114E+01      0.738E+00
      0.350E-01      0.180E+00      0.807E-01      0.191E+09     -0.114E+01      0.738E+00
      0.360E-01      0.181E+00      0.811E-01      0.190E+09     -0.114E+01      0.739E+00
      0.370E-01      0.182E+00      0.813E-01      0.190E+09     -0.114E+01      0.739E+00
      0.380E-01      0.182E+00      0.815E-01      0.190E+09     -0.114E+01      0.739E+00
      0.390E-01      0.183E+00      0.818E-01      0.190E+09     -0.114E+01      0.739E+00
      0.400E-01      0.184E+00      0.821E-01      0.190E+09     -0.115E+01      0.739E+00
      0.425E-01      0.185E+00      0.827E-01      0.190E+09     -0.115E+01      0.739E+00
      0.450E-01      0.186E+00      0.834E-01      0.189E+09     -0.115E+01      0.740E+00
      0.475E-01      0.188E+00      0.841E-01      0.189E+09     -0.115E+01      0.740E+00
      0.500E-01      0.189E+00      0.848E-01      0.188E+09     -0.115E+01      0.740E+00
      0.525E-01      0.191E+00      0.854E-01      0.188E+09     -0.115E+01      0.740E+00
      0.550E-01      0.192E+00      0.861E-01      0.188E+09     -0.115E+01      0.741E+00
      0.571E-01      0.194E+00      0.868E-01      0.187E+09     -0.115E+01      0.742E+00
      0.640E-01      0.197E+00      0.885E-01      0.187E+09     -0.115E+01      0.742E+00
      0.719E-01      0.202E+00      0.906E-01      0.186E+09     -0.115E+01      0.743E+00
      0.806E-01      0.200E+00      0.896E-01      0.184E+09     -0.115E+01      0.742E+00
      0.905E-01      0.193E+00      0.868E-01      0.183E+09     -0.115E+01      0.740E+00
      0.102E+00      0.187E+00      0.837E-01      0.181E+09     -0.114E+01      0.739E+00
      0.114E+00      0.178E+00      0.800E-01      0.180E+09     -0.114E+01      0.737E+00
      0.128E+00      0.170E+00      0.760E-01      0.178E+09     -0.114E+01      0.735E+00
      0.143E+00      0.160E+00      0.717E-01      0.176E+09     -0.114E+01      0.733E+00
      0.161E+00      0.148E+00      0.668E-01      0.174E+09     -0.114E+01      0.731E+00
      0.181E+00      0.134E+00      0.602E-01      0.172E+09     -0.113E+01      0.727E+00
      0.203E+00      0.118E+00      0.527E-01      0.170E+09     -0.113E+01      0.722E+00
      0.227E+00      0.997E-01      0.444E-01      0.168E+09     -0.112E+01      0.713E+00
      0.255E+00      0.795E-01      0.352E-01      0.166E+09     -0.111E+01      0.700E+00
      0.286E+00      0.567E-01      0.250E-01      0.165E+09     -0.109E+01      0.681E+00
      0.321E+00      0.311E-01      0.148E-01      0.163E+09     -0.103E+01      0.676E+00
      0.360E+00      0.260E-01      0.110E-01      0.162E+09     -0.102E+01      0.607E+00
      0.404E+00      0.231E-01      0.913E-02      0.162E+09     -0.104E+01      0.581E+00
      0.453E+00      0.235E-01      0.932E-02      0.161E+09     -0.104E+01      0.591E+00
      0.509E+00      0.244E-01      0.971E-02      0.160E+09     -0.105E+01      0.597E+00
      0.571E+00      0.254E-01      0.102E-01      0.159E+09     -0.106E+01      0.605E+00
      0.641E+00      0.261E-01      0.105E-01      0.158E+09     -0.107E+01      0.621E+00
      0.719E+00      0.267E-01      0.110E-01      0.157E+09     -0.108E+01      0.641E+00
      0.806E+00      0.275E-01      0.116E-01      0.155E+09     -0.109E+01      0.667E+00
      0.905E+00      0.292E-01      0.130E-01      0.154E+09     -0.112E+01      0.724E+00
      0.102E+01      0.367E-01      0.185E-01      0.152E+09     -0.111E+01      0.793E+00
      0.114E+01      0.434E-01      0.279E-01      0.149E+09     -0.110E+01      0.971E+00
      0.128E+01      0.379E-01      0.219E-01      0.145E+09     -0.113E+01      0.904E+00
      0.143E+01      0.305E-01      0.158E-01      0.142E+09     -0.117E+01      0.849E+00
      0.161E+01      0.273E-01      0.138E-01      0.139E+09     -0.119E+01      0.835E+00
      0.168E+01      0.255E-01      0.130E-01      0.136E+09     -0.118E+01      0.841E+00
      0.170E+01      0.250E-01      0.128E-01      0.136E+09     -0.118E+01      0.841E+00
      0.180E+01      0.230E-01      0.121E-01      0.135E+09     -0.116E+01      0.847E+00
      0.190E+01      0.196E-01      0.107E-01      0.133E+09     -0.114E+01      0.855E+00
      0.200E+01      0.153E-01      0.883E-02      0.132E+09     -0.112E+01      0.874E+00
      0.210E+01      0.252E-01      0.105E-01      0.131E+09     -0.130E+01      0.745E+00
      0.220E+01      0.779E-01      0.312E-01      0.130E+09     -0.143E+01      0.826E+00
      0.230E+01      0.131E+00      0.538E-01      0.125E+09     -0.146E+01      0.863E+00
      0.240E+01      0.128E+00      0.524E-01      0.117E+09     -0.146E+01      0.864E+00
      0.250E+01      0.106E+00      0.435E-01      0.109E+09     -0.145E+01      0.856E+00
      0.260E+01      0.825E-01      0.336E-01      0.103E+09     -0.143E+01      0.845E+00
      0.275E+01      0.367E-01      0.158E-01      0.968E+08     -0.137E+01      0.823E+00
      0.300E+01      0.134E-01      0.842E-02      0.924E+08     -0.111E+01      0.900E+00
      0.325E+01      0.127E-01      0.731E-02      0.905E+08     -0.107E+01      0.811E+00
      0.350E+01      0.142E-01      0.736E-02      0.886E+08     -0.111E+01      0.749E+00
      0.375E+01      0.223E-01      0.102E-01      0.865E+08     -0.110E+01      0.703E+00
      0.400E+01      0.230E-01      0.118E-01      0.833E+08     -0.111E+01      0.797E+00
      0.425E+01      0.297E-01      0.148E-01      0.800E+08     -0.122E+01      0.818E+00
      0.450E+01      0.314E-01      0.149E-01      0.758E+08     -0.129E+01      0.835E+00
      0.475E+01      0.306E-01      0.124E-01      0.713E+08     -0.113E+01      0.617E+00
      0.500E+01      0.676E-01      0.456E-01      0.669E+08     -0.921E+00      0.783E+00
      0.525E+01      0.594E-01      0.363E-01      0.572E+08     -0.114E+01      0.918E+00
      0.550E+01      0.455E-01      0.193E-01      0.488E+08     -0.128E+01      0.741E+00
      0.575E+01      0.409E-01      0.274E-01      0.423E+08     -0.117E+01      0.102E+01
      0.600E+01      0.291E-01      0.243E-01      0.365E+08     -0.116E+01      0.125E+01
      0.625E+01      0.235E-01      0.161E-01      0.324E+08     -0.900E+00      0.812E+00
      0.650E+01      0.549E-01      0.445E-01      0.291E+08     -0.915E+00      0.104E+01
      0.675E+01      0.720E-01      0.669E-01      0.214E+08     -0.109E+01      0.144E+01
      0.700E+01      0.258E-01      0.243E-01      0.114E+08     -0.109E+01      0.147E+01
      0.725E+01      0.207E-01      0.198E-01      0.784E+07     -0.111E+01      0.153E+01
      0.750E+01      0.211E-01      0.192E-01      0.496E+07     -0.115E+01      0.148E+01
      0.775E+01      0.141E-01      0.100E-01      0.203E+07     -0.145E+01      0.138E+01
      0.800E+01      0.425E-03      0.171E-02      0.772E+05     -0.144E+01      0.779E+01
      0.825E+01      0.122E-03      0.563E-03      0.181E+05     -0.151E+01      0.916E+01
      0.850E+01      0.731E-05      0.156E-03      0.110E+04     -0.149E+01      0.418E+02
      0.875E+01      0.621E-06      0.163E-04      0.871E+02     -0.258E+01      0.986E+02
      0.900E+01      0.137E-14      0.251E-08      0.192E-06     -0.242E+01      0.623E+07
      0.925E+01      0.171E-20      0.117E-11      0.240E-12     -0.269E+00      0.286E+09
      0.950E+01      0.000E+00      0.000E+00      0.000E+00     -0.990E+02     -0.990E+02
      0.975E+01      0.000E+00      0.000E+00      0.000E+00     -0.990E+02     -0.990E+02
      0.100E+02      0.000E+00      0.000E+00      0.000E+00     -0.990E+02     -0.990E+02
      0.102E+02      0.000E+00      0.000E+00      0.000E+00     -0.990E+02     -0.990E+02
      0.105E+02      0.000E+00      0.000E+00      0.000E+00     -0.990E+02     -0.990E+02
      0.108E+02      0.000E+00      0.000E+00      0.000E+00     -0.990E+02     -0.990E+02
      0.110E+02      0.000E+00      0.000E+00      0.000E+00     -0.990E+02     -0.990E+02
      0.112E+02      0.000E+00      0.000E+00      0.000E+00     -0.990E+02     -0.990E+02
      0.115E+02      0.000E+00      0.000E+00      0.000E+00     -0.990E+02     -0.990E+02
      0.118E+02      0.000E+00      0.000E+00      0.000E+00     -0.990E+02     -0.990E+02
      0.120E+02      0.000E+00      0.000E+00      0.000E+00     -0.990E+02     -0.990E+02
      0.122E+02      0.000E+00      0.000E+00      0.000E+00     -0.990E+02     -0.990E+02
      0.125E+02      0.000E+00      0.000E+00      0.000E+00     -0.990E+02     -0.990E+02
      0.128E+02      0.000E+00      0.000E+00      0.000E+00     -0.990E+02     -0.990E+02
      0.130E+02      0.000E+00      0.000E+00      0.000E+00     -0.990E+02     -0.990E+02
      0.132E+02      0.000E+00      0.000E+00      0.000E+00     -0.990E+02     -0.990E+02
      0.135E+02      0.000E+00      0.000E+00      0.000E+00     -0.990E+02     -0.990E+02
      0.138E+02      0.000E+00      0.000E+00      0.000E+00     -0.990E+02     -0.990E+02
      0.140E+02      0.000E+00      0.000E+00      0.000E+00     -0.990E+02     -0.990E+02
      0.142E+02      0.000E+00      0.000E+00      0.000E+00     -0.990E+02     -0.990E+02
      0.145E+02      0.000E+00      0.000E+00      0.000E+00     -0.990E+02     -0.990E+02
      0.148E+02      0.000E+00      0.000E+00      0.000E+00     -0.990E+02     -0.990E+02
      0.150E+02      0.000E+00      0.000E+00      0.000E+00     -0.990E+02     -0.990E+02
      0.152E+02      0.000E+00      0.000E+00      0.000E+00     -0.990E+02     -0.990E+02
      0.155E+02      0.000E+00      0.000E+00      0.000E+00     -0.990E+02     -0.990E+02
      0.158E+02      0.000E+00      0.000E+00      0.000E+00     -0.990E+02     -0.990E+02
      0.160E+02      0.000E+00      0.000E+00      0.000E+00     -0.990E+02     -0.990E+02
      0.162E+02      0.000E+00      0.000E+00      0.000E+00     -0.990E+02     -0.990E+02
      0.165E+02      0.000E+00      0.000E+00      0.000E+00     -0.990E+02     -0.990E+02
      0.168E+02      0.000E+00      0.000E+00      0.000E+00     -0.990E+02     -0.990E+02
      0.170E+02      0.000E+00      0.000E+00      0.000E+00     -0.990E+02     -0.990E+02
      0.172E+02      0.000E+00      0.000E+00      0.000E+00     -0.990E+02     -0.990E+02
      0.175E+02      0.000E+00      0.000E+00      0.000E+00     -0.990E+02     -0.990E+02
      0.178E+02      0.000E+00      0.000E+00      0.000E+00     -0.990E+02     -0.990E+02
      0.180E+02      0.000E+00      0.000E+00      0.000E+00     -0.990E+02     -0.990E+02
      0.182E+02      0.000E+00      0.000E+00      0.000E+00     -0.990E+02     -0.990E+02
      0.185E+02      0.000E+00      0.000E+00      0.000E+00     -0.990E+02     -0.990E+02
      0.188E+02      0.000E+00      0.000E+00      0.000E+00     -0.990E+02     -0.990E+02
      0.190E+02      0.000E+00      0.000E+00      0.000E+00     -0.990E+02     -0.990E+02
      0.192E+02      0.000E+00      0.000E+00      0.000E+00     -0.990E+02     -0.990E+02
      0.195E+02      0.000E+00      0.000E+00      0.000E+00     -0.990E+02     -0.990E+02
      0.198E+02      0.000E+00      0.000E+00      0.000E+00     -0.990E+02     -0.990E+02
      0.200E+02      0.000E+00      0.000E+00      0.000E+00     -0.990E+02     -0.990E+02
