      0.000E+00      0.180E+00      0.239E-01      0.100E+09     -0.990E+02     -0.990E+02
      0.100E-03      0.180E+00      0.239E-01      0.100E+09     -0.990E+02     -0.990E+02
      0.140E-03      0.180E+00      0.239E-01      0.100E+09     -0.990E+02     -0.990E+02
      0.160E-03      0.180E+00      0.239E-01      0.100E+09     -0.990E+02     -0.990E+02
      0.180E-03      0.180E+00      0.239E-01      0.100E+09     -0.990E+02     -0.990E+02
      0.200E-03      0.180E+00      0.239E-01      0.100E+09     -0.990E+02     -0.990E+02
      0.220E-03      0.180E+00      0.239E-01      0.100E+09     -0.990E+02     -0.990E+02
      0.250E-03      0.180E+00      0.239E-01      0.100E+09     -0.990E+02     -0.990E+02
      0.280E-03      0.180E+00      0.239E-01      0.100E+09     -0.990E+02     -0.990E+02
      0.320E-03      0.180E+00      0.239E-01      0.100E+09     -0.990E+02     -0.990E+02
      0.350E-03      0.180E+00      0.239E-01      0.100E+09     -0.990E+02     -0.990E+02
      0.400E-03      0.180E+00      0.239E-01      0.100E+09     -0.990E+02     -0.990E+02
      0.450E-03      0.180E+00      0.239E-01      0.100E+09     -0.990E+02     -0.990E+02
      0.500E-03      0.180E+00      0.239E-01      0.100E+09     -0.990E+02     -0.990E+02
      0.560E-03      0.180E+00      0.239E-01      0.100E+09     -0.990E+02     -0.990E+02
      0.630E-03      0.180E+00      0.239E-01      0.100E+09     -0.990E+02     -0.990E+02
      0.710E-03      0.180E+00      0.239E-01      0.100E+09     -0.990E+02     -0.990E+02
      0.790E-03      0.180E+00      0.239E-01      0.100E+09     -0.990E+02     -0.990E+02
      0.890E-03      0.180E+00      0.239E-01      0.100E+09     -0.990E+02     -0.990E+02
      0.100E-02      0.180E+00      0.239E-01      0.100E+09     -0.990E+02     -0.990E+02
      0.105E-02      0.180E+00      0.239E-01      0.100E+09     -0.990E+02     -0.990E+02
      0.110E-02      0.180E+00      0.239E-01      0.100E+09     -0.990E+02     -0.990E+02
      0.115E-02      0.180E+00      0.239E-01      0.100E+09     -0.990E+02     -0.990E+02
      0.120E-02      0.180E+00      0.239E-01      0.100E+09     -0.990E+02     -0.990E+02
      0.126E-02      0.180E+00      0.239E-01      0.100E+09     -0.990E+02     -0.990E+02
      0.132E-02      0.180E+00      0.239E-01      0.100E+09     -0.990E+02     -0.990E+02
      0.138E-02      0.180E+00      0.239E-01      0.100E+09     -0.990E+02     -0.990E+02
      0.145E-02      0.180E+00      0.239E-01      0.100E+09     -0.990E+02     -0.990E+02
      0.151E-02      0.180E+00      0.239E-01      0.100E+09     -0.990E+02     -0.990E+02
      0.158E-02      0.180E+00      0.239E-01      0.100E+09     -0.990E+02     -0.990E+02
      0.166E-02      0.180E+00      0.239E-01      0.100E+09     -0.990E+02     -0.990E+02
      0.174E-02      0.180E+00      0.239E-01      0.100E+09     -0.990E+02     -0.990E+02
      0.182E-02      0.180E+00      0.239E-01      0.100E+09     -0.990E+02     -0.990E+02
      0.191E-02      0.180E+00      0.239E-01      0.100E+09     -0.990E+02     -0.990E+02
      0.200E-02      0.180E+00      0.239E-01      0.100E+09     -0.990E+02     -0.990E+02
      0.209E-02      0.180E+00      0.239E-01      0.100E+09     -0.990E+02     -0.990E+02
      0.219E-02      0.180E+00      0.239E-01      0.100E+09     -0.990E+02     -0.990E+02
      0.229E-02      0.180E+00      0.239E-01      0.100E+09     -0.990E+02     -0.990E+02
      0.240E-02      0.180E+00      0.239E-01      0.100E+09     -0.990E+02     -0.990E+02
      0.251E-02      0.180E+00      0.239E-01      0.100E+09     -0.990E+02     -0.990E+02
      0.263E-02      0.180E+00      0.239E-01      0.100E+09     -0.990E+02     -0.990E+02
      0.275E-02      0.180E+00      0.239E-01      0.100E+09     -0.990E+02     -0.990E+02
      0.288E-02      0.180E+00      0.239E-01      0.100E+09     -0.990E+02     -0.990E+02
      0.302E-02      0.180E+00      0.239E-01      0.100E+09     -0.990E+02     -0.990E+02
      0.316E-02      0.180E+00      0.239E-01      0.100E+09     -0.990E+02     -0.990E+02
      0.331E-02      0.180E+00      0.239E-01      0.100E+09     -0.990E+02     -0.990E+02
      0.347E-02      0.180E+00      0.239E-01      0.100E+09     -0.990E+02     -0.990E+02
      0.363E-02      0.180E+00      0.239E-01      0.100E+09     -0.990E+02     -0.990E+02
      0.380E-02      0.180E+00      0.239E-01      0.100E+09     -0.990E+02     -0.990E+02
      0.398E-02      0.180E+00      0.239E-01      0.100E+09     -0.990E+02     -0.990E+02
      0.417E-02      0.180E+00      0.239E-01      0.100E+09     -0.990E+02     -0.990E+02
      0.437E-02      0.180E+00      0.239E-01      0.100E+09     -0.990E+02     -0.990E+02
      0.457E-02      0.180E+00      0.239E-01      0.100E+09     -0.990E+02     -0.990E+02
      0.479E-02      0.180E+00      0.239E-01      0.100E+09     -0.990E+02     -0.990E+02
      0.501E-02      0.180E+00      0.239E-01      0.100E+09     -0.990E+02     -0.990E+02
      0.525E-02      0.180E+00      0.239E-01      0.100E+09     -0.990E+02     -0.990E+02
      0.550E-02      0.180E+00      0.239E-01      0.100E+09     -0.990E+02     -0.990E+02
      0.575E-02      0.180E+00      0.239E-01      0.100E+09     -0.990E+02     -0.990E+02
      0.603E-02      0.180E+00      0.239E-01      0.100E+09     -0.990E+02     -0.990E+02
      0.631E-02      0.180E+00      0.239E-01      0.100E+09     -0.990E+02     -0.990E+02
      0.661E-02      0.180E+00      0.239E-01      0.100E+09     -0.990E+02     -0.990E+02
      0.692E-02      0.180E+00      0.239E-01      0.100E+09     -0.990E+02     -0.990E+02
      0.724E-02      0.180E+00      0.239E-01      0.100E+09     -0.990E+02     -0.990E+02
      0.759E-02      0.180E+00      0.239E-01      0.100E+09     -0.990E+02     -0.990E+02
      0.794E-02      0.180E+00      0.239E-01      0.100E+09     -0.990E+02     -0.990E+02
      0.832E-02      0.180E+00      0.239E-01      0.100E+09     -0.990E+02     -0.990E+02
      0.871E-02      0.180E+00      0.239E-01      0.100E+09     -0.990E+02     -0.990E+02
      0.912E-02      0.180E+00      0.239E-01      0.100E+09     -0.990E+02     -0.990E+02
      0.955E-02      0.180E+00      0.239E-01      0.100E+09     -0.990E+02     -0.990E+02
      0.100E-01      0.180E+00      0.239E-01      0.100E+09     -0.679E+00      0.345E+00
      0.105E-01      0.741E-01      0.271E-01      0.982E+08     -0.679E+00      0.344E+00
      0.110E-01      0.740E-01      0.270E-01      0.981E+08     -0.679E+00      0.344E+00
      0.115E-01      0.739E-01      0.270E-01      0.981E+08     -0.679E+00      0.344E+00
      0.120E-01      0.738E-01      0.269E-01      0.981E+08     -0.679E+00      0.344E+00
      0.126E-01      0.741E-01      0.270E-01      0.980E+08     -0.679E+00      0.344E+00
      0.132E-01      0.746E-01      0.272E-01      0.980E+08     -0.679E+00      0.344E+00
      0.138E-01      0.746E-01      0.272E-01      0.980E+08     -0.679E+00      0.344E+00
      0.144E-01      0.740E-01      0.270E-01      0.979E+08     -0.679E+00      0.344E+00
      0.151E-01      0.743E-01      0.271E-01      0.979E+08     -0.679E+00      0.344E+00
      0.159E-01      0.748E-01      0.273E-01      0.978E+08     -0.679E+00      0.344E+00
      0.166E-01      0.748E-01      0.272E-01      0.978E+08     -0.679E+00      0.344E+00
      0.174E-01      0.751E-01      0.273E-01      0.977E+08     -0.679E+00      0.343E+00
      0.182E-01      0.755E-01      0.275E-01      0.977E+08     -0.679E+00      0.344E+00
      0.191E-01      0.753E-01      0.274E-01      0.976E+08     -0.679E+00      0.343E+00
      0.200E-01      0.748E-01      0.271E-01      0.976E+08     -0.679E+00      0.342E+00
      0.209E-01      0.744E-01      0.270E-01      0.975E+08     -0.679E+00      0.342E+00
      0.219E-01      0.743E-01      0.269E-01      0.975E+08     -0.679E+00      0.342E+00
      0.229E-01      0.742E-01      0.268E-01      0.974E+08     -0.679E+00      0.341E+00
      0.240E-01      0.738E-01      0.267E-01      0.973E+08     -0.679E+00      0.341E+00
      0.251E-01      0.737E-01      0.266E-01      0.973E+08     -0.678E+00      0.341E+00
      0.263E-01      0.734E-01      0.265E-01      0.972E+08     -0.678E+00      0.340E+00
      0.275E-01      0.728E-01      0.262E-01      0.971E+08     -0.678E+00      0.340E+00
      0.290E-01      0.725E-01      0.261E-01      0.970E+08     -0.678E+00      0.339E+00
      0.300E-01      0.723E-01      0.260E-01      0.970E+08     -0.678E+00      0.339E+00
      0.310E-01      0.719E-01      0.258E-01      0.969E+08     -0.677E+00      0.338E+00
      0.320E-01      0.718E-01      0.258E-01      0.968E+08     -0.677E+00      0.338E+00
      0.330E-01      0.715E-01      0.257E-01      0.968E+08     -0.677E+00      0.338E+00
      0.340E-01      0.713E-01      0.255E-01      0.967E+08     -0.677E+00      0.338E+00
      0.350E-01      0.710E-01      0.255E-01      0.967E+08     -0.677E+00      0.338E+00
      0.360E-01      0.708E-01      0.253E-01      0.966E+08     -0.677E+00      0.337E+00
      0.370E-01      0.706E-01      0.252E-01      0.965E+08     -0.677E+00      0.337E+00
      0.380E-01      0.702E-01      0.251E-01      0.965E+08     -0.676E+00      0.336E+00
      0.390E-01      0.701E-01      0.250E-01      0.964E+08     -0.676E+00      0.336E+00
      0.400E-01      0.697E-01      0.248E-01      0.964E+08     -0.676E+00      0.335E+00
      0.425E-01      0.691E-01      0.246E-01      0.963E+08     -0.676E+00      0.335E+00
      0.450E-01      0.685E-01      0.243E-01      0.961E+08     -0.675E+00      0.334E+00
      0.475E-01      0.678E-01      0.240E-01      0.960E+08     -0.674E+00      0.333E+00
      0.500E-01      0.672E-01      0.237E-01      0.959E+08     -0.674E+00      0.332E+00
      0.525E-01      0.665E-01      0.234E-01      0.957E+08     -0.674E+00      0.331E+00
      0.550E-01      0.659E-01      0.231E-01      0.956E+08     -0.673E+00      0.330E+00
      0.571E-01      0.654E-01      0.229E-01      0.955E+08     -0.673E+00      0.329E+00
      0.640E-01      0.635E-01      0.221E-01      0.952E+08     -0.671E+00      0.326E+00
      0.719E-01      0.616E-01      0.212E-01      0.949E+08     -0.669E+00      0.323E+00
      0.806E-01      0.593E-01      0.202E-01      0.945E+08     -0.667E+00      0.319E+00
      0.905E-01      0.569E-01      0.192E-01      0.941E+08     -0.665E+00      0.314E+00
      0.102E+00      0.539E-01      0.179E-01      0.936E+08     -0.662E+00      0.309E+00
      0.114E+00      0.508E-01      0.165E-01      0.931E+08     -0.658E+00      0.301E+00
      0.128E+00      0.472E-01      0.150E-01      0.926E+08     -0.653E+00      0.293E+00
      0.143E+00      0.433E-01      0.133E-01      0.921E+08     -0.646E+00      0.281E+00
      0.161E+00      0.388E-01      0.114E-01      0.916E+08     -0.637E+00      0.267E+00
      0.181E+00      0.337E-01      0.936E-02      0.910E+08     -0.624E+00      0.249E+00
      0.203E+00      0.281E-01      0.728E-02      0.905E+08     -0.604E+00      0.226E+00
      0.227E+00      0.217E-01      0.542E-02      0.900E+08     -0.570E+00      0.205E+00
      0.255E+00      0.146E-01      0.478E-02      0.896E+08     -0.493E+00      0.241E+00
      0.286E+00      0.109E-01      0.510E-02      0.893E+08     -0.427E+00      0.331E+00
      0.321E+00      0.105E-01      0.495E-02      0.891E+08     -0.436E+00      0.344E+00
      0.360E+00      0.101E-01      0.483E-02      0.888E+08     -0.446E+00      0.361E+00
      0.404E+00      0.970E-02      0.474E-02      0.885E+08     -0.460E+00      0.384E+00
      0.453E+00      0.924E-02      0.469E-02      0.882E+08     -0.477E+00      0.413E+00
      0.509E+00      0.875E-02      0.470E-02      0.879E+08     -0.499E+00      0.455E+00
      0.571E+00      0.936E-02      0.487E-02      0.875E+08     -0.520E+00      0.458E+00
      0.641E+00      0.104E-01      0.520E-02      0.871E+08     -0.540E+00      0.456E+00
      0.719E+00      0.120E-01      0.650E-02      0.866E+08     -0.564E+00      0.504E+00
      0.806E+00      0.137E-01      0.881E-02      0.859E+08     -0.589E+00      0.606E+00
      0.905E+00      0.151E-01      0.105E-01      0.851E+08     -0.614E+00      0.675E+00
      0.102E+01      0.157E-01      0.959E-02      0.840E+08     -0.634E+00      0.636E+00
      0.114E+01      0.138E-01      0.858E-02      0.828E+08     -0.649E+00      0.685E+00
      0.128E+01      0.122E-01      0.875E-02      0.817E+08     -0.676E+00      0.818E+00
      0.143E+01      0.141E-01      0.980E-02      0.805E+08     -0.670E+00      0.792E+00
      0.161E+01      0.157E-01      0.860E-02      0.791E+08     -0.653E+00      0.597E+00
      0.168E+01      0.163E-01      0.850E-02      0.779E+08     -0.650E+00      0.556E+00
      0.170E+01      0.166E-01      0.859E-02      0.774E+08     -0.651E+00      0.553E+00
      0.180E+01      0.173E-01      0.905E-02      0.768E+08     -0.658E+00      0.554E+00
      0.190E+01      0.171E-01      0.928E-02      0.757E+08     -0.678E+00      0.581E+00
      0.200E+01      0.169E-01      0.969E-02      0.747E+08     -0.700E+00      0.620E+00
      0.210E+01      0.175E-01      0.103E-01      0.736E+08     -0.706E+00      0.629E+00
      0.220E+01      0.181E-01      0.103E-01      0.726E+08     -0.711E+00      0.619E+00
      0.230E+01      0.187E-01      0.104E-01      0.715E+08     -0.715E+00      0.615E+00
      0.240E+01      0.197E-01      0.106E-01      0.704E+08     -0.722E+00      0.611E+00
      0.250E+01      0.206E-01      0.109E-01      0.692E+08     -0.730E+00      0.610E+00
      0.260E+01      0.227E-01      0.115E-01      0.679E+08     -0.744E+00      0.592E+00
      0.275E+01      0.264E-01      0.123E-01      0.662E+08     -0.762E+00      0.559E+00
      0.300E+01      0.235E-01      0.101E-01      0.631E+08     -0.771E+00      0.572E+00
      0.325E+01      0.169E-01      0.697E-02      0.596E+08     -0.711E+00      0.426E+00
      0.350E+01      0.916E-02      0.498E-02      0.572E+08     -0.671E+00      0.539E+00
      0.375E+01      0.930E-02      0.607E-02      0.558E+08     -0.730E+00      0.694E+00
      0.400E+01      0.172E-01      0.132E-01      0.545E+08     -0.784E+00      0.946E+00
      0.425E+01      0.517E-01      0.139E-01      0.520E+08     -0.700E+00      0.263E+00
      0.450E+01      0.333E-01      0.775E-02      0.445E+08     -0.746E+00      0.246E+00
      0.475E+01      0.234E-01      0.975E-02      0.398E+08     -0.701E+00      0.402E+00
      0.500E+01      0.123E-01      0.559E-02      0.364E+08     -0.675E+00      0.416E+00
      0.525E+01      0.171E-01      0.722E-02      0.347E+08     -0.707E+00      0.448E+00
      0.550E+01      0.190E-01      0.110E-01      0.322E+08     -0.756E+00      0.640E+00
      0.575E+01      0.178E-01      0.112E-01      0.295E+08     -0.816E+00      0.758E+00
      0.600E+01      0.192E-01      0.133E-01      0.270E+08     -0.865E+00      0.902E+00
      0.625E+01      0.168E-01      0.134E-01      0.243E+08     -0.889E+00      0.111E+01
      0.650E+01      0.162E-01      0.794E-02      0.219E+08     -0.670E+00      0.556E+00
      0.675E+01      0.173E-01      0.104E-01      0.197E+08     -0.775E+00      0.746E+00
      0.700E+01      0.233E-01      0.983E-02      0.172E+08     -0.774E+00      0.456E+00
      0.725E+01      0.128E-01      0.637E-02      0.140E+08     -0.817E+00      0.625E+00
      0.750E+01      0.973E-02      0.490E-02      0.122E+08     -0.834E+00      0.717E+00
      0.775E+01      0.134E-01      0.509E-02      0.108E+08     -0.846E+00      0.465E+00
      0.800E+01      0.176E-01      0.678E-02      0.897E+07     -0.901E+00      0.519E+00
      0.825E+01      0.152E-01      0.745E-02      0.653E+07     -0.106E+01      0.795E+00
      0.850E+01      0.166E-01      0.714E-02      0.443E+07     -0.108E+01      0.687E+00
      0.875E+01      0.136E-01      0.462E-02      0.214E+07     -0.112E+01      0.514E+00
      0.900E+01      0.161E-02      0.757E-03      0.248E+06     -0.186E+01      0.122E+01
      0.925E+01      0.166E-03      0.336E-03      0.245E+05     -0.249E+01      0.644E+01
      0.950E+01      0.982E-05      0.286E-04      0.137E+04     -0.228E+01      0.915E+01
      0.975E+01      0.422E-08      0.888E-06      0.590E+00     -0.254E+01      0.770E+03
      0.100E+02      0.163E-16      0.282E-11      0.221E-08     -0.423E+01      0.103E+07
      0.102E+02      0.000E+00      0.000E+00      0.000E+00     -0.990E+02     -0.990E+02
      0.105E+02      0.000E+00      0.000E+00      0.000E+00     -0.990E+02     -0.990E+02
      0.108E+02      0.000E+00      0.000E+00      0.000E+00     -0.990E+02     -0.990E+02
      0.110E+02      0.000E+00      0.000E+00      0.000E+00     -0.990E+02     -0.990E+02
      0.112E+02      0.000E+00      0.000E+00      0.000E+00     -0.990E+02     -0.990E+02
      0.115E+02      0.000E+00      0.000E+00      0.000E+00     -0.990E+02     -0.990E+02
      0.118E+02      0.000E+00      0.000E+00      0.000E+00     -0.990E+02     -0.990E+02
      0.120E+02      0.000E+00      0.000E+00      0.000E+00     -0.990E+02     -0.990E+02
      0.122E+02      0.000E+00      0.000E+00      0.000E+00     -0.990E+02     -0.990E+02
      0.125E+02      0.000E+00      0.000E+00      0.000E+00     -0.990E+02     -0.990E+02
      0.128E+02      0.000E+00      0.000E+00      0.000E+00     -0.990E+02     -0.990E+02
      0.130E+02      0.000E+00      0.000E+00      0.000E+00     -0.990E+02     -0.990E+02
      0.132E+02      0.000E+00      0.000E+00      0.000E+00     -0.990E+02     -0.990E+02
      0.135E+02      0.000E+00      0.000E+00      0.000E+00     -0.990E+02     -0.990E+02
      0.138E+02      0.000E+00      0.000E+00      0.000E+00     -0.990E+02     -0.990E+02
      0.140E+02      0.000E+00      0.000E+00      0.000E+00     -0.990E+02     -0.990E+02
      0.142E+02      0.000E+00      0.000E+00      0.000E+00     -0.990E+02     -0.990E+02
      0.145E+02      0.000E+00      0.000E+00      0.000E+00     -0.990E+02     -0.990E+02
      0.148E+02      0.000E+00      0.000E+00      0.000E+00     -0.990E+02     -0.990E+02
      0.150E+02      0.000E+00      0.000E+00      0.000E+00     -0.990E+02     -0.990E+02
      0.152E+02      0.000E+00      0.000E+00      0.000E+00     -0.990E+02     -0.990E+02
      0.155E+02      0.000E+00      0.000E+00      0.000E+00     -0.990E+02     -0.990E+02
      0.158E+02      0.000E+00      0.000E+00      0.000E+00     -0.990E+02     -0.990E+02
      0.160E+02      0.000E+00      0.000E+00      0.000E+00     -0.990E+02     -0.990E+02
      0.162E+02      0.000E+00      0.000E+00      0.000E+00     -0.990E+02     -0.990E+02
      0.165E+02      0.000E+00      0.000E+00      0.000E+00     -0.990E+02     -0.990E+02
      0.168E+02      0.000E+00      0.000E+00      0.000E+00     -0.990E+02     -0.990E+02
      0.170E+02      0.000E+00      0.000E+00      0.000E+00     -0.990E+02     -0.990E+02
      0.172E+02      0.000E+00      0.000E+00      0.000E+00     -0.990E+02     -0.990E+02
      0.175E+02      0.000E+00      0.000E+00      0.000E+00     -0.990E+02     -0.990E+02
      0.178E+02      0.000E+00      0.000E+00      0.000E+00     -0.990E+02     -0.990E+02
      0.180E+02      0.000E+00      0.000E+00      0.000E+00     -0.990E+02     -0.990E+02
      0.182E+02      0.000E+00      0.000E+00      0.000E+00     -0.990E+02     -0.990E+02
      0.185E+02      0.000E+00      0.000E+00      0.000E+00     -0.990E+02     -0.990E+02
      0.188E+02      0.000E+00      0.000E+00      0.000E+00     -0.990E+02     -0.990E+02
      0.190E+02      0.000E+00      0.000E+00      0.000E+00     -0.990E+02     -0.990E+02
      0.192E+02      0.000E+00      0.000E+00      0.000E+00     -0.990E+02     -0.990E+02
      0.195E+02      0.000E+00      0.000E+00      0.000E+00     -0.990E+02     -0.990E+02
      0.198E+02      0.000E+00      0.000E+00      0.000E+00     -0.990E+02     -0.990E+02
      0.200E+02      0.000E+00      0.000E+00      0.000E+00     -0.990E+02     -0.990E+02
