      0.000E+00      0.148E+03      0.409E+01      0.535E+10     -0.990E+02     -0.990E+02
      0.100E-03      0.148E+03      0.409E+01      0.535E+10     -0.990E+02     -0.990E+02
      0.140E-03      0.148E+03      0.409E+01      0.535E+10     -0.990E+02     -0.990E+02
      0.160E-03      0.148E+03      0.409E+01      0.535E+10     -0.990E+02     -0.990E+02
      0.180E-03      0.148E+03      0.409E+01      0.535E+10     -0.990E+02     -0.990E+02
      0.200E-03      0.148E+03      0.409E+01      0.535E+10     -0.990E+02     -0.990E+02
      0.220E-03      0.148E+03      0.409E+01      0.535E+10     -0.990E+02     -0.990E+02
      0.250E-03      0.148E+03      0.409E+01      0.535E+10     -0.990E+02     -0.990E+02
      0.280E-03      0.148E+03      0.409E+01      0.535E+10     -0.990E+02     -0.990E+02
      0.320E-03      0.148E+03      0.409E+01      0.535E+10     -0.990E+02     -0.990E+02
      0.350E-03      0.148E+03      0.409E+01      0.535E+10     -0.990E+02     -0.990E+02
      0.400E-03      0.148E+03      0.409E+01      0.535E+10     -0.990E+02     -0.990E+02
      0.450E-03      0.148E+03      0.409E+01      0.535E+10     -0.990E+02     -0.990E+02
      0.500E-03      0.148E+03      0.409E+01      0.535E+10     -0.990E+02     -0.990E+02
      0.560E-03      0.148E+03      0.409E+01      0.535E+10     -0.990E+02     -0.990E+02
      0.630E-03      0.148E+03      0.409E+01      0.535E+10     -0.990E+02     -0.990E+02
      0.710E-03      0.148E+03      0.409E+01      0.535E+10     -0.990E+02     -0.990E+02
      0.790E-03      0.148E+03      0.409E+01      0.535E+10     -0.990E+02     -0.990E+02
      0.890E-03      0.148E+03      0.409E+01      0.535E+10     -0.990E+02     -0.990E+02
      0.100E-02      0.148E+03      0.409E+01      0.535E+10     -0.990E+02     -0.990E+02
      0.105E-02      0.148E+03      0.409E+01      0.535E+10     -0.990E+02     -0.990E+02
      0.110E-02      0.148E+03      0.409E+01      0.535E+10     -0.990E+02     -0.990E+02
      0.115E-02      0.148E+03      0.409E+01      0.535E+10     -0.990E+02     -0.990E+02
      0.120E-02      0.148E+03      0.409E+01      0.535E+10     -0.990E+02     -0.990E+02
      0.126E-02      0.148E+03      0.409E+01      0.535E+10     -0.990E+02     -0.990E+02
      0.132E-02      0.148E+03      0.409E+01      0.535E+10     -0.990E+02     -0.990E+02
      0.138E-02      0.148E+03      0.409E+01      0.535E+10     -0.990E+02     -0.990E+02
      0.145E-02      0.148E+03      0.409E+01      0.535E+10     -0.990E+02     -0.990E+02
      0.151E-02      0.148E+03      0.409E+01      0.535E+10     -0.990E+02     -0.990E+02
      0.158E-02      0.148E+03      0.409E+01      0.535E+10     -0.990E+02     -0.990E+02
      0.166E-02      0.148E+03      0.409E+01      0.535E+10     -0.990E+02     -0.990E+02
      0.174E-02      0.148E+03      0.409E+01      0.535E+10     -0.990E+02     -0.990E+02
      0.182E-02      0.148E+03      0.409E+01      0.535E+10     -0.990E+02     -0.990E+02
      0.191E-02      0.148E+03      0.409E+01      0.535E+10     -0.990E+02     -0.990E+02
      0.200E-02      0.148E+03      0.409E+01      0.535E+10     -0.990E+02     -0.990E+02
      0.209E-02      0.148E+03      0.409E+01      0.535E+10     -0.990E+02     -0.990E+02
      0.219E-02      0.148E+03      0.409E+01      0.535E+10     -0.990E+02     -0.990E+02
      0.229E-02      0.148E+03      0.409E+01      0.535E+10     -0.990E+02     -0.990E+02
      0.240E-02      0.148E+03      0.409E+01      0.535E+10     -0.990E+02     -0.990E+02
      0.251E-02      0.148E+03      0.409E+01      0.535E+10     -0.990E+02     -0.990E+02
      0.263E-02      0.148E+03      0.409E+01      0.535E+10     -0.990E+02     -0.990E+02
      0.275E-02      0.148E+03      0.409E+01      0.535E+10     -0.990E+02     -0.990E+02
      0.288E-02      0.148E+03      0.409E+01      0.535E+10     -0.990E+02     -0.990E+02
      0.302E-02      0.148E+03      0.409E+01      0.535E+10     -0.990E+02     -0.990E+02
      0.316E-02      0.148E+03      0.409E+01      0.535E+10     -0.990E+02     -0.990E+02
      0.331E-02      0.148E+03      0.409E+01      0.535E+10     -0.990E+02     -0.990E+02
      0.347E-02      0.148E+03      0.409E+01      0.535E+10     -0.990E+02     -0.990E+02
      0.363E-02      0.148E+03      0.409E+01      0.535E+10     -0.990E+02     -0.990E+02
      0.380E-02      0.148E+03      0.409E+01      0.535E+10     -0.990E+02     -0.990E+02
      0.398E-02      0.148E+03      0.409E+01      0.535E+10     -0.990E+02     -0.990E+02
      0.417E-02      0.148E+03      0.409E+01      0.535E+10     -0.990E+02     -0.990E+02
      0.437E-02      0.148E+03      0.409E+01      0.535E+10     -0.990E+02     -0.990E+02
      0.457E-02      0.148E+03      0.409E+01      0.535E+10     -0.990E+02     -0.990E+02
      0.479E-02      0.148E+03      0.409E+01      0.535E+10     -0.990E+02     -0.990E+02
      0.501E-02      0.148E+03      0.409E+01      0.535E+10     -0.990E+02     -0.990E+02
      0.525E-02      0.148E+03      0.409E+01      0.535E+10     -0.990E+02     -0.990E+02
      0.550E-02      0.148E+03      0.409E+01      0.535E+10     -0.990E+02     -0.990E+02
      0.575E-02      0.148E+03      0.409E+01      0.535E+10     -0.990E+02     -0.990E+02
      0.603E-02      0.148E+03      0.409E+01      0.535E+10     -0.990E+02     -0.990E+02
      0.631E-02      0.148E+03      0.409E+01      0.535E+10     -0.990E+02     -0.990E+02
      0.661E-02      0.148E+03      0.409E+01      0.535E+10     -0.990E+02     -0.990E+02
      0.692E-02      0.148E+03      0.409E+01      0.535E+10     -0.990E+02     -0.990E+02
      0.724E-02      0.148E+03      0.409E+01      0.535E+10     -0.990E+02     -0.990E+02
      0.759E-02      0.148E+03      0.409E+01      0.535E+10     -0.990E+02     -0.990E+02
      0.794E-02      0.148E+03      0.409E+01      0.535E+10     -0.990E+02     -0.990E+02
      0.832E-02      0.148E+03      0.409E+01      0.535E+10     -0.990E+02     -0.990E+02
      0.871E-02      0.148E+03      0.409E+01      0.535E+10     -0.990E+02     -0.990E+02
      0.912E-02      0.148E+03      0.409E+01      0.535E+10     -0.990E+02     -0.990E+02
      0.955E-02      0.148E+03      0.409E+01      0.535E+10     -0.990E+02     -0.990E+02
      0.100E-01      0.148E+03      0.409E+01      0.535E+10     -0.824E+00      0.363E-01
      0.105E-01      0.506E+01      0.161E+00      0.387E+10     -0.824E+00      0.363E-01
      0.110E-01      0.505E+01      0.161E+00      0.387E+10     -0.824E+00      0.363E-01
      0.115E-01      0.501E+01      0.160E+00      0.387E+10     -0.824E+00      0.363E-01
      0.120E-01      0.501E+01      0.159E+00      0.386E+10     -0.823E+00      0.363E-01
      0.126E-01      0.502E+01      0.160E+00      0.386E+10     -0.824E+00      0.363E-01
      0.132E-01      0.505E+01      0.161E+00      0.386E+10     -0.824E+00      0.363E-01
      0.138E-01      0.503E+01      0.160E+00      0.386E+10     -0.824E+00      0.363E-01
      0.144E-01      0.497E+01      0.158E+00      0.385E+10     -0.824E+00      0.363E-01
      0.151E-01      0.498E+01      0.159E+00      0.385E+10     -0.824E+00      0.363E-01
      0.159E-01      0.500E+01      0.159E+00      0.385E+10     -0.823E+00      0.363E-01
      0.166E-01      0.500E+01      0.159E+00      0.384E+10     -0.823E+00      0.362E-01
      0.174E-01      0.500E+01      0.159E+00      0.384E+10     -0.823E+00      0.362E-01
      0.182E-01      0.500E+01      0.159E+00      0.384E+10     -0.823E+00      0.362E-01
      0.191E-01      0.499E+01      0.159E+00      0.383E+10     -0.823E+00      0.362E-01
      0.200E-01      0.496E+01      0.158E+00      0.383E+10     -0.823E+00      0.362E-01
      0.209E-01      0.495E+01      0.157E+00      0.383E+10     -0.823E+00      0.362E-01
      0.219E-01      0.495E+01      0.157E+00      0.382E+10     -0.823E+00      0.362E-01
      0.229E-01      0.494E+01      0.157E+00      0.382E+10     -0.823E+00      0.362E-01
      0.240E-01      0.495E+01      0.157E+00      0.381E+10     -0.822E+00      0.362E-01
      0.251E-01      0.495E+01      0.157E+00      0.381E+10     -0.822E+00      0.361E-01
      0.263E-01      0.494E+01      0.157E+00      0.380E+10     -0.822E+00      0.361E-01
      0.275E-01      0.491E+01      0.156E+00      0.380E+10     -0.822E+00      0.361E-01
      0.290E-01      0.490E+01      0.156E+00      0.379E+10     -0.822E+00      0.361E-01
      0.300E-01      0.490E+01      0.156E+00      0.379E+10     -0.822E+00      0.361E-01
      0.310E-01      0.489E+01      0.155E+00      0.378E+10     -0.822E+00      0.361E-01
      0.320E-01      0.489E+01      0.155E+00      0.378E+10     -0.822E+00      0.361E-01
      0.330E-01      0.487E+01      0.155E+00      0.378E+10     -0.822E+00      0.361E-01
      0.340E-01      0.487E+01      0.155E+00      0.377E+10     -0.822E+00      0.361E-01
      0.350E-01      0.486E+01      0.154E+00      0.377E+10     -0.822E+00      0.361E-01
      0.360E-01      0.486E+01      0.154E+00      0.376E+10     -0.822E+00      0.361E-01
      0.370E-01      0.484E+01      0.154E+00      0.376E+10     -0.821E+00      0.361E-01
      0.380E-01      0.484E+01      0.154E+00      0.376E+10     -0.821E+00      0.361E-01
      0.390E-01      0.483E+01      0.154E+00      0.375E+10     -0.821E+00      0.360E-01
      0.400E-01      0.483E+01      0.153E+00      0.375E+10     -0.821E+00      0.360E-01
      0.425E-01      0.481E+01      0.153E+00      0.374E+10     -0.821E+00      0.360E-01
      0.450E-01      0.479E+01      0.152E+00      0.373E+10     -0.821E+00      0.360E-01
      0.475E-01      0.477E+01      0.152E+00      0.372E+10     -0.821E+00      0.360E-01
      0.500E-01      0.475E+01      0.151E+00      0.371E+10     -0.820E+00      0.360E-01
      0.525E-01      0.474E+01      0.150E+00      0.370E+10     -0.820E+00      0.359E-01
      0.550E-01      0.472E+01      0.150E+00      0.369E+10     -0.820E+00      0.359E-01
      0.571E-01      0.470E+01      0.149E+00      0.369E+10     -0.820E+00      0.359E-01
      0.640E-01      0.466E+01      0.148E+00      0.367E+10     -0.819E+00      0.359E-01
      0.719E-01      0.460E+01      0.146E+00      0.364E+10     -0.818E+00      0.358E-01
      0.806E-01      0.453E+01      0.143E+00      0.361E+10     -0.817E+00      0.357E-01
      0.905E-01      0.447E+01      0.142E+00      0.358E+10     -0.817E+00      0.356E-01
      0.102E+00      0.439E+01      0.139E+00      0.354E+10     -0.815E+00      0.355E-01
      0.114E+00      0.430E+01      0.136E+00      0.350E+10     -0.814E+00      0.354E-01
      0.128E+00      0.420E+01      0.133E+00      0.346E+10     -0.812E+00      0.353E-01
      0.143E+00      0.409E+01      0.129E+00      0.342E+10     -0.810E+00      0.351E-01
      0.161E+00      0.397E+01      0.125E+00      0.337E+10     -0.808E+00      0.350E-01
      0.181E+00      0.382E+01      0.121E+00      0.331E+10     -0.805E+00      0.347E-01
      0.203E+00      0.367E+01      0.116E+00      0.325E+10     -0.802E+00      0.345E-01
      0.227E+00      0.349E+01      0.111E+00      0.319E+10     -0.798E+00      0.343E-01
      0.255E+00      0.336E+01      0.108E+00      0.313E+10     -0.800E+00      0.347E-01
      0.286E+00      0.325E+01      0.107E+00      0.306E+10     -0.805E+00      0.355E-01
      0.321E+00      0.312E+01      0.106E+00      0.298E+10     -0.812E+00      0.365E-01
      0.360E+00      0.298E+01      0.105E+00      0.290E+10     -0.819E+00      0.379E-01
      0.404E+00      0.282E+01      0.104E+00      0.281E+10     -0.829E+00      0.398E-01
      0.453E+00      0.264E+01      0.104E+00      0.272E+10     -0.842E+00      0.425E-01
      0.509E+00      0.251E+01      0.102E+00      0.263E+10     -0.850E+00      0.441E-01
      0.571E+00      0.249E+01      0.984E-01      0.253E+10     -0.848E+00      0.430E-01
      0.641E+00      0.245E+01      0.944E-01      0.242E+10     -0.845E+00      0.418E-01
      0.719E+00      0.242E+01      0.900E-01      0.230E+10     -0.843E+00      0.404E-01
      0.806E+00      0.265E+01      0.929E-01      0.217E+10     -0.862E+00      0.405E-01
      0.905E+00      0.296E+01      0.101E+00      0.200E+10     -0.885E+00      0.418E-01
      0.102E+01      0.314E+01      0.108E+00      0.180E+10     -0.906E+00      0.436E-01
      0.114E+01      0.277E+01      0.985E-01      0.156E+10     -0.930E+00      0.460E-01
      0.128E+01      0.236E+01      0.880E-01      0.133E+10     -0.959E+00      0.487E-01
      0.143E+01      0.187E+01      0.802E-01      0.111E+10     -0.983E+00      0.522E-01
      0.161E+01      0.205E+01      0.115E+00      0.920E+09     -0.100E+01      0.637E-01
      0.168E+01      0.224E+01      0.140E+00      0.765E+09     -0.100E+01      0.695E-01
      0.170E+01      0.230E+01      0.147E+00      0.702E+09     -0.101E+01      0.710E-01
      0.180E+01      0.217E+01      0.129E+00      0.618E+09     -0.102E+01      0.676E-01
      0.190E+01      0.184E+01      0.880E-01      0.485E+09     -0.105E+01      0.581E-01
      0.200E+01      0.152E+01      0.574E-01      0.374E+09     -0.109E+01      0.509E-01
      0.210E+01      0.134E+01      0.523E-01      0.281E+09     -0.111E+01      0.528E-01
      0.220E+01      0.115E+01      0.479E-01      0.201E+09     -0.113E+01      0.561E-01
      0.230E+01      0.905E+00      0.466E-01      0.132E+09     -0.119E+01      0.679E-01
      0.240E+01      0.637E+00      0.486E-01      0.780E+08     -0.130E+01      0.104E+00
      0.250E+01      0.382E+00      0.523E-01      0.400E+08     -0.152E+01      0.211E+00
      0.260E+01      0.221E+00      0.541E-01      0.173E+08     -0.152E+01      0.373E+00
      0.275E+01      0.304E-02      0.549E-01      0.832E+06     -0.921E-01      0.275E+01
      0.300E+01      0.172E-02      0.315E-01      0.462E+06     -0.167E+00      0.473E+01
      0.325E+01      0.122E-02      0.221E-01      0.203E+06     -0.291E+00      0.729E+01
      0.350E+01      0.154E-03      0.198E-02      0.225E+05     -0.721E+00      0.126E+02
      0.375E+01      0.479E-19      0.840E-10      0.837E-11     -0.632E+00      0.135E+10
      0.400E+01      0.911E-20      0.439E-10      0.137E-11     -0.390E+00       Infinity
      0.425E+01      0.260E-21      0.158E-10      0.381E-13     -0.191E+00       Infinity
      0.450E+01      0.658E-27      0.272E-14      0.961E-19     -0.232E+00       Infinity
      0.475E+01      0.000E+00      0.000E+00      0.000E+00     -0.990E+02     -0.990E+02
      0.500E+01      0.000E+00      0.000E+00      0.000E+00     -0.990E+02     -0.990E+02
      0.525E+01      0.000E+00      0.000E+00      0.000E+00     -0.990E+02     -0.990E+02
      0.550E+01      0.000E+00      0.000E+00      0.000E+00     -0.990E+02     -0.990E+02
      0.575E+01      0.000E+00      0.000E+00      0.000E+00     -0.990E+02     -0.990E+02
      0.600E+01      0.000E+00      0.000E+00      0.000E+00     -0.990E+02     -0.990E+02
      0.625E+01      0.000E+00      0.000E+00      0.000E+00     -0.990E+02     -0.990E+02
      0.650E+01      0.000E+00      0.000E+00      0.000E+00     -0.990E+02     -0.990E+02
      0.675E+01      0.000E+00      0.000E+00      0.000E+00     -0.990E+02     -0.990E+02
      0.700E+01      0.000E+00      0.000E+00      0.000E+00     -0.990E+02     -0.990E+02
      0.725E+01      0.000E+00      0.000E+00      0.000E+00     -0.990E+02     -0.990E+02
      0.750E+01      0.000E+00      0.000E+00      0.000E+00     -0.990E+02     -0.990E+02
      0.775E+01      0.000E+00      0.000E+00      0.000E+00     -0.990E+02     -0.990E+02
      0.800E+01      0.000E+00      0.000E+00      0.000E+00     -0.990E+02     -0.990E+02
      0.825E+01      0.000E+00      0.000E+00      0.000E+00     -0.990E+02     -0.990E+02
      0.850E+01      0.000E+00      0.000E+00      0.000E+00     -0.990E+02     -0.990E+02
      0.875E+01      0.000E+00      0.000E+00      0.000E+00     -0.990E+02     -0.990E+02
      0.900E+01      0.000E+00      0.000E+00      0.000E+00     -0.990E+02     -0.990E+02
      0.925E+01      0.000E+00      0.000E+00      0.000E+00     -0.990E+02     -0.990E+02
      0.950E+01      0.000E+00      0.000E+00      0.000E+00     -0.990E+02     -0.990E+02
      0.975E+01      0.000E+00      0.000E+00      0.000E+00     -0.990E+02     -0.990E+02
      0.100E+02      0.000E+00      0.000E+00      0.000E+00     -0.990E+02     -0.990E+02
      0.102E+02      0.000E+00      0.000E+00      0.000E+00     -0.990E+02     -0.990E+02
      0.105E+02      0.000E+00      0.000E+00      0.000E+00     -0.990E+02     -0.990E+02
      0.108E+02      0.000E+00      0.000E+00      0.000E+00     -0.990E+02     -0.990E+02
      0.110E+02      0.000E+00      0.000E+00      0.000E+00     -0.990E+02     -0.990E+02
      0.112E+02      0.000E+00      0.000E+00      0.000E+00     -0.990E+02     -0.990E+02
      0.115E+02      0.000E+00      0.000E+00      0.000E+00     -0.990E+02     -0.990E+02
      0.118E+02      0.000E+00      0.000E+00      0.000E+00     -0.990E+02     -0.990E+02
      0.120E+02      0.000E+00      0.000E+00      0.000E+00     -0.990E+02     -0.990E+02
      0.122E+02      0.000E+00      0.000E+00      0.000E+00     -0.990E+02     -0.990E+02
      0.125E+02      0.000E+00      0.000E+00      0.000E+00     -0.990E+02     -0.990E+02
      0.128E+02      0.000E+00      0.000E+00      0.000E+00     -0.990E+02     -0.990E+02
      0.130E+02      0.000E+00      0.000E+00      0.000E+00     -0.990E+02     -0.990E+02
      0.132E+02      0.000E+00      0.000E+00      0.000E+00     -0.990E+02     -0.990E+02
      0.135E+02      0.000E+00      0.000E+00      0.000E+00     -0.990E+02     -0.990E+02
      0.138E+02      0.000E+00      0.000E+00      0.000E+00     -0.990E+02     -0.990E+02
      0.140E+02      0.000E+00      0.000E+00      0.000E+00     -0.990E+02     -0.990E+02
      0.142E+02      0.000E+00      0.000E+00      0.000E+00     -0.990E+02     -0.990E+02
      0.145E+02      0.000E+00      0.000E+00      0.000E+00     -0.990E+02     -0.990E+02
      0.148E+02      0.000E+00      0.000E+00      0.000E+00     -0.990E+02     -0.990E+02
      0.150E+02      0.000E+00      0.000E+00      0.000E+00     -0.990E+02     -0.990E+02
      0.152E+02      0.000E+00      0.000E+00      0.000E+00     -0.990E+02     -0.990E+02
      0.155E+02      0.000E+00      0.000E+00      0.000E+00     -0.990E+02     -0.990E+02
      0.158E+02      0.000E+00      0.000E+00      0.000E+00     -0.990E+02     -0.990E+02
      0.160E+02      0.000E+00      0.000E+00      0.000E+00     -0.990E+02     -0.990E+02
      0.162E+02      0.000E+00      0.000E+00      0.000E+00     -0.990E+02     -0.990E+02
      0.165E+02      0.000E+00      0.000E+00      0.000E+00     -0.990E+02     -0.990E+02
      0.168E+02      0.000E+00      0.000E+00      0.000E+00     -0.990E+02     -0.990E+02
      0.170E+02      0.000E+00      0.000E+00      0.000E+00     -0.990E+02     -0.990E+02
      0.172E+02      0.000E+00      0.000E+00      0.000E+00     -0.990E+02     -0.990E+02
      0.175E+02      0.000E+00      0.000E+00      0.000E+00     -0.990E+02     -0.990E+02
      0.178E+02      0.000E+00      0.000E+00      0.000E+00     -0.990E+02     -0.990E+02
      0.180E+02      0.000E+00      0.000E+00      0.000E+00     -0.990E+02     -0.990E+02
      0.182E+02      0.000E+00      0.000E+00      0.000E+00     -0.990E+02     -0.990E+02
      0.185E+02      0.000E+00      0.000E+00      0.000E+00     -0.990E+02     -0.990E+02
      0.188E+02      0.000E+00      0.000E+00      0.000E+00     -0.990E+02     -0.990E+02
      0.190E+02      0.000E+00      0.000E+00      0.000E+00     -0.990E+02     -0.990E+02
      0.192E+02      0.000E+00      0.000E+00      0.000E+00     -0.990E+02     -0.990E+02
      0.195E+02      0.000E+00      0.000E+00      0.000E+00     -0.990E+02     -0.990E+02
      0.198E+02      0.000E+00      0.000E+00      0.000E+00     -0.990E+02     -0.990E+02
      0.200E+02      0.000E+00      0.000E+00      0.000E+00     -0.990E+02     -0.990E+02
