      0.000E+00      0.511E+00      0.117E+00      0.174E+09     -0.990E+02     -0.990E+02
      0.100E-03      0.511E+00      0.117E+00      0.174E+09     -0.990E+02     -0.990E+02
      0.140E-03      0.511E+00      0.117E+00      0.174E+09     -0.990E+02     -0.990E+02
      0.160E-03      0.511E+00      0.117E+00      0.174E+09     -0.990E+02     -0.990E+02
      0.180E-03      0.511E+00      0.117E+00      0.174E+09     -0.990E+02     -0.990E+02
      0.200E-03      0.511E+00      0.117E+00      0.174E+09     -0.990E+02     -0.990E+02
      0.220E-03      0.511E+00      0.117E+00      0.174E+09     -0.990E+02     -0.990E+02
      0.250E-03      0.511E+00      0.117E+00      0.174E+09     -0.990E+02     -0.990E+02
      0.280E-03      0.511E+00      0.117E+00      0.174E+09     -0.990E+02     -0.990E+02
      0.320E-03      0.511E+00      0.117E+00      0.174E+09     -0.990E+02     -0.990E+02
      0.350E-03      0.511E+00      0.117E+00      0.174E+09     -0.990E+02     -0.990E+02
      0.400E-03      0.511E+00      0.117E+00      0.174E+09     -0.990E+02     -0.990E+02
      0.450E-03      0.511E+00      0.117E+00      0.174E+09     -0.990E+02     -0.990E+02
      0.500E-03      0.511E+00      0.117E+00      0.174E+09     -0.990E+02     -0.990E+02
      0.560E-03      0.511E+00      0.117E+00      0.174E+09     -0.990E+02     -0.990E+02
      0.630E-03      0.511E+00      0.117E+00      0.174E+09     -0.990E+02     -0.990E+02
      0.710E-03      0.511E+00      0.117E+00      0.174E+09     -0.990E+02     -0.990E+02
      0.790E-03      0.511E+00      0.117E+00      0.174E+09     -0.990E+02     -0.990E+02
      0.890E-03      0.511E+00      0.117E+00      0.174E+09     -0.990E+02     -0.990E+02
      0.100E-02      0.511E+00      0.117E+00      0.174E+09     -0.990E+02     -0.990E+02
      0.105E-02      0.511E+00      0.117E+00      0.174E+09     -0.990E+02     -0.990E+02
      0.110E-02      0.511E+00      0.117E+00      0.174E+09     -0.990E+02     -0.990E+02
      0.115E-02      0.511E+00      0.117E+00      0.174E+09     -0.990E+02     -0.990E+02
      0.120E-02      0.511E+00      0.117E+00      0.174E+09     -0.990E+02     -0.990E+02
      0.126E-02      0.511E+00      0.117E+00      0.174E+09     -0.990E+02     -0.990E+02
      0.132E-02      0.511E+00      0.117E+00      0.174E+09     -0.990E+02     -0.990E+02
      0.138E-02      0.511E+00      0.117E+00      0.174E+09     -0.990E+02     -0.990E+02
      0.145E-02      0.511E+00      0.117E+00      0.174E+09     -0.990E+02     -0.990E+02
      0.151E-02      0.511E+00      0.117E+00      0.174E+09     -0.990E+02     -0.990E+02
      0.158E-02      0.511E+00      0.117E+00      0.174E+09     -0.990E+02     -0.990E+02
      0.166E-02      0.511E+00      0.117E+00      0.174E+09     -0.990E+02     -0.990E+02
      0.174E-02      0.511E+00      0.117E+00      0.174E+09     -0.990E+02     -0.990E+02
      0.182E-02      0.511E+00      0.117E+00      0.174E+09     -0.990E+02     -0.990E+02
      0.191E-02      0.511E+00      0.117E+00      0.174E+09     -0.990E+02     -0.990E+02
      0.200E-02      0.511E+00      0.117E+00      0.174E+09     -0.990E+02     -0.990E+02
      0.209E-02      0.511E+00      0.117E+00      0.174E+09     -0.990E+02     -0.990E+02
      0.219E-02      0.511E+00      0.117E+00      0.174E+09     -0.990E+02     -0.990E+02
      0.229E-02      0.511E+00      0.117E+00      0.174E+09     -0.990E+02     -0.990E+02
      0.240E-02      0.511E+00      0.117E+00      0.174E+09     -0.990E+02     -0.990E+02
      0.251E-02      0.511E+00      0.117E+00      0.174E+09     -0.990E+02     -0.990E+02
      0.263E-02      0.511E+00      0.117E+00      0.174E+09     -0.990E+02     -0.990E+02
      0.275E-02      0.511E+00      0.117E+00      0.174E+09     -0.990E+02     -0.990E+02
      0.288E-02      0.511E+00      0.117E+00      0.174E+09     -0.990E+02     -0.990E+02
      0.302E-02      0.511E+00      0.117E+00      0.174E+09     -0.990E+02     -0.990E+02
      0.316E-02      0.511E+00      0.117E+00      0.174E+09     -0.990E+02     -0.990E+02
      0.331E-02      0.511E+00      0.117E+00      0.174E+09     -0.990E+02     -0.990E+02
      0.347E-02      0.511E+00      0.117E+00      0.174E+09     -0.990E+02     -0.990E+02
      0.363E-02      0.511E+00      0.117E+00      0.174E+09     -0.990E+02     -0.990E+02
      0.380E-02      0.511E+00      0.117E+00      0.174E+09     -0.990E+02     -0.990E+02
      0.398E-02      0.511E+00      0.117E+00      0.174E+09     -0.990E+02     -0.990E+02
      0.417E-02      0.511E+00      0.117E+00      0.174E+09     -0.990E+02     -0.990E+02
      0.437E-02      0.511E+00      0.117E+00      0.174E+09     -0.990E+02     -0.990E+02
      0.457E-02      0.511E+00      0.117E+00      0.174E+09     -0.990E+02     -0.990E+02
      0.479E-02      0.511E+00      0.117E+00      0.174E+09     -0.990E+02     -0.990E+02
      0.501E-02      0.511E+00      0.117E+00      0.174E+09     -0.990E+02     -0.990E+02
      0.525E-02      0.511E+00      0.117E+00      0.174E+09     -0.990E+02     -0.990E+02
      0.550E-02      0.511E+00      0.117E+00      0.174E+09     -0.990E+02     -0.990E+02
      0.575E-02      0.511E+00      0.117E+00      0.174E+09     -0.990E+02     -0.990E+02
      0.603E-02      0.511E+00      0.117E+00      0.174E+09     -0.990E+02     -0.990E+02
      0.631E-02      0.511E+00      0.117E+00      0.174E+09     -0.990E+02     -0.990E+02
      0.661E-02      0.511E+00      0.117E+00      0.174E+09     -0.990E+02     -0.990E+02
      0.692E-02      0.511E+00      0.117E+00      0.174E+09     -0.990E+02     -0.990E+02
      0.724E-02      0.511E+00      0.117E+00      0.174E+09     -0.990E+02     -0.990E+02
      0.759E-02      0.511E+00      0.117E+00      0.174E+09     -0.990E+02     -0.990E+02
      0.794E-02      0.511E+00      0.117E+00      0.174E+09     -0.990E+02     -0.990E+02
      0.832E-02      0.511E+00      0.117E+00      0.174E+09     -0.990E+02     -0.990E+02
      0.871E-02      0.511E+00      0.117E+00      0.174E+09     -0.990E+02     -0.990E+02
      0.912E-02      0.511E+00      0.117E+00      0.174E+09     -0.990E+02     -0.990E+02
      0.955E-02      0.511E+00      0.117E+00      0.174E+09     -0.990E+02     -0.990E+02
      0.100E-01      0.511E+00      0.117E+00      0.174E+09     -0.177E-01      0.788E-01
      0.105E-01      0.128E+00      0.731E-01      0.169E+09     -0.176E-01      0.787E-01
      0.110E-01      0.128E+00      0.728E-01      0.169E+09     -0.177E-01      0.786E-01
      0.115E-01      0.127E+00      0.728E-01      0.169E+09     -0.176E-01      0.785E-01
      0.120E-01      0.128E+00      0.729E-01      0.169E+09     -0.176E-01      0.784E-01
      0.126E-01      0.128E+00      0.733E-01      0.169E+09     -0.175E-01      0.782E-01
      0.132E-01      0.129E+00      0.738E-01      0.169E+09     -0.175E-01      0.781E-01
      0.138E-01      0.129E+00      0.738E-01      0.169E+09     -0.174E-01      0.779E-01
      0.144E-01      0.128E+00      0.735E-01      0.169E+09     -0.175E-01      0.778E-01
      0.151E-01      0.129E+00      0.738E-01      0.169E+09     -0.174E-01      0.777E-01
      0.159E-01      0.129E+00      0.743E-01      0.169E+09     -0.174E-01      0.776E-01
      0.166E-01      0.130E+00      0.746E-01      0.168E+09     -0.172E-01      0.773E-01
      0.174E-01      0.130E+00      0.750E-01      0.168E+09     -0.172E-01      0.772E-01
      0.182E-01      0.131E+00      0.754E-01      0.168E+09     -0.171E-01      0.770E-01
      0.191E-01      0.131E+00      0.757E-01      0.168E+09     -0.171E-01      0.768E-01
      0.200E-01      0.131E+00      0.756E-01      0.168E+09     -0.171E-01      0.766E-01
      0.209E-01      0.131E+00      0.758E-01      0.168E+09     -0.170E-01      0.764E-01
      0.219E-01      0.132E+00      0.762E-01      0.168E+09     -0.169E-01      0.762E-01
      0.229E-01      0.132E+00      0.766E-01      0.168E+09     -0.168E-01      0.760E-01
      0.240E-01      0.133E+00      0.770E-01      0.168E+09     -0.167E-01      0.757E-01
      0.251E-01      0.133E+00      0.776E-01      0.168E+09     -0.167E-01      0.755E-01
      0.263E-01      0.134E+00      0.780E-01      0.167E+09     -0.164E-01      0.752E-01
      0.275E-01      0.134E+00      0.782E-01      0.167E+09     -0.164E-01      0.751E-01
      0.290E-01      0.134E+00      0.785E-01      0.167E+09     -0.166E-01      0.748E-01
      0.300E-01      0.135E+00      0.790E-01      0.167E+09     -0.164E-01      0.746E-01
      0.310E-01      0.135E+00      0.793E-01      0.167E+09     -0.164E-01      0.744E-01
      0.320E-01      0.136E+00      0.796E-01      0.167E+09     -0.162E-01      0.741E-01
      0.330E-01      0.136E+00      0.799E-01      0.167E+09     -0.162E-01      0.739E-01
      0.340E-01      0.137E+00      0.803E-01      0.167E+09     -0.161E-01      0.737E-01
      0.350E-01      0.137E+00      0.806E-01      0.166E+09     -0.161E-01      0.736E-01
      0.360E-01      0.137E+00      0.809E-01      0.166E+09     -0.160E-01      0.734E-01
      0.370E-01      0.138E+00      0.813E-01      0.166E+09     -0.159E-01      0.732E-01
      0.380E-01      0.138E+00      0.816E-01      0.166E+09     -0.158E-01      0.730E-01
      0.390E-01      0.139E+00      0.819E-01      0.166E+09     -0.158E-01      0.728E-01
      0.400E-01      0.139E+00      0.822E-01      0.166E+09     -0.159E-01      0.727E-01
      0.425E-01      0.139E+00      0.825E-01      0.166E+09     -0.153E-01      0.724E-01
      0.450E-01      0.140E+00      0.829E-01      0.165E+09     -0.145E-01      0.717E-01
      0.475E-01      0.139E+00      0.827E-01      0.165E+09     -0.143E-01      0.716E-01
      0.500E-01      0.138E+00      0.820E-01      0.165E+09     -0.144E-01      0.716E-01
      0.525E-01      0.137E+00      0.811E-01      0.165E+09     -0.145E-01      0.718E-01
      0.550E-01      0.136E+00      0.806E-01      0.164E+09     -0.146E-01      0.717E-01
      0.571E-01      0.135E+00      0.800E-01      0.164E+09     -0.146E-01      0.718E-01
      0.640E-01      0.133E+00      0.781E-01      0.164E+09     -0.149E-01      0.720E-01
      0.719E-01      0.129E+00      0.759E-01      0.163E+09     -0.151E-01      0.726E-01
      0.806E-01      0.126E+00      0.735E-01      0.162E+09     -0.155E-01      0.738E-01
      0.905E-01      0.122E+00      0.708E-01      0.161E+09     -0.161E-01      0.751E-01
      0.102E+00      0.117E+00      0.678E-01      0.160E+09     -0.167E-01      0.770E-01
      0.114E+00      0.112E+00      0.645E-01      0.159E+09     -0.175E-01      0.790E-01
      0.128E+00      0.106E+00      0.607E-01      0.158E+09     -0.186E-01      0.818E-01
      0.143E+00      0.998E-01      0.565E-01      0.157E+09     -0.199E-01      0.855E-01
      0.161E+00      0.928E-01      0.519E-01      0.155E+09     -0.213E-01      0.900E-01
      0.181E+00      0.846E-01      0.466E-01      0.154E+09     -0.236E-01      0.964E-01
      0.203E+00      0.756E-01      0.409E-01      0.153E+09     -0.267E-01      0.106E+00
      0.227E+00      0.655E-01      0.348E-01      0.152E+09     -0.309E-01      0.119E+00
      0.255E+00      0.541E-01      0.283E-01      0.150E+09     -0.376E-01      0.142E+00
      0.286E+00      0.414E-01      0.221E-01      0.149E+09     -0.494E-01      0.181E+00
      0.321E+00      0.390E-01      0.212E-01      0.148E+09     -0.556E-01      0.190E+00
      0.360E+00      0.405E-01      0.218E-01      0.147E+09     -0.546E-01      0.179E+00
      0.404E+00      0.421E-01      0.225E-01      0.146E+09     -0.537E-01      0.166E+00
      0.453E+00      0.440E-01      0.234E-01      0.145E+09     -0.528E-01      0.153E+00
      0.509E+00      0.461E-01      0.245E-01      0.143E+09     -0.518E-01      0.140E+00
      0.571E+00      0.478E-01      0.251E-01      0.141E+09     -0.535E-01      0.132E+00
      0.641E+00      0.488E-01      0.246E-01      0.139E+09     -0.588E-01      0.121E+00
      0.719E+00      0.500E-01      0.241E-01      0.136E+09     -0.640E-01      0.112E+00
      0.806E+00      0.505E-01      0.235E-01      0.134E+09     -0.684E-01      0.106E+00
      0.905E+00      0.479E-01      0.207E-01      0.131E+09     -0.694E-01      0.106E+00
      0.102E+01      0.450E-01      0.189E-01      0.127E+09     -0.712E-01      0.112E+00
      0.114E+01      0.458E-01      0.160E-01      0.124E+09     -0.628E-01      0.100E+00
      0.128E+01      0.481E-01      0.169E-01      0.120E+09     -0.501E-01      0.879E-01
      0.143E+01      0.504E-01      0.210E-01      0.115E+09     -0.534E-01      0.934E-01
      0.161E+01      0.501E-01      0.244E-01      0.110E+09     -0.582E-01      0.115E+00
      0.168E+01      0.475E-01      0.219E-01      0.106E+09     -0.546E-01      0.110E+00
      0.170E+01      0.468E-01      0.212E-01      0.105E+09     -0.534E-01      0.109E+00
      0.180E+01      0.432E-01      0.184E-01      0.103E+09     -0.471E-01      0.109E+00
      0.190E+01      0.425E-01      0.187E-01      0.100E+09     -0.393E-01      0.107E+00
      0.200E+01      0.420E-01      0.199E-01      0.974E+08     -0.353E-01      0.122E+00
      0.210E+01      0.499E-01      0.216E-01      0.948E+08     -0.465E-01      0.114E+00
      0.220E+01      0.636E-01      0.261E-01      0.917E+08     -0.599E-01      0.843E-01
      0.230E+01      0.766E-01      0.332E-01      0.877E+08     -0.687E-01      0.690E-01
      0.240E+01      0.787E-01      0.274E-01      0.830E+08     -0.860E-01      0.643E-01
      0.250E+01      0.810E-01      0.260E-01      0.781E+08     -0.102E+00      0.663E-01
      0.260E+01      0.814E-01      0.224E-01      0.732E+08     -0.118E+00      0.651E-01
      0.275E+01      0.782E-01      0.278E-01      0.670E+08     -0.140E+00      0.968E-01
      0.300E+01      0.532E-01      0.155E-01      0.575E+08     -0.132E+00      0.823E-01
      0.325E+01      0.560E-01      0.208E-01      0.495E+08     -0.176E+00      0.124E+00
      0.350E+01      0.393E-01      0.121E-01      0.411E+08     -0.141E+00      0.115E+00
      0.375E+01      0.428E-01      0.171E-01      0.352E+08     -0.138E+00      0.141E+00
      0.400E+01      0.513E-01      0.250E-01      0.289E+08     -0.226E+00      0.215E+00
      0.425E+01      0.392E-01      0.225E-01      0.213E+08     -0.258E+00      0.263E+00
      0.450E+01      0.256E-01      0.152E-01      0.156E+08     -0.316E+00      0.321E+00
      0.475E+01      0.212E-01      0.178E-01      0.119E+08     -0.231E+00      0.262E+00
      0.500E+01      0.178E-01      0.157E-01      0.880E+07     -0.204E+00      0.287E+00
      0.525E+01      0.178E-01      0.133E-01      0.621E+07     -0.206E+00      0.225E+00
      0.550E+01      0.662E-02      0.584E-02      0.363E+07     -0.314E+00      0.415E+00
      0.575E+01      0.808E-02      0.584E-02      0.268E+07     -0.201E+00      0.230E+00
      0.600E+01      0.826E-02      0.483E-02      0.152E+07     -0.540E+00      0.425E+00
      0.625E+01      0.216E-02      0.222E-02      0.338E+06     -0.612E+00      0.784E+00
      0.650E+01      0.216E-03      0.510E-03      0.318E+05     -0.721E+00      0.234E+01
      0.675E+01      0.957E-05      0.592E-04      0.135E+04     -0.115E+01      0.928E+01
      0.700E+01      0.800E-10      0.433E-06      0.114E-01     -0.177E+01      0.126E+05
      0.725E+01      0.404E-12      0.819E-08      0.569E-04     -0.170E+01      0.460E+05
      0.750E+01      0.000E+00      0.106E-29      0.000E+00     -0.990E+02     -0.990E+02
      0.775E+01      0.000E+00      0.000E+00      0.000E+00     -0.990E+02     -0.990E+02
      0.800E+01      0.000E+00      0.000E+00      0.000E+00     -0.990E+02     -0.990E+02
      0.825E+01      0.000E+00      0.000E+00      0.000E+00     -0.990E+02     -0.990E+02
      0.850E+01      0.000E+00      0.000E+00      0.000E+00     -0.990E+02     -0.990E+02
      0.875E+01      0.000E+00      0.000E+00      0.000E+00     -0.990E+02     -0.990E+02
      0.900E+01      0.000E+00      0.000E+00      0.000E+00     -0.990E+02     -0.990E+02
      0.925E+01      0.000E+00      0.000E+00      0.000E+00     -0.990E+02     -0.990E+02
      0.950E+01      0.000E+00      0.000E+00      0.000E+00     -0.990E+02     -0.990E+02
      0.975E+01      0.000E+00      0.000E+00      0.000E+00     -0.990E+02     -0.990E+02
      0.100E+02      0.000E+00      0.000E+00      0.000E+00     -0.990E+02     -0.990E+02
      0.102E+02      0.000E+00      0.000E+00      0.000E+00     -0.990E+02     -0.990E+02
      0.105E+02      0.000E+00      0.000E+00      0.000E+00     -0.990E+02     -0.990E+02
      0.108E+02      0.000E+00      0.000E+00      0.000E+00     -0.990E+02     -0.990E+02
      0.110E+02      0.000E+00      0.000E+00      0.000E+00     -0.990E+02     -0.990E+02
      0.112E+02      0.000E+00      0.000E+00      0.000E+00     -0.990E+02     -0.990E+02
      0.115E+02      0.000E+00      0.000E+00      0.000E+00     -0.990E+02     -0.990E+02
      0.118E+02      0.000E+00      0.000E+00      0.000E+00     -0.990E+02     -0.990E+02
      0.120E+02      0.000E+00      0.000E+00      0.000E+00     -0.990E+02     -0.990E+02
      0.122E+02      0.000E+00      0.000E+00      0.000E+00     -0.990E+02     -0.990E+02
      0.125E+02      0.000E+00      0.000E+00      0.000E+00     -0.990E+02     -0.990E+02
      0.128E+02      0.000E+00      0.000E+00      0.000E+00     -0.990E+02     -0.990E+02
      0.130E+02      0.000E+00      0.000E+00      0.000E+00     -0.990E+02     -0.990E+02
      0.132E+02      0.000E+00      0.000E+00      0.000E+00     -0.990E+02     -0.990E+02
      0.135E+02      0.000E+00      0.000E+00      0.000E+00     -0.990E+02     -0.990E+02
      0.138E+02      0.000E+00      0.000E+00      0.000E+00     -0.990E+02     -0.990E+02
      0.140E+02      0.000E+00      0.000E+00      0.000E+00     -0.990E+02     -0.990E+02
      0.142E+02      0.000E+00      0.000E+00      0.000E+00     -0.990E+02     -0.990E+02
      0.145E+02      0.000E+00      0.000E+00      0.000E+00     -0.990E+02     -0.990E+02
      0.148E+02      0.000E+00      0.000E+00      0.000E+00     -0.990E+02     -0.990E+02
      0.150E+02      0.000E+00      0.000E+00      0.000E+00     -0.990E+02     -0.990E+02
      0.152E+02      0.000E+00      0.000E+00      0.000E+00     -0.990E+02     -0.990E+02
      0.155E+02      0.000E+00      0.000E+00      0.000E+00     -0.990E+02     -0.990E+02
      0.158E+02      0.000E+00      0.000E+00      0.000E+00     -0.990E+02     -0.990E+02
      0.160E+02      0.000E+00      0.000E+00      0.000E+00     -0.990E+02     -0.990E+02
      0.162E+02      0.000E+00      0.000E+00      0.000E+00     -0.990E+02     -0.990E+02
      0.165E+02      0.000E+00      0.000E+00      0.000E+00     -0.990E+02     -0.990E+02
      0.168E+02      0.000E+00      0.000E+00      0.000E+00     -0.990E+02     -0.990E+02
      0.170E+02      0.000E+00      0.000E+00      0.000E+00     -0.990E+02     -0.990E+02
      0.172E+02      0.000E+00      0.000E+00      0.000E+00     -0.990E+02     -0.990E+02
      0.175E+02      0.000E+00      0.000E+00      0.000E+00     -0.990E+02     -0.990E+02
      0.178E+02      0.000E+00      0.000E+00      0.000E+00     -0.990E+02     -0.990E+02
      0.180E+02      0.000E+00      0.000E+00      0.000E+00     -0.990E+02     -0.990E+02
      0.182E+02      0.000E+00      0.000E+00      0.000E+00     -0.990E+02     -0.990E+02
      0.185E+02      0.000E+00      0.000E+00      0.000E+00     -0.990E+02     -0.990E+02
      0.188E+02      0.000E+00      0.000E+00      0.000E+00     -0.990E+02     -0.990E+02
      0.190E+02      0.000E+00      0.000E+00      0.000E+00     -0.990E+02     -0.990E+02
      0.192E+02      0.000E+00      0.000E+00      0.000E+00     -0.990E+02     -0.990E+02
      0.195E+02      0.000E+00      0.000E+00      0.000E+00     -0.990E+02     -0.990E+02
      0.198E+02      0.000E+00      0.000E+00      0.000E+00     -0.990E+02     -0.990E+02
      0.200E+02      0.000E+00      0.000E+00      0.000E+00     -0.990E+02     -0.990E+02
