      0.000E+00      0.350E+02      0.248E+01      0.121E+11     -0.990E+02     -0.990E+02
      0.100E-03      0.350E+02      0.248E+01      0.121E+11     -0.990E+02     -0.990E+02
      0.140E-03      0.350E+02      0.248E+01      0.121E+11     -0.990E+02     -0.990E+02
      0.160E-03      0.350E+02      0.248E+01      0.121E+11     -0.990E+02     -0.990E+02
      0.180E-03      0.350E+02      0.248E+01      0.121E+11     -0.990E+02     -0.990E+02
      0.200E-03      0.350E+02      0.248E+01      0.121E+11     -0.990E+02     -0.990E+02
      0.220E-03      0.350E+02      0.248E+01      0.121E+11     -0.990E+02     -0.990E+02
      0.250E-03      0.350E+02      0.248E+01      0.121E+11     -0.990E+02     -0.990E+02
      0.280E-03      0.350E+02      0.248E+01      0.121E+11     -0.990E+02     -0.990E+02
      0.320E-03      0.350E+02      0.248E+01      0.121E+11     -0.990E+02     -0.990E+02
      0.350E-03      0.350E+02      0.248E+01      0.121E+11     -0.990E+02     -0.990E+02
      0.400E-03      0.350E+02      0.248E+01      0.121E+11     -0.990E+02     -0.990E+02
      0.450E-03      0.350E+02      0.248E+01      0.121E+11     -0.990E+02     -0.990E+02
      0.500E-03      0.350E+02      0.248E+01      0.121E+11     -0.990E+02     -0.990E+02
      0.560E-03      0.350E+02      0.248E+01      0.121E+11     -0.990E+02     -0.990E+02
      0.630E-03      0.350E+02      0.248E+01      0.121E+11     -0.990E+02     -0.990E+02
      0.710E-03      0.350E+02      0.248E+01      0.121E+11     -0.990E+02     -0.990E+02
      0.790E-03      0.350E+02      0.248E+01      0.121E+11     -0.990E+02     -0.990E+02
      0.890E-03      0.350E+02      0.248E+01      0.121E+11     -0.990E+02     -0.990E+02
      0.100E-02      0.350E+02      0.248E+01      0.121E+11     -0.990E+02     -0.990E+02
      0.105E-02      0.350E+02      0.248E+01      0.121E+11     -0.990E+02     -0.990E+02
      0.110E-02      0.350E+02      0.248E+01      0.121E+11     -0.990E+02     -0.990E+02
      0.115E-02      0.350E+02      0.248E+01      0.121E+11     -0.990E+02     -0.990E+02
      0.120E-02      0.350E+02      0.248E+01      0.121E+11     -0.990E+02     -0.990E+02
      0.126E-02      0.350E+02      0.248E+01      0.121E+11     -0.990E+02     -0.990E+02
      0.132E-02      0.350E+02      0.248E+01      0.121E+11     -0.990E+02     -0.990E+02
      0.138E-02      0.350E+02      0.248E+01      0.121E+11     -0.990E+02     -0.990E+02
      0.145E-02      0.350E+02      0.248E+01      0.121E+11     -0.990E+02     -0.990E+02
      0.151E-02      0.350E+02      0.248E+01      0.121E+11     -0.990E+02     -0.990E+02
      0.158E-02      0.350E+02      0.248E+01      0.121E+11     -0.990E+02     -0.990E+02
      0.166E-02      0.350E+02      0.248E+01      0.121E+11     -0.990E+02     -0.990E+02
      0.174E-02      0.350E+02      0.248E+01      0.121E+11     -0.990E+02     -0.990E+02
      0.182E-02      0.350E+02      0.248E+01      0.121E+11     -0.990E+02     -0.990E+02
      0.191E-02      0.350E+02      0.248E+01      0.121E+11     -0.990E+02     -0.990E+02
      0.200E-02      0.350E+02      0.248E+01      0.121E+11     -0.990E+02     -0.990E+02
      0.209E-02      0.350E+02      0.248E+01      0.121E+11     -0.990E+02     -0.990E+02
      0.219E-02      0.350E+02      0.248E+01      0.121E+11     -0.990E+02     -0.990E+02
      0.229E-02      0.350E+02      0.248E+01      0.121E+11     -0.990E+02     -0.990E+02
      0.240E-02      0.350E+02      0.248E+01      0.121E+11     -0.990E+02     -0.990E+02
      0.251E-02      0.350E+02      0.248E+01      0.121E+11     -0.990E+02     -0.990E+02
      0.263E-02      0.350E+02      0.248E+01      0.121E+11     -0.990E+02     -0.990E+02
      0.275E-02      0.350E+02      0.248E+01      0.121E+11     -0.990E+02     -0.990E+02
      0.288E-02      0.350E+02      0.248E+01      0.121E+11     -0.990E+02     -0.990E+02
      0.302E-02      0.350E+02      0.248E+01      0.121E+11     -0.990E+02     -0.990E+02
      0.316E-02      0.350E+02      0.248E+01      0.121E+11     -0.990E+02     -0.990E+02
      0.331E-02      0.350E+02      0.248E+01      0.121E+11     -0.990E+02     -0.990E+02
      0.347E-02      0.350E+02      0.248E+01      0.121E+11     -0.990E+02     -0.990E+02
      0.363E-02      0.350E+02      0.248E+01      0.121E+11     -0.990E+02     -0.990E+02
      0.380E-02      0.350E+02      0.248E+01      0.121E+11     -0.990E+02     -0.990E+02
      0.398E-02      0.350E+02      0.248E+01      0.121E+11     -0.990E+02     -0.990E+02
      0.417E-02      0.350E+02      0.248E+01      0.121E+11     -0.990E+02     -0.990E+02
      0.437E-02      0.350E+02      0.248E+01      0.121E+11     -0.990E+02     -0.990E+02
      0.457E-02      0.350E+02      0.248E+01      0.121E+11     -0.990E+02     -0.990E+02
      0.479E-02      0.350E+02      0.248E+01      0.121E+11     -0.990E+02     -0.990E+02
      0.501E-02      0.350E+02      0.248E+01      0.121E+11     -0.990E+02     -0.990E+02
      0.525E-02      0.350E+02      0.248E+01      0.121E+11     -0.990E+02     -0.990E+02
      0.550E-02      0.350E+02      0.248E+01      0.121E+11     -0.990E+02     -0.990E+02
      0.575E-02      0.350E+02      0.248E+01      0.121E+11     -0.990E+02     -0.990E+02
      0.603E-02      0.350E+02      0.248E+01      0.121E+11     -0.990E+02     -0.990E+02
      0.631E-02      0.350E+02      0.248E+01      0.121E+11     -0.990E+02     -0.990E+02
      0.661E-02      0.350E+02      0.248E+01      0.121E+11     -0.990E+02     -0.990E+02
      0.692E-02      0.350E+02      0.248E+01      0.121E+11     -0.990E+02     -0.990E+02
      0.724E-02      0.350E+02      0.248E+01      0.121E+11     -0.990E+02     -0.990E+02
      0.759E-02      0.350E+02      0.248E+01      0.121E+11     -0.990E+02     -0.990E+02
      0.794E-02      0.350E+02      0.248E+01      0.121E+11     -0.990E+02     -0.990E+02
      0.832E-02      0.350E+02      0.248E+01      0.121E+11     -0.990E+02     -0.990E+02
      0.871E-02      0.350E+02      0.248E+01      0.121E+11     -0.990E+02     -0.990E+02
      0.912E-02      0.350E+02      0.248E+01      0.121E+11     -0.990E+02     -0.990E+02
      0.955E-02      0.350E+02      0.248E+01      0.121E+11     -0.990E+02     -0.990E+02
      0.100E-01      0.350E+02      0.248E+01      0.121E+11     -0.899E+00      0.502E+00
      0.105E-01      0.379E+02      0.142E+02      0.117E+11     -0.900E+00      0.502E+00
      0.110E-01      0.377E+02      0.141E+02      0.117E+11     -0.900E+00      0.502E+00
      0.115E-01      0.376E+02      0.141E+02      0.117E+11     -0.900E+00      0.502E+00
      0.120E-01      0.376E+02      0.140E+02      0.117E+11     -0.901E+00      0.502E+00
      0.126E-01      0.377E+02      0.141E+02      0.117E+11     -0.901E+00      0.502E+00
      0.132E-01      0.378E+02      0.141E+02      0.117E+11     -0.901E+00      0.502E+00
      0.138E-01      0.377E+02      0.141E+02      0.116E+11     -0.901E+00      0.502E+00
      0.144E-01      0.374E+02      0.140E+02      0.116E+11     -0.902E+00      0.503E+00
      0.151E-01      0.375E+02      0.140E+02      0.116E+11     -0.902E+00      0.503E+00
      0.159E-01      0.376E+02      0.140E+02      0.116E+11     -0.902E+00      0.503E+00
      0.166E-01      0.376E+02      0.140E+02      0.115E+11     -0.903E+00      0.503E+00
      0.174E-01      0.376E+02      0.140E+02      0.115E+11     -0.903E+00      0.504E+00
      0.182E-01      0.377E+02      0.141E+02      0.115E+11     -0.904E+00      0.504E+00
      0.191E-01      0.376E+02      0.140E+02      0.115E+11     -0.904E+00      0.504E+00
      0.200E-01      0.374E+02      0.140E+02      0.114E+11     -0.904E+00      0.504E+00
      0.209E-01      0.374E+02      0.139E+02      0.114E+11     -0.905E+00      0.505E+00
      0.219E-01      0.373E+02      0.139E+02      0.114E+11     -0.906E+00      0.505E+00
      0.229E-01      0.374E+02      0.139E+02      0.113E+11     -0.906E+00      0.505E+00
      0.240E-01      0.374E+02      0.139E+02      0.113E+11     -0.907E+00      0.506E+00
      0.251E-01      0.374E+02      0.139E+02      0.113E+11     -0.907E+00      0.506E+00
      0.263E-01      0.373E+02      0.139E+02      0.112E+11     -0.908E+00      0.507E+00
      0.275E-01      0.372E+02      0.139E+02      0.112E+11     -0.908E+00      0.507E+00
      0.290E-01      0.372E+02      0.138E+02      0.112E+11     -0.909E+00      0.507E+00
      0.300E-01      0.371E+02      0.138E+02      0.111E+11     -0.909E+00      0.507E+00
      0.310E-01      0.371E+02      0.138E+02      0.111E+11     -0.910E+00      0.507E+00
      0.320E-01      0.371E+02      0.138E+02      0.111E+11     -0.910E+00      0.507E+00
      0.330E-01      0.370E+02      0.138E+02      0.110E+11     -0.911E+00      0.508E+00
      0.340E-01      0.370E+02      0.137E+02      0.110E+11     -0.911E+00      0.507E+00
      0.350E-01      0.369E+02      0.137E+02      0.110E+11     -0.912E+00      0.508E+00
      0.360E-01      0.369E+02      0.137E+02      0.109E+11     -0.912E+00      0.508E+00
      0.370E-01      0.369E+02      0.137E+02      0.109E+11     -0.913E+00      0.508E+00
      0.380E-01      0.368E+02      0.136E+02      0.109E+11     -0.913E+00      0.508E+00
      0.390E-01      0.368E+02      0.136E+02      0.109E+11     -0.914E+00      0.508E+00
      0.400E-01      0.368E+02      0.136E+02      0.108E+11     -0.914E+00      0.508E+00
      0.425E-01      0.367E+02      0.136E+02      0.108E+11     -0.915E+00      0.509E+00
      0.450E-01      0.365E+02      0.135E+02      0.107E+11     -0.917E+00      0.510E+00
      0.475E-01      0.364E+02      0.135E+02      0.106E+11     -0.918E+00      0.510E+00
      0.500E-01      0.364E+02      0.134E+02      0.106E+11     -0.919E+00      0.511E+00
      0.525E-01      0.363E+02      0.134E+02      0.105E+11     -0.920E+00      0.511E+00
      0.550E-01      0.361E+02      0.133E+02      0.104E+11     -0.922E+00      0.512E+00
      0.571E-01      0.361E+02      0.133E+02      0.103E+11     -0.922E+00      0.513E+00
      0.640E-01      0.358E+02      0.132E+02      0.102E+11     -0.926E+00      0.516E+00
      0.719E-01      0.355E+02      0.131E+02      0.100E+11     -0.930E+00      0.520E+00
      0.806E-01      0.351E+02      0.130E+02      0.978E+10     -0.935E+00      0.524E+00
      0.905E-01      0.347E+02      0.129E+02      0.953E+10     -0.940E+00      0.531E+00
      0.102E+00      0.343E+02      0.128E+02      0.925E+10     -0.946E+00      0.540E+00
      0.114E+00      0.338E+02      0.128E+02      0.894E+10     -0.953E+00      0.551E+00
      0.128E+00      0.332E+02      0.128E+02      0.861E+10     -0.961E+00      0.566E+00
      0.143E+00      0.326E+02      0.128E+02      0.824E+10     -0.971E+00      0.586E+00
      0.161E+00      0.318E+02      0.129E+02      0.784E+10     -0.983E+00      0.608E+00
      0.181E+00      0.309E+02      0.129E+02      0.741E+10     -0.996E+00      0.630E+00
      0.203E+00      0.297E+02      0.127E+02      0.694E+10     -0.101E+01      0.648E+00
      0.227E+00      0.284E+02      0.126E+02      0.644E+10     -0.103E+01      0.677E+00
      0.255E+00      0.269E+02      0.121E+02      0.590E+10     -0.105E+01      0.692E+00
      0.286E+00      0.253E+02      0.110E+02      0.534E+10     -0.108E+01      0.685E+00
      0.321E+00      0.236E+02      0.977E+01      0.476E+10     -0.112E+01      0.679E+00
      0.360E+00      0.217E+02      0.870E+01      0.415E+10     -0.117E+01      0.692E+00
      0.404E+00      0.196E+02      0.785E+01      0.352E+10     -0.123E+01      0.731E+00
      0.453E+00      0.172E+02      0.733E+01      0.289E+10     -0.128E+01      0.785E+00
      0.509E+00      0.148E+02      0.680E+01      0.228E+10     -0.132E+01      0.851E+00
      0.571E+00      0.119E+02      0.527E+01      0.169E+10     -0.132E+01      0.805E+00
      0.641E+00      0.870E+01      0.373E+01      0.117E+10     -0.131E+01      0.760E+00
      0.719E+00      0.583E+01      0.273E+01      0.740E+09     -0.141E+01      0.870E+00
      0.806E+00      0.386E+01      0.206E+01      0.420E+09     -0.149E+01      0.104E+01
      0.905E+00      0.207E+01      0.113E+01      0.185E+09     -0.151E+01      0.107E+01
      0.102E+01      0.426E+00      0.446E+00      0.442E+08     -0.147E+01      0.203E+01
      0.114E+01      0.130E+00      0.245E+00      0.120E+08     -0.137E+01      0.325E+01
      0.128E+01      0.935E-02      0.157E+00      0.101E+07     -0.982E+00      0.235E+02
      0.143E+01      0.130E-02      0.218E-01      0.136E+06     -0.987E+00      0.236E+02
      0.161E+01      0.159E-05      0.792E-03      0.163E+03     -0.276E+01      0.149E+04
      0.168E+01      0.674E-06      0.573E-03      0.425E+02     -0.249E+01      0.225E+04
      0.170E+01      0.421E-06      0.524E-03      0.236E+02     -0.221E+01      0.292E+04
      0.180E+01      0.104E-06      0.298E-03      0.799E+01     -0.800E+00      0.311E+04
      0.190E+01      0.257E-07      0.743E-04      0.158E+01     -0.799E+00      0.312E+04
      0.200E+01      0.855E-10      0.520E-05      0.737E-02     -0.723E+00      0.586E+05
      0.210E+01      0.352E-10      0.214E-05      0.214E-02     -0.723E+00      0.585E+05
      0.220E+01      0.420E-31      0.939E-17      0.253E-23     -0.324E+01            NaN
      0.230E+01      0.000E+00      0.622E-29      0.000E+00     -0.990E+02     -0.990E+02
      0.240E+01      0.000E+00      0.286E-29      0.000E+00     -0.990E+02     -0.990E+02
      0.250E+01      0.000E+00      0.000E+00      0.000E+00     -0.990E+02     -0.990E+02
      0.260E+01      0.000E+00      0.000E+00      0.000E+00     -0.990E+02     -0.990E+02
      0.275E+01      0.000E+00      0.000E+00      0.000E+00     -0.990E+02     -0.990E+02
      0.300E+01      0.000E+00      0.000E+00      0.000E+00     -0.990E+02     -0.990E+02
      0.325E+01      0.000E+00      0.000E+00      0.000E+00     -0.990E+02     -0.990E+02
      0.350E+01      0.000E+00      0.000E+00      0.000E+00     -0.990E+02     -0.990E+02
      0.375E+01      0.000E+00      0.000E+00      0.000E+00     -0.990E+02     -0.990E+02
      0.400E+01      0.000E+00      0.000E+00      0.000E+00     -0.990E+02     -0.990E+02
      0.425E+01      0.000E+00      0.000E+00      0.000E+00     -0.990E+02     -0.990E+02
      0.450E+01      0.000E+00      0.000E+00      0.000E+00     -0.990E+02     -0.990E+02
      0.475E+01      0.000E+00      0.000E+00      0.000E+00     -0.990E+02     -0.990E+02
      0.500E+01      0.000E+00      0.000E+00      0.000E+00     -0.990E+02     -0.990E+02
      0.525E+01      0.000E+00      0.000E+00      0.000E+00     -0.990E+02     -0.990E+02
      0.550E+01      0.000E+00      0.000E+00      0.000E+00     -0.990E+02     -0.990E+02
      0.575E+01      0.000E+00      0.000E+00      0.000E+00     -0.990E+02     -0.990E+02
      0.600E+01      0.000E+00      0.000E+00      0.000E+00     -0.990E+02     -0.990E+02
      0.625E+01      0.000E+00      0.000E+00      0.000E+00     -0.990E+02     -0.990E+02
      0.650E+01      0.000E+00      0.000E+00      0.000E+00     -0.990E+02     -0.990E+02
      0.675E+01      0.000E+00      0.000E+00      0.000E+00     -0.990E+02     -0.990E+02
      0.700E+01      0.000E+00      0.000E+00      0.000E+00     -0.990E+02     -0.990E+02
      0.725E+01      0.000E+00      0.000E+00      0.000E+00     -0.990E+02     -0.990E+02
      0.750E+01      0.000E+00      0.000E+00      0.000E+00     -0.990E+02     -0.990E+02
      0.775E+01      0.000E+00      0.000E+00      0.000E+00     -0.990E+02     -0.990E+02
      0.800E+01      0.000E+00      0.000E+00      0.000E+00     -0.990E+02     -0.990E+02
      0.825E+01      0.000E+00      0.000E+00      0.000E+00     -0.990E+02     -0.990E+02
      0.850E+01      0.000E+00      0.000E+00      0.000E+00     -0.990E+02     -0.990E+02
      0.875E+01      0.000E+00      0.000E+00      0.000E+00     -0.990E+02     -0.990E+02
      0.900E+01      0.000E+00      0.000E+00      0.000E+00     -0.990E+02     -0.990E+02
      0.925E+01      0.000E+00      0.000E+00      0.000E+00     -0.990E+02     -0.990E+02
      0.950E+01      0.000E+00      0.000E+00      0.000E+00     -0.990E+02     -0.990E+02
      0.975E+01      0.000E+00      0.000E+00      0.000E+00     -0.990E+02     -0.990E+02
      0.100E+02      0.000E+00      0.000E+00      0.000E+00     -0.990E+02     -0.990E+02
      0.102E+02      0.000E+00      0.000E+00      0.000E+00     -0.990E+02     -0.990E+02
      0.105E+02      0.000E+00      0.000E+00      0.000E+00     -0.990E+02     -0.990E+02
      0.108E+02      0.000E+00      0.000E+00      0.000E+00     -0.990E+02     -0.990E+02
      0.110E+02      0.000E+00      0.000E+00      0.000E+00     -0.990E+02     -0.990E+02
      0.112E+02      0.000E+00      0.000E+00      0.000E+00     -0.990E+02     -0.990E+02
      0.115E+02      0.000E+00      0.000E+00      0.000E+00     -0.990E+02     -0.990E+02
      0.118E+02      0.000E+00      0.000E+00      0.000E+00     -0.990E+02     -0.990E+02
      0.120E+02      0.000E+00      0.000E+00      0.000E+00     -0.990E+02     -0.990E+02
      0.122E+02      0.000E+00      0.000E+00      0.000E+00     -0.990E+02     -0.990E+02
      0.125E+02      0.000E+00      0.000E+00      0.000E+00     -0.990E+02     -0.990E+02
      0.128E+02      0.000E+00      0.000E+00      0.000E+00     -0.990E+02     -0.990E+02
      0.130E+02      0.000E+00      0.000E+00      0.000E+00     -0.990E+02     -0.990E+02
      0.132E+02      0.000E+00      0.000E+00      0.000E+00     -0.990E+02     -0.990E+02
      0.135E+02      0.000E+00      0.000E+00      0.000E+00     -0.990E+02     -0.990E+02
      0.138E+02      0.000E+00      0.000E+00      0.000E+00     -0.990E+02     -0.990E+02
      0.140E+02      0.000E+00      0.000E+00      0.000E+00     -0.990E+02     -0.990E+02
      0.142E+02      0.000E+00      0.000E+00      0.000E+00     -0.990E+02     -0.990E+02
      0.145E+02      0.000E+00      0.000E+00      0.000E+00     -0.990E+02     -0.990E+02
      0.148E+02      0.000E+00      0.000E+00      0.000E+00     -0.990E+02     -0.990E+02
      0.150E+02      0.000E+00      0.000E+00      0.000E+00     -0.990E+02     -0.990E+02
      0.152E+02      0.000E+00      0.000E+00      0.000E+00     -0.990E+02     -0.990E+02
      0.155E+02      0.000E+00      0.000E+00      0.000E+00     -0.990E+02     -0.990E+02
      0.158E+02      0.000E+00      0.000E+00      0.000E+00     -0.990E+02     -0.990E+02
      0.160E+02      0.000E+00      0.000E+00      0.000E+00     -0.990E+02     -0.990E+02
      0.162E+02      0.000E+00      0.000E+00      0.000E+00     -0.990E+02     -0.990E+02
      0.165E+02      0.000E+00      0.000E+00      0.000E+00     -0.990E+02     -0.990E+02
      0.168E+02      0.000E+00      0.000E+00      0.000E+00     -0.990E+02     -0.990E+02
      0.170E+02      0.000E+00      0.000E+00      0.000E+00     -0.990E+02     -0.990E+02
      0.172E+02      0.000E+00      0.000E+00      0.000E+00     -0.990E+02     -0.990E+02
      0.175E+02      0.000E+00      0.000E+00      0.000E+00     -0.990E+02     -0.990E+02
      0.178E+02      0.000E+00      0.000E+00      0.000E+00     -0.990E+02     -0.990E+02
      0.180E+02      0.000E+00      0.000E+00      0.000E+00     -0.990E+02     -0.990E+02
      0.182E+02      0.000E+00      0.000E+00      0.000E+00     -0.990E+02     -0.990E+02
      0.185E+02      0.000E+00      0.000E+00      0.000E+00     -0.990E+02     -0.990E+02
      0.188E+02      0.000E+00      0.000E+00      0.000E+00     -0.990E+02     -0.990E+02
      0.190E+02      0.000E+00      0.000E+00      0.000E+00     -0.990E+02     -0.990E+02
      0.192E+02      0.000E+00      0.000E+00      0.000E+00     -0.990E+02     -0.990E+02
      0.195E+02      0.000E+00      0.000E+00      0.000E+00     -0.990E+02     -0.990E+02
      0.198E+02      0.000E+00      0.000E+00      0.000E+00     -0.990E+02     -0.990E+02
      0.200E+02      0.000E+00      0.000E+00      0.000E+00     -0.990E+02     -0.990E+02
