      0.000E+00      0.144E+02      0.693E+01      0.447E+10     -0.990E+02     -0.990E+02
      0.100E-03      0.144E+02      0.693E+01      0.447E+10     -0.990E+02     -0.990E+02
      0.140E-03      0.144E+02      0.693E+01      0.447E+10     -0.990E+02     -0.990E+02
      0.160E-03      0.144E+02      0.693E+01      0.447E+10     -0.990E+02     -0.990E+02
      0.180E-03      0.144E+02      0.693E+01      0.447E+10     -0.990E+02     -0.990E+02
      0.200E-03      0.144E+02      0.693E+01      0.447E+10     -0.990E+02     -0.990E+02
      0.220E-03      0.144E+02      0.693E+01      0.447E+10     -0.990E+02     -0.990E+02
      0.250E-03      0.144E+02      0.693E+01      0.447E+10     -0.990E+02     -0.990E+02
      0.280E-03      0.144E+02      0.693E+01      0.447E+10     -0.990E+02     -0.990E+02
      0.320E-03      0.144E+02      0.693E+01      0.447E+10     -0.990E+02     -0.990E+02
      0.350E-03      0.144E+02      0.693E+01      0.447E+10     -0.990E+02     -0.990E+02
      0.400E-03      0.144E+02      0.693E+01      0.447E+10     -0.990E+02     -0.990E+02
      0.450E-03      0.144E+02      0.693E+01      0.447E+10     -0.990E+02     -0.990E+02
      0.500E-03      0.144E+02      0.693E+01      0.447E+10     -0.990E+02     -0.990E+02
      0.560E-03      0.144E+02      0.693E+01      0.447E+10     -0.990E+02     -0.990E+02
      0.630E-03      0.144E+02      0.693E+01      0.447E+10     -0.990E+02     -0.990E+02
      0.710E-03      0.144E+02      0.693E+01      0.447E+10     -0.990E+02     -0.990E+02
      0.790E-03      0.144E+02      0.693E+01      0.447E+10     -0.990E+02     -0.990E+02
      0.890E-03      0.144E+02      0.693E+01      0.447E+10     -0.990E+02     -0.990E+02
      0.100E-02      0.144E+02      0.693E+01      0.447E+10     -0.990E+02     -0.990E+02
      0.105E-02      0.144E+02      0.693E+01      0.447E+10     -0.990E+02     -0.990E+02
      0.110E-02      0.144E+02      0.693E+01      0.447E+10     -0.990E+02     -0.990E+02
      0.115E-02      0.144E+02      0.693E+01      0.447E+10     -0.990E+02     -0.990E+02
      0.120E-02      0.144E+02      0.693E+01      0.447E+10     -0.990E+02     -0.990E+02
      0.126E-02      0.144E+02      0.693E+01      0.447E+10     -0.990E+02     -0.990E+02
      0.132E-02      0.144E+02      0.693E+01      0.447E+10     -0.990E+02     -0.990E+02
      0.138E-02      0.144E+02      0.693E+01      0.447E+10     -0.990E+02     -0.990E+02
      0.145E-02      0.144E+02      0.693E+01      0.447E+10     -0.990E+02     -0.990E+02
      0.151E-02      0.144E+02      0.693E+01      0.447E+10     -0.990E+02     -0.990E+02
      0.158E-02      0.144E+02      0.693E+01      0.447E+10     -0.990E+02     -0.990E+02
      0.166E-02      0.144E+02      0.693E+01      0.447E+10     -0.990E+02     -0.990E+02
      0.174E-02      0.144E+02      0.693E+01      0.447E+10     -0.990E+02     -0.990E+02
      0.182E-02      0.144E+02      0.693E+01      0.447E+10     -0.990E+02     -0.990E+02
      0.191E-02      0.144E+02      0.693E+01      0.447E+10     -0.990E+02     -0.990E+02
      0.200E-02      0.144E+02      0.693E+01      0.447E+10     -0.990E+02     -0.990E+02
      0.209E-02      0.144E+02      0.693E+01      0.447E+10     -0.990E+02     -0.990E+02
      0.219E-02      0.144E+02      0.693E+01      0.447E+10     -0.990E+02     -0.990E+02
      0.229E-02      0.144E+02      0.693E+01      0.447E+10     -0.990E+02     -0.990E+02
      0.240E-02      0.144E+02      0.693E+01      0.447E+10     -0.990E+02     -0.990E+02
      0.251E-02      0.144E+02      0.693E+01      0.447E+10     -0.990E+02     -0.990E+02
      0.263E-02      0.144E+02      0.693E+01      0.447E+10     -0.990E+02     -0.990E+02
      0.275E-02      0.144E+02      0.693E+01      0.447E+10     -0.990E+02     -0.990E+02
      0.288E-02      0.144E+02      0.693E+01      0.447E+10     -0.990E+02     -0.990E+02
      0.302E-02      0.144E+02      0.693E+01      0.447E+10     -0.990E+02     -0.990E+02
      0.316E-02      0.144E+02      0.693E+01      0.447E+10     -0.990E+02     -0.990E+02
      0.331E-02      0.144E+02      0.693E+01      0.447E+10     -0.990E+02     -0.990E+02
      0.347E-02      0.144E+02      0.693E+01      0.447E+10     -0.990E+02     -0.990E+02
      0.363E-02      0.144E+02      0.693E+01      0.447E+10     -0.990E+02     -0.990E+02
      0.380E-02      0.144E+02      0.693E+01      0.447E+10     -0.990E+02     -0.990E+02
      0.398E-02      0.144E+02      0.693E+01      0.447E+10     -0.990E+02     -0.990E+02
      0.417E-02      0.144E+02      0.693E+01      0.447E+10     -0.990E+02     -0.990E+02
      0.437E-02      0.144E+02      0.693E+01      0.447E+10     -0.990E+02     -0.990E+02
      0.457E-02      0.144E+02      0.693E+01      0.447E+10     -0.990E+02     -0.990E+02
      0.479E-02      0.144E+02      0.693E+01      0.447E+10     -0.990E+02     -0.990E+02
      0.501E-02      0.144E+02      0.693E+01      0.447E+10     -0.990E+02     -0.990E+02
      0.525E-02      0.144E+02      0.693E+01      0.447E+10     -0.990E+02     -0.990E+02
      0.550E-02      0.144E+02      0.693E+01      0.447E+10     -0.990E+02     -0.990E+02
      0.575E-02      0.144E+02      0.693E+01      0.447E+10     -0.990E+02     -0.990E+02
      0.603E-02      0.144E+02      0.693E+01      0.447E+10     -0.990E+02     -0.990E+02
      0.631E-02      0.144E+02      0.693E+01      0.447E+10     -0.990E+02     -0.990E+02
      0.661E-02      0.144E+02      0.693E+01      0.447E+10     -0.990E+02     -0.990E+02
      0.692E-02      0.144E+02      0.693E+01      0.447E+10     -0.990E+02     -0.990E+02
      0.724E-02      0.144E+02      0.693E+01      0.447E+10     -0.990E+02     -0.990E+02
      0.759E-02      0.144E+02      0.693E+01      0.447E+10     -0.990E+02     -0.990E+02
      0.794E-02      0.144E+02      0.693E+01      0.447E+10     -0.990E+02     -0.990E+02
      0.832E-02      0.144E+02      0.693E+01      0.447E+10     -0.990E+02     -0.990E+02
      0.871E-02      0.144E+02      0.693E+01      0.447E+10     -0.990E+02     -0.990E+02
      0.912E-02      0.144E+02      0.693E+01      0.447E+10     -0.990E+02     -0.990E+02
      0.955E-02      0.144E+02      0.693E+01      0.447E+10     -0.990E+02     -0.990E+02
      0.100E-01      0.144E+02      0.693E+01      0.447E+10     -0.691E+00      0.754E+00
      0.105E-01      0.953E+01      0.662E+01      0.433E+10     -0.692E+00      0.754E+00
      0.110E-01      0.949E+01      0.658E+01      0.432E+10     -0.692E+00      0.754E+00
      0.115E-01      0.946E+01      0.657E+01      0.432E+10     -0.692E+00      0.754E+00
      0.120E-01      0.945E+01      0.656E+01      0.431E+10     -0.692E+00      0.753E+00
      0.126E-01      0.946E+01      0.656E+01      0.431E+10     -0.692E+00      0.753E+00
      0.132E-01      0.950E+01      0.658E+01      0.430E+10     -0.693E+00      0.753E+00
      0.138E-01      0.947E+01      0.656E+01      0.430E+10     -0.693E+00      0.752E+00
      0.144E-01      0.940E+01      0.650E+01      0.429E+10     -0.693E+00      0.752E+00
      0.151E-01      0.941E+01      0.651E+01      0.429E+10     -0.693E+00      0.752E+00
      0.159E-01      0.944E+01      0.652E+01      0.428E+10     -0.694E+00      0.751E+00
      0.166E-01      0.942E+01      0.650E+01      0.428E+10     -0.694E+00      0.750E+00
      0.174E-01      0.943E+01      0.650E+01      0.427E+10     -0.694E+00      0.749E+00
      0.182E-01      0.945E+01      0.651E+01      0.426E+10     -0.694E+00      0.749E+00
      0.191E-01      0.944E+01      0.649E+01      0.426E+10     -0.695E+00      0.748E+00
      0.200E-01      0.939E+01      0.645E+01      0.425E+10     -0.695E+00      0.748E+00
      0.209E-01      0.936E+01      0.643E+01      0.424E+10     -0.695E+00      0.747E+00
      0.219E-01      0.936E+01      0.642E+01      0.423E+10     -0.696E+00      0.746E+00
      0.229E-01      0.937E+01      0.642E+01      0.423E+10     -0.696E+00      0.745E+00
      0.240E-01      0.936E+01      0.640E+01      0.422E+10     -0.697E+00      0.745E+00
      0.251E-01      0.937E+01      0.640E+01      0.421E+10     -0.697E+00      0.744E+00
      0.263E-01      0.935E+01      0.638E+01      0.420E+10     -0.697E+00      0.743E+00
      0.275E-01      0.931E+01      0.635E+01      0.419E+10     -0.698E+00      0.742E+00
      0.290E-01      0.930E+01      0.633E+01      0.418E+10     -0.698E+00      0.741E+00
      0.300E-01      0.930E+01      0.632E+01      0.417E+10     -0.699E+00      0.740E+00
      0.310E-01      0.929E+01      0.630E+01      0.416E+10     -0.699E+00      0.740E+00
      0.320E-01      0.928E+01      0.629E+01      0.416E+10     -0.700E+00      0.739E+00
      0.330E-01      0.927E+01      0.628E+01      0.415E+10     -0.700E+00      0.738E+00
      0.340E-01      0.926E+01      0.627E+01      0.414E+10     -0.700E+00      0.738E+00
      0.350E-01      0.925E+01      0.625E+01      0.413E+10     -0.701E+00      0.737E+00
      0.360E-01      0.925E+01      0.624E+01      0.413E+10     -0.701E+00      0.736E+00
      0.370E-01      0.923E+01      0.622E+01      0.412E+10     -0.702E+00      0.736E+00
      0.380E-01      0.922E+01      0.621E+01      0.411E+10     -0.702E+00      0.735E+00
      0.390E-01      0.921E+01      0.620E+01      0.410E+10     -0.702E+00      0.734E+00
      0.400E-01      0.921E+01      0.619E+01      0.410E+10     -0.703E+00      0.734E+00
      0.425E-01      0.918E+01      0.615E+01      0.408E+10     -0.703E+00      0.732E+00
      0.450E-01      0.916E+01      0.613E+01      0.406E+10     -0.704E+00      0.731E+00
      0.475E-01      0.913E+01      0.609E+01      0.405E+10     -0.705E+00      0.730E+00
      0.500E-01      0.911E+01      0.606E+01      0.403E+10     -0.706E+00      0.729E+00
      0.525E-01      0.909E+01      0.604E+01      0.401E+10     -0.707E+00      0.728E+00
      0.550E-01      0.906E+01      0.600E+01      0.399E+10     -0.708E+00      0.727E+00
      0.571E-01      0.904E+01      0.599E+01      0.397E+10     -0.709E+00      0.726E+00
      0.640E-01      0.897E+01      0.591E+01      0.394E+10     -0.712E+00      0.724E+00
      0.719E-01      0.888E+01      0.582E+01      0.389E+10     -0.715E+00      0.723E+00
      0.806E-01      0.879E+01      0.573E+01      0.383E+10     -0.718E+00      0.722E+00
      0.905E-01      0.868E+01      0.564E+01      0.377E+10     -0.723E+00      0.722E+00
      0.102E+00      0.856E+01      0.553E+01      0.370E+10     -0.726E+00      0.720E+00
      0.114E+00      0.842E+01      0.538E+01      0.362E+10     -0.729E+00      0.713E+00
      0.128E+00      0.827E+01      0.522E+01      0.354E+10     -0.734E+00      0.705E+00
      0.143E+00      0.810E+01      0.504E+01      0.345E+10     -0.737E+00      0.694E+00
      0.161E+00      0.793E+01      0.484E+01      0.335E+10     -0.742E+00      0.682E+00
      0.181E+00      0.776E+01      0.464E+01      0.324E+10     -0.749E+00      0.670E+00
      0.203E+00      0.755E+01      0.441E+01      0.312E+10     -0.755E+00      0.657E+00
      0.227E+00      0.729E+01      0.414E+01      0.300E+10     -0.761E+00      0.643E+00
      0.255E+00      0.718E+01      0.387E+01      0.286E+10     -0.764E+00      0.617E+00
      0.286E+00      0.732E+01      0.356E+01      0.271E+10     -0.760E+00      0.556E+00
      0.321E+00      0.747E+01      0.332E+01      0.254E+10     -0.755E+00      0.504E+00
      0.360E+00      0.765E+01      0.318E+01      0.234E+10     -0.752E+00      0.463E+00
      0.404E+00      0.773E+01      0.313E+01      0.212E+10     -0.750E+00      0.439E+00
      0.453E+00      0.770E+01      0.324E+01      0.188E+10     -0.749E+00      0.439E+00
      0.509E+00      0.734E+01      0.332E+01      0.160E+10     -0.761E+00      0.465E+00
      0.571E+00      0.597E+01      0.268E+01      0.131E+10     -0.825E+00      0.502E+00
      0.641E+00      0.453E+01      0.212E+01      0.104E+10     -0.926E+00      0.604E+00
      0.719E+00      0.319E+01      0.176E+01      0.817E+09     -0.110E+01      0.853E+00
      0.806E+00      0.238E+01      0.162E+01      0.641E+09     -0.109E+01      0.102E+01
      0.905E+00      0.187E+01      0.150E+01      0.495E+09     -0.946E+00      0.105E+01
      0.102E+01      0.149E+01      0.137E+01      0.367E+09     -0.806E+00      0.106E+01
      0.114E+01      0.134E+01      0.120E+01      0.253E+09     -0.832E+00      0.112E+01
      0.128E+01      0.954E+00      0.836E+00      0.140E+09     -0.814E+00      0.997E+00
      0.143E+01      0.341E+00      0.354E+00      0.501E+08     -0.113E+01      0.180E+01
      0.161E+01      0.828E-01      0.172E+00      0.143E+08     -0.152E+01      0.487E+01
      0.168E+01      0.586E-01      0.133E+00      0.804E+07     -0.143E+01      0.512E+01
      0.170E+01      0.544E-01      0.123E+00      0.640E+07     -0.143E+01      0.503E+01
      0.180E+01      0.344E-01      0.832E-01      0.439E+07     -0.141E+01      0.471E+01
      0.190E+01      0.221E-01      0.638E-01      0.228E+07     -0.134E+01      0.513E+01
      0.200E+01      0.125E-01      0.360E-01      0.928E+06     -0.134E+01      0.513E+01
      0.210E+01      0.286E-02      0.828E-02      0.173E+06     -0.132E+01      0.513E+01
      0.220E+01      0.125E-24      0.707E-14      0.981E-17     -0.320E+01       Infinity
      0.230E+01      0.385E-25      0.315E-14      0.232E-17     -0.274E+01       Infinity
      0.240E+01      0.000E+00      0.458E-22      0.149E-32     -0.327E+01            NaN
      0.250E+01      0.000E+00      0.000E+00      0.000E+00     -0.990E+02     -0.990E+02
      0.260E+01      0.000E+00      0.000E+00      0.000E+00     -0.990E+02     -0.990E+02
      0.275E+01      0.000E+00      0.000E+00      0.000E+00     -0.990E+02     -0.990E+02
      0.300E+01      0.000E+00      0.000E+00      0.000E+00     -0.990E+02     -0.990E+02
      0.325E+01      0.000E+00      0.000E+00      0.000E+00     -0.990E+02     -0.990E+02
      0.350E+01      0.000E+00      0.000E+00      0.000E+00     -0.990E+02     -0.990E+02
      0.375E+01      0.000E+00      0.000E+00      0.000E+00     -0.990E+02     -0.990E+02
      0.400E+01      0.000E+00      0.000E+00      0.000E+00     -0.990E+02     -0.990E+02
      0.425E+01      0.000E+00      0.000E+00      0.000E+00     -0.990E+02     -0.990E+02
      0.450E+01      0.000E+00      0.000E+00      0.000E+00     -0.990E+02     -0.990E+02
      0.475E+01      0.000E+00      0.000E+00      0.000E+00     -0.990E+02     -0.990E+02
      0.500E+01      0.000E+00      0.000E+00      0.000E+00     -0.990E+02     -0.990E+02
      0.525E+01      0.000E+00      0.000E+00      0.000E+00     -0.990E+02     -0.990E+02
      0.550E+01      0.000E+00      0.000E+00      0.000E+00     -0.990E+02     -0.990E+02
      0.575E+01      0.000E+00      0.000E+00      0.000E+00     -0.990E+02     -0.990E+02
      0.600E+01      0.000E+00      0.000E+00      0.000E+00     -0.990E+02     -0.990E+02
      0.625E+01      0.000E+00      0.000E+00      0.000E+00     -0.990E+02     -0.990E+02
      0.650E+01      0.000E+00      0.000E+00      0.000E+00     -0.990E+02     -0.990E+02
      0.675E+01      0.000E+00      0.000E+00      0.000E+00     -0.990E+02     -0.990E+02
      0.700E+01      0.000E+00      0.000E+00      0.000E+00     -0.990E+02     -0.990E+02
      0.725E+01      0.000E+00      0.000E+00      0.000E+00     -0.990E+02     -0.990E+02
      0.750E+01      0.000E+00      0.000E+00      0.000E+00     -0.990E+02     -0.990E+02
      0.775E+01      0.000E+00      0.000E+00      0.000E+00     -0.990E+02     -0.990E+02
      0.800E+01      0.000E+00      0.000E+00      0.000E+00     -0.990E+02     -0.990E+02
      0.825E+01      0.000E+00      0.000E+00      0.000E+00     -0.990E+02     -0.990E+02
      0.850E+01      0.000E+00      0.000E+00      0.000E+00     -0.990E+02     -0.990E+02
      0.875E+01      0.000E+00      0.000E+00      0.000E+00     -0.990E+02     -0.990E+02
      0.900E+01      0.000E+00      0.000E+00      0.000E+00     -0.990E+02     -0.990E+02
      0.925E+01      0.000E+00      0.000E+00      0.000E+00     -0.990E+02     -0.990E+02
      0.950E+01      0.000E+00      0.000E+00      0.000E+00     -0.990E+02     -0.990E+02
      0.975E+01      0.000E+00      0.000E+00      0.000E+00     -0.990E+02     -0.990E+02
      0.100E+02      0.000E+00      0.000E+00      0.000E+00     -0.990E+02     -0.990E+02
      0.102E+02      0.000E+00      0.000E+00      0.000E+00     -0.990E+02     -0.990E+02
      0.105E+02      0.000E+00      0.000E+00      0.000E+00     -0.990E+02     -0.990E+02
      0.108E+02      0.000E+00      0.000E+00      0.000E+00     -0.990E+02     -0.990E+02
      0.110E+02      0.000E+00      0.000E+00      0.000E+00     -0.990E+02     -0.990E+02
      0.112E+02      0.000E+00      0.000E+00      0.000E+00     -0.990E+02     -0.990E+02
      0.115E+02      0.000E+00      0.000E+00      0.000E+00     -0.990E+02     -0.990E+02
      0.118E+02      0.000E+00      0.000E+00      0.000E+00     -0.990E+02     -0.990E+02
      0.120E+02      0.000E+00      0.000E+00      0.000E+00     -0.990E+02     -0.990E+02
      0.122E+02      0.000E+00      0.000E+00      0.000E+00     -0.990E+02     -0.990E+02
      0.125E+02      0.000E+00      0.000E+00      0.000E+00     -0.990E+02     -0.990E+02
      0.128E+02      0.000E+00      0.000E+00      0.000E+00     -0.990E+02     -0.990E+02
      0.130E+02      0.000E+00      0.000E+00      0.000E+00     -0.990E+02     -0.990E+02
      0.132E+02      0.000E+00      0.000E+00      0.000E+00     -0.990E+02     -0.990E+02
      0.135E+02      0.000E+00      0.000E+00      0.000E+00     -0.990E+02     -0.990E+02
      0.138E+02      0.000E+00      0.000E+00      0.000E+00     -0.990E+02     -0.990E+02
      0.140E+02      0.000E+00      0.000E+00      0.000E+00     -0.990E+02     -0.990E+02
      0.142E+02      0.000E+00      0.000E+00      0.000E+00     -0.990E+02     -0.990E+02
      0.145E+02      0.000E+00      0.000E+00      0.000E+00     -0.990E+02     -0.990E+02
      0.148E+02      0.000E+00      0.000E+00      0.000E+00     -0.990E+02     -0.990E+02
      0.150E+02      0.000E+00      0.000E+00      0.000E+00     -0.990E+02     -0.990E+02
      0.152E+02      0.000E+00      0.000E+00      0.000E+00     -0.990E+02     -0.990E+02
      0.155E+02      0.000E+00      0.000E+00      0.000E+00     -0.990E+02     -0.990E+02
      0.158E+02      0.000E+00      0.000E+00      0.000E+00     -0.990E+02     -0.990E+02
      0.160E+02      0.000E+00      0.000E+00      0.000E+00     -0.990E+02     -0.990E+02
      0.162E+02      0.000E+00      0.000E+00      0.000E+00     -0.990E+02     -0.990E+02
      0.165E+02      0.000E+00      0.000E+00      0.000E+00     -0.990E+02     -0.990E+02
      0.168E+02      0.000E+00      0.000E+00      0.000E+00     -0.990E+02     -0.990E+02
      0.170E+02      0.000E+00      0.000E+00      0.000E+00     -0.990E+02     -0.990E+02
      0.172E+02      0.000E+00      0.000E+00      0.000E+00     -0.990E+02     -0.990E+02
      0.175E+02      0.000E+00      0.000E+00      0.000E+00     -0.990E+02     -0.990E+02
      0.178E+02      0.000E+00      0.000E+00      0.000E+00     -0.990E+02     -0.990E+02
      0.180E+02      0.000E+00      0.000E+00      0.000E+00     -0.990E+02     -0.990E+02
      0.182E+02      0.000E+00      0.000E+00      0.000E+00     -0.990E+02     -0.990E+02
      0.185E+02      0.000E+00      0.000E+00      0.000E+00     -0.990E+02     -0.990E+02
      0.188E+02      0.000E+00      0.000E+00      0.000E+00     -0.990E+02     -0.990E+02
      0.190E+02      0.000E+00      0.000E+00      0.000E+00     -0.990E+02     -0.990E+02
      0.192E+02      0.000E+00      0.000E+00      0.000E+00     -0.990E+02     -0.990E+02
      0.195E+02      0.000E+00      0.000E+00      0.000E+00     -0.990E+02     -0.990E+02
      0.198E+02      0.000E+00      0.000E+00      0.000E+00     -0.990E+02     -0.990E+02
      0.200E+02      0.000E+00      0.000E+00      0.000E+00     -0.990E+02     -0.990E+02
