      0.000E+00      0.732E+01      0.811E+00      0.160E+10     -0.990E+02     -0.990E+02
      0.100E-03      0.732E+01      0.811E+00      0.160E+10     -0.990E+02     -0.990E+02
      0.140E-03      0.732E+01      0.811E+00      0.160E+10     -0.990E+02     -0.990E+02
      0.160E-03      0.732E+01      0.811E+00      0.160E+10     -0.990E+02     -0.990E+02
      0.180E-03      0.732E+01      0.811E+00      0.160E+10     -0.990E+02     -0.990E+02
      0.200E-03      0.732E+01      0.811E+00      0.160E+10     -0.990E+02     -0.990E+02
      0.220E-03      0.732E+01      0.811E+00      0.160E+10     -0.990E+02     -0.990E+02
      0.250E-03      0.732E+01      0.811E+00      0.160E+10     -0.990E+02     -0.990E+02
      0.280E-03      0.732E+01      0.811E+00      0.160E+10     -0.990E+02     -0.990E+02
      0.320E-03      0.732E+01      0.811E+00      0.160E+10     -0.990E+02     -0.990E+02
      0.350E-03      0.732E+01      0.811E+00      0.160E+10     -0.990E+02     -0.990E+02
      0.400E-03      0.732E+01      0.811E+00      0.160E+10     -0.990E+02     -0.990E+02
      0.450E-03      0.732E+01      0.811E+00      0.160E+10     -0.990E+02     -0.990E+02
      0.500E-03      0.732E+01      0.811E+00      0.160E+10     -0.990E+02     -0.990E+02
      0.560E-03      0.732E+01      0.811E+00      0.160E+10     -0.990E+02     -0.990E+02
      0.630E-03      0.732E+01      0.811E+00      0.160E+10     -0.990E+02     -0.990E+02
      0.710E-03      0.732E+01      0.811E+00      0.160E+10     -0.990E+02     -0.990E+02
      0.790E-03      0.732E+01      0.811E+00      0.160E+10     -0.990E+02     -0.990E+02
      0.890E-03      0.732E+01      0.811E+00      0.160E+10     -0.990E+02     -0.990E+02
      0.100E-02      0.732E+01      0.811E+00      0.160E+10     -0.990E+02     -0.990E+02
      0.105E-02      0.732E+01      0.811E+00      0.160E+10     -0.990E+02     -0.990E+02
      0.110E-02      0.732E+01      0.811E+00      0.160E+10     -0.990E+02     -0.990E+02
      0.115E-02      0.732E+01      0.811E+00      0.160E+10     -0.990E+02     -0.990E+02
      0.120E-02      0.732E+01      0.811E+00      0.160E+10     -0.990E+02     -0.990E+02
      0.126E-02      0.732E+01      0.811E+00      0.160E+10     -0.990E+02     -0.990E+02
      0.132E-02      0.732E+01      0.811E+00      0.160E+10     -0.990E+02     -0.990E+02
      0.138E-02      0.732E+01      0.811E+00      0.160E+10     -0.990E+02     -0.990E+02
      0.145E-02      0.732E+01      0.811E+00      0.160E+10     -0.990E+02     -0.990E+02
      0.151E-02      0.732E+01      0.811E+00      0.160E+10     -0.990E+02     -0.990E+02
      0.158E-02      0.732E+01      0.811E+00      0.160E+10     -0.990E+02     -0.990E+02
      0.166E-02      0.732E+01      0.811E+00      0.160E+10     -0.990E+02     -0.990E+02
      0.174E-02      0.732E+01      0.811E+00      0.160E+10     -0.990E+02     -0.990E+02
      0.182E-02      0.732E+01      0.811E+00      0.160E+10     -0.990E+02     -0.990E+02
      0.191E-02      0.732E+01      0.811E+00      0.160E+10     -0.990E+02     -0.990E+02
      0.200E-02      0.732E+01      0.811E+00      0.160E+10     -0.990E+02     -0.990E+02
      0.209E-02      0.732E+01      0.811E+00      0.160E+10     -0.990E+02     -0.990E+02
      0.219E-02      0.732E+01      0.811E+00      0.160E+10     -0.990E+02     -0.990E+02
      0.229E-02      0.732E+01      0.811E+00      0.160E+10     -0.990E+02     -0.990E+02
      0.240E-02      0.732E+01      0.811E+00      0.160E+10     -0.990E+02     -0.990E+02
      0.251E-02      0.732E+01      0.811E+00      0.160E+10     -0.990E+02     -0.990E+02
      0.263E-02      0.732E+01      0.811E+00      0.160E+10     -0.990E+02     -0.990E+02
      0.275E-02      0.732E+01      0.811E+00      0.160E+10     -0.990E+02     -0.990E+02
      0.288E-02      0.732E+01      0.811E+00      0.160E+10     -0.990E+02     -0.990E+02
      0.302E-02      0.732E+01      0.811E+00      0.160E+10     -0.990E+02     -0.990E+02
      0.316E-02      0.732E+01      0.811E+00      0.160E+10     -0.990E+02     -0.990E+02
      0.331E-02      0.732E+01      0.811E+00      0.160E+10     -0.990E+02     -0.990E+02
      0.347E-02      0.732E+01      0.811E+00      0.160E+10     -0.990E+02     -0.990E+02
      0.363E-02      0.732E+01      0.811E+00      0.160E+10     -0.990E+02     -0.990E+02
      0.380E-02      0.732E+01      0.811E+00      0.160E+10     -0.990E+02     -0.990E+02
      0.398E-02      0.732E+01      0.811E+00      0.160E+10     -0.990E+02     -0.990E+02
      0.417E-02      0.732E+01      0.811E+00      0.160E+10     -0.990E+02     -0.990E+02
      0.437E-02      0.732E+01      0.811E+00      0.160E+10     -0.990E+02     -0.990E+02
      0.457E-02      0.732E+01      0.811E+00      0.160E+10     -0.990E+02     -0.990E+02
      0.479E-02      0.732E+01      0.811E+00      0.160E+10     -0.990E+02     -0.990E+02
      0.501E-02      0.732E+01      0.811E+00      0.160E+10     -0.990E+02     -0.990E+02
      0.525E-02      0.732E+01      0.811E+00      0.160E+10     -0.990E+02     -0.990E+02
      0.550E-02      0.732E+01      0.811E+00      0.160E+10     -0.990E+02     -0.990E+02
      0.575E-02      0.732E+01      0.811E+00      0.160E+10     -0.990E+02     -0.990E+02
      0.603E-02      0.732E+01      0.811E+00      0.160E+10     -0.990E+02     -0.990E+02
      0.631E-02      0.732E+01      0.811E+00      0.160E+10     -0.990E+02     -0.990E+02
      0.661E-02      0.732E+01      0.811E+00      0.160E+10     -0.990E+02     -0.990E+02
      0.692E-02      0.732E+01      0.811E+00      0.160E+10     -0.990E+02     -0.990E+02
      0.724E-02      0.732E+01      0.811E+00      0.160E+10     -0.990E+02     -0.990E+02
      0.759E-02      0.732E+01      0.811E+00      0.160E+10     -0.990E+02     -0.990E+02
      0.794E-02      0.732E+01      0.811E+00      0.160E+10     -0.990E+02     -0.990E+02
      0.832E-02      0.732E+01      0.811E+00      0.160E+10     -0.990E+02     -0.990E+02
      0.871E-02      0.732E+01      0.811E+00      0.160E+10     -0.990E+02     -0.990E+02
      0.912E-02      0.732E+01      0.811E+00      0.160E+10     -0.990E+02     -0.990E+02
      0.955E-02      0.732E+01      0.811E+00      0.160E+10     -0.990E+02     -0.990E+02
      0.100E-01      0.732E+01      0.811E+00      0.160E+10      0.611E-01      0.181E+00
      0.105E-01      0.116E+01      0.959E+00      0.152E+10      0.614E-01      0.180E+00
      0.110E-01      0.115E+01      0.953E+00      0.152E+10      0.615E-01      0.180E+00
      0.115E-01      0.115E+01      0.948E+00      0.152E+10      0.618E-01      0.180E+00
      0.120E-01      0.115E+01      0.948E+00      0.152E+10      0.620E-01      0.180E+00
      0.126E-01      0.115E+01      0.950E+00      0.152E+10      0.621E-01      0.180E+00
      0.132E-01      0.116E+01      0.952E+00      0.152E+10      0.625E-01      0.180E+00
      0.138E-01      0.115E+01      0.947E+00      0.152E+10      0.628E-01      0.180E+00
      0.144E-01      0.114E+01      0.936E+00      0.152E+10      0.631E-01      0.179E+00
      0.151E-01      0.115E+01      0.938E+00      0.152E+10      0.634E-01      0.179E+00
      0.159E-01      0.115E+01      0.940E+00      0.152E+10      0.636E-01      0.179E+00
      0.166E-01      0.115E+01      0.937E+00      0.152E+10      0.638E-01      0.179E+00
      0.174E-01      0.115E+01      0.935E+00      0.152E+10      0.644E-01      0.178E+00
      0.182E-01      0.115E+01      0.937E+00      0.152E+10      0.647E-01      0.178E+00
      0.191E-01      0.115E+01      0.934E+00      0.151E+10      0.651E-01      0.178E+00
      0.200E-01      0.114E+01      0.927E+00      0.151E+10      0.654E-01      0.178E+00
      0.209E-01      0.114E+01      0.922E+00      0.151E+10      0.660E-01      0.177E+00
      0.219E-01      0.114E+01      0.921E+00      0.151E+10      0.663E-01      0.177E+00
      0.229E-01      0.114E+01      0.920E+00      0.151E+10      0.666E-01      0.177E+00
      0.240E-01      0.114E+01      0.919E+00      0.151E+10      0.670E-01      0.177E+00
      0.251E-01      0.114E+01      0.916E+00      0.151E+10      0.678E-01      0.176E+00
      0.263E-01      0.114E+01      0.912E+00      0.151E+10      0.681E-01      0.176E+00
      0.275E-01      0.113E+01      0.907E+00      0.151E+10      0.686E-01      0.176E+00
      0.290E-01      0.113E+01      0.904E+00      0.151E+10      0.695E-01      0.176E+00
      0.300E-01      0.113E+01      0.903E+00      0.150E+10      0.698E-01      0.175E+00
      0.310E-01      0.113E+01      0.899E+00      0.150E+10      0.701E-01      0.175E+00
      0.320E-01      0.113E+01      0.896E+00      0.150E+10      0.707E-01      0.175E+00
      0.330E-01      0.113E+01      0.895E+00      0.150E+10      0.709E-01      0.175E+00
      0.340E-01      0.113E+01      0.892E+00      0.150E+10      0.715E-01      0.174E+00
      0.350E-01      0.113E+01      0.889E+00      0.150E+10      0.719E-01      0.174E+00
      0.360E-01      0.113E+01      0.888E+00      0.150E+10      0.724E-01      0.174E+00
      0.370E-01      0.112E+01      0.885E+00      0.150E+10      0.727E-01      0.174E+00
      0.380E-01      0.112E+01      0.882E+00      0.150E+10      0.733E-01      0.173E+00
      0.390E-01      0.112E+01      0.879E+00      0.150E+10      0.737E-01      0.173E+00
      0.400E-01      0.112E+01      0.878E+00      0.150E+10      0.741E-01      0.173E+00
      0.425E-01      0.112E+01      0.871E+00      0.149E+10      0.753E-01      0.172E+00
      0.450E-01      0.112E+01      0.866E+00      0.149E+10      0.764E-01      0.172E+00
      0.475E-01      0.111E+01      0.860E+00      0.149E+10      0.776E-01      0.171E+00
      0.500E-01      0.111E+01      0.855E+00      0.149E+10      0.786E-01      0.171E+00
      0.525E-01      0.111E+01      0.849E+00      0.148E+10      0.799E-01      0.170E+00
      0.550E-01      0.110E+01      0.843E+00      0.148E+10      0.809E-01      0.170E+00
      0.571E-01      0.110E+01      0.839E+00      0.148E+10      0.820E-01      0.169E+00
      0.640E-01      0.110E+01      0.825E+00      0.148E+10      0.852E-01      0.168E+00
      0.719E-01      0.109E+01      0.808E+00      0.147E+10      0.889E-01      0.167E+00
      0.806E-01      0.108E+01      0.793E+00      0.146E+10      0.930E-01      0.166E+00
      0.905E-01      0.107E+01      0.775E+00      0.146E+10      0.979E-01      0.164E+00
      0.102E+00      0.106E+01      0.761E+00      0.145E+10      0.103E+00      0.163E+00
      0.114E+00      0.104E+01      0.744E+00      0.144E+10      0.110E+00      0.162E+00
      0.128E+00      0.103E+01      0.732E+00      0.143E+10      0.117E+00      0.162E+00
      0.143E+00      0.102E+01      0.727E+00      0.142E+10      0.120E+00      0.163E+00
      0.161E+00      0.102E+01      0.701E+00      0.140E+10      0.113E+00      0.158E+00
      0.181E+00      0.102E+01      0.676E+00      0.139E+10      0.103E+00      0.156E+00
      0.203E+00      0.102E+01      0.652E+00      0.137E+10      0.913E-01      0.158E+00
      0.227E+00      0.102E+01      0.632E+00      0.136E+10      0.785E-01      0.166E+00
      0.255E+00      0.102E+01      0.619E+00      0.134E+10      0.642E-01      0.181E+00
      0.286E+00      0.103E+01      0.617E+00      0.132E+10      0.482E-01      0.202E+00
      0.321E+00      0.103E+01      0.629E+00      0.129E+10      0.304E-01      0.229E+00
      0.360E+00      0.103E+01      0.662E+00      0.126E+10      0.107E-01      0.263E+00
      0.404E+00      0.102E+01      0.665E+00      0.123E+10      0.144E-02      0.272E+00
      0.453E+00      0.974E+00      0.554E+00      0.120E+10      0.982E-02      0.235E+00
      0.509E+00      0.925E+00      0.444E+00      0.117E+10      0.193E-01      0.204E+00
      0.571E+00      0.869E+00      0.355E+00      0.113E+10      0.314E-01      0.197E+00
      0.641E+00      0.809E+00      0.334E+00      0.109E+10      0.444E-01      0.244E+00
      0.719E+00      0.103E+01      0.341E+00      0.105E+10      0.824E-01      0.182E+00
      0.806E+00      0.129E+01      0.383E+00      0.990E+09      0.113E+00      0.125E+00
      0.905E+00      0.152E+01      0.457E+00      0.910E+09      0.132E+00      0.964E-01
      0.102E+01      0.135E+01      0.378E+00      0.804E+09      0.934E-01      0.119E+00
      0.114E+01      0.116E+01      0.416E+00      0.700E+09      0.361E-01      0.191E+00
      0.128E+01      0.124E+01      0.400E+00      0.600E+09      0.451E-01      0.144E+00
      0.143E+01      0.132E+01      0.403E+00      0.481E+09      0.370E-01      0.929E-01
      0.161E+01      0.135E+01      0.439E+00      0.341E+09     -0.515E-01      0.813E-01
      0.168E+01      0.123E+01      0.424E+00      0.235E+09     -0.818E-01      0.856E-01
      0.170E+01      0.116E+01      0.396E+00      0.200E+09     -0.906E-01      0.871E-01
      0.180E+01      0.830E+00      0.284E+00      0.156E+09     -0.156E+00      0.111E+00
      0.190E+01      0.519E+00      0.267E+00      0.104E+09     -0.286E+00      0.222E+00
      0.200E+01      0.425E+00      0.236E+00      0.714E+08     -0.252E+00      0.247E+00
      0.210E+01      0.333E+00      0.236E+00      0.450E+08     -0.203E+00      0.348E+00
      0.220E+01      0.233E+00      0.197E+00      0.244E+08     -0.197E+00      0.502E+00
      0.230E+01      0.123E+00      0.106E+00      0.100E+08     -0.255E+00      0.655E+00
      0.240E+01      0.211E-01      0.413E-01      0.244E+07     -0.817E+00      0.266E+01
      0.250E+01      0.125E-01      0.246E-01      0.116E+07     -0.876E+00      0.287E+01
      0.260E+01      0.458E-02      0.999E-02      0.402E+06     -0.118E+01      0.437E+01
      0.275E+01      0.445E-03      0.394E-02      0.579E+05     -0.322E+01      0.349E+02
      0.300E+01      0.364E-04      0.110E-02      0.550E+04     -0.176E+01      0.689E+02
      0.325E+01      0.820E-06      0.935E-04      0.121E+03     -0.276E+01      0.365E+03
      0.350E+01      0.171E-08      0.549E-05      0.250E+00     -0.146E+01      0.628E+04
      0.375E+01      0.000E+00      0.000E+00      0.000E+00     -0.990E+02     -0.990E+02
      0.400E+01      0.000E+00      0.000E+00      0.000E+00     -0.990E+02     -0.990E+02
      0.425E+01      0.000E+00      0.000E+00      0.000E+00     -0.990E+02     -0.990E+02
      0.450E+01      0.000E+00      0.000E+00      0.000E+00     -0.990E+02     -0.990E+02
      0.475E+01      0.000E+00      0.000E+00      0.000E+00     -0.990E+02     -0.990E+02
      0.500E+01      0.000E+00      0.000E+00      0.000E+00     -0.990E+02     -0.990E+02
      0.525E+01      0.000E+00      0.000E+00      0.000E+00     -0.990E+02     -0.990E+02
      0.550E+01      0.000E+00      0.000E+00      0.000E+00     -0.990E+02     -0.990E+02
      0.575E+01      0.000E+00      0.000E+00      0.000E+00     -0.990E+02     -0.990E+02
      0.600E+01      0.000E+00      0.000E+00      0.000E+00     -0.990E+02     -0.990E+02
      0.625E+01      0.000E+00      0.000E+00      0.000E+00     -0.990E+02     -0.990E+02
      0.650E+01      0.000E+00      0.000E+00      0.000E+00     -0.990E+02     -0.990E+02
      0.675E+01      0.000E+00      0.000E+00      0.000E+00     -0.990E+02     -0.990E+02
      0.700E+01      0.000E+00      0.000E+00      0.000E+00     -0.990E+02     -0.990E+02
      0.725E+01      0.000E+00      0.000E+00      0.000E+00     -0.990E+02     -0.990E+02
      0.750E+01      0.000E+00      0.000E+00      0.000E+00     -0.990E+02     -0.990E+02
      0.775E+01      0.000E+00      0.000E+00      0.000E+00     -0.990E+02     -0.990E+02
      0.800E+01      0.000E+00      0.000E+00      0.000E+00     -0.990E+02     -0.990E+02
      0.825E+01      0.000E+00      0.000E+00      0.000E+00     -0.990E+02     -0.990E+02
      0.850E+01      0.000E+00      0.000E+00      0.000E+00     -0.990E+02     -0.990E+02
      0.875E+01      0.000E+00      0.000E+00      0.000E+00     -0.990E+02     -0.990E+02
      0.900E+01      0.000E+00      0.000E+00      0.000E+00     -0.990E+02     -0.990E+02
      0.925E+01      0.000E+00      0.000E+00      0.000E+00     -0.990E+02     -0.990E+02
      0.950E+01      0.000E+00      0.000E+00      0.000E+00     -0.990E+02     -0.990E+02
      0.975E+01      0.000E+00      0.000E+00      0.000E+00     -0.990E+02     -0.990E+02
      0.100E+02      0.000E+00      0.000E+00      0.000E+00     -0.990E+02     -0.990E+02
      0.102E+02      0.000E+00      0.000E+00      0.000E+00     -0.990E+02     -0.990E+02
      0.105E+02      0.000E+00      0.000E+00      0.000E+00     -0.990E+02     -0.990E+02
      0.108E+02      0.000E+00      0.000E+00      0.000E+00     -0.990E+02     -0.990E+02
      0.110E+02      0.000E+00      0.000E+00      0.000E+00     -0.990E+02     -0.990E+02
      0.112E+02      0.000E+00      0.000E+00      0.000E+00     -0.990E+02     -0.990E+02
      0.115E+02      0.000E+00      0.000E+00      0.000E+00     -0.990E+02     -0.990E+02
      0.118E+02      0.000E+00      0.000E+00      0.000E+00     -0.990E+02     -0.990E+02
      0.120E+02      0.000E+00      0.000E+00      0.000E+00     -0.990E+02     -0.990E+02
      0.122E+02      0.000E+00      0.000E+00      0.000E+00     -0.990E+02     -0.990E+02
      0.125E+02      0.000E+00      0.000E+00      0.000E+00     -0.990E+02     -0.990E+02
      0.128E+02      0.000E+00      0.000E+00      0.000E+00     -0.990E+02     -0.990E+02
      0.130E+02      0.000E+00      0.000E+00      0.000E+00     -0.990E+02     -0.990E+02
      0.132E+02      0.000E+00      0.000E+00      0.000E+00     -0.990E+02     -0.990E+02
      0.135E+02      0.000E+00      0.000E+00      0.000E+00     -0.990E+02     -0.990E+02
      0.138E+02      0.000E+00      0.000E+00      0.000E+00     -0.990E+02     -0.990E+02
      0.140E+02      0.000E+00      0.000E+00      0.000E+00     -0.990E+02     -0.990E+02
      0.142E+02      0.000E+00      0.000E+00      0.000E+00     -0.990E+02     -0.990E+02
      0.145E+02      0.000E+00      0.000E+00      0.000E+00     -0.990E+02     -0.990E+02
      0.148E+02      0.000E+00      0.000E+00      0.000E+00     -0.990E+02     -0.990E+02
      0.150E+02      0.000E+00      0.000E+00      0.000E+00     -0.990E+02     -0.990E+02
      0.152E+02      0.000E+00      0.000E+00      0.000E+00     -0.990E+02     -0.990E+02
      0.155E+02      0.000E+00      0.000E+00      0.000E+00     -0.990E+02     -0.990E+02
      0.158E+02      0.000E+00      0.000E+00      0.000E+00     -0.990E+02     -0.990E+02
      0.160E+02      0.000E+00      0.000E+00      0.000E+00     -0.990E+02     -0.990E+02
      0.162E+02      0.000E+00      0.000E+00      0.000E+00     -0.990E+02     -0.990E+02
      0.165E+02      0.000E+00      0.000E+00      0.000E+00     -0.990E+02     -0.990E+02
      0.168E+02      0.000E+00      0.000E+00      0.000E+00     -0.990E+02     -0.990E+02
      0.170E+02      0.000E+00      0.000E+00      0.000E+00     -0.990E+02     -0.990E+02
      0.172E+02      0.000E+00      0.000E+00      0.000E+00     -0.990E+02     -0.990E+02
      0.175E+02      0.000E+00      0.000E+00      0.000E+00     -0.990E+02     -0.990E+02
      0.178E+02      0.000E+00      0.000E+00      0.000E+00     -0.990E+02     -0.990E+02
      0.180E+02      0.000E+00      0.000E+00      0.000E+00     -0.990E+02     -0.990E+02
      0.182E+02      0.000E+00      0.000E+00      0.000E+00     -0.990E+02     -0.990E+02
      0.185E+02      0.000E+00      0.000E+00      0.000E+00     -0.990E+02     -0.990E+02
      0.188E+02      0.000E+00      0.000E+00      0.000E+00     -0.990E+02     -0.990E+02
      0.190E+02      0.000E+00      0.000E+00      0.000E+00     -0.990E+02     -0.990E+02
      0.192E+02      0.000E+00      0.000E+00      0.000E+00     -0.990E+02     -0.990E+02
      0.195E+02      0.000E+00      0.000E+00      0.000E+00     -0.990E+02     -0.990E+02
      0.198E+02      0.000E+00      0.000E+00      0.000E+00     -0.990E+02     -0.990E+02
      0.200E+02      0.000E+00      0.000E+00      0.000E+00     -0.990E+02     -0.990E+02
