      0.000E+00      0.247E+02      0.199E+01      0.934E+09     -0.990E+02     -0.990E+02
      0.100E-03      0.247E+02      0.199E+01      0.934E+09     -0.990E+02     -0.990E+02
      0.140E-03      0.247E+02      0.199E+01      0.934E+09     -0.990E+02     -0.990E+02
      0.160E-03      0.247E+02      0.199E+01      0.934E+09     -0.990E+02     -0.990E+02
      0.180E-03      0.247E+02      0.199E+01      0.934E+09     -0.990E+02     -0.990E+02
      0.200E-03      0.247E+02      0.199E+01      0.934E+09     -0.990E+02     -0.990E+02
      0.220E-03      0.247E+02      0.199E+01      0.934E+09     -0.990E+02     -0.990E+02
      0.250E-03      0.247E+02      0.199E+01      0.934E+09     -0.990E+02     -0.990E+02
      0.280E-03      0.247E+02      0.199E+01      0.934E+09     -0.990E+02     -0.990E+02
      0.320E-03      0.247E+02      0.199E+01      0.934E+09     -0.990E+02     -0.990E+02
      0.350E-03      0.247E+02      0.199E+01      0.934E+09     -0.990E+02     -0.990E+02
      0.400E-03      0.247E+02      0.199E+01      0.934E+09     -0.990E+02     -0.990E+02
      0.450E-03      0.247E+02      0.199E+01      0.934E+09     -0.990E+02     -0.990E+02
      0.500E-03      0.247E+02      0.199E+01      0.934E+09     -0.990E+02     -0.990E+02
      0.560E-03      0.247E+02      0.199E+01      0.934E+09     -0.990E+02     -0.990E+02
      0.630E-03      0.247E+02      0.199E+01      0.934E+09     -0.990E+02     -0.990E+02
      0.710E-03      0.247E+02      0.199E+01      0.934E+09     -0.990E+02     -0.990E+02
      0.790E-03      0.247E+02      0.199E+01      0.934E+09     -0.990E+02     -0.990E+02
      0.890E-03      0.247E+02      0.199E+01      0.934E+09     -0.990E+02     -0.990E+02
      0.100E-02      0.247E+02      0.199E+01      0.934E+09     -0.990E+02     -0.990E+02
      0.105E-02      0.247E+02      0.199E+01      0.934E+09     -0.990E+02     -0.990E+02
      0.110E-02      0.247E+02      0.199E+01      0.934E+09     -0.990E+02     -0.990E+02
      0.115E-02      0.247E+02      0.199E+01      0.934E+09     -0.990E+02     -0.990E+02
      0.120E-02      0.247E+02      0.199E+01      0.934E+09     -0.990E+02     -0.990E+02
      0.126E-02      0.247E+02      0.199E+01      0.934E+09     -0.990E+02     -0.990E+02
      0.132E-02      0.247E+02      0.199E+01      0.934E+09     -0.990E+02     -0.990E+02
      0.138E-02      0.247E+02      0.199E+01      0.934E+09     -0.990E+02     -0.990E+02
      0.145E-02      0.247E+02      0.199E+01      0.934E+09     -0.990E+02     -0.990E+02
      0.151E-02      0.247E+02      0.199E+01      0.934E+09     -0.990E+02     -0.990E+02
      0.158E-02      0.247E+02      0.199E+01      0.934E+09     -0.990E+02     -0.990E+02
      0.166E-02      0.247E+02      0.199E+01      0.934E+09     -0.990E+02     -0.990E+02
      0.174E-02      0.247E+02      0.199E+01      0.934E+09     -0.990E+02     -0.990E+02
      0.182E-02      0.247E+02      0.199E+01      0.934E+09     -0.990E+02     -0.990E+02
      0.191E-02      0.247E+02      0.199E+01      0.934E+09     -0.990E+02     -0.990E+02
      0.200E-02      0.247E+02      0.199E+01      0.934E+09     -0.990E+02     -0.990E+02
      0.209E-02      0.247E+02      0.199E+01      0.934E+09     -0.990E+02     -0.990E+02
      0.219E-02      0.247E+02      0.199E+01      0.934E+09     -0.990E+02     -0.990E+02
      0.229E-02      0.247E+02      0.199E+01      0.934E+09     -0.990E+02     -0.990E+02
      0.240E-02      0.247E+02      0.199E+01      0.934E+09     -0.990E+02     -0.990E+02
      0.251E-02      0.247E+02      0.199E+01      0.934E+09     -0.990E+02     -0.990E+02
      0.263E-02      0.247E+02      0.199E+01      0.934E+09     -0.990E+02     -0.990E+02
      0.275E-02      0.247E+02      0.199E+01      0.934E+09     -0.990E+02     -0.990E+02
      0.288E-02      0.247E+02      0.199E+01      0.934E+09     -0.990E+02     -0.990E+02
      0.302E-02      0.247E+02      0.199E+01      0.934E+09     -0.990E+02     -0.990E+02
      0.316E-02      0.247E+02      0.199E+01      0.934E+09     -0.990E+02     -0.990E+02
      0.331E-02      0.247E+02      0.199E+01      0.934E+09     -0.990E+02     -0.990E+02
      0.347E-02      0.247E+02      0.199E+01      0.934E+09     -0.990E+02     -0.990E+02
      0.363E-02      0.247E+02      0.199E+01      0.934E+09     -0.990E+02     -0.990E+02
      0.380E-02      0.247E+02      0.199E+01      0.934E+09     -0.990E+02     -0.990E+02
      0.398E-02      0.247E+02      0.199E+01      0.934E+09     -0.990E+02     -0.990E+02
      0.417E-02      0.247E+02      0.199E+01      0.934E+09     -0.990E+02     -0.990E+02
      0.437E-02      0.247E+02      0.199E+01      0.934E+09     -0.990E+02     -0.990E+02
      0.457E-02      0.247E+02      0.199E+01      0.934E+09     -0.990E+02     -0.990E+02
      0.479E-02      0.247E+02      0.199E+01      0.934E+09     -0.990E+02     -0.990E+02
      0.501E-02      0.247E+02      0.199E+01      0.934E+09     -0.990E+02     -0.990E+02
      0.525E-02      0.247E+02      0.199E+01      0.934E+09     -0.990E+02     -0.990E+02
      0.550E-02      0.247E+02      0.199E+01      0.934E+09     -0.990E+02     -0.990E+02
      0.575E-02      0.247E+02      0.199E+01      0.934E+09     -0.990E+02     -0.990E+02
      0.603E-02      0.247E+02      0.199E+01      0.934E+09     -0.990E+02     -0.990E+02
      0.631E-02      0.247E+02      0.199E+01      0.934E+09     -0.990E+02     -0.990E+02
      0.661E-02      0.247E+02      0.199E+01      0.934E+09     -0.990E+02     -0.990E+02
      0.692E-02      0.247E+02      0.199E+01      0.934E+09     -0.990E+02     -0.990E+02
      0.724E-02      0.247E+02      0.199E+01      0.934E+09     -0.990E+02     -0.990E+02
      0.759E-02      0.247E+02      0.199E+01      0.934E+09     -0.990E+02     -0.990E+02
      0.794E-02      0.247E+02      0.199E+01      0.934E+09     -0.990E+02     -0.990E+02
      0.832E-02      0.247E+02      0.199E+01      0.934E+09     -0.990E+02     -0.990E+02
      0.871E-02      0.247E+02      0.199E+01      0.934E+09     -0.990E+02     -0.990E+02
      0.912E-02      0.247E+02      0.199E+01      0.934E+09     -0.990E+02     -0.990E+02
      0.955E-02      0.247E+02      0.199E+01      0.934E+09     -0.990E+02     -0.990E+02
      0.100E-01      0.247E+02      0.199E+01      0.934E+09     -0.872E+00      0.308E+00
      0.105E-01      0.273E+01      0.624E+00      0.685E+09     -0.873E+00      0.308E+00
      0.110E-01      0.271E+01      0.621E+00      0.684E+09     -0.873E+00      0.309E+00
      0.115E-01      0.270E+01      0.617E+00      0.683E+09     -0.873E+00      0.309E+00
      0.120E-01      0.269E+01      0.616E+00      0.682E+09     -0.873E+00      0.309E+00
      0.126E-01      0.269E+01      0.616E+00      0.680E+09     -0.874E+00      0.310E+00
      0.132E-01      0.270E+01      0.618E+00      0.679E+09     -0.874E+00      0.310E+00
      0.138E-01      0.269E+01      0.615E+00      0.678E+09     -0.874E+00      0.310E+00
      0.144E-01      0.266E+01      0.609E+00      0.676E+09     -0.875E+00      0.311E+00
      0.151E-01      0.266E+01      0.609E+00      0.674E+09     -0.875E+00      0.311E+00
      0.159E-01      0.266E+01      0.610E+00      0.673E+09     -0.875E+00      0.312E+00
      0.166E-01      0.266E+01      0.608E+00      0.671E+09     -0.876E+00      0.312E+00
      0.174E-01      0.265E+01      0.607E+00      0.669E+09     -0.876E+00      0.313E+00
      0.182E-01      0.265E+01      0.607E+00      0.668E+09     -0.877E+00      0.314E+00
      0.191E-01      0.264E+01      0.606E+00      0.666E+09     -0.877E+00      0.314E+00
      0.200E-01      0.262E+01      0.602E+00      0.664E+09     -0.878E+00      0.315E+00
      0.209E-01      0.261E+01      0.599E+00      0.662E+09     -0.878E+00      0.316E+00
      0.219E-01      0.260E+01      0.598E+00      0.660E+09     -0.879E+00      0.317E+00
      0.229E-01      0.260E+01      0.597E+00      0.657E+09     -0.879E+00      0.317E+00
      0.240E-01      0.259E+01      0.596E+00      0.655E+09     -0.880E+00      0.318E+00
      0.251E-01      0.259E+01      0.595E+00      0.653E+09     -0.881E+00      0.319E+00
      0.263E-01      0.257E+01      0.593E+00      0.650E+09     -0.881E+00      0.320E+00
      0.275E-01      0.256E+01      0.589E+00      0.648E+09     -0.882E+00      0.321E+00
      0.290E-01      0.254E+01      0.587E+00      0.645E+09     -0.883E+00      0.323E+00
      0.300E-01      0.254E+01      0.586E+00      0.642E+09     -0.883E+00      0.324E+00
      0.310E-01      0.253E+01      0.585E+00      0.640E+09     -0.884E+00      0.325E+00
      0.320E-01      0.252E+01      0.583E+00      0.638E+09     -0.884E+00      0.326E+00
      0.330E-01      0.251E+01      0.581E+00      0.636E+09     -0.885E+00      0.327E+00
      0.340E-01      0.250E+01      0.580E+00      0.634E+09     -0.886E+00      0.328E+00
      0.350E-01      0.249E+01      0.579E+00      0.632E+09     -0.886E+00      0.329E+00
      0.360E-01      0.248E+01      0.577E+00      0.630E+09     -0.887E+00      0.330E+00
      0.370E-01      0.247E+01      0.575E+00      0.628E+09     -0.887E+00      0.331E+00
      0.380E-01      0.246E+01      0.574E+00      0.626E+09     -0.888E+00      0.332E+00
      0.390E-01      0.246E+01      0.574E+00      0.624E+09     -0.888E+00      0.333E+00
      0.400E-01      0.244E+01      0.572E+00      0.622E+09     -0.889E+00      0.335E+00
      0.425E-01      0.242E+01      0.569E+00      0.618E+09     -0.891E+00      0.338E+00
      0.450E-01      0.240E+01      0.566E+00      0.613E+09     -0.892E+00      0.341E+00
      0.475E-01      0.238E+01      0.564E+00      0.609E+09     -0.894E+00      0.344E+00
      0.500E-01      0.235E+01      0.562E+00      0.604E+09     -0.896E+00      0.348E+00
      0.525E-01      0.233E+01      0.558E+00      0.599E+09     -0.898E+00      0.352E+00
      0.550E-01      0.231E+01      0.556E+00      0.595E+09     -0.899E+00      0.356E+00
      0.571E-01      0.229E+01      0.555E+00      0.590E+09     -0.901E+00      0.359E+00
      0.640E-01      0.223E+01      0.551E+00      0.582E+09     -0.906E+00      0.371E+00
      0.719E-01      0.219E+01      0.544E+00      0.569E+09     -0.915E+00      0.379E+00
      0.806E-01      0.220E+01      0.535E+00      0.555E+09     -0.930E+00      0.380E+00
      0.905E-01      0.221E+01      0.527E+00      0.539E+09     -0.947E+00      0.381E+00
      0.102E+00      0.221E+01      0.513E+00      0.522E+09     -0.960E+00      0.377E+00
      0.114E+00      0.219E+01      0.483E+00      0.502E+09     -0.962E+00      0.359E+00
      0.128E+00      0.218E+01      0.452E+00      0.480E+09     -0.964E+00      0.337E+00
      0.143E+00      0.215E+01      0.419E+00      0.456E+09     -0.966E+00      0.314E+00
      0.161E+00      0.213E+01      0.387E+00      0.430E+09     -0.969E+00      0.290E+00
      0.181E+00      0.211E+01      0.358E+00      0.400E+09     -0.972E+00      0.266E+00
      0.203E+00      0.207E+01      0.335E+00      0.368E+09     -0.976E+00      0.245E+00
      0.227E+00      0.204E+01      0.323E+00      0.333E+09     -0.981E+00      0.229E+00
      0.255E+00      0.200E+01      0.330E+00      0.295E+09     -0.986E+00      0.227E+00
      0.286E+00      0.195E+01      0.363E+00      0.253E+09     -0.993E+00      0.247E+00
      0.321E+00      0.188E+01      0.417E+00      0.208E+09     -0.999E+00      0.294E+00
      0.360E+00      0.154E+01      0.371E+00      0.159E+09     -0.995E+00      0.320E+00
      0.404E+00      0.125E+01      0.296E+00      0.115E+09     -0.102E+01      0.318E+00
      0.453E+00      0.928E+00      0.217E+00      0.747E+08     -0.107E+01      0.323E+00
      0.509E+00      0.567E+00      0.136E+00      0.416E+08     -0.118E+01      0.365E+00
      0.571E+00      0.177E+00      0.913E-01      0.190E+08     -0.181E+01      0.118E+01
      0.641E+00      0.127E+00      0.657E-01      0.112E+08     -0.179E+01      0.118E+01
      0.719E+00      0.726E-01      0.453E-01      0.489E+07     -0.177E+01      0.132E+01
      0.806E+00      0.124E-01      0.213E-01      0.901E+06     -0.132E+01      0.237E+01
      0.905E+00      0.180E-02      0.801E-02      0.141E+06     -0.308E+00      0.198E+01
      0.102E+01      0.161E-03      0.184E-02      0.170E+05     -0.784E+00      0.124E+02
      0.114E+01      0.570E-04      0.641E-03      0.480E+04     -0.800E+00      0.126E+02
      0.128E+01      0.233E-11      0.234E-06      0.235E-03     -0.845E+00      0.110E+06
      0.143E+01      0.155E-12      0.156E-07      0.162E-04     -0.844E+00      0.110E+06
      0.161E+01      0.000E+00      0.000E+00      0.000E+00     -0.990E+02     -0.990E+02
      0.168E+01      0.000E+00      0.000E+00      0.000E+00     -0.990E+02     -0.990E+02
      0.170E+01      0.000E+00      0.000E+00      0.000E+00     -0.990E+02     -0.990E+02
      0.180E+01      0.000E+00      0.000E+00      0.000E+00     -0.990E+02     -0.990E+02
      0.190E+01      0.000E+00      0.000E+00      0.000E+00     -0.990E+02     -0.990E+02
      0.200E+01      0.000E+00      0.000E+00      0.000E+00     -0.990E+02     -0.990E+02
      0.210E+01      0.000E+00      0.000E+00      0.000E+00     -0.990E+02     -0.990E+02
      0.220E+01      0.000E+00      0.000E+00      0.000E+00     -0.990E+02     -0.990E+02
      0.230E+01      0.000E+00      0.000E+00      0.000E+00     -0.990E+02     -0.990E+02
      0.240E+01      0.000E+00      0.000E+00      0.000E+00     -0.990E+02     -0.990E+02
      0.250E+01      0.000E+00      0.000E+00      0.000E+00     -0.990E+02     -0.990E+02
      0.260E+01      0.000E+00      0.000E+00      0.000E+00     -0.990E+02     -0.990E+02
      0.275E+01      0.000E+00      0.000E+00      0.000E+00     -0.990E+02     -0.990E+02
      0.300E+01      0.000E+00      0.000E+00      0.000E+00     -0.990E+02     -0.990E+02
      0.325E+01      0.000E+00      0.000E+00      0.000E+00     -0.990E+02     -0.990E+02
      0.350E+01      0.000E+00      0.000E+00      0.000E+00     -0.990E+02     -0.990E+02
      0.375E+01      0.000E+00      0.000E+00      0.000E+00     -0.990E+02     -0.990E+02
      0.400E+01      0.000E+00      0.000E+00      0.000E+00     -0.990E+02     -0.990E+02
      0.425E+01      0.000E+00      0.000E+00      0.000E+00     -0.990E+02     -0.990E+02
      0.450E+01      0.000E+00      0.000E+00      0.000E+00     -0.990E+02     -0.990E+02
      0.475E+01      0.000E+00      0.000E+00      0.000E+00     -0.990E+02     -0.990E+02
      0.500E+01      0.000E+00      0.000E+00      0.000E+00     -0.990E+02     -0.990E+02
      0.525E+01      0.000E+00      0.000E+00      0.000E+00     -0.990E+02     -0.990E+02
      0.550E+01      0.000E+00      0.000E+00      0.000E+00     -0.990E+02     -0.990E+02
      0.575E+01      0.000E+00      0.000E+00      0.000E+00     -0.990E+02     -0.990E+02
      0.600E+01      0.000E+00      0.000E+00      0.000E+00     -0.990E+02     -0.990E+02
      0.625E+01      0.000E+00      0.000E+00      0.000E+00     -0.990E+02     -0.990E+02
      0.650E+01      0.000E+00      0.000E+00      0.000E+00     -0.990E+02     -0.990E+02
      0.675E+01      0.000E+00      0.000E+00      0.000E+00     -0.990E+02     -0.990E+02
      0.700E+01      0.000E+00      0.000E+00      0.000E+00     -0.990E+02     -0.990E+02
      0.725E+01      0.000E+00      0.000E+00      0.000E+00     -0.990E+02     -0.990E+02
      0.750E+01      0.000E+00      0.000E+00      0.000E+00     -0.990E+02     -0.990E+02
      0.775E+01      0.000E+00      0.000E+00      0.000E+00     -0.990E+02     -0.990E+02
      0.800E+01      0.000E+00      0.000E+00      0.000E+00     -0.990E+02     -0.990E+02
      0.825E+01      0.000E+00      0.000E+00      0.000E+00     -0.990E+02     -0.990E+02
      0.850E+01      0.000E+00      0.000E+00      0.000E+00     -0.990E+02     -0.990E+02
      0.875E+01      0.000E+00      0.000E+00      0.000E+00     -0.990E+02     -0.990E+02
      0.900E+01      0.000E+00      0.000E+00      0.000E+00     -0.990E+02     -0.990E+02
      0.925E+01      0.000E+00      0.000E+00      0.000E+00     -0.990E+02     -0.990E+02
      0.950E+01      0.000E+00      0.000E+00      0.000E+00     -0.990E+02     -0.990E+02
      0.975E+01      0.000E+00      0.000E+00      0.000E+00     -0.990E+02     -0.990E+02
      0.100E+02      0.000E+00      0.000E+00      0.000E+00     -0.990E+02     -0.990E+02
      0.102E+02      0.000E+00      0.000E+00      0.000E+00     -0.990E+02     -0.990E+02
      0.105E+02      0.000E+00      0.000E+00      0.000E+00     -0.990E+02     -0.990E+02
      0.108E+02      0.000E+00      0.000E+00      0.000E+00     -0.990E+02     -0.990E+02
      0.110E+02      0.000E+00      0.000E+00      0.000E+00     -0.990E+02     -0.990E+02
      0.112E+02      0.000E+00      0.000E+00      0.000E+00     -0.990E+02     -0.990E+02
      0.115E+02      0.000E+00      0.000E+00      0.000E+00     -0.990E+02     -0.990E+02
      0.118E+02      0.000E+00      0.000E+00      0.000E+00     -0.990E+02     -0.990E+02
      0.120E+02      0.000E+00      0.000E+00      0.000E+00     -0.990E+02     -0.990E+02
      0.122E+02      0.000E+00      0.000E+00      0.000E+00     -0.990E+02     -0.990E+02
      0.125E+02      0.000E+00      0.000E+00      0.000E+00     -0.990E+02     -0.990E+02
      0.128E+02      0.000E+00      0.000E+00      0.000E+00     -0.990E+02     -0.990E+02
      0.130E+02      0.000E+00      0.000E+00      0.000E+00     -0.990E+02     -0.990E+02
      0.132E+02      0.000E+00      0.000E+00      0.000E+00     -0.990E+02     -0.990E+02
      0.135E+02      0.000E+00      0.000E+00      0.000E+00     -0.990E+02     -0.990E+02
      0.138E+02      0.000E+00      0.000E+00      0.000E+00     -0.990E+02     -0.990E+02
      0.140E+02      0.000E+00      0.000E+00      0.000E+00     -0.990E+02     -0.990E+02
      0.142E+02      0.000E+00      0.000E+00      0.000E+00     -0.990E+02     -0.990E+02
      0.145E+02      0.000E+00      0.000E+00      0.000E+00     -0.990E+02     -0.990E+02
      0.148E+02      0.000E+00      0.000E+00      0.000E+00     -0.990E+02     -0.990E+02
      0.150E+02      0.000E+00      0.000E+00      0.000E+00     -0.990E+02     -0.990E+02
      0.152E+02      0.000E+00      0.000E+00      0.000E+00     -0.990E+02     -0.990E+02
      0.155E+02      0.000E+00      0.000E+00      0.000E+00     -0.990E+02     -0.990E+02
      0.158E+02      0.000E+00      0.000E+00      0.000E+00     -0.990E+02     -0.990E+02
      0.160E+02      0.000E+00      0.000E+00      0.000E+00     -0.990E+02     -0.990E+02
      0.162E+02      0.000E+00      0.000E+00      0.000E+00     -0.990E+02     -0.990E+02
      0.165E+02      0.000E+00      0.000E+00      0.000E+00     -0.990E+02     -0.990E+02
      0.168E+02      0.000E+00      0.000E+00      0.000E+00     -0.990E+02     -0.990E+02
      0.170E+02      0.000E+00      0.000E+00      0.000E+00     -0.990E+02     -0.990E+02
      0.172E+02      0.000E+00      0.000E+00      0.000E+00     -0.990E+02     -0.990E+02
      0.175E+02      0.000E+00      0.000E+00      0.000E+00     -0.990E+02     -0.990E+02
      0.178E+02      0.000E+00      0.000E+00      0.000E+00     -0.990E+02     -0.990E+02
      0.180E+02      0.000E+00      0.000E+00      0.000E+00     -0.990E+02     -0.990E+02
      0.182E+02      0.000E+00      0.000E+00      0.000E+00     -0.990E+02     -0.990E+02
      0.185E+02      0.000E+00      0.000E+00      0.000E+00     -0.990E+02     -0.990E+02
      0.188E+02      0.000E+00      0.000E+00      0.000E+00     -0.990E+02     -0.990E+02
      0.190E+02      0.000E+00      0.000E+00      0.000E+00     -0.990E+02     -0.990E+02
      0.192E+02      0.000E+00      0.000E+00      0.000E+00     -0.990E+02     -0.990E+02
      0.195E+02      0.000E+00      0.000E+00      0.000E+00     -0.990E+02     -0.990E+02
      0.198E+02      0.000E+00      0.000E+00      0.000E+00     -0.990E+02     -0.990E+02
      0.200E+02      0.000E+00      0.000E+00      0.000E+00     -0.990E+02     -0.990E+02
