      0.000E+00      0.708E+00      0.523E+00      0.570E+09     -0.990E+02     -0.990E+02
      0.100E-03      0.708E+00      0.523E+00      0.570E+09     -0.990E+02     -0.990E+02
      0.140E-03      0.708E+00      0.523E+00      0.570E+09     -0.990E+02     -0.990E+02
      0.160E-03      0.708E+00      0.523E+00      0.570E+09     -0.990E+02     -0.990E+02
      0.180E-03      0.708E+00      0.523E+00      0.570E+09     -0.990E+02     -0.990E+02
      0.200E-03      0.708E+00      0.523E+00      0.570E+09     -0.990E+02     -0.990E+02
      0.220E-03      0.708E+00      0.523E+00      0.570E+09     -0.990E+02     -0.990E+02
      0.250E-03      0.708E+00      0.523E+00      0.570E+09     -0.990E+02     -0.990E+02
      0.280E-03      0.708E+00      0.523E+00      0.570E+09     -0.990E+02     -0.990E+02
      0.320E-03      0.708E+00      0.523E+00      0.570E+09     -0.990E+02     -0.990E+02
      0.350E-03      0.708E+00      0.523E+00      0.570E+09     -0.990E+02     -0.990E+02
      0.400E-03      0.708E+00      0.523E+00      0.570E+09     -0.990E+02     -0.990E+02
      0.450E-03      0.708E+00      0.523E+00      0.570E+09     -0.990E+02     -0.990E+02
      0.500E-03      0.708E+00      0.523E+00      0.570E+09     -0.990E+02     -0.990E+02
      0.560E-03      0.708E+00      0.523E+00      0.570E+09     -0.990E+02     -0.990E+02
      0.630E-03      0.708E+00      0.523E+00      0.570E+09     -0.990E+02     -0.990E+02
      0.710E-03      0.708E+00      0.523E+00      0.570E+09     -0.990E+02     -0.990E+02
      0.790E-03      0.708E+00      0.523E+00      0.570E+09     -0.990E+02     -0.990E+02
      0.890E-03      0.708E+00      0.523E+00      0.570E+09     -0.990E+02     -0.990E+02
      0.100E-02      0.708E+00      0.523E+00      0.570E+09     -0.990E+02     -0.990E+02
      0.105E-02      0.708E+00      0.523E+00      0.570E+09     -0.990E+02     -0.990E+02
      0.110E-02      0.708E+00      0.523E+00      0.570E+09     -0.990E+02     -0.990E+02
      0.115E-02      0.708E+00      0.523E+00      0.570E+09     -0.990E+02     -0.990E+02
      0.120E-02      0.708E+00      0.523E+00      0.570E+09     -0.990E+02     -0.990E+02
      0.126E-02      0.708E+00      0.523E+00      0.570E+09     -0.990E+02     -0.990E+02
      0.132E-02      0.708E+00      0.523E+00      0.570E+09     -0.990E+02     -0.990E+02
      0.138E-02      0.708E+00      0.523E+00      0.570E+09     -0.990E+02     -0.990E+02
      0.145E-02      0.708E+00      0.523E+00      0.570E+09     -0.990E+02     -0.990E+02
      0.151E-02      0.708E+00      0.523E+00      0.570E+09     -0.990E+02     -0.990E+02
      0.158E-02      0.708E+00      0.523E+00      0.570E+09     -0.990E+02     -0.990E+02
      0.166E-02      0.708E+00      0.523E+00      0.570E+09     -0.990E+02     -0.990E+02
      0.174E-02      0.708E+00      0.523E+00      0.570E+09     -0.990E+02     -0.990E+02
      0.182E-02      0.708E+00      0.523E+00      0.570E+09     -0.990E+02     -0.990E+02
      0.191E-02      0.708E+00      0.523E+00      0.570E+09     -0.990E+02     -0.990E+02
      0.200E-02      0.708E+00      0.523E+00      0.570E+09     -0.990E+02     -0.990E+02
      0.209E-02      0.708E+00      0.523E+00      0.570E+09     -0.990E+02     -0.990E+02
      0.219E-02      0.708E+00      0.523E+00      0.570E+09     -0.990E+02     -0.990E+02
      0.229E-02      0.708E+00      0.523E+00      0.570E+09     -0.990E+02     -0.990E+02
      0.240E-02      0.708E+00      0.523E+00      0.570E+09     -0.990E+02     -0.990E+02
      0.251E-02      0.708E+00      0.523E+00      0.570E+09     -0.990E+02     -0.990E+02
      0.263E-02      0.708E+00      0.523E+00      0.570E+09     -0.990E+02     -0.990E+02
      0.275E-02      0.708E+00      0.523E+00      0.570E+09     -0.990E+02     -0.990E+02
      0.288E-02      0.708E+00      0.523E+00      0.570E+09     -0.990E+02     -0.990E+02
      0.302E-02      0.708E+00      0.523E+00      0.570E+09     -0.990E+02     -0.990E+02
      0.316E-02      0.708E+00      0.523E+00      0.570E+09     -0.990E+02     -0.990E+02
      0.331E-02      0.708E+00      0.523E+00      0.570E+09     -0.990E+02     -0.990E+02
      0.347E-02      0.708E+00      0.523E+00      0.570E+09     -0.990E+02     -0.990E+02
      0.363E-02      0.708E+00      0.523E+00      0.570E+09     -0.990E+02     -0.990E+02
      0.380E-02      0.708E+00      0.523E+00      0.570E+09     -0.990E+02     -0.990E+02
      0.398E-02      0.708E+00      0.523E+00      0.570E+09     -0.990E+02     -0.990E+02
      0.417E-02      0.708E+00      0.523E+00      0.570E+09     -0.990E+02     -0.990E+02
      0.437E-02      0.708E+00      0.523E+00      0.570E+09     -0.990E+02     -0.990E+02
      0.457E-02      0.708E+00      0.523E+00      0.570E+09     -0.990E+02     -0.990E+02
      0.479E-02      0.708E+00      0.523E+00      0.570E+09     -0.990E+02     -0.990E+02
      0.501E-02      0.708E+00      0.523E+00      0.570E+09     -0.990E+02     -0.990E+02
      0.525E-02      0.708E+00      0.523E+00      0.570E+09     -0.990E+02     -0.990E+02
      0.550E-02      0.708E+00      0.523E+00      0.570E+09     -0.990E+02     -0.990E+02
      0.575E-02      0.708E+00      0.523E+00      0.570E+09     -0.990E+02     -0.990E+02
      0.603E-02      0.708E+00      0.523E+00      0.570E+09     -0.990E+02     -0.990E+02
      0.631E-02      0.708E+00      0.523E+00      0.570E+09     -0.990E+02     -0.990E+02
      0.661E-02      0.708E+00      0.523E+00      0.570E+09     -0.990E+02     -0.990E+02
      0.692E-02      0.708E+00      0.523E+00      0.570E+09     -0.990E+02     -0.990E+02
      0.724E-02      0.708E+00      0.523E+00      0.570E+09     -0.990E+02     -0.990E+02
      0.759E-02      0.708E+00      0.523E+00      0.570E+09     -0.990E+02     -0.990E+02
      0.794E-02      0.708E+00      0.523E+00      0.570E+09     -0.990E+02     -0.990E+02
      0.832E-02      0.708E+00      0.523E+00      0.570E+09     -0.990E+02     -0.990E+02
      0.871E-02      0.708E+00      0.523E+00      0.570E+09     -0.990E+02     -0.990E+02
      0.912E-02      0.708E+00      0.523E+00      0.570E+09     -0.990E+02     -0.990E+02
      0.955E-02      0.708E+00      0.523E+00      0.570E+09     -0.990E+02     -0.990E+02
      0.100E-01      0.708E+00      0.523E+00      0.570E+09     -0.547E+00      0.568E+00
      0.105E-01      0.171E+01      0.109E+01      0.563E+09     -0.548E+00      0.569E+00
      0.110E-01      0.170E+01      0.109E+01      0.562E+09     -0.548E+00      0.569E+00
      0.115E-01      0.169E+01      0.108E+01      0.561E+09     -0.549E+00      0.570E+00
      0.120E-01      0.169E+01      0.108E+01      0.560E+09     -0.549E+00      0.570E+00
      0.126E-01      0.169E+01      0.108E+01      0.560E+09     -0.550E+00      0.571E+00
      0.132E-01      0.169E+01      0.108E+01      0.559E+09     -0.550E+00      0.571E+00
      0.138E-01      0.169E+01      0.108E+01      0.558E+09     -0.551E+00      0.572E+00
      0.144E-01      0.167E+01      0.107E+01      0.557E+09     -0.551E+00      0.572E+00
      0.151E-01      0.167E+01      0.107E+01      0.556E+09     -0.552E+00      0.573E+00
      0.159E-01      0.168E+01      0.107E+01      0.555E+09     -0.553E+00      0.573E+00
      0.166E-01      0.167E+01      0.106E+01      0.554E+09     -0.553E+00      0.574E+00
      0.174E-01      0.167E+01      0.106E+01      0.553E+09     -0.554E+00      0.574E+00
      0.182E-01      0.167E+01      0.106E+01      0.552E+09     -0.555E+00      0.575E+00
      0.191E-01      0.167E+01      0.106E+01      0.550E+09     -0.555E+00      0.576E+00
      0.200E-01      0.166E+01      0.105E+01      0.549E+09     -0.556E+00      0.577E+00
      0.209E-01      0.165E+01      0.104E+01      0.548E+09     -0.557E+00      0.578E+00
      0.219E-01      0.165E+01      0.104E+01      0.546E+09     -0.558E+00      0.578E+00
      0.229E-01      0.165E+01      0.104E+01      0.545E+09     -0.559E+00      0.580E+00
      0.240E-01      0.164E+01      0.103E+01      0.544E+09     -0.560E+00      0.580E+00
      0.251E-01      0.164E+01      0.103E+01      0.542E+09     -0.561E+00      0.582E+00
      0.263E-01      0.163E+01      0.103E+01      0.540E+09     -0.562E+00      0.583E+00
      0.275E-01      0.162E+01      0.102E+01      0.539E+09     -0.563E+00      0.584E+00
      0.290E-01      0.162E+01      0.101E+01      0.537E+09     -0.565E+00      0.586E+00
      0.300E-01      0.162E+01      0.101E+01      0.535E+09     -0.566E+00      0.587E+00
      0.310E-01      0.161E+01      0.101E+01      0.534E+09     -0.567E+00      0.588E+00
      0.320E-01      0.161E+01      0.101E+01      0.533E+09     -0.568E+00      0.590E+00
      0.330E-01      0.160E+01      0.100E+01      0.531E+09     -0.569E+00      0.591E+00
      0.340E-01      0.160E+01      0.998E+00      0.530E+09     -0.569E+00      0.591E+00
      0.350E-01      0.159E+01      0.994E+00      0.529E+09     -0.570E+00      0.593E+00
      0.360E-01      0.159E+01      0.990E+00      0.527E+09     -0.571E+00      0.593E+00
      0.370E-01      0.159E+01      0.987E+00      0.526E+09     -0.572E+00      0.595E+00
      0.380E-01      0.158E+01      0.983E+00      0.525E+09     -0.573E+00      0.596E+00
      0.390E-01      0.158E+01      0.980E+00      0.524E+09     -0.574E+00      0.597E+00
      0.400E-01      0.157E+01      0.976E+00      0.522E+09     -0.575E+00      0.598E+00
      0.425E-01      0.156E+01      0.967E+00      0.520E+09     -0.577E+00      0.601E+00
      0.450E-01      0.155E+01      0.959E+00      0.517E+09     -0.579E+00      0.602E+00
      0.475E-01      0.154E+01      0.949E+00      0.514E+09     -0.581E+00      0.604E+00
      0.500E-01      0.153E+01      0.939E+00      0.511E+09     -0.582E+00      0.605E+00
      0.525E-01      0.152E+01      0.930E+00      0.508E+09     -0.584E+00      0.606E+00
      0.550E-01      0.151E+01      0.921E+00      0.505E+09     -0.586E+00      0.608E+00
      0.571E-01      0.150E+01      0.914E+00      0.502E+09     -0.588E+00      0.610E+00
      0.640E-01      0.147E+01      0.891E+00      0.497E+09     -0.593E+00      0.616E+00
      0.719E-01      0.143E+01      0.868E+00      0.488E+09     -0.600E+00      0.624E+00
      0.806E-01      0.139E+01      0.847E+00      0.479E+09     -0.608E+00      0.636E+00
      0.905E-01      0.134E+01      0.828E+00      0.469E+09     -0.617E+00      0.653E+00
      0.102E+00      0.129E+01      0.815E+00      0.458E+09     -0.628E+00      0.677E+00
      0.114E+00      0.124E+01      0.807E+00      0.447E+09     -0.639E+00      0.706E+00
      0.128E+00      0.120E+01      0.776E+00      0.434E+09     -0.639E+00      0.699E+00
      0.143E+00      0.116E+01      0.743E+00      0.421E+09     -0.638E+00      0.691E+00
      0.161E+00      0.111E+01      0.704E+00      0.407E+09     -0.636E+00      0.678E+00
      0.181E+00      0.105E+01      0.659E+00      0.391E+09     -0.634E+00      0.668E+00
      0.203E+00      0.981E+00      0.611E+00      0.375E+09     -0.632E+00      0.657E+00
      0.227E+00      0.910E+00      0.561E+00      0.359E+09     -0.630E+00      0.643E+00
      0.255E+00      0.844E+00      0.510E+00      0.342E+09     -0.627E+00      0.623E+00
      0.286E+00      0.775E+00      0.462E+00      0.324E+09     -0.624E+00      0.605E+00
      0.321E+00      0.710E+00      0.417E+00      0.306E+09     -0.619E+00      0.587E+00
      0.360E+00      0.640E+00      0.383E+00      0.287E+09     -0.615E+00      0.598E+00
      0.404E+00      0.596E+00      0.360E+00      0.269E+09     -0.628E+00      0.616E+00
      0.453E+00      0.562E+00      0.342E+00      0.250E+09     -0.651E+00      0.632E+00
      0.509E+00      0.521E+00      0.318E+00      0.229E+09     -0.677E+00      0.655E+00
      0.571E+00      0.475E+00      0.289E+00      0.208E+09     -0.711E+00      0.694E+00
      0.641E+00      0.427E+00      0.271E+00      0.187E+09     -0.752E+00      0.786E+00
      0.719E+00      0.378E+00      0.253E+00      0.166E+09     -0.751E+00      0.798E+00
      0.806E+00      0.330E+00      0.230E+00      0.145E+09     -0.708E+00      0.737E+00
      0.905E+00      0.286E+00      0.214E+00      0.125E+09     -0.662E+00      0.740E+00
      0.102E+01      0.263E+00      0.203E+00      0.105E+09     -0.687E+00      0.796E+00
      0.114E+01      0.240E+00      0.179E+00      0.853E+08     -0.729E+00      0.782E+00
      0.128E+01      0.189E+00      0.151E+00      0.649E+08     -0.695E+00      0.796E+00
      0.143E+01      0.132E+00      0.124E+00      0.471E+08     -0.622E+00      0.857E+00
      0.161E+01      0.103E+00      0.973E-01      0.333E+08     -0.683E+00      0.103E+01
      0.168E+01      0.943E-01      0.894E-01      0.253E+08     -0.696E+00      0.101E+01
      0.170E+01      0.922E-01      0.870E-01      0.227E+08     -0.702E+00      0.995E+00
      0.180E+01      0.786E-01      0.746E-01      0.192E+08     -0.718E+00      0.981E+00
      0.190E+01      0.684E-01      0.677E-01      0.144E+08     -0.741E+00      0.102E+01
      0.200E+01      0.516E-01      0.615E-01      0.102E+08     -0.765E+00      0.120E+01
      0.210E+01      0.375E-01      0.546E-01      0.700E+07     -0.840E+00      0.155E+01
      0.220E+01      0.271E-01      0.433E-01      0.472E+07     -0.945E+00      0.192E+01
      0.230E+01      0.215E-01      0.400E-01      0.308E+07     -0.970E+00      0.243E+01
      0.240E+01      0.143E-01      0.318E-01      0.178E+07     -0.898E+00      0.277E+01
      0.250E+01      0.779E-02      0.197E-01      0.918E+06     -0.948E+00      0.339E+01
      0.260E+01      0.329E-02      0.134E-01      0.451E+06     -0.122E+01      0.721E+01
      0.275E+01      0.145E-02      0.723E-02      0.205E+06     -0.136E+01      0.912E+01
      0.300E+01      0.219E-03      0.164E-02      0.331E+05     -0.136E+01      0.135E+02
      0.325E+01      0.488E-05      0.135E-03      0.723E+03     -0.194E+01      0.797E+02
      0.350E+01      0.335E-07      0.508E-05      0.487E+01     -0.268E+01      0.497E+03
      0.375E+01      0.000E+00      0.000E+00      0.000E+00     -0.990E+02     -0.990E+02
      0.400E+01      0.000E+00      0.000E+00      0.000E+00     -0.990E+02     -0.990E+02
      0.425E+01      0.000E+00      0.000E+00      0.000E+00     -0.990E+02     -0.990E+02
      0.450E+01      0.000E+00      0.000E+00      0.000E+00     -0.990E+02     -0.990E+02
      0.475E+01      0.000E+00      0.000E+00      0.000E+00     -0.990E+02     -0.990E+02
      0.500E+01      0.000E+00      0.000E+00      0.000E+00     -0.990E+02     -0.990E+02
      0.525E+01      0.000E+00      0.000E+00      0.000E+00     -0.990E+02     -0.990E+02
      0.550E+01      0.000E+00      0.000E+00      0.000E+00     -0.990E+02     -0.990E+02
      0.575E+01      0.000E+00      0.000E+00      0.000E+00     -0.990E+02     -0.990E+02
      0.600E+01      0.000E+00      0.000E+00      0.000E+00     -0.990E+02     -0.990E+02
      0.625E+01      0.000E+00      0.000E+00      0.000E+00     -0.990E+02     -0.990E+02
      0.650E+01      0.000E+00      0.000E+00      0.000E+00     -0.990E+02     -0.990E+02
      0.675E+01      0.000E+00      0.000E+00      0.000E+00     -0.990E+02     -0.990E+02
      0.700E+01      0.000E+00      0.000E+00      0.000E+00     -0.990E+02     -0.990E+02
      0.725E+01      0.000E+00      0.000E+00      0.000E+00     -0.990E+02     -0.990E+02
      0.750E+01      0.000E+00      0.000E+00      0.000E+00     -0.990E+02     -0.990E+02
      0.775E+01      0.000E+00      0.000E+00      0.000E+00     -0.990E+02     -0.990E+02
      0.800E+01      0.000E+00      0.000E+00      0.000E+00     -0.990E+02     -0.990E+02
      0.825E+01      0.000E+00      0.000E+00      0.000E+00     -0.990E+02     -0.990E+02
      0.850E+01      0.000E+00      0.000E+00      0.000E+00     -0.990E+02     -0.990E+02
      0.875E+01      0.000E+00      0.000E+00      0.000E+00     -0.990E+02     -0.990E+02
      0.900E+01      0.000E+00      0.000E+00      0.000E+00     -0.990E+02     -0.990E+02
      0.925E+01      0.000E+00      0.000E+00      0.000E+00     -0.990E+02     -0.990E+02
      0.950E+01      0.000E+00      0.000E+00      0.000E+00     -0.990E+02     -0.990E+02
      0.975E+01      0.000E+00      0.000E+00      0.000E+00     -0.990E+02     -0.990E+02
      0.100E+02      0.000E+00      0.000E+00      0.000E+00     -0.990E+02     -0.990E+02
      0.102E+02      0.000E+00      0.000E+00      0.000E+00     -0.990E+02     -0.990E+02
      0.105E+02      0.000E+00      0.000E+00      0.000E+00     -0.990E+02     -0.990E+02
      0.108E+02      0.000E+00      0.000E+00      0.000E+00     -0.990E+02     -0.990E+02
      0.110E+02      0.000E+00      0.000E+00      0.000E+00     -0.990E+02     -0.990E+02
      0.112E+02      0.000E+00      0.000E+00      0.000E+00     -0.990E+02     -0.990E+02
      0.115E+02      0.000E+00      0.000E+00      0.000E+00     -0.990E+02     -0.990E+02
      0.118E+02      0.000E+00      0.000E+00      0.000E+00     -0.990E+02     -0.990E+02
      0.120E+02      0.000E+00      0.000E+00      0.000E+00     -0.990E+02     -0.990E+02
      0.122E+02      0.000E+00      0.000E+00      0.000E+00     -0.990E+02     -0.990E+02
      0.125E+02      0.000E+00      0.000E+00      0.000E+00     -0.990E+02     -0.990E+02
      0.128E+02      0.000E+00      0.000E+00      0.000E+00     -0.990E+02     -0.990E+02
      0.130E+02      0.000E+00      0.000E+00      0.000E+00     -0.990E+02     -0.990E+02
      0.132E+02      0.000E+00      0.000E+00      0.000E+00     -0.990E+02     -0.990E+02
      0.135E+02      0.000E+00      0.000E+00      0.000E+00     -0.990E+02     -0.990E+02
      0.138E+02      0.000E+00      0.000E+00      0.000E+00     -0.990E+02     -0.990E+02
      0.140E+02      0.000E+00      0.000E+00      0.000E+00     -0.990E+02     -0.990E+02
      0.142E+02      0.000E+00      0.000E+00      0.000E+00     -0.990E+02     -0.990E+02
      0.145E+02      0.000E+00      0.000E+00      0.000E+00     -0.990E+02     -0.990E+02
      0.148E+02      0.000E+00      0.000E+00      0.000E+00     -0.990E+02     -0.990E+02
      0.150E+02      0.000E+00      0.000E+00      0.000E+00     -0.990E+02     -0.990E+02
      0.152E+02      0.000E+00      0.000E+00      0.000E+00     -0.990E+02     -0.990E+02
      0.155E+02      0.000E+00      0.000E+00      0.000E+00     -0.990E+02     -0.990E+02
      0.158E+02      0.000E+00      0.000E+00      0.000E+00     -0.990E+02     -0.990E+02
      0.160E+02      0.000E+00      0.000E+00      0.000E+00     -0.990E+02     -0.990E+02
      0.162E+02      0.000E+00      0.000E+00      0.000E+00     -0.990E+02     -0.990E+02
      0.165E+02      0.000E+00      0.000E+00      0.000E+00     -0.990E+02     -0.990E+02
      0.168E+02      0.000E+00      0.000E+00      0.000E+00     -0.990E+02     -0.990E+02
      0.170E+02      0.000E+00      0.000E+00      0.000E+00     -0.990E+02     -0.990E+02
      0.172E+02      0.000E+00      0.000E+00      0.000E+00     -0.990E+02     -0.990E+02
      0.175E+02      0.000E+00      0.000E+00      0.000E+00     -0.990E+02     -0.990E+02
      0.178E+02      0.000E+00      0.000E+00      0.000E+00     -0.990E+02     -0.990E+02
      0.180E+02      0.000E+00      0.000E+00      0.000E+00     -0.990E+02     -0.990E+02
      0.182E+02      0.000E+00      0.000E+00      0.000E+00     -0.990E+02     -0.990E+02
      0.185E+02      0.000E+00      0.000E+00      0.000E+00     -0.990E+02     -0.990E+02
      0.188E+02      0.000E+00      0.000E+00      0.000E+00     -0.990E+02     -0.990E+02
      0.190E+02      0.000E+00      0.000E+00      0.000E+00     -0.990E+02     -0.990E+02
      0.192E+02      0.000E+00      0.000E+00      0.000E+00     -0.990E+02     -0.990E+02
      0.195E+02      0.000E+00      0.000E+00      0.000E+00     -0.990E+02     -0.990E+02
      0.198E+02      0.000E+00      0.000E+00      0.000E+00     -0.990E+02     -0.990E+02
      0.200E+02      0.000E+00      0.000E+00      0.000E+00     -0.990E+02     -0.990E+02
