      0.000E+00      0.207E+01      0.195E+00      0.884E+09     -0.990E+02     -0.990E+02
      0.100E-03      0.207E+01      0.195E+00      0.884E+09     -0.990E+02     -0.990E+02
      0.140E-03      0.207E+01      0.195E+00      0.884E+09     -0.990E+02     -0.990E+02
      0.160E-03      0.207E+01      0.195E+00      0.884E+09     -0.990E+02     -0.990E+02
      0.180E-03      0.207E+01      0.195E+00      0.884E+09     -0.990E+02     -0.990E+02
      0.200E-03      0.207E+01      0.195E+00      0.884E+09     -0.990E+02     -0.990E+02
      0.220E-03      0.207E+01      0.195E+00      0.884E+09     -0.990E+02     -0.990E+02
      0.250E-03      0.207E+01      0.195E+00      0.884E+09     -0.990E+02     -0.990E+02
      0.280E-03      0.207E+01      0.195E+00      0.884E+09     -0.990E+02     -0.990E+02
      0.320E-03      0.207E+01      0.195E+00      0.884E+09     -0.990E+02     -0.990E+02
      0.350E-03      0.207E+01      0.195E+00      0.884E+09     -0.990E+02     -0.990E+02
      0.400E-03      0.207E+01      0.195E+00      0.884E+09     -0.990E+02     -0.990E+02
      0.450E-03      0.207E+01      0.195E+00      0.884E+09     -0.990E+02     -0.990E+02
      0.500E-03      0.207E+01      0.195E+00      0.884E+09     -0.990E+02     -0.990E+02
      0.560E-03      0.207E+01      0.195E+00      0.884E+09     -0.990E+02     -0.990E+02
      0.630E-03      0.207E+01      0.195E+00      0.884E+09     -0.990E+02     -0.990E+02
      0.710E-03      0.207E+01      0.195E+00      0.884E+09     -0.990E+02     -0.990E+02
      0.790E-03      0.207E+01      0.195E+00      0.884E+09     -0.990E+02     -0.990E+02
      0.890E-03      0.207E+01      0.195E+00      0.884E+09     -0.990E+02     -0.990E+02
      0.100E-02      0.207E+01      0.195E+00      0.884E+09     -0.990E+02     -0.990E+02
      0.105E-02      0.207E+01      0.195E+00      0.884E+09     -0.990E+02     -0.990E+02
      0.110E-02      0.207E+01      0.195E+00      0.884E+09     -0.990E+02     -0.990E+02
      0.115E-02      0.207E+01      0.195E+00      0.884E+09     -0.990E+02     -0.990E+02
      0.120E-02      0.207E+01      0.195E+00      0.884E+09     -0.990E+02     -0.990E+02
      0.126E-02      0.207E+01      0.195E+00      0.884E+09     -0.990E+02     -0.990E+02
      0.132E-02      0.207E+01      0.195E+00      0.884E+09     -0.990E+02     -0.990E+02
      0.138E-02      0.207E+01      0.195E+00      0.884E+09     -0.990E+02     -0.990E+02
      0.145E-02      0.207E+01      0.195E+00      0.884E+09     -0.990E+02     -0.990E+02
      0.151E-02      0.207E+01      0.195E+00      0.884E+09     -0.990E+02     -0.990E+02
      0.158E-02      0.207E+01      0.195E+00      0.884E+09     -0.990E+02     -0.990E+02
      0.166E-02      0.207E+01      0.195E+00      0.884E+09     -0.990E+02     -0.990E+02
      0.174E-02      0.207E+01      0.195E+00      0.884E+09     -0.990E+02     -0.990E+02
      0.182E-02      0.207E+01      0.195E+00      0.884E+09     -0.990E+02     -0.990E+02
      0.191E-02      0.207E+01      0.195E+00      0.884E+09     -0.990E+02     -0.990E+02
      0.200E-02      0.207E+01      0.195E+00      0.884E+09     -0.990E+02     -0.990E+02
      0.209E-02      0.207E+01      0.195E+00      0.884E+09     -0.990E+02     -0.990E+02
      0.219E-02      0.207E+01      0.195E+00      0.884E+09     -0.990E+02     -0.990E+02
      0.229E-02      0.207E+01      0.195E+00      0.884E+09     -0.990E+02     -0.990E+02
      0.240E-02      0.207E+01      0.195E+00      0.884E+09     -0.990E+02     -0.990E+02
      0.251E-02      0.207E+01      0.195E+00      0.884E+09     -0.990E+02     -0.990E+02
      0.263E-02      0.207E+01      0.195E+00      0.884E+09     -0.990E+02     -0.990E+02
      0.275E-02      0.207E+01      0.195E+00      0.884E+09     -0.990E+02     -0.990E+02
      0.288E-02      0.207E+01      0.195E+00      0.884E+09     -0.990E+02     -0.990E+02
      0.302E-02      0.207E+01      0.195E+00      0.884E+09     -0.990E+02     -0.990E+02
      0.316E-02      0.207E+01      0.195E+00      0.884E+09     -0.990E+02     -0.990E+02
      0.331E-02      0.207E+01      0.195E+00      0.884E+09     -0.990E+02     -0.990E+02
      0.347E-02      0.207E+01      0.195E+00      0.884E+09     -0.990E+02     -0.990E+02
      0.363E-02      0.207E+01      0.195E+00      0.884E+09     -0.990E+02     -0.990E+02
      0.380E-02      0.207E+01      0.195E+00      0.884E+09     -0.990E+02     -0.990E+02
      0.398E-02      0.207E+01      0.195E+00      0.884E+09     -0.990E+02     -0.990E+02
      0.417E-02      0.207E+01      0.195E+00      0.884E+09     -0.990E+02     -0.990E+02
      0.437E-02      0.207E+01      0.195E+00      0.884E+09     -0.990E+02     -0.990E+02
      0.457E-02      0.207E+01      0.195E+00      0.884E+09     -0.990E+02     -0.990E+02
      0.479E-02      0.207E+01      0.195E+00      0.884E+09     -0.990E+02     -0.990E+02
      0.501E-02      0.207E+01      0.195E+00      0.884E+09     -0.990E+02     -0.990E+02
      0.525E-02      0.207E+01      0.195E+00      0.884E+09     -0.990E+02     -0.990E+02
      0.550E-02      0.207E+01      0.195E+00      0.884E+09     -0.990E+02     -0.990E+02
      0.575E-02      0.207E+01      0.195E+00      0.884E+09     -0.990E+02     -0.990E+02
      0.603E-02      0.207E+01      0.195E+00      0.884E+09     -0.990E+02     -0.990E+02
      0.631E-02      0.207E+01      0.195E+00      0.884E+09     -0.990E+02     -0.990E+02
      0.661E-02      0.207E+01      0.195E+00      0.884E+09     -0.990E+02     -0.990E+02
      0.692E-02      0.207E+01      0.195E+00      0.884E+09     -0.990E+02     -0.990E+02
      0.724E-02      0.207E+01      0.195E+00      0.884E+09     -0.990E+02     -0.990E+02
      0.759E-02      0.207E+01      0.195E+00      0.884E+09     -0.990E+02     -0.990E+02
      0.794E-02      0.207E+01      0.195E+00      0.884E+09     -0.990E+02     -0.990E+02
      0.832E-02      0.207E+01      0.195E+00      0.884E+09     -0.990E+02     -0.990E+02
      0.871E-02      0.207E+01      0.195E+00      0.884E+09     -0.990E+02     -0.990E+02
      0.912E-02      0.207E+01      0.195E+00      0.884E+09     -0.990E+02     -0.990E+02
      0.955E-02      0.207E+01      0.195E+00      0.884E+09     -0.990E+02     -0.990E+02
      0.100E-01      0.207E+01      0.195E+00      0.884E+09     -0.695E+00      0.635E+00
      0.105E-01      0.141E+01      0.894E+00      0.863E+09     -0.695E+00      0.634E+00
      0.110E-01      0.140E+01      0.889E+00      0.863E+09     -0.695E+00      0.634E+00
      0.115E-01      0.140E+01      0.885E+00      0.862E+09     -0.695E+00      0.634E+00
      0.120E-01      0.140E+01      0.884E+00      0.861E+09     -0.695E+00      0.633E+00
      0.126E-01      0.140E+01      0.885E+00      0.861E+09     -0.695E+00      0.633E+00
      0.132E-01      0.141E+01      0.888E+00      0.860E+09     -0.695E+00      0.633E+00
      0.138E-01      0.140E+01      0.885E+00      0.859E+09     -0.695E+00      0.633E+00
      0.144E-01      0.139E+01      0.877E+00      0.858E+09     -0.695E+00      0.632E+00
      0.151E-01      0.139E+01      0.879E+00      0.858E+09     -0.695E+00      0.632E+00
      0.159E-01      0.140E+01      0.880E+00      0.857E+09     -0.695E+00      0.631E+00
      0.166E-01      0.139E+01      0.878E+00      0.856E+09     -0.695E+00      0.631E+00
      0.174E-01      0.140E+01      0.879E+00      0.855E+09     -0.695E+00      0.631E+00
      0.182E-01      0.140E+01      0.880E+00      0.854E+09     -0.695E+00      0.630E+00
      0.191E-01      0.140E+01      0.879E+00      0.853E+09     -0.695E+00      0.630E+00
      0.200E-01      0.139E+01      0.873E+00      0.852E+09     -0.695E+00      0.629E+00
      0.209E-01      0.139E+01      0.871E+00      0.851E+09     -0.695E+00      0.629E+00
      0.219E-01      0.139E+01      0.870E+00      0.850E+09     -0.695E+00      0.629E+00
      0.229E-01      0.139E+01      0.871E+00      0.848E+09     -0.695E+00      0.628E+00
      0.240E-01      0.139E+01      0.870E+00      0.847E+09     -0.694E+00      0.628E+00
      0.251E-01      0.139E+01      0.870E+00      0.846E+09     -0.694E+00      0.627E+00
      0.263E-01      0.139E+01      0.868E+00      0.845E+09     -0.694E+00      0.627E+00
      0.275E-01      0.138E+01      0.865E+00      0.843E+09     -0.694E+00      0.626E+00
      0.290E-01      0.138E+01      0.864E+00      0.842E+09     -0.693E+00      0.625E+00
      0.300E-01      0.138E+01      0.862E+00      0.840E+09     -0.693E+00      0.624E+00
      0.310E-01      0.138E+01      0.862E+00      0.839E+09     -0.693E+00      0.624E+00
      0.320E-01      0.138E+01      0.861E+00      0.838E+09     -0.693E+00      0.623E+00
      0.330E-01      0.138E+01      0.860E+00      0.837E+09     -0.693E+00      0.623E+00
      0.340E-01      0.138E+01      0.858E+00      0.836E+09     -0.693E+00      0.622E+00
      0.350E-01      0.138E+01      0.858E+00      0.835E+09     -0.692E+00      0.621E+00
      0.360E-01      0.138E+01      0.857E+00      0.833E+09     -0.692E+00      0.621E+00
      0.370E-01      0.137E+01      0.856E+00      0.832E+09     -0.692E+00      0.620E+00
      0.380E-01      0.137E+01      0.854E+00      0.831E+09     -0.692E+00      0.620E+00
      0.390E-01      0.137E+01      0.853E+00      0.830E+09     -0.691E+00      0.619E+00
      0.400E-01      0.137E+01      0.852E+00      0.829E+09     -0.691E+00      0.619E+00
      0.425E-01      0.137E+01      0.849E+00      0.827E+09     -0.691E+00      0.617E+00
      0.450E-01      0.137E+01      0.847E+00      0.824E+09     -0.690E+00      0.615E+00
      0.475E-01      0.137E+01      0.844E+00      0.822E+09     -0.690E+00      0.614E+00
      0.500E-01      0.136E+01      0.842E+00      0.819E+09     -0.690E+00      0.613E+00
      0.525E-01      0.136E+01      0.839E+00      0.816E+09     -0.689E+00      0.611E+00
      0.550E-01      0.136E+01      0.837E+00      0.813E+09     -0.688E+00      0.610E+00
      0.571E-01      0.136E+01      0.835E+00      0.811E+09     -0.688E+00      0.609E+00
      0.640E-01      0.135E+01      0.829E+00      0.806E+09     -0.687E+00      0.605E+00
      0.719E-01      0.134E+01      0.822E+00      0.798E+09     -0.685E+00      0.601E+00
      0.806E-01      0.134E+01      0.816E+00      0.790E+09     -0.683E+00      0.597E+00
      0.905E-01      0.133E+01      0.811E+00      0.780E+09     -0.681E+00      0.594E+00
      0.102E+00      0.132E+01      0.805E+00      0.769E+09     -0.679E+00      0.591E+00
      0.114E+00      0.131E+01      0.801E+00      0.758E+09     -0.676E+00      0.588E+00
      0.128E+00      0.130E+01      0.799E+00      0.745E+09     -0.674E+00      0.586E+00
      0.143E+00      0.128E+01      0.799E+00      0.730E+09     -0.670E+00      0.585E+00
      0.161E+00      0.126E+01      0.783E+00      0.715E+09     -0.671E+00      0.584E+00
      0.181E+00      0.124E+01      0.757E+00      0.697E+09     -0.674E+00      0.581E+00
      0.203E+00      0.121E+01      0.731E+00      0.678E+09     -0.677E+00      0.581E+00
      0.227E+00      0.121E+01      0.697E+00      0.658E+09     -0.686E+00      0.561E+00
      0.255E+00      0.119E+01      0.667E+00      0.635E+09     -0.695E+00      0.546E+00
      0.286E+00      0.119E+01      0.645E+00      0.610E+09     -0.704E+00      0.535E+00
      0.321E+00      0.118E+01      0.628E+00      0.582E+09     -0.714E+00      0.530E+00
      0.360E+00      0.117E+01      0.628E+00      0.552E+09     -0.726E+00      0.539E+00
      0.404E+00      0.115E+01      0.644E+00      0.518E+09     -0.739E+00      0.568E+00
      0.453E+00      0.111E+01      0.606E+00      0.481E+09     -0.760E+00      0.591E+00
      0.509E+00      0.107E+01      0.548E+00      0.442E+09     -0.789E+00      0.580E+00
      0.571E+00      0.102E+01      0.515E+00      0.399E+09     -0.825E+00      0.603E+00
      0.641E+00      0.966E+00      0.526E+00      0.354E+09     -0.869E+00      0.688E+00
      0.719E+00      0.930E+00      0.526E+00      0.306E+09     -0.889E+00      0.736E+00
      0.806E+00      0.833E+00      0.422E+00      0.255E+09     -0.891E+00      0.644E+00
      0.905E+00      0.729E+00      0.385E+00      0.204E+09     -0.890E+00      0.673E+00
      0.102E+01      0.610E+00      0.309E+00      0.155E+09     -0.974E+00      0.696E+00
      0.114E+01      0.505E+00      0.261E+00      0.108E+09     -0.116E+01      0.816E+00
      0.128E+01      0.369E+00      0.216E+00      0.659E+08     -0.122E+01      0.958E+00
      0.143E+01      0.158E+00      0.179E+00      0.314E+08     -0.987E+00      0.157E+01
      0.161E+01      0.786E-01      0.959E-01      0.150E+08     -0.109E+01      0.196E+01
      0.168E+01      0.561E-01      0.865E-01      0.894E+07     -0.121E+01      0.288E+01
      0.170E+01      0.517E-01      0.839E-01      0.735E+07     -0.119E+01      0.293E+01
      0.180E+01      0.365E-01      0.687E-01      0.541E+07     -0.106E+01      0.271E+01
      0.190E+01      0.199E-01      0.476E-01      0.315E+07     -0.814E+00      0.237E+01
      0.200E+01      0.111E-01      0.388E-01      0.192E+07     -0.701E+00      0.307E+01
      0.210E+01      0.625E-02      0.264E-01      0.124E+07     -0.633E+00      0.329E+01
      0.220E+01      0.286E-02      0.147E-01      0.858E+06     -0.441E+00      0.304E+01
      0.230E+01      0.174E-02      0.104E-01      0.683E+06     -0.416E+00      0.340E+01
      0.240E+01      0.224E-02      0.141E-01      0.576E+06     -0.385E+00      0.324E+01
      0.250E+01      0.273E-02      0.192E-01      0.441E+06     -0.367E+00      0.361E+01
      0.260E+01      0.207E-02      0.137E-01      0.275E+06     -0.402E+00      0.357E+01
      0.275E+01      0.952E-03      0.532E-02      0.119E+06     -0.569E+00      0.447E+01
      0.300E+01      0.269E-04      0.501E-03      0.404E+04     -0.548E+00      0.109E+02
      0.325E+01      0.734E-07      0.130E-04      0.110E+02     -0.208E+00      0.443E+02
      0.350E+01      0.503E-32      0.777E-18      0.725E-24     -0.406E+01       Infinity
      0.375E+01      0.000E+00      0.000E+00      0.000E+00     -0.990E+02     -0.990E+02
      0.400E+01      0.000E+00      0.000E+00      0.000E+00     -0.990E+02     -0.990E+02
      0.425E+01      0.000E+00      0.000E+00      0.000E+00     -0.990E+02     -0.990E+02
      0.450E+01      0.000E+00      0.000E+00      0.000E+00     -0.990E+02     -0.990E+02
      0.475E+01      0.000E+00      0.000E+00      0.000E+00     -0.990E+02     -0.990E+02
      0.500E+01      0.000E+00      0.000E+00      0.000E+00     -0.990E+02     -0.990E+02
      0.525E+01      0.000E+00      0.000E+00      0.000E+00     -0.990E+02     -0.990E+02
      0.550E+01      0.000E+00      0.000E+00      0.000E+00     -0.990E+02     -0.990E+02
      0.575E+01      0.000E+00      0.000E+00      0.000E+00     -0.990E+02     -0.990E+02
      0.600E+01      0.000E+00      0.000E+00      0.000E+00     -0.990E+02     -0.990E+02
      0.625E+01      0.000E+00      0.000E+00      0.000E+00     -0.990E+02     -0.990E+02
      0.650E+01      0.000E+00      0.000E+00      0.000E+00     -0.990E+02     -0.990E+02
      0.675E+01      0.000E+00      0.000E+00      0.000E+00     -0.990E+02     -0.990E+02
      0.700E+01      0.000E+00      0.000E+00      0.000E+00     -0.990E+02     -0.990E+02
      0.725E+01      0.000E+00      0.000E+00      0.000E+00     -0.990E+02     -0.990E+02
      0.750E+01      0.000E+00      0.000E+00      0.000E+00     -0.990E+02     -0.990E+02
      0.775E+01      0.000E+00      0.000E+00      0.000E+00     -0.990E+02     -0.990E+02
      0.800E+01      0.000E+00      0.000E+00      0.000E+00     -0.990E+02     -0.990E+02
      0.825E+01      0.000E+00      0.000E+00      0.000E+00     -0.990E+02     -0.990E+02
      0.850E+01      0.000E+00      0.000E+00      0.000E+00     -0.990E+02     -0.990E+02
      0.875E+01      0.000E+00      0.000E+00      0.000E+00     -0.990E+02     -0.990E+02
      0.900E+01      0.000E+00      0.000E+00      0.000E+00     -0.990E+02     -0.990E+02
      0.925E+01      0.000E+00      0.000E+00      0.000E+00     -0.990E+02     -0.990E+02
      0.950E+01      0.000E+00      0.000E+00      0.000E+00     -0.990E+02     -0.990E+02
      0.975E+01      0.000E+00      0.000E+00      0.000E+00     -0.990E+02     -0.990E+02
      0.100E+02      0.000E+00      0.000E+00      0.000E+00     -0.990E+02     -0.990E+02
      0.102E+02      0.000E+00      0.000E+00      0.000E+00     -0.990E+02     -0.990E+02
      0.105E+02      0.000E+00      0.000E+00      0.000E+00     -0.990E+02     -0.990E+02
      0.108E+02      0.000E+00      0.000E+00      0.000E+00     -0.990E+02     -0.990E+02
      0.110E+02      0.000E+00      0.000E+00      0.000E+00     -0.990E+02     -0.990E+02
      0.112E+02      0.000E+00      0.000E+00      0.000E+00     -0.990E+02     -0.990E+02
      0.115E+02      0.000E+00      0.000E+00      0.000E+00     -0.990E+02     -0.990E+02
      0.118E+02      0.000E+00      0.000E+00      0.000E+00     -0.990E+02     -0.990E+02
      0.120E+02      0.000E+00      0.000E+00      0.000E+00     -0.990E+02     -0.990E+02
      0.122E+02      0.000E+00      0.000E+00      0.000E+00     -0.990E+02     -0.990E+02
      0.125E+02      0.000E+00      0.000E+00      0.000E+00     -0.990E+02     -0.990E+02
      0.128E+02      0.000E+00      0.000E+00      0.000E+00     -0.990E+02     -0.990E+02
      0.130E+02      0.000E+00      0.000E+00      0.000E+00     -0.990E+02     -0.990E+02
      0.132E+02      0.000E+00      0.000E+00      0.000E+00     -0.990E+02     -0.990E+02
      0.135E+02      0.000E+00      0.000E+00      0.000E+00     -0.990E+02     -0.990E+02
      0.138E+02      0.000E+00      0.000E+00      0.000E+00     -0.990E+02     -0.990E+02
      0.140E+02      0.000E+00      0.000E+00      0.000E+00     -0.990E+02     -0.990E+02
      0.142E+02      0.000E+00      0.000E+00      0.000E+00     -0.990E+02     -0.990E+02
      0.145E+02      0.000E+00      0.000E+00      0.000E+00     -0.990E+02     -0.990E+02
      0.148E+02      0.000E+00      0.000E+00      0.000E+00     -0.990E+02     -0.990E+02
      0.150E+02      0.000E+00      0.000E+00      0.000E+00     -0.990E+02     -0.990E+02
      0.152E+02      0.000E+00      0.000E+00      0.000E+00     -0.990E+02     -0.990E+02
      0.155E+02      0.000E+00      0.000E+00      0.000E+00     -0.990E+02     -0.990E+02
      0.158E+02      0.000E+00      0.000E+00      0.000E+00     -0.990E+02     -0.990E+02
      0.160E+02      0.000E+00      0.000E+00      0.000E+00     -0.990E+02     -0.990E+02
      0.162E+02      0.000E+00      0.000E+00      0.000E+00     -0.990E+02     -0.990E+02
      0.165E+02      0.000E+00      0.000E+00      0.000E+00     -0.990E+02     -0.990E+02
      0.168E+02      0.000E+00      0.000E+00      0.000E+00     -0.990E+02     -0.990E+02
      0.170E+02      0.000E+00      0.000E+00      0.000E+00     -0.990E+02     -0.990E+02
      0.172E+02      0.000E+00      0.000E+00      0.000E+00     -0.990E+02     -0.990E+02
      0.175E+02      0.000E+00      0.000E+00      0.000E+00     -0.990E+02     -0.990E+02
      0.178E+02      0.000E+00      0.000E+00      0.000E+00     -0.990E+02     -0.990E+02
      0.180E+02      0.000E+00      0.000E+00      0.000E+00     -0.990E+02     -0.990E+02
      0.182E+02      0.000E+00      0.000E+00      0.000E+00     -0.990E+02     -0.990E+02
      0.185E+02      0.000E+00      0.000E+00      0.000E+00     -0.990E+02     -0.990E+02
      0.188E+02      0.000E+00      0.000E+00      0.000E+00     -0.990E+02     -0.990E+02
      0.190E+02      0.000E+00      0.000E+00      0.000E+00     -0.990E+02     -0.990E+02
      0.192E+02      0.000E+00      0.000E+00      0.000E+00     -0.990E+02     -0.990E+02
      0.195E+02      0.000E+00      0.000E+00      0.000E+00     -0.990E+02     -0.990E+02
      0.198E+02      0.000E+00      0.000E+00      0.000E+00     -0.990E+02     -0.990E+02
      0.200E+02      0.000E+00      0.000E+00      0.000E+00     -0.990E+02     -0.990E+02
