      0.000E+00      0.387E+01      0.112E+00      0.349E+09     -0.990E+02     -0.990E+02
      0.100E-03      0.387E+01      0.112E+00      0.349E+09     -0.990E+02     -0.990E+02
      0.140E-03      0.387E+01      0.112E+00      0.349E+09     -0.990E+02     -0.990E+02
      0.160E-03      0.387E+01      0.112E+00      0.349E+09     -0.990E+02     -0.990E+02
      0.180E-03      0.387E+01      0.112E+00      0.349E+09     -0.990E+02     -0.990E+02
      0.200E-03      0.387E+01      0.112E+00      0.349E+09     -0.990E+02     -0.990E+02
      0.220E-03      0.387E+01      0.112E+00      0.349E+09     -0.990E+02     -0.990E+02
      0.250E-03      0.387E+01      0.112E+00      0.349E+09     -0.990E+02     -0.990E+02
      0.280E-03      0.387E+01      0.112E+00      0.349E+09     -0.990E+02     -0.990E+02
      0.320E-03      0.387E+01      0.112E+00      0.349E+09     -0.990E+02     -0.990E+02
      0.350E-03      0.387E+01      0.112E+00      0.349E+09     -0.990E+02     -0.990E+02
      0.400E-03      0.387E+01      0.112E+00      0.349E+09     -0.990E+02     -0.990E+02
      0.450E-03      0.387E+01      0.112E+00      0.349E+09     -0.990E+02     -0.990E+02
      0.500E-03      0.387E+01      0.112E+00      0.349E+09     -0.990E+02     -0.990E+02
      0.560E-03      0.387E+01      0.112E+00      0.349E+09     -0.990E+02     -0.990E+02
      0.630E-03      0.387E+01      0.112E+00      0.349E+09     -0.990E+02     -0.990E+02
      0.710E-03      0.387E+01      0.112E+00      0.349E+09     -0.990E+02     -0.990E+02
      0.790E-03      0.387E+01      0.112E+00      0.349E+09     -0.990E+02     -0.990E+02
      0.890E-03      0.387E+01      0.112E+00      0.349E+09     -0.990E+02     -0.990E+02
      0.100E-02      0.387E+01      0.112E+00      0.349E+09     -0.990E+02     -0.990E+02
      0.105E-02      0.387E+01      0.112E+00      0.349E+09     -0.990E+02     -0.990E+02
      0.110E-02      0.387E+01      0.112E+00      0.349E+09     -0.990E+02     -0.990E+02
      0.115E-02      0.387E+01      0.112E+00      0.349E+09     -0.990E+02     -0.990E+02
      0.120E-02      0.387E+01      0.112E+00      0.349E+09     -0.990E+02     -0.990E+02
      0.126E-02      0.387E+01      0.112E+00      0.349E+09     -0.990E+02     -0.990E+02
      0.132E-02      0.387E+01      0.112E+00      0.349E+09     -0.990E+02     -0.990E+02
      0.138E-02      0.387E+01      0.112E+00      0.349E+09     -0.990E+02     -0.990E+02
      0.145E-02      0.387E+01      0.112E+00      0.349E+09     -0.990E+02     -0.990E+02
      0.151E-02      0.387E+01      0.112E+00      0.349E+09     -0.990E+02     -0.990E+02
      0.158E-02      0.387E+01      0.112E+00      0.349E+09     -0.990E+02     -0.990E+02
      0.166E-02      0.387E+01      0.112E+00      0.349E+09     -0.990E+02     -0.990E+02
      0.174E-02      0.387E+01      0.112E+00      0.349E+09     -0.990E+02     -0.990E+02
      0.182E-02      0.387E+01      0.112E+00      0.349E+09     -0.990E+02     -0.990E+02
      0.191E-02      0.387E+01      0.112E+00      0.349E+09     -0.990E+02     -0.990E+02
      0.200E-02      0.387E+01      0.112E+00      0.349E+09     -0.990E+02     -0.990E+02
      0.209E-02      0.387E+01      0.112E+00      0.349E+09     -0.990E+02     -0.990E+02
      0.219E-02      0.387E+01      0.112E+00      0.349E+09     -0.990E+02     -0.990E+02
      0.229E-02      0.387E+01      0.112E+00      0.349E+09     -0.990E+02     -0.990E+02
      0.240E-02      0.387E+01      0.112E+00      0.349E+09     -0.990E+02     -0.990E+02
      0.251E-02      0.387E+01      0.112E+00      0.349E+09     -0.990E+02     -0.990E+02
      0.263E-02      0.387E+01      0.112E+00      0.349E+09     -0.990E+02     -0.990E+02
      0.275E-02      0.387E+01      0.112E+00      0.349E+09     -0.990E+02     -0.990E+02
      0.288E-02      0.387E+01      0.112E+00      0.349E+09     -0.990E+02     -0.990E+02
      0.302E-02      0.387E+01      0.112E+00      0.349E+09     -0.990E+02     -0.990E+02
      0.316E-02      0.387E+01      0.112E+00      0.349E+09     -0.990E+02     -0.990E+02
      0.331E-02      0.387E+01      0.112E+00      0.349E+09     -0.990E+02     -0.990E+02
      0.347E-02      0.387E+01      0.112E+00      0.349E+09     -0.990E+02     -0.990E+02
      0.363E-02      0.387E+01      0.112E+00      0.349E+09     -0.990E+02     -0.990E+02
      0.380E-02      0.387E+01      0.112E+00      0.349E+09     -0.990E+02     -0.990E+02
      0.398E-02      0.387E+01      0.112E+00      0.349E+09     -0.990E+02     -0.990E+02
      0.417E-02      0.387E+01      0.112E+00      0.349E+09     -0.990E+02     -0.990E+02
      0.437E-02      0.387E+01      0.112E+00      0.349E+09     -0.990E+02     -0.990E+02
      0.457E-02      0.387E+01      0.112E+00      0.349E+09     -0.990E+02     -0.990E+02
      0.479E-02      0.387E+01      0.112E+00      0.349E+09     -0.990E+02     -0.990E+02
      0.501E-02      0.387E+01      0.112E+00      0.349E+09     -0.990E+02     -0.990E+02
      0.525E-02      0.387E+01      0.112E+00      0.349E+09     -0.990E+02     -0.990E+02
      0.550E-02      0.387E+01      0.112E+00      0.349E+09     -0.990E+02     -0.990E+02
      0.575E-02      0.387E+01      0.112E+00      0.349E+09     -0.990E+02     -0.990E+02
      0.603E-02      0.387E+01      0.112E+00      0.349E+09     -0.990E+02     -0.990E+02
      0.631E-02      0.387E+01      0.112E+00      0.349E+09     -0.990E+02     -0.990E+02
      0.661E-02      0.387E+01      0.112E+00      0.349E+09     -0.990E+02     -0.990E+02
      0.692E-02      0.387E+01      0.112E+00      0.349E+09     -0.990E+02     -0.990E+02
      0.724E-02      0.387E+01      0.112E+00      0.349E+09     -0.990E+02     -0.990E+02
      0.759E-02      0.387E+01      0.112E+00      0.349E+09     -0.990E+02     -0.990E+02
      0.794E-02      0.387E+01      0.112E+00      0.349E+09     -0.990E+02     -0.990E+02
      0.832E-02      0.387E+01      0.112E+00      0.349E+09     -0.990E+02     -0.990E+02
      0.871E-02      0.387E+01      0.112E+00      0.349E+09     -0.990E+02     -0.990E+02
      0.912E-02      0.387E+01      0.112E+00      0.349E+09     -0.990E+02     -0.990E+02
      0.955E-02      0.387E+01      0.112E+00      0.349E+09     -0.990E+02     -0.990E+02
      0.100E-01      0.387E+01      0.112E+00      0.349E+09     -0.270E+00      0.470E-01
      0.105E-01      0.681E+00      0.668E-01      0.310E+09     -0.271E+00      0.470E-01
      0.110E-01      0.680E+00      0.667E-01      0.310E+09     -0.271E+00      0.471E-01
      0.115E-01      0.678E+00      0.666E-01      0.310E+09     -0.271E+00      0.470E-01
      0.120E-01      0.679E+00      0.666E-01      0.309E+09     -0.271E+00      0.470E-01
      0.126E-01      0.680E+00      0.668E-01      0.309E+09     -0.271E+00      0.470E-01
      0.132E-01      0.685E+00      0.673E-01      0.309E+09     -0.271E+00      0.470E-01
      0.138E-01      0.684E+00      0.673E-01      0.308E+09     -0.272E+00      0.470E-01
      0.144E-01      0.680E+00      0.669E-01      0.308E+09     -0.272E+00      0.470E-01
      0.151E-01      0.682E+00      0.672E-01      0.307E+09     -0.272E+00      0.469E-01
      0.159E-01      0.686E+00      0.676E-01      0.307E+09     -0.272E+00      0.469E-01
      0.166E-01      0.687E+00      0.677E-01      0.307E+09     -0.273E+00      0.469E-01
      0.174E-01      0.689E+00      0.679E-01      0.306E+09     -0.273E+00      0.469E-01
      0.182E-01      0.693E+00      0.684E-01      0.306E+09     -0.273E+00      0.469E-01
      0.191E-01      0.694E+00      0.685E-01      0.305E+09     -0.274E+00      0.468E-01
      0.200E-01      0.693E+00      0.684E-01      0.305E+09     -0.274E+00      0.469E-01
      0.209E-01      0.693E+00      0.685E-01      0.304E+09     -0.274E+00      0.468E-01
      0.219E-01      0.695E+00      0.688E-01      0.304E+09     -0.275E+00      0.468E-01
      0.229E-01      0.699E+00      0.692E-01      0.303E+09     -0.275E+00      0.468E-01
      0.240E-01      0.700E+00      0.693E-01      0.302E+09     -0.275E+00      0.468E-01
      0.251E-01      0.705E+00      0.699E-01      0.302E+09     -0.276E+00      0.467E-01
      0.263E-01      0.704E+00      0.699E-01      0.301E+09     -0.276E+00      0.468E-01
      0.275E-01      0.704E+00      0.699E-01      0.300E+09     -0.276E+00      0.468E-01
      0.290E-01      0.706E+00      0.700E-01      0.300E+09     -0.278E+00      0.468E-01
      0.300E-01      0.707E+00      0.699E-01      0.299E+09     -0.279E+00      0.467E-01
      0.310E-01      0.707E+00      0.698E-01      0.298E+09     -0.280E+00      0.468E-01
      0.320E-01      0.707E+00      0.697E-01      0.298E+09     -0.281E+00      0.468E-01
      0.330E-01      0.707E+00      0.695E-01      0.297E+09     -0.282E+00      0.469E-01
      0.340E-01      0.707E+00      0.694E-01      0.296E+09     -0.283E+00      0.469E-01
      0.350E-01      0.708E+00      0.693E-01      0.296E+09     -0.284E+00      0.469E-01
      0.360E-01      0.708E+00      0.692E-01      0.295E+09     -0.285E+00      0.469E-01
      0.370E-01      0.708E+00      0.691E-01      0.295E+09     -0.286E+00      0.469E-01
      0.380E-01      0.708E+00      0.689E-01      0.294E+09     -0.287E+00      0.470E-01
      0.390E-01      0.708E+00      0.688E-01      0.294E+09     -0.289E+00      0.470E-01
      0.400E-01      0.709E+00      0.687E-01      0.293E+09     -0.290E+00      0.470E-01
      0.425E-01      0.709E+00      0.684E-01      0.292E+09     -0.292E+00      0.471E-01
      0.450E-01      0.709E+00      0.680E-01      0.291E+09     -0.295E+00      0.472E-01
      0.475E-01      0.710E+00      0.679E-01      0.289E+09     -0.298E+00      0.472E-01
      0.500E-01      0.710E+00      0.675E-01      0.288E+09     -0.301E+00      0.473E-01
      0.525E-01      0.711E+00      0.673E-01      0.286E+09     -0.303E+00      0.474E-01
      0.550E-01      0.711E+00      0.671E-01      0.285E+09     -0.306E+00      0.475E-01
      0.571E-01      0.712E+00      0.668E-01      0.284E+09     -0.308E+00      0.476E-01
      0.640E-01      0.713E+00      0.662E-01      0.281E+09     -0.316E+00      0.480E-01
      0.719E-01      0.714E+00      0.655E-01      0.277E+09     -0.324E+00      0.484E-01
      0.806E-01      0.716E+00      0.649E-01      0.272E+09     -0.333E+00      0.489E-01
      0.905E-01      0.718E+00      0.642E-01      0.267E+09     -0.344E+00      0.495E-01
      0.102E+00      0.720E+00      0.636E-01      0.261E+09     -0.356E+00      0.504E-01
      0.114E+00      0.722E+00      0.631E-01      0.255E+09     -0.369E+00      0.514E-01
      0.128E+00      0.724E+00      0.627E-01      0.248E+09     -0.383E+00      0.528E-01
      0.143E+00      0.729E+00      0.627E-01      0.240E+09     -0.399E+00      0.542E-01
      0.161E+00      0.733E+00      0.629E-01      0.231E+09     -0.417E+00      0.562E-01
      0.181E+00      0.735E+00      0.634E-01      0.221E+09     -0.437E+00      0.587E-01
      0.203E+00      0.737E+00      0.646E-01      0.210E+09     -0.459E+00      0.622E-01
      0.227E+00      0.742E+00      0.668E-01      0.197E+09     -0.484E+00      0.666E-01
      0.255E+00      0.746E+00      0.697E-01      0.183E+09     -0.511E+00      0.721E-01
      0.286E+00      0.730E+00      0.708E-01      0.167E+09     -0.532E+00      0.772E-01
      0.321E+00      0.645E+00      0.631E-01      0.150E+09     -0.528E+00      0.774E-01
      0.360E+00      0.550E+00      0.550E-01      0.133E+09     -0.524E+00      0.788E-01
      0.404E+00      0.440E+00      0.466E-01      0.117E+09     -0.516E+00      0.833E-01
      0.453E+00      0.318E+00      0.379E-01      0.103E+09     -0.501E+00      0.924E-01
      0.509E+00      0.183E+00      0.293E-01      0.918E+08     -0.461E+00      0.116E+00
      0.571E+00      0.135E+00      0.261E-01      0.845E+08     -0.445E+00      0.136E+00
      0.641E+00      0.134E+00      0.253E-01      0.785E+08     -0.472E+00      0.137E+00
      0.719E+00      0.133E+00      0.258E-01      0.718E+08     -0.504E+00      0.142E+00
      0.806E+00      0.129E+00      0.250E-01      0.645E+08     -0.539E+00      0.143E+00
      0.905E+00      0.117E+00      0.240E-01      0.566E+08     -0.581E+00      0.150E+00
      0.102E+01      0.101E+00      0.253E-01      0.486E+08     -0.645E+00      0.197E+00
      0.114E+01      0.760E-01      0.191E-01      0.409E+08     -0.662E+00      0.199E+00
      0.128E+01      0.486E-01      0.144E-01      0.345E+08     -0.678E+00      0.230E+00
      0.143E+01      0.325E-01      0.109E-01      0.299E+08     -0.623E+00      0.249E+00
      0.161E+01      0.257E-01      0.101E-01      0.265E+08     -0.460E+00      0.296E+00
      0.168E+01      0.277E-01      0.955E-02      0.245E+08     -0.389E+00      0.235E+00
      0.170E+01      0.282E-01      0.946E-02      0.237E+08     -0.371E+00      0.218E+00
      0.180E+01      0.383E-01      0.983E-02      0.227E+08     -0.441E+00      0.155E+00
      0.190E+01      0.722E-01      0.111E-01      0.203E+08     -0.701E+00      0.122E+00
      0.200E+01      0.106E+00      0.124E-01      0.158E+08     -0.799E+00      0.105E+00
      0.210E+01      0.837E-01      0.108E-01      0.934E+07     -0.814E+00      0.119E+00
      0.220E+01      0.396E-01      0.119E-01      0.425E+07     -0.797E+00      0.276E+00
      0.230E+01      0.489E-02      0.109E-01      0.184E+07     -0.460E+00      0.139E+01
      0.240E+01      0.413E-02      0.950E-02      0.154E+07     -0.359E+00      0.109E+01
      0.250E+01      0.340E-02      0.888E-02      0.129E+07     -0.272E+00      0.910E+00
      0.260E+01      0.280E-02      0.858E-02      0.109E+07     -0.309E+00      0.113E+01
      0.275E+01      0.208E-02      0.924E-02      0.875E+06     -0.358E+00      0.179E+01
      0.300E+01      0.178E-02      0.103E-01      0.623E+06     -0.171E+00      0.143E+01
      0.325E+01      0.123E-02      0.686E-02      0.355E+06     -0.207E+00      0.158E+01
      0.350E+01      0.101E-02      0.516E-02      0.170E+06     -0.393E+00      0.266E+01
      0.375E+01      0.136E-03      0.143E-02      0.214E+05     -0.549E+00      0.747E+01
      0.400E+01      0.952E-05      0.431E-03      0.142E+04     -0.456E+00      0.226E+02
      0.425E+01      0.160E-06      0.172E-04      0.231E+02     -0.721E+00      0.107E+03
      0.450E+01      0.153E-33      0.126E-19      0.224E-25     -0.194E+01            NaN
      0.475E+01      0.000E+00      0.000E+00      0.000E+00     -0.990E+02     -0.990E+02
      0.500E+01      0.000E+00      0.000E+00      0.000E+00     -0.990E+02     -0.990E+02
      0.525E+01      0.000E+00      0.000E+00      0.000E+00     -0.990E+02     -0.990E+02
      0.550E+01      0.000E+00      0.000E+00      0.000E+00     -0.990E+02     -0.990E+02
      0.575E+01      0.000E+00      0.000E+00      0.000E+00     -0.990E+02     -0.990E+02
      0.600E+01      0.000E+00      0.000E+00      0.000E+00     -0.990E+02     -0.990E+02
      0.625E+01      0.000E+00      0.000E+00      0.000E+00     -0.990E+02     -0.990E+02
      0.650E+01      0.000E+00      0.000E+00      0.000E+00     -0.990E+02     -0.990E+02
      0.675E+01      0.000E+00      0.000E+00      0.000E+00     -0.990E+02     -0.990E+02
      0.700E+01      0.000E+00      0.000E+00      0.000E+00     -0.990E+02     -0.990E+02
      0.725E+01      0.000E+00      0.000E+00      0.000E+00     -0.990E+02     -0.990E+02
      0.750E+01      0.000E+00      0.000E+00      0.000E+00     -0.990E+02     -0.990E+02
      0.775E+01      0.000E+00      0.000E+00      0.000E+00     -0.990E+02     -0.990E+02
      0.800E+01      0.000E+00      0.000E+00      0.000E+00     -0.990E+02     -0.990E+02
      0.825E+01      0.000E+00      0.000E+00      0.000E+00     -0.990E+02     -0.990E+02
      0.850E+01      0.000E+00      0.000E+00      0.000E+00     -0.990E+02     -0.990E+02
      0.875E+01      0.000E+00      0.000E+00      0.000E+00     -0.990E+02     -0.990E+02
      0.900E+01      0.000E+00      0.000E+00      0.000E+00     -0.990E+02     -0.990E+02
      0.925E+01      0.000E+00      0.000E+00      0.000E+00     -0.990E+02     -0.990E+02
      0.950E+01      0.000E+00      0.000E+00      0.000E+00     -0.990E+02     -0.990E+02
      0.975E+01      0.000E+00      0.000E+00      0.000E+00     -0.990E+02     -0.990E+02
      0.100E+02      0.000E+00      0.000E+00      0.000E+00     -0.990E+02     -0.990E+02
      0.102E+02      0.000E+00      0.000E+00      0.000E+00     -0.990E+02     -0.990E+02
      0.105E+02      0.000E+00      0.000E+00      0.000E+00     -0.990E+02     -0.990E+02
      0.108E+02      0.000E+00      0.000E+00      0.000E+00     -0.990E+02     -0.990E+02
      0.110E+02      0.000E+00      0.000E+00      0.000E+00     -0.990E+02     -0.990E+02
      0.112E+02      0.000E+00      0.000E+00      0.000E+00     -0.990E+02     -0.990E+02
      0.115E+02      0.000E+00      0.000E+00      0.000E+00     -0.990E+02     -0.990E+02
      0.118E+02      0.000E+00      0.000E+00      0.000E+00     -0.990E+02     -0.990E+02
      0.120E+02      0.000E+00      0.000E+00      0.000E+00     -0.990E+02     -0.990E+02
      0.122E+02      0.000E+00      0.000E+00      0.000E+00     -0.990E+02     -0.990E+02
      0.125E+02      0.000E+00      0.000E+00      0.000E+00     -0.990E+02     -0.990E+02
      0.128E+02      0.000E+00      0.000E+00      0.000E+00     -0.990E+02     -0.990E+02
      0.130E+02      0.000E+00      0.000E+00      0.000E+00     -0.990E+02     -0.990E+02
      0.132E+02      0.000E+00      0.000E+00      0.000E+00     -0.990E+02     -0.990E+02
      0.135E+02      0.000E+00      0.000E+00      0.000E+00     -0.990E+02     -0.990E+02
      0.138E+02      0.000E+00      0.000E+00      0.000E+00     -0.990E+02     -0.990E+02
      0.140E+02      0.000E+00      0.000E+00      0.000E+00     -0.990E+02     -0.990E+02
      0.142E+02      0.000E+00      0.000E+00      0.000E+00     -0.990E+02     -0.990E+02
      0.145E+02      0.000E+00      0.000E+00      0.000E+00     -0.990E+02     -0.990E+02
      0.148E+02      0.000E+00      0.000E+00      0.000E+00     -0.990E+02     -0.990E+02
      0.150E+02      0.000E+00      0.000E+00      0.000E+00     -0.990E+02     -0.990E+02
      0.152E+02      0.000E+00      0.000E+00      0.000E+00     -0.990E+02     -0.990E+02
      0.155E+02      0.000E+00      0.000E+00      0.000E+00     -0.990E+02     -0.990E+02
      0.158E+02      0.000E+00      0.000E+00      0.000E+00     -0.990E+02     -0.990E+02
      0.160E+02      0.000E+00      0.000E+00      0.000E+00     -0.990E+02     -0.990E+02
      0.162E+02      0.000E+00      0.000E+00      0.000E+00     -0.990E+02     -0.990E+02
      0.165E+02      0.000E+00      0.000E+00      0.000E+00     -0.990E+02     -0.990E+02
      0.168E+02      0.000E+00      0.000E+00      0.000E+00     -0.990E+02     -0.990E+02
      0.170E+02      0.000E+00      0.000E+00      0.000E+00     -0.990E+02     -0.990E+02
      0.172E+02      0.000E+00      0.000E+00      0.000E+00     -0.990E+02     -0.990E+02
      0.175E+02      0.000E+00      0.000E+00      0.000E+00     -0.990E+02     -0.990E+02
      0.178E+02      0.000E+00      0.000E+00      0.000E+00     -0.990E+02     -0.990E+02
      0.180E+02      0.000E+00      0.000E+00      0.000E+00     -0.990E+02     -0.990E+02
      0.182E+02      0.000E+00      0.000E+00      0.000E+00     -0.990E+02     -0.990E+02
      0.185E+02      0.000E+00      0.000E+00      0.000E+00     -0.990E+02     -0.990E+02
      0.188E+02      0.000E+00      0.000E+00      0.000E+00     -0.990E+02     -0.990E+02
      0.190E+02      0.000E+00      0.000E+00      0.000E+00     -0.990E+02     -0.990E+02
      0.192E+02      0.000E+00      0.000E+00      0.000E+00     -0.990E+02     -0.990E+02
      0.195E+02      0.000E+00      0.000E+00      0.000E+00     -0.990E+02     -0.990E+02
      0.198E+02      0.000E+00      0.000E+00      0.000E+00     -0.990E+02     -0.990E+02
      0.200E+02      0.000E+00      0.000E+00      0.000E+00     -0.990E+02     -0.990E+02
