      0.000E+00      0.781E+02      0.319E+02      0.690E+10     -0.990E+02     -0.990E+02
      0.100E-03      0.781E+02      0.319E+02      0.690E+10     -0.990E+02     -0.990E+02
      0.140E-03      0.781E+02      0.319E+02      0.690E+10     -0.990E+02     -0.990E+02
      0.160E-03      0.781E+02      0.319E+02      0.690E+10     -0.990E+02     -0.990E+02
      0.180E-03      0.781E+02      0.319E+02      0.690E+10     -0.990E+02     -0.990E+02
      0.200E-03      0.781E+02      0.319E+02      0.690E+10     -0.990E+02     -0.990E+02
      0.220E-03      0.781E+02      0.319E+02      0.690E+10     -0.990E+02     -0.990E+02
      0.250E-03      0.781E+02      0.319E+02      0.690E+10     -0.990E+02     -0.990E+02
      0.280E-03      0.781E+02      0.319E+02      0.690E+10     -0.990E+02     -0.990E+02
      0.320E-03      0.781E+02      0.319E+02      0.690E+10     -0.990E+02     -0.990E+02
      0.350E-03      0.781E+02      0.319E+02      0.690E+10     -0.990E+02     -0.990E+02
      0.400E-03      0.781E+02      0.319E+02      0.690E+10     -0.990E+02     -0.990E+02
      0.450E-03      0.781E+02      0.319E+02      0.690E+10     -0.990E+02     -0.990E+02
      0.500E-03      0.781E+02      0.319E+02      0.690E+10     -0.990E+02     -0.990E+02
      0.560E-03      0.781E+02      0.319E+02      0.690E+10     -0.990E+02     -0.990E+02
      0.630E-03      0.781E+02      0.319E+02      0.690E+10     -0.990E+02     -0.990E+02
      0.710E-03      0.781E+02      0.319E+02      0.690E+10     -0.990E+02     -0.990E+02
      0.790E-03      0.781E+02      0.319E+02      0.690E+10     -0.990E+02     -0.990E+02
      0.890E-03      0.781E+02      0.319E+02      0.690E+10     -0.990E+02     -0.990E+02
      0.100E-02      0.781E+02      0.319E+02      0.690E+10     -0.990E+02     -0.990E+02
      0.105E-02      0.781E+02      0.319E+02      0.690E+10     -0.990E+02     -0.990E+02
      0.110E-02      0.781E+02      0.319E+02      0.690E+10     -0.990E+02     -0.990E+02
      0.115E-02      0.781E+02      0.319E+02      0.690E+10     -0.990E+02     -0.990E+02
      0.120E-02      0.781E+02      0.319E+02      0.690E+10     -0.990E+02     -0.990E+02
      0.126E-02      0.781E+02      0.319E+02      0.690E+10     -0.990E+02     -0.990E+02
      0.132E-02      0.781E+02      0.319E+02      0.690E+10     -0.990E+02     -0.990E+02
      0.138E-02      0.781E+02      0.319E+02      0.690E+10     -0.990E+02     -0.990E+02
      0.145E-02      0.781E+02      0.319E+02      0.690E+10     -0.990E+02     -0.990E+02
      0.151E-02      0.781E+02      0.319E+02      0.690E+10     -0.990E+02     -0.990E+02
      0.158E-02      0.781E+02      0.319E+02      0.690E+10     -0.990E+02     -0.990E+02
      0.166E-02      0.781E+02      0.319E+02      0.690E+10     -0.990E+02     -0.990E+02
      0.174E-02      0.781E+02      0.319E+02      0.690E+10     -0.990E+02     -0.990E+02
      0.182E-02      0.781E+02      0.319E+02      0.690E+10     -0.990E+02     -0.990E+02
      0.191E-02      0.781E+02      0.319E+02      0.690E+10     -0.990E+02     -0.990E+02
      0.200E-02      0.781E+02      0.319E+02      0.690E+10     -0.990E+02     -0.990E+02
      0.209E-02      0.781E+02      0.319E+02      0.690E+10     -0.990E+02     -0.990E+02
      0.219E-02      0.781E+02      0.319E+02      0.690E+10     -0.990E+02     -0.990E+02
      0.229E-02      0.781E+02      0.319E+02      0.690E+10     -0.990E+02     -0.990E+02
      0.240E-02      0.781E+02      0.319E+02      0.690E+10     -0.990E+02     -0.990E+02
      0.251E-02      0.781E+02      0.319E+02      0.690E+10     -0.990E+02     -0.990E+02
      0.263E-02      0.781E+02      0.319E+02      0.690E+10     -0.990E+02     -0.990E+02
      0.275E-02      0.781E+02      0.319E+02      0.690E+10     -0.990E+02     -0.990E+02
      0.288E-02      0.781E+02      0.319E+02      0.690E+10     -0.990E+02     -0.990E+02
      0.302E-02      0.781E+02      0.319E+02      0.690E+10     -0.990E+02     -0.990E+02
      0.316E-02      0.781E+02      0.319E+02      0.690E+10     -0.990E+02     -0.990E+02
      0.331E-02      0.781E+02      0.319E+02      0.690E+10     -0.990E+02     -0.990E+02
      0.347E-02      0.781E+02      0.319E+02      0.690E+10     -0.990E+02     -0.990E+02
      0.363E-02      0.781E+02      0.319E+02      0.690E+10     -0.990E+02     -0.990E+02
      0.380E-02      0.781E+02      0.319E+02      0.690E+10     -0.990E+02     -0.990E+02
      0.398E-02      0.781E+02      0.319E+02      0.690E+10     -0.990E+02     -0.990E+02
      0.417E-02      0.781E+02      0.319E+02      0.690E+10     -0.990E+02     -0.990E+02
      0.437E-02      0.781E+02      0.319E+02      0.690E+10     -0.990E+02     -0.990E+02
      0.457E-02      0.781E+02      0.319E+02      0.690E+10     -0.990E+02     -0.990E+02
      0.479E-02      0.781E+02      0.319E+02      0.690E+10     -0.990E+02     -0.990E+02
      0.501E-02      0.781E+02      0.319E+02      0.690E+10     -0.990E+02     -0.990E+02
      0.525E-02      0.781E+02      0.319E+02      0.690E+10     -0.990E+02     -0.990E+02
      0.550E-02      0.781E+02      0.319E+02      0.690E+10     -0.990E+02     -0.990E+02
      0.575E-02      0.781E+02      0.319E+02      0.690E+10     -0.990E+02     -0.990E+02
      0.603E-02      0.781E+02      0.319E+02      0.690E+10     -0.990E+02     -0.990E+02
      0.631E-02      0.781E+02      0.319E+02      0.690E+10     -0.990E+02     -0.990E+02
      0.661E-02      0.781E+02      0.319E+02      0.690E+10     -0.990E+02     -0.990E+02
      0.692E-02      0.781E+02      0.319E+02      0.690E+10     -0.990E+02     -0.990E+02
      0.724E-02      0.781E+02      0.319E+02      0.690E+10     -0.990E+02     -0.990E+02
      0.759E-02      0.781E+02      0.319E+02      0.690E+10     -0.990E+02     -0.990E+02
      0.794E-02      0.781E+02      0.319E+02      0.690E+10     -0.990E+02     -0.990E+02
      0.832E-02      0.781E+02      0.319E+02      0.690E+10     -0.990E+02     -0.990E+02
      0.871E-02      0.781E+02      0.319E+02      0.690E+10     -0.990E+02     -0.990E+02
      0.912E-02      0.781E+02      0.319E+02      0.690E+10     -0.990E+02     -0.990E+02
      0.955E-02      0.781E+02      0.319E+02      0.690E+10     -0.990E+02     -0.990E+02
      0.100E-01      0.781E+02      0.319E+02      0.690E+10     -0.294E+01      0.180E+01
      0.105E-01      0.504E+02      0.203E+02      0.609E+10     -0.295E+01      0.181E+01
      0.110E-01      0.501E+02      0.202E+02      0.607E+10     -0.295E+01      0.181E+01
      0.115E-01      0.498E+02      0.200E+02      0.605E+10     -0.295E+01      0.181E+01
      0.120E-01      0.497E+02      0.200E+02      0.603E+10     -0.296E+01      0.181E+01
      0.126E-01      0.496E+02      0.200E+02      0.600E+10     -0.296E+01      0.182E+01
      0.132E-01      0.498E+02      0.201E+02      0.598E+10     -0.296E+01      0.182E+01
      0.138E-01      0.495E+02      0.200E+02      0.595E+10     -0.296E+01      0.182E+01
      0.144E-01      0.490E+02      0.198E+02      0.592E+10     -0.297E+01      0.183E+01
      0.151E-01      0.490E+02      0.198E+02      0.590E+10     -0.297E+01      0.183E+01
      0.159E-01      0.490E+02      0.198E+02      0.587E+10     -0.298E+01      0.183E+01
      0.166E-01      0.488E+02      0.197E+02      0.584E+10     -0.298E+01      0.184E+01
      0.174E-01      0.487E+02      0.197E+02      0.580E+10     -0.298E+01      0.184E+01
      0.182E-01      0.487E+02      0.197E+02      0.577E+10     -0.299E+01      0.185E+01
      0.191E-01      0.485E+02      0.197E+02      0.574E+10     -0.299E+01      0.185E+01
      0.200E-01      0.481E+02      0.195E+02      0.570E+10     -0.300E+01      0.186E+01
      0.209E-01      0.478E+02      0.194E+02      0.566E+10     -0.300E+01      0.186E+01
      0.219E-01      0.476E+02      0.194E+02      0.562E+10     -0.301E+01      0.187E+01
      0.229E-01      0.475E+02      0.194E+02      0.558E+10     -0.301E+01      0.187E+01
      0.240E-01      0.473E+02      0.193E+02      0.554E+10     -0.302E+01      0.188E+01
      0.251E-01      0.471E+02      0.193E+02      0.550E+10     -0.302E+01      0.189E+01
      0.263E-01      0.468E+02      0.192E+02      0.545E+10     -0.303E+01      0.190E+01
      0.275E-01      0.465E+02      0.191E+02      0.541E+10     -0.304E+01      0.191E+01
      0.290E-01      0.462E+02      0.191E+02      0.536E+10     -0.305E+01      0.192E+01
      0.300E-01      0.460E+02      0.190E+02      0.531E+10     -0.305E+01      0.192E+01
      0.310E-01      0.458E+02      0.190E+02      0.527E+10     -0.306E+01      0.193E+01
      0.320E-01      0.456E+02      0.189E+02      0.524E+10     -0.307E+01      0.194E+01
      0.330E-01      0.453E+02      0.189E+02      0.520E+10     -0.307E+01      0.195E+01
      0.340E-01      0.451E+02      0.188E+02      0.516E+10     -0.308E+01      0.195E+01
      0.350E-01      0.449E+02      0.188E+02      0.513E+10     -0.308E+01      0.196E+01
      0.360E-01      0.447E+02      0.188E+02      0.509E+10     -0.309E+01      0.197E+01
      0.370E-01      0.445E+02      0.187E+02      0.505E+10     -0.310E+01      0.198E+01
      0.380E-01      0.443E+02      0.187E+02      0.502E+10     -0.310E+01      0.199E+01
      0.390E-01      0.440E+02      0.187E+02      0.498E+10     -0.311E+01      0.200E+01
      0.400E-01      0.438E+02      0.186E+02      0.495E+10     -0.312E+01      0.201E+01
      0.425E-01      0.433E+02      0.186E+02      0.489E+10     -0.313E+01      0.203E+01
      0.450E-01      0.428E+02      0.185E+02      0.480E+10     -0.315E+01      0.206E+01
      0.475E-01      0.422E+02      0.184E+02      0.472E+10     -0.317E+01      0.208E+01
      0.500E-01      0.418E+02      0.184E+02      0.463E+10     -0.319E+01      0.211E+01
      0.525E-01      0.411E+02      0.183E+02      0.455E+10     -0.320E+01      0.214E+01
      0.550E-01      0.406E+02      0.182E+02      0.447E+10     -0.322E+01      0.217E+01
      0.571E-01      0.402E+02      0.182E+02      0.440E+10     -0.324E+01      0.219E+01
      0.640E-01      0.388E+02      0.181E+02      0.426E+10     -0.328E+01      0.228E+01
      0.719E-01      0.376E+02      0.178E+02      0.404E+10     -0.330E+01      0.232E+01
      0.806E-01      0.364E+02      0.171E+02      0.380E+10     -0.330E+01      0.231E+01
      0.905E-01      0.350E+02      0.163E+02      0.354E+10     -0.330E+01      0.229E+01
      0.102E+00      0.334E+02      0.155E+02      0.327E+10     -0.329E+01      0.227E+01
      0.114E+00      0.316E+02      0.145E+02      0.298E+10     -0.329E+01      0.224E+01
      0.128E+00      0.296E+02      0.135E+02      0.268E+10     -0.329E+01      0.221E+01
      0.143E+00      0.274E+02      0.123E+02      0.236E+10     -0.328E+01      0.218E+01
      0.161E+00      0.249E+02      0.110E+02      0.203E+10     -0.327E+01      0.213E+01
      0.181E+00      0.221E+02      0.961E+01      0.170E+10     -0.326E+01      0.208E+01
      0.203E+00      0.189E+02      0.808E+01      0.137E+10     -0.325E+01      0.201E+01
      0.227E+00      0.153E+02      0.643E+01      0.105E+10     -0.321E+01      0.191E+01
      0.255E+00      0.113E+02      0.483E+01      0.771E+09     -0.313E+01      0.181E+01
      0.286E+00      0.698E+01      0.367E+01      0.539E+09     -0.293E+01      0.194E+01
      0.321E+00      0.344E+01      0.328E+01      0.378E+09     -0.217E+01      0.302E+01
      0.360E+00      0.282E+01      0.279E+01      0.290E+09     -0.216E+01      0.307E+01
      0.404E+00      0.213E+01      0.223E+01      0.209E+09     -0.214E+01      0.318E+01
      0.453E+00      0.141E+01      0.174E+01      0.141E+09     -0.206E+01      0.344E+01
      0.509E+00      0.841E+00      0.128E+01      0.905E+08     -0.179E+01      0.348E+01
      0.571E+00      0.458E+00      0.959E+00      0.571E+08     -0.139E+01      0.382E+01
      0.641E+00      0.294E+00      0.691E+00      0.368E+08     -0.129E+01      0.390E+01
      0.719E+00      0.177E+00      0.503E+00      0.223E+08     -0.118E+01      0.438E+01
      0.806E+00      0.109E+00      0.349E+00      0.126E+08     -0.134E+01      0.555E+01
      0.905E+00      0.563E-01      0.207E+00      0.593E+07     -0.155E+01      0.754E+01
      0.102E+01      0.226E-01      0.112E+00      0.210E+07     -0.155E+01      0.999E+01
      0.114E+01      0.415E-02      0.552E-01      0.384E+06     -0.107E+01      0.201E+02
      0.128E+01      0.368E-03      0.618E-02      0.346E+05     -0.121E+01      0.276E+02
      0.143E+01      0.329E-05      0.348E-03      0.343E+03     -0.736E+00      0.107E+03
      0.161E+01      0.000E+00      0.000E+00      0.000E+00     -0.990E+02     -0.990E+02
      0.168E+01      0.000E+00      0.000E+00      0.000E+00     -0.990E+02     -0.990E+02
      0.170E+01      0.000E+00      0.000E+00      0.000E+00     -0.990E+02     -0.990E+02
      0.180E+01      0.000E+00      0.000E+00      0.000E+00     -0.990E+02     -0.990E+02
      0.190E+01      0.000E+00      0.000E+00      0.000E+00     -0.990E+02     -0.990E+02
      0.200E+01      0.000E+00      0.000E+00      0.000E+00     -0.990E+02     -0.990E+02
      0.210E+01      0.000E+00      0.000E+00      0.000E+00     -0.990E+02     -0.990E+02
      0.220E+01      0.000E+00      0.000E+00      0.000E+00     -0.990E+02     -0.990E+02
      0.230E+01      0.000E+00      0.000E+00      0.000E+00     -0.990E+02     -0.990E+02
      0.240E+01      0.000E+00      0.000E+00      0.000E+00     -0.990E+02     -0.990E+02
      0.250E+01      0.000E+00      0.000E+00      0.000E+00     -0.990E+02     -0.990E+02
      0.260E+01      0.000E+00      0.000E+00      0.000E+00     -0.990E+02     -0.990E+02
      0.275E+01      0.000E+00      0.000E+00      0.000E+00     -0.990E+02     -0.990E+02
      0.300E+01      0.000E+00      0.000E+00      0.000E+00     -0.990E+02     -0.990E+02
      0.325E+01      0.000E+00      0.000E+00      0.000E+00     -0.990E+02     -0.990E+02
      0.350E+01      0.000E+00      0.000E+00      0.000E+00     -0.990E+02     -0.990E+02
      0.375E+01      0.000E+00      0.000E+00      0.000E+00     -0.990E+02     -0.990E+02
      0.400E+01      0.000E+00      0.000E+00      0.000E+00     -0.990E+02     -0.990E+02
      0.425E+01      0.000E+00      0.000E+00      0.000E+00     -0.990E+02     -0.990E+02
      0.450E+01      0.000E+00      0.000E+00      0.000E+00     -0.990E+02     -0.990E+02
      0.475E+01      0.000E+00      0.000E+00      0.000E+00     -0.990E+02     -0.990E+02
      0.500E+01      0.000E+00      0.000E+00      0.000E+00     -0.990E+02     -0.990E+02
      0.525E+01      0.000E+00      0.000E+00      0.000E+00     -0.990E+02     -0.990E+02
      0.550E+01      0.000E+00      0.000E+00      0.000E+00     -0.990E+02     -0.990E+02
      0.575E+01      0.000E+00      0.000E+00      0.000E+00     -0.990E+02     -0.990E+02
      0.600E+01      0.000E+00      0.000E+00      0.000E+00     -0.990E+02     -0.990E+02
      0.625E+01      0.000E+00      0.000E+00      0.000E+00     -0.990E+02     -0.990E+02
      0.650E+01      0.000E+00      0.000E+00      0.000E+00     -0.990E+02     -0.990E+02
      0.675E+01      0.000E+00      0.000E+00      0.000E+00     -0.990E+02     -0.990E+02
      0.700E+01      0.000E+00      0.000E+00      0.000E+00     -0.990E+02     -0.990E+02
      0.725E+01      0.000E+00      0.000E+00      0.000E+00     -0.990E+02     -0.990E+02
      0.750E+01      0.000E+00      0.000E+00      0.000E+00     -0.990E+02     -0.990E+02
      0.775E+01      0.000E+00      0.000E+00      0.000E+00     -0.990E+02     -0.990E+02
      0.800E+01      0.000E+00      0.000E+00      0.000E+00     -0.990E+02     -0.990E+02
      0.825E+01      0.000E+00      0.000E+00      0.000E+00     -0.990E+02     -0.990E+02
      0.850E+01      0.000E+00      0.000E+00      0.000E+00     -0.990E+02     -0.990E+02
      0.875E+01      0.000E+00      0.000E+00      0.000E+00     -0.990E+02     -0.990E+02
      0.900E+01      0.000E+00      0.000E+00      0.000E+00     -0.990E+02     -0.990E+02
      0.925E+01      0.000E+00      0.000E+00      0.000E+00     -0.990E+02     -0.990E+02
      0.950E+01      0.000E+00      0.000E+00      0.000E+00     -0.990E+02     -0.990E+02
      0.975E+01      0.000E+00      0.000E+00      0.000E+00     -0.990E+02     -0.990E+02
      0.100E+02      0.000E+00      0.000E+00      0.000E+00     -0.990E+02     -0.990E+02
      0.102E+02      0.000E+00      0.000E+00      0.000E+00     -0.990E+02     -0.990E+02
      0.105E+02      0.000E+00      0.000E+00      0.000E+00     -0.990E+02     -0.990E+02
      0.108E+02      0.000E+00      0.000E+00      0.000E+00     -0.990E+02     -0.990E+02
      0.110E+02      0.000E+00      0.000E+00      0.000E+00     -0.990E+02     -0.990E+02
      0.112E+02      0.000E+00      0.000E+00      0.000E+00     -0.990E+02     -0.990E+02
      0.115E+02      0.000E+00      0.000E+00      0.000E+00     -0.990E+02     -0.990E+02
      0.118E+02      0.000E+00      0.000E+00      0.000E+00     -0.990E+02     -0.990E+02
      0.120E+02      0.000E+00      0.000E+00      0.000E+00     -0.990E+02     -0.990E+02
      0.122E+02      0.000E+00      0.000E+00      0.000E+00     -0.990E+02     -0.990E+02
      0.125E+02      0.000E+00      0.000E+00      0.000E+00     -0.990E+02     -0.990E+02
      0.128E+02      0.000E+00      0.000E+00      0.000E+00     -0.990E+02     -0.990E+02
      0.130E+02      0.000E+00      0.000E+00      0.000E+00     -0.990E+02     -0.990E+02
      0.132E+02      0.000E+00      0.000E+00      0.000E+00     -0.990E+02     -0.990E+02
      0.135E+02      0.000E+00      0.000E+00      0.000E+00     -0.990E+02     -0.990E+02
      0.138E+02      0.000E+00      0.000E+00      0.000E+00     -0.990E+02     -0.990E+02
      0.140E+02      0.000E+00      0.000E+00      0.000E+00     -0.990E+02     -0.990E+02
      0.142E+02      0.000E+00      0.000E+00      0.000E+00     -0.990E+02     -0.990E+02
      0.145E+02      0.000E+00      0.000E+00      0.000E+00     -0.990E+02     -0.990E+02
      0.148E+02      0.000E+00      0.000E+00      0.000E+00     -0.990E+02     -0.990E+02
      0.150E+02      0.000E+00      0.000E+00      0.000E+00     -0.990E+02     -0.990E+02
      0.152E+02      0.000E+00      0.000E+00      0.000E+00     -0.990E+02     -0.990E+02
      0.155E+02      0.000E+00      0.000E+00      0.000E+00     -0.990E+02     -0.990E+02
      0.158E+02      0.000E+00      0.000E+00      0.000E+00     -0.990E+02     -0.990E+02
      0.160E+02      0.000E+00      0.000E+00      0.000E+00     -0.990E+02     -0.990E+02
      0.162E+02      0.000E+00      0.000E+00      0.000E+00     -0.990E+02     -0.990E+02
      0.165E+02      0.000E+00      0.000E+00      0.000E+00     -0.990E+02     -0.990E+02
      0.168E+02      0.000E+00      0.000E+00      0.000E+00     -0.990E+02     -0.990E+02
      0.170E+02      0.000E+00      0.000E+00      0.000E+00     -0.990E+02     -0.990E+02
      0.172E+02      0.000E+00      0.000E+00      0.000E+00     -0.990E+02     -0.990E+02
      0.175E+02      0.000E+00      0.000E+00      0.000E+00     -0.990E+02     -0.990E+02
      0.178E+02      0.000E+00      0.000E+00      0.000E+00     -0.990E+02     -0.990E+02
      0.180E+02      0.000E+00      0.000E+00      0.000E+00     -0.990E+02     -0.990E+02
      0.182E+02      0.000E+00      0.000E+00      0.000E+00     -0.990E+02     -0.990E+02
      0.185E+02      0.000E+00      0.000E+00      0.000E+00     -0.990E+02     -0.990E+02
      0.188E+02      0.000E+00      0.000E+00      0.000E+00     -0.990E+02     -0.990E+02
      0.190E+02      0.000E+00      0.000E+00      0.000E+00     -0.990E+02     -0.990E+02
      0.192E+02      0.000E+00      0.000E+00      0.000E+00     -0.990E+02     -0.990E+02
      0.195E+02      0.000E+00      0.000E+00      0.000E+00     -0.990E+02     -0.990E+02
      0.198E+02      0.000E+00      0.000E+00      0.000E+00     -0.990E+02     -0.990E+02
      0.200E+02      0.000E+00      0.000E+00      0.000E+00     -0.990E+02     -0.990E+02
