      0.000E+00      0.341E+00      0.469E-01      0.143E+09     -0.990E+02     -0.990E+02
      0.100E-03      0.341E+00      0.469E-01      0.143E+09     -0.990E+02     -0.990E+02
      0.140E-03      0.341E+00      0.469E-01      0.143E+09     -0.990E+02     -0.990E+02
      0.160E-03      0.341E+00      0.469E-01      0.143E+09     -0.990E+02     -0.990E+02
      0.180E-03      0.341E+00      0.469E-01      0.143E+09     -0.990E+02     -0.990E+02
      0.200E-03      0.341E+00      0.469E-01      0.143E+09     -0.990E+02     -0.990E+02
      0.220E-03      0.341E+00      0.469E-01      0.143E+09     -0.990E+02     -0.990E+02
      0.250E-03      0.341E+00      0.469E-01      0.143E+09     -0.990E+02     -0.990E+02
      0.280E-03      0.341E+00      0.469E-01      0.143E+09     -0.990E+02     -0.990E+02
      0.320E-03      0.341E+00      0.469E-01      0.143E+09     -0.990E+02     -0.990E+02
      0.350E-03      0.341E+00      0.469E-01      0.143E+09     -0.990E+02     -0.990E+02
      0.400E-03      0.341E+00      0.469E-01      0.143E+09     -0.990E+02     -0.990E+02
      0.450E-03      0.341E+00      0.469E-01      0.143E+09     -0.990E+02     -0.990E+02
      0.500E-03      0.341E+00      0.469E-01      0.143E+09     -0.990E+02     -0.990E+02
      0.560E-03      0.341E+00      0.469E-01      0.143E+09     -0.990E+02     -0.990E+02
      0.630E-03      0.341E+00      0.469E-01      0.143E+09     -0.990E+02     -0.990E+02
      0.710E-03      0.341E+00      0.469E-01      0.143E+09     -0.990E+02     -0.990E+02
      0.790E-03      0.341E+00      0.469E-01      0.143E+09     -0.990E+02     -0.990E+02
      0.890E-03      0.341E+00      0.469E-01      0.143E+09     -0.990E+02     -0.990E+02
      0.100E-02      0.341E+00      0.469E-01      0.143E+09     -0.990E+02     -0.990E+02
      0.105E-02      0.341E+00      0.469E-01      0.143E+09     -0.990E+02     -0.990E+02
      0.110E-02      0.341E+00      0.469E-01      0.143E+09     -0.990E+02     -0.990E+02
      0.115E-02      0.341E+00      0.469E-01      0.143E+09     -0.990E+02     -0.990E+02
      0.120E-02      0.341E+00      0.469E-01      0.143E+09     -0.990E+02     -0.990E+02
      0.126E-02      0.341E+00      0.469E-01      0.143E+09     -0.990E+02     -0.990E+02
      0.132E-02      0.341E+00      0.469E-01      0.143E+09     -0.990E+02     -0.990E+02
      0.138E-02      0.341E+00      0.469E-01      0.143E+09     -0.990E+02     -0.990E+02
      0.145E-02      0.341E+00      0.469E-01      0.143E+09     -0.990E+02     -0.990E+02
      0.151E-02      0.341E+00      0.469E-01      0.143E+09     -0.990E+02     -0.990E+02
      0.158E-02      0.341E+00      0.469E-01      0.143E+09     -0.990E+02     -0.990E+02
      0.166E-02      0.341E+00      0.469E-01      0.143E+09     -0.990E+02     -0.990E+02
      0.174E-02      0.341E+00      0.469E-01      0.143E+09     -0.990E+02     -0.990E+02
      0.182E-02      0.341E+00      0.469E-01      0.143E+09     -0.990E+02     -0.990E+02
      0.191E-02      0.341E+00      0.469E-01      0.143E+09     -0.990E+02     -0.990E+02
      0.200E-02      0.341E+00      0.469E-01      0.143E+09     -0.990E+02     -0.990E+02
      0.209E-02      0.341E+00      0.469E-01      0.143E+09     -0.990E+02     -0.990E+02
      0.219E-02      0.341E+00      0.469E-01      0.143E+09     -0.990E+02     -0.990E+02
      0.229E-02      0.341E+00      0.469E-01      0.143E+09     -0.990E+02     -0.990E+02
      0.240E-02      0.341E+00      0.469E-01      0.143E+09     -0.990E+02     -0.990E+02
      0.251E-02      0.341E+00      0.469E-01      0.143E+09     -0.990E+02     -0.990E+02
      0.263E-02      0.341E+00      0.469E-01      0.143E+09     -0.990E+02     -0.990E+02
      0.275E-02      0.341E+00      0.469E-01      0.143E+09     -0.990E+02     -0.990E+02
      0.288E-02      0.341E+00      0.469E-01      0.143E+09     -0.990E+02     -0.990E+02
      0.302E-02      0.341E+00      0.469E-01      0.143E+09     -0.990E+02     -0.990E+02
      0.316E-02      0.341E+00      0.469E-01      0.143E+09     -0.990E+02     -0.990E+02
      0.331E-02      0.341E+00      0.469E-01      0.143E+09     -0.990E+02     -0.990E+02
      0.347E-02      0.341E+00      0.469E-01      0.143E+09     -0.990E+02     -0.990E+02
      0.363E-02      0.341E+00      0.469E-01      0.143E+09     -0.990E+02     -0.990E+02
      0.380E-02      0.341E+00      0.469E-01      0.143E+09     -0.990E+02     -0.990E+02
      0.398E-02      0.341E+00      0.469E-01      0.143E+09     -0.990E+02     -0.990E+02
      0.417E-02      0.341E+00      0.469E-01      0.143E+09     -0.990E+02     -0.990E+02
      0.437E-02      0.341E+00      0.469E-01      0.143E+09     -0.990E+02     -0.990E+02
      0.457E-02      0.341E+00      0.469E-01      0.143E+09     -0.990E+02     -0.990E+02
      0.479E-02      0.341E+00      0.469E-01      0.143E+09     -0.990E+02     -0.990E+02
      0.501E-02      0.341E+00      0.469E-01      0.143E+09     -0.990E+02     -0.990E+02
      0.525E-02      0.341E+00      0.469E-01      0.143E+09     -0.990E+02     -0.990E+02
      0.550E-02      0.341E+00      0.469E-01      0.143E+09     -0.990E+02     -0.990E+02
      0.575E-02      0.341E+00      0.469E-01      0.143E+09     -0.990E+02     -0.990E+02
      0.603E-02      0.341E+00      0.469E-01      0.143E+09     -0.990E+02     -0.990E+02
      0.631E-02      0.341E+00      0.469E-01      0.143E+09     -0.990E+02     -0.990E+02
      0.661E-02      0.341E+00      0.469E-01      0.143E+09     -0.990E+02     -0.990E+02
      0.692E-02      0.341E+00      0.469E-01      0.143E+09     -0.990E+02     -0.990E+02
      0.724E-02      0.341E+00      0.469E-01      0.143E+09     -0.990E+02     -0.990E+02
      0.759E-02      0.341E+00      0.469E-01      0.143E+09     -0.990E+02     -0.990E+02
      0.794E-02      0.341E+00      0.469E-01      0.143E+09     -0.990E+02     -0.990E+02
      0.832E-02      0.341E+00      0.469E-01      0.143E+09     -0.990E+02     -0.990E+02
      0.871E-02      0.341E+00      0.469E-01      0.143E+09     -0.990E+02     -0.990E+02
      0.912E-02      0.341E+00      0.469E-01      0.143E+09     -0.990E+02     -0.990E+02
      0.955E-02      0.341E+00      0.469E-01      0.143E+09     -0.990E+02     -0.990E+02
      0.100E-01      0.341E+00      0.469E-01      0.143E+09      0.358E-01      0.563E-01
      0.105E-01      0.412E-01      0.257E-01      0.139E+09      0.357E-01      0.562E-01
      0.110E-01      0.410E-01      0.255E-01      0.139E+09      0.357E-01      0.562E-01
      0.115E-01      0.409E-01      0.253E-01      0.139E+09      0.357E-01      0.560E-01
      0.120E-01      0.408E-01      0.253E-01      0.139E+09      0.355E-01      0.560E-01
      0.126E-01      0.409E-01      0.252E-01      0.139E+09      0.354E-01      0.558E-01
      0.132E-01      0.411E-01      0.253E-01      0.139E+09      0.355E-01      0.557E-01
      0.138E-01      0.410E-01      0.251E-01      0.139E+09      0.353E-01      0.555E-01
      0.144E-01      0.406E-01      0.248E-01      0.139E+09      0.353E-01      0.554E-01
      0.151E-01      0.407E-01      0.247E-01      0.139E+09      0.352E-01      0.553E-01
      0.159E-01      0.408E-01      0.247E-01      0.139E+09      0.351E-01      0.551E-01
      0.166E-01      0.408E-01      0.246E-01      0.139E+09      0.350E-01      0.550E-01
      0.174E-01      0.408E-01      0.246E-01      0.139E+09      0.349E-01      0.548E-01
      0.182E-01      0.408E-01      0.245E-01      0.139E+09      0.350E-01      0.547E-01
      0.191E-01      0.409E-01      0.244E-01      0.139E+09      0.347E-01      0.545E-01
      0.200E-01      0.406E-01      0.241E-01      0.139E+09      0.347E-01      0.544E-01
      0.209E-01      0.405E-01      0.239E-01      0.139E+09      0.346E-01      0.542E-01
      0.219E-01      0.405E-01      0.238E-01      0.139E+09      0.345E-01      0.540E-01
      0.229E-01      0.405E-01      0.237E-01      0.139E+09      0.345E-01      0.538E-01
      0.240E-01      0.405E-01      0.235E-01      0.139E+09      0.343E-01      0.535E-01
      0.251E-01      0.405E-01      0.234E-01      0.139E+09      0.342E-01      0.533E-01
      0.263E-01      0.404E-01      0.232E-01      0.139E+09      0.340E-01      0.531E-01
      0.275E-01      0.403E-01      0.230E-01      0.139E+09      0.339E-01      0.529E-01
      0.290E-01      0.402E-01      0.228E-01      0.139E+09      0.338E-01      0.526E-01
      0.300E-01      0.402E-01      0.226E-01      0.139E+09      0.336E-01      0.524E-01
      0.310E-01      0.402E-01      0.225E-01      0.139E+09      0.336E-01      0.523E-01
      0.320E-01      0.402E-01      0.224E-01      0.139E+09      0.334E-01      0.521E-01
      0.330E-01      0.401E-01      0.222E-01      0.139E+09      0.334E-01      0.519E-01
      0.340E-01      0.401E-01      0.221E-01      0.138E+09      0.332E-01      0.517E-01
      0.350E-01      0.401E-01      0.220E-01      0.138E+09      0.331E-01      0.516E-01
      0.360E-01      0.400E-01      0.218E-01      0.138E+09      0.331E-01      0.514E-01
      0.370E-01      0.399E-01      0.217E-01      0.138E+09      0.329E-01      0.512E-01
      0.380E-01      0.399E-01      0.215E-01      0.138E+09      0.328E-01      0.511E-01
      0.390E-01      0.399E-01      0.214E-01      0.138E+09      0.327E-01      0.509E-01
      0.400E-01      0.399E-01      0.213E-01      0.138E+09      0.327E-01      0.507E-01
      0.425E-01      0.397E-01      0.209E-01      0.138E+09      0.323E-01      0.503E-01
      0.450E-01      0.396E-01      0.206E-01      0.138E+09      0.320E-01      0.499E-01
      0.475E-01      0.395E-01      0.202E-01      0.138E+09      0.317E-01      0.495E-01
      0.500E-01      0.394E-01      0.199E-01      0.138E+09      0.315E-01      0.491E-01
      0.525E-01      0.393E-01      0.196E-01      0.138E+09      0.312E-01      0.487E-01
      0.550E-01      0.392E-01      0.193E-01      0.138E+09      0.310E-01      0.483E-01
      0.571E-01      0.391E-01      0.190E-01      0.138E+09      0.307E-01      0.481E-01
      0.640E-01      0.389E-01      0.182E-01      0.138E+09      0.299E-01      0.471E-01
      0.719E-01      0.385E-01      0.173E-01      0.137E+09      0.289E-01      0.462E-01
      0.806E-01      0.382E-01      0.164E-01      0.137E+09      0.280E-01      0.453E-01
      0.905E-01      0.378E-01      0.154E-01      0.137E+09      0.267E-01      0.445E-01
      0.102E+00      0.374E-01      0.146E-01      0.137E+09      0.254E-01      0.440E-01
      0.114E+00      0.377E-01      0.145E-01      0.136E+09      0.238E-01      0.433E-01
      0.128E+00      0.384E-01      0.146E-01      0.136E+09      0.220E-01      0.424E-01
      0.143E+00      0.391E-01      0.147E-01      0.135E+09      0.202E-01      0.416E-01
      0.161E+00      0.399E-01      0.148E-01      0.135E+09      0.181E-01      0.408E-01
      0.181E+00      0.408E-01      0.151E-01      0.134E+09      0.158E-01      0.399E-01
      0.203E+00      0.409E-01      0.150E-01      0.134E+09      0.130E-01      0.397E-01
      0.227E+00      0.405E-01      0.148E-01      0.133E+09      0.105E-01      0.401E-01
      0.255E+00      0.400E-01      0.145E-01      0.132E+09      0.755E-02      0.408E-01
      0.286E+00      0.394E-01      0.143E-01      0.131E+09      0.421E-02      0.419E-01
      0.321E+00      0.388E-01      0.141E-01      0.131E+09      0.342E-03      0.434E-01
      0.360E+00      0.381E-01      0.136E-01      0.129E+09     -0.414E-02      0.452E-01
      0.404E+00      0.375E-01      0.131E-01      0.128E+09     -0.948E-02      0.474E-01
      0.453E+00      0.370E-01      0.129E-01      0.127E+09     -0.121E-01      0.490E-01
      0.509E+00      0.378E-01      0.132E-01      0.126E+09     -0.109E-01      0.486E-01
      0.571E+00      0.385E-01      0.137E-01      0.124E+09     -0.953E-02      0.486E-01
      0.641E+00      0.395E-01      0.145E-01      0.123E+09     -0.703E-02      0.499E-01
      0.719E+00      0.422E-01      0.159E-01      0.121E+09     -0.652E-03      0.504E-01
      0.806E+00      0.480E-01      0.189E-01      0.118E+09      0.864E-02      0.494E-01
      0.905E+00      0.541E-01      0.222E-01      0.115E+09      0.154E-01      0.472E-01
      0.102E+01      0.606E-01      0.231E-01      0.111E+09     -0.495E-02      0.645E-01
      0.114E+01      0.676E-01      0.260E-01      0.107E+09     -0.306E-01      0.109E+00
      0.128E+01      0.665E-01      0.251E-01      0.101E+09     -0.459E-01      0.959E-01
      0.143E+01      0.598E-01      0.231E-01      0.946E+08     -0.633E-01      0.669E-01
      0.161E+01      0.381E-01      0.120E-01      0.883E+08     -0.328E-01      0.983E-01
      0.168E+01      0.307E-01      0.110E-01      0.853E+08     -0.354E-02      0.124E+00
      0.170E+01      0.307E-01      0.116E-01      0.844E+08     -0.220E-03      0.124E+00
      0.180E+01      0.364E-01      0.162E-01      0.832E+08     -0.154E-02      0.113E+00
      0.190E+01      0.402E-01      0.183E-01      0.809E+08     -0.101E-01      0.103E+00
      0.200E+01      0.401E-01      0.166E-01      0.784E+08     -0.289E-01      0.901E-01
      0.210E+01      0.389E-01      0.158E-01      0.759E+08     -0.481E-01      0.877E-01
      0.220E+01      0.389E-01      0.166E-01      0.735E+08     -0.614E-01      0.932E-01
      0.230E+01      0.381E-01      0.175E-01      0.711E+08     -0.807E-01      0.104E+00
      0.240E+01      0.376E-01      0.187E-01      0.687E+08     -0.969E-01      0.121E+00
      0.250E+01      0.381E-01      0.186E-01      0.664E+08     -0.108E+00      0.125E+00
      0.260E+01      0.392E-01      0.185E-01      0.641E+08     -0.119E+00      0.128E+00
      0.275E+01      0.424E-01      0.201E-01      0.611E+08     -0.117E+00      0.124E+00
      0.300E+01      0.384E-01      0.171E-01      0.560E+08     -0.107E+00      0.126E+00
      0.325E+01      0.340E-01      0.104E-01      0.502E+08     -0.105E+00      0.796E-01
      0.350E+01      0.431E-01      0.130E-01      0.451E+08     -0.217E+00      0.117E+00
      0.375E+01      0.505E-01      0.174E-01      0.387E+08     -0.323E+00      0.188E+00
      0.400E+01      0.307E-01      0.144E-01      0.312E+08     -0.162E+00      0.169E+00
      0.425E+01      0.292E-01      0.154E-01      0.267E+08     -0.205E+00      0.301E+00
      0.450E+01      0.403E-01      0.187E-01      0.224E+08     -0.249E+00      0.248E+00
      0.475E+01      0.327E-01      0.151E-01      0.166E+08     -0.364E+00      0.265E+00
      0.500E+01      0.218E-01      0.121E-01      0.118E+08     -0.508E+00      0.403E+00
      0.525E+01      0.145E-01      0.969E-02      0.871E+07     -0.473E+00      0.495E+00
      0.550E+01      0.173E-01      0.944E-02      0.663E+07     -0.546E+00      0.443E+00
      0.575E+01      0.249E-01      0.139E-01      0.416E+07     -0.731E+00      0.573E+00
      0.600E+01      0.441E-02      0.246E-02      0.631E+06     -0.147E+01      0.111E+01
      0.625E+01      0.384E-04      0.330E-03      0.560E+04     -0.114E+01      0.129E+02
      0.650E+01      0.117E-05      0.206E-04      0.165E+03     -0.790E+00      0.190E+02
      0.675E+01      0.116E-09      0.522E-06      0.163E-01     -0.611E+00      0.358E+04
      0.700E+01      0.000E+00      0.230E-24      0.000E+00     -0.137E+01            NaN
      0.725E+01      0.000E+00      0.000E+00      0.000E+00     -0.990E+02     -0.990E+02
      0.750E+01      0.000E+00      0.000E+00      0.000E+00     -0.990E+02     -0.990E+02
      0.775E+01      0.000E+00      0.000E+00      0.000E+00     -0.990E+02     -0.990E+02
      0.800E+01      0.000E+00      0.000E+00      0.000E+00     -0.990E+02     -0.990E+02
      0.825E+01      0.000E+00      0.000E+00      0.000E+00     -0.990E+02     -0.990E+02
      0.850E+01      0.000E+00      0.000E+00      0.000E+00     -0.990E+02     -0.990E+02
      0.875E+01      0.000E+00      0.000E+00      0.000E+00     -0.990E+02     -0.990E+02
      0.900E+01      0.000E+00      0.000E+00      0.000E+00     -0.990E+02     -0.990E+02
      0.925E+01      0.000E+00      0.000E+00      0.000E+00     -0.990E+02     -0.990E+02
      0.950E+01      0.000E+00      0.000E+00      0.000E+00     -0.990E+02     -0.990E+02
      0.975E+01      0.000E+00      0.000E+00      0.000E+00     -0.990E+02     -0.990E+02
      0.100E+02      0.000E+00      0.000E+00      0.000E+00     -0.990E+02     -0.990E+02
      0.102E+02      0.000E+00      0.000E+00      0.000E+00     -0.990E+02     -0.990E+02
      0.105E+02      0.000E+00      0.000E+00      0.000E+00     -0.990E+02     -0.990E+02
      0.108E+02      0.000E+00      0.000E+00      0.000E+00     -0.990E+02     -0.990E+02
      0.110E+02      0.000E+00      0.000E+00      0.000E+00     -0.990E+02     -0.990E+02
      0.112E+02      0.000E+00      0.000E+00      0.000E+00     -0.990E+02     -0.990E+02
      0.115E+02      0.000E+00      0.000E+00      0.000E+00     -0.990E+02     -0.990E+02
      0.118E+02      0.000E+00      0.000E+00      0.000E+00     -0.990E+02     -0.990E+02
      0.120E+02      0.000E+00      0.000E+00      0.000E+00     -0.990E+02     -0.990E+02
      0.122E+02      0.000E+00      0.000E+00      0.000E+00     -0.990E+02     -0.990E+02
      0.125E+02      0.000E+00      0.000E+00      0.000E+00     -0.990E+02     -0.990E+02
      0.128E+02      0.000E+00      0.000E+00      0.000E+00     -0.990E+02     -0.990E+02
      0.130E+02      0.000E+00      0.000E+00      0.000E+00     -0.990E+02     -0.990E+02
      0.132E+02      0.000E+00      0.000E+00      0.000E+00     -0.990E+02     -0.990E+02
      0.135E+02      0.000E+00      0.000E+00      0.000E+00     -0.990E+02     -0.990E+02
      0.138E+02      0.000E+00      0.000E+00      0.000E+00     -0.990E+02     -0.990E+02
      0.140E+02      0.000E+00      0.000E+00      0.000E+00     -0.990E+02     -0.990E+02
      0.142E+02      0.000E+00      0.000E+00      0.000E+00     -0.990E+02     -0.990E+02
      0.145E+02      0.000E+00      0.000E+00      0.000E+00     -0.990E+02     -0.990E+02
      0.148E+02      0.000E+00      0.000E+00      0.000E+00     -0.990E+02     -0.990E+02
      0.150E+02      0.000E+00      0.000E+00      0.000E+00     -0.990E+02     -0.990E+02
      0.152E+02      0.000E+00      0.000E+00      0.000E+00     -0.990E+02     -0.990E+02
      0.155E+02      0.000E+00      0.000E+00      0.000E+00     -0.990E+02     -0.990E+02
      0.158E+02      0.000E+00      0.000E+00      0.000E+00     -0.990E+02     -0.990E+02
      0.160E+02      0.000E+00      0.000E+00      0.000E+00     -0.990E+02     -0.990E+02
      0.162E+02      0.000E+00      0.000E+00      0.000E+00     -0.990E+02     -0.990E+02
      0.165E+02      0.000E+00      0.000E+00      0.000E+00     -0.990E+02     -0.990E+02
      0.168E+02      0.000E+00      0.000E+00      0.000E+00     -0.990E+02     -0.990E+02
      0.170E+02      0.000E+00      0.000E+00      0.000E+00     -0.990E+02     -0.990E+02
      0.172E+02      0.000E+00      0.000E+00      0.000E+00     -0.990E+02     -0.990E+02
      0.175E+02      0.000E+00      0.000E+00      0.000E+00     -0.990E+02     -0.990E+02
      0.178E+02      0.000E+00      0.000E+00      0.000E+00     -0.990E+02     -0.990E+02
      0.180E+02      0.000E+00      0.000E+00      0.000E+00     -0.990E+02     -0.990E+02
      0.182E+02      0.000E+00      0.000E+00      0.000E+00     -0.990E+02     -0.990E+02
      0.185E+02      0.000E+00      0.000E+00      0.000E+00     -0.990E+02     -0.990E+02
      0.188E+02      0.000E+00      0.000E+00      0.000E+00     -0.990E+02     -0.990E+02
      0.190E+02      0.000E+00      0.000E+00      0.000E+00     -0.990E+02     -0.990E+02
      0.192E+02      0.000E+00      0.000E+00      0.000E+00     -0.990E+02     -0.990E+02
      0.195E+02      0.000E+00      0.000E+00      0.000E+00     -0.990E+02     -0.990E+02
      0.198E+02      0.000E+00      0.000E+00      0.000E+00     -0.990E+02     -0.990E+02
      0.200E+02      0.000E+00      0.000E+00      0.000E+00     -0.990E+02     -0.990E+02
