      0.000E+00      0.164E-02      0.173E-02      0.850E+09     -0.990E+02     -0.990E+02
      0.100E-03      0.164E-02      0.173E-02      0.850E+09     -0.990E+02     -0.990E+02
      0.140E-03      0.164E-02      0.173E-02      0.850E+09     -0.990E+02     -0.990E+02
      0.160E-03      0.164E-02      0.173E-02      0.850E+09     -0.990E+02     -0.990E+02
      0.180E-03      0.164E-02      0.173E-02      0.850E+09     -0.990E+02     -0.990E+02
      0.200E-03      0.164E-02      0.173E-02      0.850E+09     -0.990E+02     -0.990E+02
      0.220E-03      0.164E-02      0.173E-02      0.850E+09     -0.990E+02     -0.990E+02
      0.250E-03      0.164E-02      0.173E-02      0.850E+09     -0.990E+02     -0.990E+02
      0.280E-03      0.164E-02      0.173E-02      0.850E+09     -0.990E+02     -0.990E+02
      0.320E-03      0.164E-02      0.173E-02      0.850E+09     -0.990E+02     -0.990E+02
      0.350E-03      0.164E-02      0.173E-02      0.850E+09     -0.990E+02     -0.990E+02
      0.400E-03      0.164E-02      0.173E-02      0.850E+09     -0.990E+02     -0.990E+02
      0.450E-03      0.164E-02      0.173E-02      0.850E+09     -0.990E+02     -0.990E+02
      0.500E-03      0.164E-02      0.173E-02      0.850E+09     -0.990E+02     -0.990E+02
      0.560E-03      0.164E-02      0.173E-02      0.850E+09     -0.990E+02     -0.990E+02
      0.630E-03      0.164E-02      0.173E-02      0.850E+09     -0.990E+02     -0.990E+02
      0.710E-03      0.164E-02      0.173E-02      0.850E+09     -0.990E+02     -0.990E+02
      0.790E-03      0.164E-02      0.173E-02      0.850E+09     -0.990E+02     -0.990E+02
      0.890E-03      0.164E-02      0.173E-02      0.850E+09     -0.990E+02     -0.990E+02
      0.100E-02      0.164E-02      0.173E-02      0.850E+09     -0.990E+02     -0.990E+02
      0.105E-02      0.164E-02      0.173E-02      0.850E+09     -0.990E+02     -0.990E+02
      0.110E-02      0.164E-02      0.173E-02      0.850E+09     -0.990E+02     -0.990E+02
      0.115E-02      0.164E-02      0.173E-02      0.850E+09     -0.990E+02     -0.990E+02
      0.120E-02      0.164E-02      0.173E-02      0.850E+09     -0.990E+02     -0.990E+02
      0.126E-02      0.164E-02      0.173E-02      0.850E+09     -0.990E+02     -0.990E+02
      0.132E-02      0.164E-02      0.173E-02      0.850E+09     -0.990E+02     -0.990E+02
      0.138E-02      0.164E-02      0.173E-02      0.850E+09     -0.990E+02     -0.990E+02
      0.145E-02      0.164E-02      0.173E-02      0.850E+09     -0.990E+02     -0.990E+02
      0.151E-02      0.164E-02      0.173E-02      0.850E+09     -0.990E+02     -0.990E+02
      0.158E-02      0.164E-02      0.173E-02      0.850E+09     -0.990E+02     -0.990E+02
      0.166E-02      0.164E-02      0.173E-02      0.850E+09     -0.990E+02     -0.990E+02
      0.174E-02      0.164E-02      0.173E-02      0.850E+09     -0.990E+02     -0.990E+02
      0.182E-02      0.164E-02      0.173E-02      0.850E+09     -0.990E+02     -0.990E+02
      0.191E-02      0.164E-02      0.173E-02      0.850E+09     -0.990E+02     -0.990E+02
      0.200E-02      0.164E-02      0.173E-02      0.850E+09     -0.990E+02     -0.990E+02
      0.209E-02      0.164E-02      0.173E-02      0.850E+09     -0.990E+02     -0.990E+02
      0.219E-02      0.164E-02      0.173E-02      0.850E+09     -0.990E+02     -0.990E+02
      0.229E-02      0.164E-02      0.173E-02      0.850E+09     -0.990E+02     -0.990E+02
      0.240E-02      0.164E-02      0.173E-02      0.850E+09     -0.990E+02     -0.990E+02
      0.251E-02      0.164E-02      0.173E-02      0.850E+09     -0.990E+02     -0.990E+02
      0.263E-02      0.164E-02      0.173E-02      0.850E+09     -0.990E+02     -0.990E+02
      0.275E-02      0.164E-02      0.173E-02      0.850E+09     -0.990E+02     -0.990E+02
      0.288E-02      0.164E-02      0.173E-02      0.850E+09     -0.990E+02     -0.990E+02
      0.302E-02      0.164E-02      0.173E-02      0.850E+09     -0.990E+02     -0.990E+02
      0.316E-02      0.164E-02      0.173E-02      0.850E+09     -0.990E+02     -0.990E+02
      0.331E-02      0.164E-02      0.173E-02      0.850E+09     -0.990E+02     -0.990E+02
      0.347E-02      0.164E-02      0.173E-02      0.850E+09     -0.990E+02     -0.990E+02
      0.363E-02      0.164E-02      0.173E-02      0.850E+09     -0.990E+02     -0.990E+02
      0.380E-02      0.164E-02      0.173E-02      0.850E+09     -0.990E+02     -0.990E+02
      0.398E-02      0.164E-02      0.173E-02      0.850E+09     -0.990E+02     -0.990E+02
      0.417E-02      0.164E-02      0.173E-02      0.850E+09     -0.990E+02     -0.990E+02
      0.437E-02      0.164E-02      0.173E-02      0.850E+09     -0.990E+02     -0.990E+02
      0.457E-02      0.164E-02      0.173E-02      0.850E+09     -0.990E+02     -0.990E+02
      0.479E-02      0.164E-02      0.173E-02      0.850E+09     -0.990E+02     -0.990E+02
      0.501E-02      0.164E-02      0.173E-02      0.850E+09     -0.990E+02     -0.990E+02
      0.525E-02      0.164E-02      0.173E-02      0.850E+09     -0.990E+02     -0.990E+02
      0.550E-02      0.164E-02      0.173E-02      0.850E+09     -0.990E+02     -0.990E+02
      0.575E-02      0.164E-02      0.173E-02      0.850E+09     -0.990E+02     -0.990E+02
      0.603E-02      0.164E-02      0.173E-02      0.850E+09     -0.990E+02     -0.990E+02
      0.631E-02      0.164E-02      0.173E-02      0.850E+09     -0.990E+02     -0.990E+02
      0.661E-02      0.164E-02      0.173E-02      0.850E+09     -0.990E+02     -0.990E+02
      0.692E-02      0.164E-02      0.173E-02      0.850E+09     -0.990E+02     -0.990E+02
      0.724E-02      0.164E-02      0.173E-02      0.850E+09     -0.990E+02     -0.990E+02
      0.759E-02      0.164E-02      0.173E-02      0.850E+09     -0.990E+02     -0.990E+02
      0.794E-02      0.164E-02      0.173E-02      0.850E+09     -0.990E+02     -0.990E+02
      0.832E-02      0.164E-02      0.173E-02      0.850E+09     -0.990E+02     -0.990E+02
      0.871E-02      0.164E-02      0.173E-02      0.850E+09     -0.990E+02     -0.990E+02
      0.912E-02      0.164E-02      0.173E-02      0.850E+09     -0.990E+02     -0.990E+02
      0.955E-02      0.164E-02      0.173E-02      0.850E+09     -0.990E+02     -0.990E+02
      0.100E-01      0.164E-02      0.173E-02      0.850E+09     -0.100E+00      0.445E+00
      0.105E-01      0.900E-02      0.152E-01      0.850E+09     -0.100E+00      0.445E+00
      0.110E-01      0.897E-02      0.152E-01      0.850E+09     -0.100E+00      0.445E+00
      0.115E-01      0.895E-02      0.151E-01      0.850E+09     -0.100E+00      0.445E+00
      0.120E-01      0.894E-02      0.151E-01      0.850E+09     -0.100E+00      0.445E+00
      0.126E-01      0.896E-02      0.152E-01      0.850E+09     -0.100E+00      0.445E+00
      0.132E-01      0.900E-02      0.152E-01      0.850E+09     -0.100E+00      0.445E+00
      0.138E-01      0.898E-02      0.152E-01      0.850E+09     -0.100E+00      0.445E+00
      0.144E-01      0.892E-02      0.151E-01      0.850E+09     -0.100E+00      0.445E+00
      0.151E-01      0.894E-02      0.151E-01      0.850E+09     -0.100E+00      0.444E+00
      0.159E-01      0.897E-02      0.152E-01      0.850E+09     -0.100E+00      0.445E+00
      0.166E-01      0.896E-02      0.152E-01      0.850E+09     -0.100E+00      0.444E+00
      0.174E-01      0.898E-02      0.152E-01      0.850E+09     -0.999E-01      0.444E+00
      0.182E-01      0.901E-02      0.153E-01      0.850E+09     -0.998E-01      0.444E+00
      0.191E-01      0.901E-02      0.153E-01      0.850E+09     -0.998E-01      0.444E+00
      0.200E-01      0.897E-02      0.152E-01      0.850E+09     -0.997E-01      0.444E+00
      0.209E-01      0.895E-02      0.152E-01      0.850E+09     -0.998E-01      0.444E+00
      0.219E-01      0.896E-02      0.152E-01      0.850E+09     -0.996E-01      0.444E+00
      0.229E-01      0.898E-02      0.152E-01      0.850E+09     -0.997E-01      0.444E+00
      0.240E-01      0.898E-02      0.152E-01      0.850E+09     -0.997E-01      0.444E+00
      0.251E-01      0.900E-02      0.153E-01      0.850E+09     -0.995E-01      0.444E+00
      0.263E-01      0.900E-02      0.153E-01      0.850E+09     -0.994E-01      0.443E+00
      0.275E-01      0.898E-02      0.152E-01      0.850E+09     -0.994E-01      0.443E+00
      0.290E-01      0.899E-02      0.153E-01      0.850E+09     -0.994E-01      0.443E+00
      0.300E-01      0.900E-02      0.153E-01      0.850E+09     -0.993E-01      0.443E+00
      0.310E-01      0.900E-02      0.153E-01      0.850E+09     -0.992E-01      0.443E+00
      0.320E-01      0.901E-02      0.153E-01      0.850E+09     -0.991E-01      0.443E+00
      0.330E-01      0.901E-02      0.153E-01      0.850E+09     -0.990E-01      0.443E+00
      0.340E-01      0.901E-02      0.153E-01      0.850E+09     -0.990E-01      0.443E+00
      0.350E-01      0.901E-02      0.153E-01      0.850E+09     -0.991E-01      0.443E+00
      0.360E-01      0.901E-02      0.153E-01      0.850E+09     -0.990E-01      0.442E+00
      0.370E-01      0.901E-02      0.153E-01      0.850E+09     -0.989E-01      0.443E+00
      0.380E-01      0.902E-02      0.153E-01      0.850E+09     -0.988E-01      0.442E+00
      0.390E-01      0.902E-02      0.153E-01      0.850E+09     -0.988E-01      0.442E+00
      0.400E-01      0.901E-02      0.153E-01      0.850E+09     -0.987E-01      0.442E+00
      0.425E-01      0.902E-02      0.153E-01      0.850E+09     -0.986E-01      0.442E+00
      0.450E-01      0.903E-02      0.154E-01      0.850E+09     -0.986E-01      0.442E+00
      0.475E-01      0.903E-02      0.154E-01      0.850E+09     -0.983E-01      0.442E+00
      0.500E-01      0.904E-02      0.154E-01      0.850E+09     -0.982E-01      0.442E+00
      0.525E-01      0.905E-02      0.154E-01      0.850E+09     -0.981E-01      0.441E+00
      0.550E-01      0.905E-02      0.154E-01      0.850E+09     -0.980E-01      0.441E+00
      0.571E-01      0.906E-02      0.155E-01      0.850E+09     -0.979E-01      0.441E+00
      0.640E-01      0.908E-02      0.155E-01      0.850E+09     -0.975E-01      0.440E+00
      0.719E-01      0.910E-02      0.156E-01      0.850E+09     -0.970E-01      0.439E+00
      0.806E-01      0.914E-02      0.157E-01      0.850E+09     -0.965E-01      0.438E+00
      0.905E-01      0.918E-02      0.157E-01      0.849E+09     -0.958E-01      0.436E+00
      0.102E+00      0.924E-02      0.159E-01      0.849E+09     -0.947E-01      0.433E+00
      0.114E+00      0.930E-02      0.160E-01      0.849E+09     -0.936E-01      0.430E+00
      0.128E+00      0.938E-02      0.162E-01      0.849E+09     -0.926E-01      0.428E+00
      0.143E+00      0.943E-02      0.163E-01      0.849E+09     -0.911E-01      0.425E+00
      0.161E+00      0.948E-02      0.163E-01      0.849E+09     -0.894E-01      0.420E+00
      0.181E+00      0.955E-02      0.163E-01      0.849E+09     -0.873E-01      0.414E+00
      0.203E+00      0.963E-02      0.162E-01      0.849E+09     -0.846E-01      0.409E+00
      0.227E+00      0.973E-02      0.163E-01      0.849E+09     -0.815E-01      0.405E+00
      0.255E+00      0.980E-02      0.163E-01      0.848E+09     -0.785E-01      0.405E+00
      0.286E+00      0.104E-01      0.171E-01      0.848E+09     -0.870E-01      0.412E+00
      0.321E+00      0.110E-01      0.189E-01      0.848E+09     -0.956E-01      0.445E+00
      0.360E+00      0.118E-01      0.217E-01      0.848E+09     -0.106E+00      0.508E+00
      0.404E+00      0.127E-01      0.254E-01      0.847E+09     -0.117E+00      0.587E+00
      0.453E+00      0.136E-01      0.301E-01      0.847E+09     -0.125E+00      0.679E+00
      0.509E+00      0.149E-01      0.359E-01      0.846E+09     -0.124E+00      0.752E+00
      0.571E+00      0.170E-01      0.348E-01      0.846E+09     -0.113E+00      0.644E+00
      0.641E+00      0.192E-01      0.377E-01      0.845E+09     -0.102E+00      0.567E+00
      0.719E+00      0.216E-01      0.438E-01      0.844E+09     -0.973E-01      0.529E+00
      0.806E+00      0.213E-01      0.428E-01      0.843E+09     -0.100E+00      0.504E+00
      0.905E+00      0.200E-01      0.350E-01      0.842E+09     -0.984E-01      0.430E+00
      0.102E+01      0.202E-01      0.318E-01      0.840E+09     -0.897E-01      0.380E+00
      0.114E+01      0.240E-01      0.366E-01      0.839E+09     -0.986E-01      0.363E+00
      0.128E+01      0.260E-01      0.389E-01      0.837E+09     -0.114E+00      0.373E+00
      0.143E+01      0.289E-01      0.367E-01      0.834E+09     -0.123E+00      0.333E+00
      0.161E+01      0.339E-01      0.424E-01      0.831E+09     -0.133E+00      0.347E+00
      0.168E+01      0.357E-01      0.439E-01      0.828E+09     -0.135E+00      0.347E+00
      0.170E+01      0.361E-01      0.441E-01      0.827E+09     -0.136E+00      0.348E+00
      0.180E+01      0.396E-01      0.490E-01      0.826E+09     -0.152E+00      0.386E+00
      0.190E+01      0.468E-01      0.595E-01      0.823E+09     -0.182E+00      0.442E+00
      0.200E+01      0.554E-01      0.714E-01      0.821E+09     -0.208E+00      0.504E+00
      0.210E+01      0.594E-01      0.747E-01      0.817E+09     -0.220E+00      0.560E+00
      0.220E+01      0.606E-01      0.763E-01      0.813E+09     -0.227E+00      0.548E+00
      0.230E+01      0.630E-01      0.820E-01      0.810E+09     -0.243E+00      0.592E+00
      0.240E+01      0.672E-01      0.801E-01      0.806E+09     -0.260E+00      0.589E+00
      0.250E+01      0.764E-01      0.897E-01      0.802E+09     -0.273E+00      0.548E+00
      0.260E+01      0.860E-01      0.111E+00      0.797E+09     -0.279E+00      0.581E+00
      0.275E+01      0.898E-01      0.981E-01      0.791E+09     -0.286E+00      0.533E+00
      0.300E+01      0.963E-01      0.921E-01      0.780E+09     -0.314E+00      0.526E+00
      0.325E+01      0.113E+00      0.104E+00      0.765E+09     -0.379E+00      0.644E+00
      0.350E+01      0.119E+00      0.106E+00      0.749E+09     -0.413E+00      0.644E+00
      0.375E+01      0.139E+00      0.126E+00      0.731E+09     -0.424E+00      0.682E+00
      0.400E+01      0.155E+00      0.128E+00      0.711E+09     -0.429E+00      0.595E+00
      0.425E+01      0.179E+00      0.142E+00      0.688E+09     -0.456E+00      0.609E+00
      0.450E+01      0.200E+00      0.151E+00      0.662E+09     -0.452E+00      0.587E+00
      0.475E+01      0.213E+00      0.156E+00      0.633E+09     -0.460E+00      0.549E+00
      0.500E+01      0.232E+00      0.179E+00      0.602E+09     -0.510E+00      0.638E+00
      0.525E+01      0.243E+00      0.167E+00      0.569E+09     -0.520E+00      0.578E+00
      0.550E+01      0.260E+00      0.172E+00      0.534E+09     -0.530E+00      0.559E+00
      0.575E+01      0.270E+00      0.175E+00      0.497E+09     -0.556E+00      0.556E+00
      0.600E+01      0.274E+00      0.178E+00      0.459E+09     -0.574E+00      0.581E+00
      0.625E+01      0.300E+00      0.188E+00      0.420E+09     -0.586E+00      0.566E+00
      0.650E+01      0.304E+00      0.188E+00      0.377E+09     -0.619E+00      0.584E+00
      0.675E+01      0.315E+00      0.202E+00      0.335E+09     -0.621E+00      0.597E+00
      0.700E+01      0.343E+00      0.213E+00      0.290E+09     -0.624E+00      0.582E+00
      0.725E+01      0.333E+00      0.216E+00      0.242E+09     -0.670E+00      0.617E+00
      0.750E+01      0.305E+00      0.183E+00      0.196E+09     -0.743E+00      0.638E+00
      0.775E+01      0.269E+00      0.178E+00      0.153E+09     -0.773E+00      0.727E+00
      0.800E+01      0.229E+00      0.161E+00      0.115E+09     -0.798E+00      0.785E+00
      0.825E+01      0.197E+00      0.150E+00      0.836E+08     -0.852E+00      0.913E+00
      0.850E+01      0.154E+00      0.133E+00      0.564E+08     -0.901E+00      0.108E+01
      0.875E+01      0.105E+00      0.107E+00      0.350E+08     -0.902E+00      0.126E+01
      0.900E+01      0.770E-01      0.904E-01      0.204E+08     -0.985E+00      0.159E+01
      0.925E+01      0.446E-01      0.668E-01      0.978E+07     -0.106E+01      0.212E+01
      0.950E+01      0.187E-01      0.397E-01      0.362E+07     -0.112E+01      0.312E+01
      0.975E+01      0.619E-02      0.195E-01      0.104E+07     -0.124E+01      0.508E+01
      0.100E+02      0.129E-02      0.712E-02      0.187E+06     -0.152E+01      0.105E+02
      0.102E+02      0.628E-04      0.125E-02      0.880E+04     -0.108E+01      0.295E+02
      0.105E+02      0.109E-05      0.651E-04      0.152E+03     -0.171E+01      0.142E+03
      0.108E+02      0.000E+00      0.000E+00      0.000E+00     -0.990E+02     -0.990E+02
      0.110E+02      0.000E+00      0.000E+00      0.000E+00     -0.990E+02     -0.990E+02
      0.112E+02      0.000E+00      0.000E+00      0.000E+00     -0.990E+02     -0.990E+02
      0.115E+02      0.000E+00      0.000E+00      0.000E+00     -0.990E+02     -0.990E+02
      0.118E+02      0.000E+00      0.000E+00      0.000E+00     -0.990E+02     -0.990E+02
      0.120E+02      0.000E+00      0.000E+00      0.000E+00     -0.990E+02     -0.990E+02
      0.122E+02      0.000E+00      0.000E+00      0.000E+00     -0.990E+02     -0.990E+02
      0.125E+02      0.000E+00      0.000E+00      0.000E+00     -0.990E+02     -0.990E+02
      0.128E+02      0.000E+00      0.000E+00      0.000E+00     -0.990E+02     -0.990E+02
      0.130E+02      0.000E+00      0.000E+00      0.000E+00     -0.990E+02     -0.990E+02
      0.132E+02      0.000E+00      0.000E+00      0.000E+00     -0.990E+02     -0.990E+02
      0.135E+02      0.000E+00      0.000E+00      0.000E+00     -0.990E+02     -0.990E+02
      0.138E+02      0.000E+00      0.000E+00      0.000E+00     -0.990E+02     -0.990E+02
      0.140E+02      0.000E+00      0.000E+00      0.000E+00     -0.990E+02     -0.990E+02
      0.142E+02      0.000E+00      0.000E+00      0.000E+00     -0.990E+02     -0.990E+02
      0.145E+02      0.000E+00      0.000E+00      0.000E+00     -0.990E+02     -0.990E+02
      0.148E+02      0.000E+00      0.000E+00      0.000E+00     -0.990E+02     -0.990E+02
      0.150E+02      0.000E+00      0.000E+00      0.000E+00     -0.990E+02     -0.990E+02
      0.152E+02      0.000E+00      0.000E+00      0.000E+00     -0.990E+02     -0.990E+02
      0.155E+02      0.000E+00      0.000E+00      0.000E+00     -0.990E+02     -0.990E+02
      0.158E+02      0.000E+00      0.000E+00      0.000E+00     -0.990E+02     -0.990E+02
      0.160E+02      0.000E+00      0.000E+00      0.000E+00     -0.990E+02     -0.990E+02
      0.162E+02      0.000E+00      0.000E+00      0.000E+00     -0.990E+02     -0.990E+02
      0.165E+02      0.000E+00      0.000E+00      0.000E+00     -0.990E+02     -0.990E+02
      0.168E+02      0.000E+00      0.000E+00      0.000E+00     -0.990E+02     -0.990E+02
      0.170E+02      0.000E+00      0.000E+00      0.000E+00     -0.990E+02     -0.990E+02
      0.172E+02      0.000E+00      0.000E+00      0.000E+00     -0.990E+02     -0.990E+02
      0.175E+02      0.000E+00      0.000E+00      0.000E+00     -0.990E+02     -0.990E+02
      0.178E+02      0.000E+00      0.000E+00      0.000E+00     -0.990E+02     -0.990E+02
      0.180E+02      0.000E+00      0.000E+00      0.000E+00     -0.990E+02     -0.990E+02
      0.182E+02      0.000E+00      0.000E+00      0.000E+00     -0.990E+02     -0.990E+02
      0.185E+02      0.000E+00      0.000E+00      0.000E+00     -0.990E+02     -0.990E+02
      0.188E+02      0.000E+00      0.000E+00      0.000E+00     -0.990E+02     -0.990E+02
      0.190E+02      0.000E+00      0.000E+00      0.000E+00     -0.990E+02     -0.990E+02
      0.192E+02      0.000E+00      0.000E+00      0.000E+00     -0.990E+02     -0.990E+02
      0.195E+02      0.000E+00      0.000E+00      0.000E+00     -0.990E+02     -0.990E+02
      0.198E+02      0.000E+00      0.000E+00      0.000E+00     -0.990E+02     -0.990E+02
      0.200E+02      0.000E+00      0.000E+00      0.000E+00     -0.990E+02     -0.990E+02
