      0.000E+00      0.164E+00      0.161E-01      0.100E+09     -0.990E+02     -0.990E+02
      0.100E-03      0.164E+00      0.161E-01      0.100E+09     -0.990E+02     -0.990E+02
      0.140E-03      0.164E+00      0.161E-01      0.100E+09     -0.990E+02     -0.990E+02
      0.160E-03      0.164E+00      0.161E-01      0.100E+09     -0.990E+02     -0.990E+02
      0.180E-03      0.164E+00      0.161E-01      0.100E+09     -0.990E+02     -0.990E+02
      0.200E-03      0.164E+00      0.161E-01      0.100E+09     -0.990E+02     -0.990E+02
      0.220E-03      0.164E+00      0.161E-01      0.100E+09     -0.990E+02     -0.990E+02
      0.250E-03      0.164E+00      0.161E-01      0.100E+09     -0.990E+02     -0.990E+02
      0.280E-03      0.164E+00      0.161E-01      0.100E+09     -0.990E+02     -0.990E+02
      0.320E-03      0.164E+00      0.161E-01      0.100E+09     -0.990E+02     -0.990E+02
      0.350E-03      0.164E+00      0.161E-01      0.100E+09     -0.990E+02     -0.990E+02
      0.400E-03      0.164E+00      0.161E-01      0.100E+09     -0.990E+02     -0.990E+02
      0.450E-03      0.164E+00      0.161E-01      0.100E+09     -0.990E+02     -0.990E+02
      0.500E-03      0.164E+00      0.161E-01      0.100E+09     -0.990E+02     -0.990E+02
      0.560E-03      0.164E+00      0.161E-01      0.100E+09     -0.990E+02     -0.990E+02
      0.630E-03      0.164E+00      0.161E-01      0.100E+09     -0.990E+02     -0.990E+02
      0.710E-03      0.164E+00      0.161E-01      0.100E+09     -0.990E+02     -0.990E+02
      0.790E-03      0.164E+00      0.161E-01      0.100E+09     -0.990E+02     -0.990E+02
      0.890E-03      0.164E+00      0.161E-01      0.100E+09     -0.990E+02     -0.990E+02
      0.100E-02      0.164E+00      0.161E-01      0.100E+09     -0.990E+02     -0.990E+02
      0.105E-02      0.164E+00      0.161E-01      0.100E+09     -0.990E+02     -0.990E+02
      0.110E-02      0.164E+00      0.161E-01      0.100E+09     -0.990E+02     -0.990E+02
      0.115E-02      0.164E+00      0.161E-01      0.100E+09     -0.990E+02     -0.990E+02
      0.120E-02      0.164E+00      0.161E-01      0.100E+09     -0.990E+02     -0.990E+02
      0.126E-02      0.164E+00      0.161E-01      0.100E+09     -0.990E+02     -0.990E+02
      0.132E-02      0.164E+00      0.161E-01      0.100E+09     -0.990E+02     -0.990E+02
      0.138E-02      0.164E+00      0.161E-01      0.100E+09     -0.990E+02     -0.990E+02
      0.145E-02      0.164E+00      0.161E-01      0.100E+09     -0.990E+02     -0.990E+02
      0.151E-02      0.164E+00      0.161E-01      0.100E+09     -0.990E+02     -0.990E+02
      0.158E-02      0.164E+00      0.161E-01      0.100E+09     -0.990E+02     -0.990E+02
      0.166E-02      0.164E+00      0.161E-01      0.100E+09     -0.990E+02     -0.990E+02
      0.174E-02      0.164E+00      0.161E-01      0.100E+09     -0.990E+02     -0.990E+02
      0.182E-02      0.164E+00      0.161E-01      0.100E+09     -0.990E+02     -0.990E+02
      0.191E-02      0.164E+00      0.161E-01      0.100E+09     -0.990E+02     -0.990E+02
      0.200E-02      0.164E+00      0.161E-01      0.100E+09     -0.990E+02     -0.990E+02
      0.209E-02      0.164E+00      0.161E-01      0.100E+09     -0.990E+02     -0.990E+02
      0.219E-02      0.164E+00      0.161E-01      0.100E+09     -0.990E+02     -0.990E+02
      0.229E-02      0.164E+00      0.161E-01      0.100E+09     -0.990E+02     -0.990E+02
      0.240E-02      0.164E+00      0.161E-01      0.100E+09     -0.990E+02     -0.990E+02
      0.251E-02      0.164E+00      0.161E-01      0.100E+09     -0.990E+02     -0.990E+02
      0.263E-02      0.164E+00      0.161E-01      0.100E+09     -0.990E+02     -0.990E+02
      0.275E-02      0.164E+00      0.161E-01      0.100E+09     -0.990E+02     -0.990E+02
      0.288E-02      0.164E+00      0.161E-01      0.100E+09     -0.990E+02     -0.990E+02
      0.302E-02      0.164E+00      0.161E-01      0.100E+09     -0.990E+02     -0.990E+02
      0.316E-02      0.164E+00      0.161E-01      0.100E+09     -0.990E+02     -0.990E+02
      0.331E-02      0.164E+00      0.161E-01      0.100E+09     -0.990E+02     -0.990E+02
      0.347E-02      0.164E+00      0.161E-01      0.100E+09     -0.990E+02     -0.990E+02
      0.363E-02      0.164E+00      0.161E-01      0.100E+09     -0.990E+02     -0.990E+02
      0.380E-02      0.164E+00      0.161E-01      0.100E+09     -0.990E+02     -0.990E+02
      0.398E-02      0.164E+00      0.161E-01      0.100E+09     -0.990E+02     -0.990E+02
      0.417E-02      0.164E+00      0.161E-01      0.100E+09     -0.990E+02     -0.990E+02
      0.437E-02      0.164E+00      0.161E-01      0.100E+09     -0.990E+02     -0.990E+02
      0.457E-02      0.164E+00      0.161E-01      0.100E+09     -0.990E+02     -0.990E+02
      0.479E-02      0.164E+00      0.161E-01      0.100E+09     -0.990E+02     -0.990E+02
      0.501E-02      0.164E+00      0.161E-01      0.100E+09     -0.990E+02     -0.990E+02
      0.525E-02      0.164E+00      0.161E-01      0.100E+09     -0.990E+02     -0.990E+02
      0.550E-02      0.164E+00      0.161E-01      0.100E+09     -0.990E+02     -0.990E+02
      0.575E-02      0.164E+00      0.161E-01      0.100E+09     -0.990E+02     -0.990E+02
      0.603E-02      0.164E+00      0.161E-01      0.100E+09     -0.990E+02     -0.990E+02
      0.631E-02      0.164E+00      0.161E-01      0.100E+09     -0.990E+02     -0.990E+02
      0.661E-02      0.164E+00      0.161E-01      0.100E+09     -0.990E+02     -0.990E+02
      0.692E-02      0.164E+00      0.161E-01      0.100E+09     -0.990E+02     -0.990E+02
      0.724E-02      0.164E+00      0.161E-01      0.100E+09     -0.990E+02     -0.990E+02
      0.759E-02      0.164E+00      0.161E-01      0.100E+09     -0.990E+02     -0.990E+02
      0.794E-02      0.164E+00      0.161E-01      0.100E+09     -0.990E+02     -0.990E+02
      0.832E-02      0.164E+00      0.161E-01      0.100E+09     -0.990E+02     -0.990E+02
      0.871E-02      0.164E+00      0.161E-01      0.100E+09     -0.990E+02     -0.990E+02
      0.912E-02      0.164E+00      0.161E-01      0.100E+09     -0.990E+02     -0.990E+02
      0.955E-02      0.164E+00      0.161E-01      0.100E+09     -0.990E+02     -0.990E+02
      0.100E-01      0.164E+00      0.161E-01      0.100E+09     -0.177E+00      0.107E+00
      0.105E-01      0.177E-01      0.768E-02      0.984E+08     -0.178E+00      0.107E+00
      0.110E-01      0.177E-01      0.766E-02      0.983E+08     -0.178E+00      0.107E+00
      0.115E-01      0.177E-01      0.765E-02      0.983E+08     -0.178E+00      0.107E+00
      0.120E-01      0.178E-01      0.767E-02      0.983E+08     -0.179E+00      0.107E+00
      0.126E-01      0.179E-01      0.769E-02      0.983E+08     -0.180E+00      0.107E+00
      0.132E-01      0.181E-01      0.776E-02      0.983E+08     -0.180E+00      0.107E+00
      0.138E-01      0.182E-01      0.777E-02      0.983E+08     -0.181E+00      0.107E+00
      0.144E-01      0.182E-01      0.774E-02      0.983E+08     -0.181E+00      0.107E+00
      0.151E-01      0.183E-01      0.778E-02      0.983E+08     -0.182E+00      0.107E+00
      0.159E-01      0.185E-01      0.785E-02      0.983E+08     -0.182E+00      0.108E+00
      0.166E-01      0.186E-01      0.787E-02      0.983E+08     -0.183E+00      0.108E+00
      0.174E-01      0.188E-01      0.791E-02      0.982E+08     -0.184E+00      0.108E+00
      0.182E-01      0.190E-01      0.798E-02      0.982E+08     -0.184E+00      0.108E+00
      0.191E-01      0.191E-01      0.802E-02      0.982E+08     -0.185E+00      0.108E+00
      0.200E-01      0.192E-01      0.802E-02      0.982E+08     -0.185E+00      0.108E+00
      0.209E-01      0.193E-01      0.806E-02      0.982E+08     -0.186E+00      0.109E+00
      0.219E-01      0.195E-01      0.813E-02      0.982E+08     -0.187E+00      0.109E+00
      0.229E-01      0.198E-01      0.821E-02      0.982E+08     -0.188E+00      0.109E+00
      0.240E-01      0.199E-01      0.827E-02      0.981E+08     -0.189E+00      0.110E+00
      0.251E-01      0.202E-01      0.837E-02      0.981E+08     -0.189E+00      0.110E+00
      0.263E-01      0.204E-01      0.843E-02      0.981E+08     -0.190E+00      0.111E+00
      0.275E-01      0.205E-01      0.848E-02      0.981E+08     -0.191E+00      0.111E+00
      0.290E-01      0.207E-01      0.859E-02      0.981E+08     -0.192E+00      0.112E+00
      0.300E-01      0.209E-01      0.866E-02      0.980E+08     -0.193E+00      0.112E+00
      0.310E-01      0.211E-01      0.875E-02      0.980E+08     -0.193E+00      0.113E+00
      0.320E-01      0.213E-01      0.884E-02      0.980E+08     -0.194E+00      0.114E+00
      0.330E-01      0.215E-01      0.890E-02      0.980E+08     -0.195E+00      0.114E+00
      0.340E-01      0.217E-01      0.900E-02      0.980E+08     -0.195E+00      0.115E+00
      0.350E-01      0.218E-01      0.906E-02      0.980E+08     -0.196E+00      0.115E+00
      0.360E-01      0.220E-01      0.916E-02      0.979E+08     -0.196E+00      0.116E+00
      0.370E-01      0.222E-01      0.923E-02      0.979E+08     -0.197E+00      0.116E+00
      0.380E-01      0.224E-01      0.933E-02      0.979E+08     -0.198E+00      0.117E+00
      0.390E-01      0.225E-01      0.940E-02      0.979E+08     -0.198E+00      0.118E+00
      0.400E-01      0.227E-01      0.949E-02      0.979E+08     -0.199E+00      0.118E+00
      0.425E-01      0.231E-01      0.972E-02      0.978E+08     -0.200E+00      0.120E+00
      0.450E-01      0.235E-01      0.996E-02      0.978E+08     -0.201E+00      0.122E+00
      0.475E-01      0.240E-01      0.102E-01      0.977E+08     -0.203E+00      0.123E+00
      0.500E-01      0.244E-01      0.105E-01      0.977E+08     -0.204E+00      0.125E+00
      0.525E-01      0.248E-01      0.107E-01      0.976E+08     -0.205E+00      0.127E+00
      0.550E-01      0.253E-01      0.110E-01      0.976E+08     -0.206E+00      0.129E+00
      0.571E-01      0.256E-01      0.112E-01      0.975E+08     -0.207E+00      0.130E+00
      0.640E-01      0.269E-01      0.120E-01      0.975E+08     -0.210E+00      0.135E+00
      0.719E-01      0.282E-01      0.129E-01      0.973E+08     -0.213E+00      0.140E+00
      0.806E-01      0.297E-01      0.140E-01      0.971E+08     -0.216E+00      0.146E+00
      0.905E-01      0.314E-01      0.152E-01      0.969E+08     -0.219E+00      0.152E+00
      0.102E+00      0.333E-01      0.166E-01      0.967E+08     -0.222E+00      0.159E+00
      0.114E+00      0.355E-01      0.183E-01      0.964E+08     -0.225E+00      0.166E+00
      0.128E+00      0.378E-01      0.201E-01      0.960E+08     -0.228E+00      0.173E+00
      0.143E+00      0.405E-01      0.222E-01      0.956E+08     -0.231E+00      0.180E+00
      0.161E+00      0.435E-01      0.246E-01      0.951E+08     -0.234E+00      0.188E+00
      0.181E+00      0.468E-01      0.274E-01      0.945E+08     -0.236E+00      0.195E+00
      0.203E+00      0.507E-01      0.305E-01      0.938E+08     -0.239E+00      0.202E+00
      0.227E+00      0.545E-01      0.336E-01      0.929E+08     -0.241E+00      0.208E+00
      0.255E+00      0.509E-01      0.301E-01      0.919E+08     -0.236E+00      0.198E+00
      0.286E+00      0.469E-01      0.264E-01      0.908E+08     -0.229E+00      0.184E+00
      0.321E+00      0.424E-01      0.222E-01      0.897E+08     -0.220E+00      0.166E+00
      0.360E+00      0.373E-01      0.179E-01      0.886E+08     -0.207E+00      0.144E+00
      0.404E+00      0.316E-01      0.141E-01      0.875E+08     -0.187E+00      0.117E+00
      0.453E+00      0.253E-01      0.121E-01      0.865E+08     -0.154E+00      0.950E-01
      0.509E+00      0.229E-01      0.124E-01      0.855E+08     -0.140E+00      0.965E-01
      0.571E+00      0.234E-01      0.113E-01      0.846E+08     -0.158E+00      0.986E-01
      0.641E+00      0.239E-01      0.107E-01      0.836E+08     -0.177E+00      0.107E+00
      0.719E+00      0.244E-01      0.107E-01      0.824E+08     -0.198E+00      0.121E+00
      0.806E+00      0.239E-01      0.962E-02      0.810E+08     -0.209E+00      0.118E+00
      0.905E+00      0.233E-01      0.889E-02      0.795E+08     -0.220E+00      0.119E+00
      0.102E+01      0.222E-01      0.845E-02      0.779E+08     -0.231E+00      0.127E+00
      0.114E+01      0.221E-01      0.793E-02      0.762E+08     -0.230E+00      0.124E+00
      0.128E+01      0.223E-01      0.845E-02      0.743E+08     -0.224E+00      0.126E+00
      0.143E+01      0.215E-01      0.787E-02      0.722E+08     -0.216E+00      0.127E+00
      0.161E+01      0.218E-01      0.899E-02      0.699E+08     -0.233E+00      0.153E+00
      0.168E+01      0.223E-01      0.993E-02      0.682E+08     -0.242E+00      0.167E+00
      0.170E+01      0.224E-01      0.101E-01      0.676E+08     -0.244E+00      0.171E+00
      0.180E+01      0.252E-01      0.103E-01      0.667E+08     -0.244E+00      0.159E+00
      0.190E+01      0.292E-01      0.121E-01      0.652E+08     -0.239E+00      0.158E+00
      0.200E+01      0.319E-01      0.139E-01      0.633E+08     -0.237E+00      0.161E+00
      0.210E+01      0.300E-01      0.117E-01      0.614E+08     -0.239E+00      0.145E+00
      0.220E+01      0.279E-01      0.106E-01      0.595E+08     -0.243E+00      0.140E+00
      0.230E+01      0.257E-01      0.930E-02      0.578E+08     -0.245E+00      0.129E+00
      0.240E+01      0.234E-01      0.814E-02      0.562E+08     -0.243E+00      0.120E+00
      0.250E+01      0.216E-01      0.811E-02      0.548E+08     -0.245E+00      0.125E+00
      0.260E+01      0.214E-01      0.800E-02      0.535E+08     -0.258E+00      0.131E+00
      0.275E+01      0.212E-01      0.848E-02      0.519E+08     -0.279E+00      0.152E+00
      0.300E+01      0.214E-01      0.103E-01      0.493E+08     -0.311E+00      0.205E+00
      0.325E+01      0.186E-01      0.760E-02      0.461E+08     -0.317E+00      0.203E+00
      0.350E+01      0.190E-01      0.618E-02      0.433E+08     -0.253E+00      0.116E+00
      0.375E+01      0.242E-01      0.932E-02      0.405E+08     -0.219E+00      0.124E+00
      0.400E+01      0.285E-01      0.117E-01      0.369E+08     -0.268E+00      0.181E+00
      0.425E+01      0.316E-01      0.108E-01      0.328E+08     -0.298E+00      0.151E+00
      0.450E+01      0.480E-01      0.153E-01      0.281E+08     -0.424E+00      0.213E+00
      0.475E+01      0.492E-01      0.218E-01      0.212E+08     -0.498E+00      0.324E+00
      0.500E+01      0.289E-01      0.120E-01      0.141E+08     -0.567E+00      0.340E+00
      0.525E+01      0.165E-01      0.940E-02      0.996E+07     -0.444E+00      0.326E+00
      0.550E+01      0.118E-01      0.798E-02      0.760E+07     -0.385E+00      0.382E+00
      0.575E+01      0.187E-01      0.615E-02      0.591E+07     -0.473E+00      0.228E+00
      0.600E+01      0.154E-01      0.437E-02      0.324E+07     -0.641E+00      0.249E+00
      0.625E+01      0.425E-02      0.275E-02      0.106E+07     -0.970E+00      0.722E+00
      0.650E+01      0.111E-02      0.197E-02      0.458E+06     -0.648E+00      0.140E+01
      0.675E+01      0.840E-03      0.168E-02      0.301E+06     -0.303E+00      0.925E+00
      0.700E+01      0.810E-03      0.211E-02      0.181E+06     -0.301E+00      0.111E+01
      0.725E+01      0.391E-03      0.910E-03      0.663E+05     -0.820E+00      0.244E+01
      0.750E+01      0.584E-04      0.658E-03      0.115E+05     -0.646E+00      0.889E+01
      0.775E+01      0.225E-04      0.271E-03      0.334E+04     -0.801E+00      0.134E+02
      0.800E+01      0.139E-05      0.230E-04      0.194E+03     -0.875E+00      0.246E+02
      0.825E+01      0.408E-12      0.768E-08      0.568E-04     -0.847E+00      0.213E+05
      0.850E+01      0.147E-18      0.334E-11      0.204E-10     -0.134E+01      0.403E+08
      0.875E+01      0.000E+00      0.000E+00      0.000E+00     -0.990E+02     -0.990E+02
      0.900E+01      0.000E+00      0.000E+00      0.000E+00     -0.990E+02     -0.990E+02
      0.925E+01      0.000E+00      0.000E+00      0.000E+00     -0.990E+02     -0.990E+02
      0.950E+01      0.000E+00      0.000E+00      0.000E+00     -0.990E+02     -0.990E+02
      0.975E+01      0.000E+00      0.000E+00      0.000E+00     -0.990E+02     -0.990E+02
      0.100E+02      0.000E+00      0.000E+00      0.000E+00     -0.990E+02     -0.990E+02
      0.102E+02      0.000E+00      0.000E+00      0.000E+00     -0.990E+02     -0.990E+02
      0.105E+02      0.000E+00      0.000E+00      0.000E+00     -0.990E+02     -0.990E+02
      0.108E+02      0.000E+00      0.000E+00      0.000E+00     -0.990E+02     -0.990E+02
      0.110E+02      0.000E+00      0.000E+00      0.000E+00     -0.990E+02     -0.990E+02
      0.112E+02      0.000E+00      0.000E+00      0.000E+00     -0.990E+02     -0.990E+02
      0.115E+02      0.000E+00      0.000E+00      0.000E+00     -0.990E+02     -0.990E+02
      0.118E+02      0.000E+00      0.000E+00      0.000E+00     -0.990E+02     -0.990E+02
      0.120E+02      0.000E+00      0.000E+00      0.000E+00     -0.990E+02     -0.990E+02
      0.122E+02      0.000E+00      0.000E+00      0.000E+00     -0.990E+02     -0.990E+02
      0.125E+02      0.000E+00      0.000E+00      0.000E+00     -0.990E+02     -0.990E+02
      0.128E+02      0.000E+00      0.000E+00      0.000E+00     -0.990E+02     -0.990E+02
      0.130E+02      0.000E+00      0.000E+00      0.000E+00     -0.990E+02     -0.990E+02
      0.132E+02      0.000E+00      0.000E+00      0.000E+00     -0.990E+02     -0.990E+02
      0.135E+02      0.000E+00      0.000E+00      0.000E+00     -0.990E+02     -0.990E+02
      0.138E+02      0.000E+00      0.000E+00      0.000E+00     -0.990E+02     -0.990E+02
      0.140E+02      0.000E+00      0.000E+00      0.000E+00     -0.990E+02     -0.990E+02
      0.142E+02      0.000E+00      0.000E+00      0.000E+00     -0.990E+02     -0.990E+02
      0.145E+02      0.000E+00      0.000E+00      0.000E+00     -0.990E+02     -0.990E+02
      0.148E+02      0.000E+00      0.000E+00      0.000E+00     -0.990E+02     -0.990E+02
      0.150E+02      0.000E+00      0.000E+00      0.000E+00     -0.990E+02     -0.990E+02
      0.152E+02      0.000E+00      0.000E+00      0.000E+00     -0.990E+02     -0.990E+02
      0.155E+02      0.000E+00      0.000E+00      0.000E+00     -0.990E+02     -0.990E+02
      0.158E+02      0.000E+00      0.000E+00      0.000E+00     -0.990E+02     -0.990E+02
      0.160E+02      0.000E+00      0.000E+00      0.000E+00     -0.990E+02     -0.990E+02
      0.162E+02      0.000E+00      0.000E+00      0.000E+00     -0.990E+02     -0.990E+02
      0.165E+02      0.000E+00      0.000E+00      0.000E+00     -0.990E+02     -0.990E+02
      0.168E+02      0.000E+00      0.000E+00      0.000E+00     -0.990E+02     -0.990E+02
      0.170E+02      0.000E+00      0.000E+00      0.000E+00     -0.990E+02     -0.990E+02
      0.172E+02      0.000E+00      0.000E+00      0.000E+00     -0.990E+02     -0.990E+02
      0.175E+02      0.000E+00      0.000E+00      0.000E+00     -0.990E+02     -0.990E+02
      0.178E+02      0.000E+00      0.000E+00      0.000E+00     -0.990E+02     -0.990E+02
      0.180E+02      0.000E+00      0.000E+00      0.000E+00     -0.990E+02     -0.990E+02
      0.182E+02      0.000E+00      0.000E+00      0.000E+00     -0.990E+02     -0.990E+02
      0.185E+02      0.000E+00      0.000E+00      0.000E+00     -0.990E+02     -0.990E+02
      0.188E+02      0.000E+00      0.000E+00      0.000E+00     -0.990E+02     -0.990E+02
      0.190E+02      0.000E+00      0.000E+00      0.000E+00     -0.990E+02     -0.990E+02
      0.192E+02      0.000E+00      0.000E+00      0.000E+00     -0.990E+02     -0.990E+02
      0.195E+02      0.000E+00      0.000E+00      0.000E+00     -0.990E+02     -0.990E+02
      0.198E+02      0.000E+00      0.000E+00      0.000E+00     -0.990E+02     -0.990E+02
      0.200E+02      0.000E+00      0.000E+00      0.000E+00     -0.990E+02     -0.990E+02
