      0.000E+00      0.544E+01      0.186E+01      0.700E+10     -0.990E+02     -0.990E+02
      0.100E-03      0.544E+01      0.186E+01      0.700E+10     -0.990E+02     -0.990E+02
      0.140E-03      0.544E+01      0.186E+01      0.700E+10     -0.990E+02     -0.990E+02
      0.160E-03      0.544E+01      0.186E+01      0.700E+10     -0.990E+02     -0.990E+02
      0.180E-03      0.544E+01      0.186E+01      0.700E+10     -0.990E+02     -0.990E+02
      0.200E-03      0.544E+01      0.186E+01      0.700E+10     -0.990E+02     -0.990E+02
      0.220E-03      0.544E+01      0.186E+01      0.700E+10     -0.990E+02     -0.990E+02
      0.250E-03      0.544E+01      0.186E+01      0.700E+10     -0.990E+02     -0.990E+02
      0.280E-03      0.544E+01      0.186E+01      0.700E+10     -0.990E+02     -0.990E+02
      0.320E-03      0.544E+01      0.186E+01      0.700E+10     -0.990E+02     -0.990E+02
      0.350E-03      0.544E+01      0.186E+01      0.700E+10     -0.990E+02     -0.990E+02
      0.400E-03      0.544E+01      0.186E+01      0.700E+10     -0.990E+02     -0.990E+02
      0.450E-03      0.544E+01      0.186E+01      0.700E+10     -0.990E+02     -0.990E+02
      0.500E-03      0.544E+01      0.186E+01      0.700E+10     -0.990E+02     -0.990E+02
      0.560E-03      0.544E+01      0.186E+01      0.700E+10     -0.990E+02     -0.990E+02
      0.630E-03      0.544E+01      0.186E+01      0.700E+10     -0.990E+02     -0.990E+02
      0.710E-03      0.544E+01      0.186E+01      0.700E+10     -0.990E+02     -0.990E+02
      0.790E-03      0.544E+01      0.186E+01      0.700E+10     -0.990E+02     -0.990E+02
      0.890E-03      0.544E+01      0.186E+01      0.700E+10     -0.990E+02     -0.990E+02
      0.100E-02      0.544E+01      0.186E+01      0.700E+10     -0.990E+02     -0.990E+02
      0.105E-02      0.544E+01      0.186E+01      0.700E+10     -0.990E+02     -0.990E+02
      0.110E-02      0.544E+01      0.186E+01      0.700E+10     -0.990E+02     -0.990E+02
      0.115E-02      0.544E+01      0.186E+01      0.700E+10     -0.990E+02     -0.990E+02
      0.120E-02      0.544E+01      0.186E+01      0.700E+10     -0.990E+02     -0.990E+02
      0.126E-02      0.544E+01      0.186E+01      0.700E+10     -0.990E+02     -0.990E+02
      0.132E-02      0.544E+01      0.186E+01      0.700E+10     -0.990E+02     -0.990E+02
      0.138E-02      0.544E+01      0.186E+01      0.700E+10     -0.990E+02     -0.990E+02
      0.145E-02      0.544E+01      0.186E+01      0.700E+10     -0.990E+02     -0.990E+02
      0.151E-02      0.544E+01      0.186E+01      0.700E+10     -0.990E+02     -0.990E+02
      0.158E-02      0.544E+01      0.186E+01      0.700E+10     -0.990E+02     -0.990E+02
      0.166E-02      0.544E+01      0.186E+01      0.700E+10     -0.990E+02     -0.990E+02
      0.174E-02      0.544E+01      0.186E+01      0.700E+10     -0.990E+02     -0.990E+02
      0.182E-02      0.544E+01      0.186E+01      0.700E+10     -0.990E+02     -0.990E+02
      0.191E-02      0.544E+01      0.186E+01      0.700E+10     -0.990E+02     -0.990E+02
      0.200E-02      0.544E+01      0.186E+01      0.700E+10     -0.990E+02     -0.990E+02
      0.209E-02      0.544E+01      0.186E+01      0.700E+10     -0.990E+02     -0.990E+02
      0.219E-02      0.544E+01      0.186E+01      0.700E+10     -0.990E+02     -0.990E+02
      0.229E-02      0.544E+01      0.186E+01      0.700E+10     -0.990E+02     -0.990E+02
      0.240E-02      0.544E+01      0.186E+01      0.700E+10     -0.990E+02     -0.990E+02
      0.251E-02      0.544E+01      0.186E+01      0.700E+10     -0.990E+02     -0.990E+02
      0.263E-02      0.544E+01      0.186E+01      0.700E+10     -0.990E+02     -0.990E+02
      0.275E-02      0.544E+01      0.186E+01      0.700E+10     -0.990E+02     -0.990E+02
      0.288E-02      0.544E+01      0.186E+01      0.700E+10     -0.990E+02     -0.990E+02
      0.302E-02      0.544E+01      0.186E+01      0.700E+10     -0.990E+02     -0.990E+02
      0.316E-02      0.544E+01      0.186E+01      0.700E+10     -0.990E+02     -0.990E+02
      0.331E-02      0.544E+01      0.186E+01      0.700E+10     -0.990E+02     -0.990E+02
      0.347E-02      0.544E+01      0.186E+01      0.700E+10     -0.990E+02     -0.990E+02
      0.363E-02      0.544E+01      0.186E+01      0.700E+10     -0.990E+02     -0.990E+02
      0.380E-02      0.544E+01      0.186E+01      0.700E+10     -0.990E+02     -0.990E+02
      0.398E-02      0.544E+01      0.186E+01      0.700E+10     -0.990E+02     -0.990E+02
      0.417E-02      0.544E+01      0.186E+01      0.700E+10     -0.990E+02     -0.990E+02
      0.437E-02      0.544E+01      0.186E+01      0.700E+10     -0.990E+02     -0.990E+02
      0.457E-02      0.544E+01      0.186E+01      0.700E+10     -0.990E+02     -0.990E+02
      0.479E-02      0.544E+01      0.186E+01      0.700E+10     -0.990E+02     -0.990E+02
      0.501E-02      0.544E+01      0.186E+01      0.700E+10     -0.990E+02     -0.990E+02
      0.525E-02      0.544E+01      0.186E+01      0.700E+10     -0.990E+02     -0.990E+02
      0.550E-02      0.544E+01      0.186E+01      0.700E+10     -0.990E+02     -0.990E+02
      0.575E-02      0.544E+01      0.186E+01      0.700E+10     -0.990E+02     -0.990E+02
      0.603E-02      0.544E+01      0.186E+01      0.700E+10     -0.990E+02     -0.990E+02
      0.631E-02      0.544E+01      0.186E+01      0.700E+10     -0.990E+02     -0.990E+02
      0.661E-02      0.544E+01      0.186E+01      0.700E+10     -0.990E+02     -0.990E+02
      0.692E-02      0.544E+01      0.186E+01      0.700E+10     -0.990E+02     -0.990E+02
      0.724E-02      0.544E+01      0.186E+01      0.700E+10     -0.990E+02     -0.990E+02
      0.759E-02      0.544E+01      0.186E+01      0.700E+10     -0.990E+02     -0.990E+02
      0.794E-02      0.544E+01      0.186E+01      0.700E+10     -0.990E+02     -0.990E+02
      0.832E-02      0.544E+01      0.186E+01      0.700E+10     -0.990E+02     -0.990E+02
      0.871E-02      0.544E+01      0.186E+01      0.700E+10     -0.990E+02     -0.990E+02
      0.912E-02      0.544E+01      0.186E+01      0.700E+10     -0.990E+02     -0.990E+02
      0.955E-02      0.544E+01      0.186E+01      0.700E+10     -0.990E+02     -0.990E+02
      0.100E-01      0.544E+01      0.186E+01      0.700E+10     -0.358E+00      0.532E+00
      0.105E-01      0.103E+02      0.764E+01      0.695E+10     -0.358E+00      0.532E+00
      0.110E-01      0.102E+02      0.759E+01      0.694E+10     -0.358E+00      0.532E+00
      0.115E-01      0.102E+02      0.756E+01      0.694E+10     -0.358E+00      0.532E+00
      0.120E-01      0.102E+02      0.754E+01      0.693E+10     -0.358E+00      0.532E+00
      0.126E-01      0.102E+02      0.754E+01      0.693E+10     -0.357E+00      0.531E+00
      0.132E-01      0.102E+02      0.757E+01      0.692E+10     -0.357E+00      0.531E+00
      0.138E-01      0.102E+02      0.754E+01      0.692E+10     -0.357E+00      0.531E+00
      0.144E-01      0.101E+02      0.747E+01      0.691E+10     -0.357E+00      0.532E+00
      0.151E-01      0.101E+02      0.749E+01      0.691E+10     -0.356E+00      0.532E+00
      0.159E-01      0.101E+02      0.749E+01      0.690E+10     -0.356E+00      0.531E+00
      0.166E-01      0.101E+02      0.748E+01      0.689E+10     -0.356E+00      0.531E+00
      0.174E-01      0.101E+02      0.747E+01      0.689E+10     -0.355E+00      0.531E+00
      0.182E-01      0.101E+02      0.748E+01      0.688E+10     -0.355E+00      0.531E+00
      0.191E-01      0.101E+02      0.745E+01      0.687E+10     -0.355E+00      0.531E+00
      0.200E-01      0.100E+02      0.741E+01      0.686E+10     -0.354E+00      0.531E+00
      0.209E-01      0.999E+01      0.739E+01      0.686E+10     -0.354E+00      0.531E+00
      0.219E-01      0.996E+01      0.736E+01      0.685E+10     -0.353E+00      0.531E+00
      0.229E-01      0.996E+01      0.736E+01      0.684E+10     -0.353E+00      0.531E+00
      0.240E-01      0.994E+01      0.734E+01      0.683E+10     -0.352E+00      0.530E+00
      0.251E-01      0.993E+01      0.734E+01      0.682E+10     -0.352E+00      0.530E+00
      0.263E-01      0.990E+01      0.731E+01      0.681E+10     -0.351E+00      0.530E+00
      0.275E-01      0.985E+01      0.727E+01      0.680E+10     -0.351E+00      0.530E+00
      0.290E-01      0.982E+01      0.725E+01      0.679E+10     -0.350E+00      0.530E+00
      0.300E-01      0.980E+01      0.724E+01      0.678E+10     -0.350E+00      0.530E+00
      0.310E-01      0.978E+01      0.722E+01      0.677E+10     -0.349E+00      0.529E+00
      0.320E-01      0.976E+01      0.720E+01      0.677E+10     -0.349E+00      0.529E+00
      0.330E-01      0.974E+01      0.718E+01      0.676E+10     -0.348E+00      0.529E+00
      0.340E-01      0.972E+01      0.717E+01      0.675E+10     -0.348E+00      0.530E+00
      0.350E-01      0.970E+01      0.716E+01      0.674E+10     -0.347E+00      0.529E+00
      0.360E-01      0.967E+01      0.714E+01      0.673E+10     -0.347E+00      0.529E+00
      0.370E-01      0.964E+01      0.711E+01      0.673E+10     -0.346E+00      0.529E+00
      0.380E-01      0.963E+01      0.710E+01      0.672E+10     -0.346E+00      0.529E+00
      0.390E-01      0.960E+01      0.708E+01      0.671E+10     -0.346E+00      0.529E+00
      0.400E-01      0.958E+01      0.706E+01      0.670E+10     -0.345E+00      0.529E+00
      0.425E-01      0.954E+01      0.704E+01      0.669E+10     -0.344E+00      0.529E+00
      0.450E-01      0.947E+01      0.698E+01      0.667E+10     -0.342E+00      0.528E+00
      0.475E-01      0.942E+01      0.695E+01      0.665E+10     -0.341E+00      0.529E+00
      0.500E-01      0.935E+01      0.689E+01      0.663E+10     -0.340E+00      0.528E+00
      0.525E-01      0.931E+01      0.687E+01      0.661E+10     -0.339E+00      0.529E+00
      0.550E-01      0.924E+01      0.681E+01      0.659E+10     -0.337E+00      0.529E+00
      0.571E-01      0.920E+01      0.678E+01      0.658E+10     -0.336E+00      0.528E+00
      0.640E-01      0.904E+01      0.667E+01      0.654E+10     -0.332E+00      0.529E+00
      0.719E-01      0.887E+01      0.655E+01      0.649E+10     -0.328E+00      0.529E+00
      0.806E-01      0.866E+01      0.641E+01      0.644E+10     -0.323E+00      0.530E+00
      0.905E-01      0.845E+01      0.627E+01      0.637E+10     -0.317E+00      0.531E+00
      0.102E+00      0.819E+01      0.612E+01      0.631E+10     -0.310E+00      0.533E+00
      0.114E+00      0.791E+01      0.596E+01      0.623E+10     -0.301E+00      0.537E+00
      0.128E+00      0.760E+01      0.579E+01      0.615E+10     -0.291E+00      0.543E+00
      0.143E+00      0.724E+01      0.563E+01      0.607E+10     -0.278E+00      0.552E+00
      0.161E+00      0.695E+01      0.544E+01      0.598E+10     -0.269E+00      0.557E+00
      0.181E+00      0.675E+01      0.524E+01      0.588E+10     -0.264E+00      0.554E+00
      0.203E+00      0.667E+01      0.506E+01      0.578E+10     -0.260E+00      0.539E+00
      0.227E+00      0.658E+01      0.485E+01      0.567E+10     -0.254E+00      0.523E+00
      0.255E+00      0.647E+01      0.459E+01      0.554E+10     -0.248E+00      0.497E+00
      0.286E+00      0.649E+01      0.432E+01      0.541E+10     -0.246E+00      0.459E+00
      0.321E+00      0.652E+01      0.406E+01      0.525E+10     -0.243E+00      0.421E+00
      0.360E+00      0.655E+01      0.385E+01      0.508E+10     -0.240E+00      0.384E+00
      0.404E+00      0.659E+01      0.374E+01      0.489E+10     -0.237E+00      0.353E+00
      0.453E+00      0.664E+01      0.368E+01      0.468E+10     -0.226E+00      0.317E+00
      0.509E+00      0.664E+01      0.365E+01      0.444E+10     -0.213E+00      0.281E+00
      0.571E+00      0.619E+01      0.333E+01      0.417E+10     -0.196E+00      0.259E+00
      0.641E+00      0.568E+01      0.311E+01      0.389E+10     -0.172E+00      0.256E+00
      0.719E+00      0.523E+01      0.298E+01      0.361E+10     -0.147E+00      0.251E+00
      0.806E+00      0.482E+01      0.256E+01      0.332E+10     -0.129E+00      0.208E+00
      0.905E+00      0.441E+01      0.227E+01      0.302E+10     -0.988E-01      0.157E+00
      0.102E+01      0.403E+01      0.211E+01      0.271E+10     -0.830E-01      0.130E+00
      0.114E+01      0.433E+01      0.214E+01      0.240E+10     -0.944E-01      0.119E+00
      0.128E+01      0.502E+01      0.245E+01      0.203E+10     -0.912E-01      0.963E-01
      0.143E+01      0.605E+01      0.307E+01      0.155E+10     -0.146E+00      0.167E+00
      0.161E+01      0.459E+01      0.225E+01      0.912E+09     -0.271E+00      0.241E+00
      0.168E+01      0.353E+01      0.174E+01      0.556E+09     -0.348E+00      0.272E+00
      0.170E+01      0.322E+01      0.162E+01      0.455E+09     -0.379E+00      0.286E+00
      0.180E+01      0.225E+01      0.114E+01      0.334E+09     -0.480E+00      0.328E+00
      0.190E+01      0.152E+01      0.825E+00      0.194E+09     -0.663E+00      0.476E+00
      0.200E+01      0.794E+00      0.622E+00      0.101E+09     -0.956E+00      0.907E+00
      0.210E+01      0.441E+00      0.447E+00      0.521E+08     -0.942E+00      0.110E+01
      0.220E+01      0.183E+00      0.347E+00      0.252E+08     -0.787E+00      0.168E+01
      0.230E+01      0.819E-01      0.260E+00      0.141E+08     -0.429E+00      0.197E+01
      0.240E+01      0.530E-01      0.201E+00      0.911E+07     -0.493E+00      0.286E+01
      0.250E+01      0.291E-01      0.162E+00      0.590E+07     -0.531E+00      0.442E+01
      0.260E+01      0.229E-01      0.136E+00      0.415E+07     -0.517E+00      0.462E+01
      0.275E+01      0.148E-01      0.837E-01      0.244E+07     -0.640E+00      0.497E+01
      0.300E+01      0.457E-02      0.222E-01      0.674E+06     -0.120E+01      0.775E+01
      0.325E+01      0.515E-05      0.825E-03      0.797E+03     -0.221E+01      0.419E+03
      0.350E+01      0.305E-06      0.731E-04      0.446E+02     -0.166E+01      0.517E+03
      0.375E+01      0.411E-28      0.109E-15      0.594E-20     -0.121E+01       Infinity
      0.400E+01      0.000E+00      0.000E+00      0.000E+00     -0.990E+02     -0.990E+02
      0.425E+01      0.000E+00      0.000E+00      0.000E+00     -0.990E+02     -0.990E+02
      0.450E+01      0.000E+00      0.000E+00      0.000E+00     -0.990E+02     -0.990E+02
      0.475E+01      0.000E+00      0.000E+00      0.000E+00     -0.990E+02     -0.990E+02
      0.500E+01      0.000E+00      0.000E+00      0.000E+00     -0.990E+02     -0.990E+02
      0.525E+01      0.000E+00      0.000E+00      0.000E+00     -0.990E+02     -0.990E+02
      0.550E+01      0.000E+00      0.000E+00      0.000E+00     -0.990E+02     -0.990E+02
      0.575E+01      0.000E+00      0.000E+00      0.000E+00     -0.990E+02     -0.990E+02
      0.600E+01      0.000E+00      0.000E+00      0.000E+00     -0.990E+02     -0.990E+02
      0.625E+01      0.000E+00      0.000E+00      0.000E+00     -0.990E+02     -0.990E+02
      0.650E+01      0.000E+00      0.000E+00      0.000E+00     -0.990E+02     -0.990E+02
      0.675E+01      0.000E+00      0.000E+00      0.000E+00     -0.990E+02     -0.990E+02
      0.700E+01      0.000E+00      0.000E+00      0.000E+00     -0.990E+02     -0.990E+02
      0.725E+01      0.000E+00      0.000E+00      0.000E+00     -0.990E+02     -0.990E+02
      0.750E+01      0.000E+00      0.000E+00      0.000E+00     -0.990E+02     -0.990E+02
      0.775E+01      0.000E+00      0.000E+00      0.000E+00     -0.990E+02     -0.990E+02
      0.800E+01      0.000E+00      0.000E+00      0.000E+00     -0.990E+02     -0.990E+02
      0.825E+01      0.000E+00      0.000E+00      0.000E+00     -0.990E+02     -0.990E+02
      0.850E+01      0.000E+00      0.000E+00      0.000E+00     -0.990E+02     -0.990E+02
      0.875E+01      0.000E+00      0.000E+00      0.000E+00     -0.990E+02     -0.990E+02
      0.900E+01      0.000E+00      0.000E+00      0.000E+00     -0.990E+02     -0.990E+02
      0.925E+01      0.000E+00      0.000E+00      0.000E+00     -0.990E+02     -0.990E+02
      0.950E+01      0.000E+00      0.000E+00      0.000E+00     -0.990E+02     -0.990E+02
      0.975E+01      0.000E+00      0.000E+00      0.000E+00     -0.990E+02     -0.990E+02
      0.100E+02      0.000E+00      0.000E+00      0.000E+00     -0.990E+02     -0.990E+02
      0.102E+02      0.000E+00      0.000E+00      0.000E+00     -0.990E+02     -0.990E+02
      0.105E+02      0.000E+00      0.000E+00      0.000E+00     -0.990E+02     -0.990E+02
      0.108E+02      0.000E+00      0.000E+00      0.000E+00     -0.990E+02     -0.990E+02
      0.110E+02      0.000E+00      0.000E+00      0.000E+00     -0.990E+02     -0.990E+02
      0.112E+02      0.000E+00      0.000E+00      0.000E+00     -0.990E+02     -0.990E+02
      0.115E+02      0.000E+00      0.000E+00      0.000E+00     -0.990E+02     -0.990E+02
      0.118E+02      0.000E+00      0.000E+00      0.000E+00     -0.990E+02     -0.990E+02
      0.120E+02      0.000E+00      0.000E+00      0.000E+00     -0.990E+02     -0.990E+02
      0.122E+02      0.000E+00      0.000E+00      0.000E+00     -0.990E+02     -0.990E+02
      0.125E+02      0.000E+00      0.000E+00      0.000E+00     -0.990E+02     -0.990E+02
      0.128E+02      0.000E+00      0.000E+00      0.000E+00     -0.990E+02     -0.990E+02
      0.130E+02      0.000E+00      0.000E+00      0.000E+00     -0.990E+02     -0.990E+02
      0.132E+02      0.000E+00      0.000E+00      0.000E+00     -0.990E+02     -0.990E+02
      0.135E+02      0.000E+00      0.000E+00      0.000E+00     -0.990E+02     -0.990E+02
      0.138E+02      0.000E+00      0.000E+00      0.000E+00     -0.990E+02     -0.990E+02
      0.140E+02      0.000E+00      0.000E+00      0.000E+00     -0.990E+02     -0.990E+02
      0.142E+02      0.000E+00      0.000E+00      0.000E+00     -0.990E+02     -0.990E+02
      0.145E+02      0.000E+00      0.000E+00      0.000E+00     -0.990E+02     -0.990E+02
      0.148E+02      0.000E+00      0.000E+00      0.000E+00     -0.990E+02     -0.990E+02
      0.150E+02      0.000E+00      0.000E+00      0.000E+00     -0.990E+02     -0.990E+02
      0.152E+02      0.000E+00      0.000E+00      0.000E+00     -0.990E+02     -0.990E+02
      0.155E+02      0.000E+00      0.000E+00      0.000E+00     -0.990E+02     -0.990E+02
      0.158E+02      0.000E+00      0.000E+00      0.000E+00     -0.990E+02     -0.990E+02
      0.160E+02      0.000E+00      0.000E+00      0.000E+00     -0.990E+02     -0.990E+02
      0.162E+02      0.000E+00      0.000E+00      0.000E+00     -0.990E+02     -0.990E+02
      0.165E+02      0.000E+00      0.000E+00      0.000E+00     -0.990E+02     -0.990E+02
      0.168E+02      0.000E+00      0.000E+00      0.000E+00     -0.990E+02     -0.990E+02
      0.170E+02      0.000E+00      0.000E+00      0.000E+00     -0.990E+02     -0.990E+02
      0.172E+02      0.000E+00      0.000E+00      0.000E+00     -0.990E+02     -0.990E+02
      0.175E+02      0.000E+00      0.000E+00      0.000E+00     -0.990E+02     -0.990E+02
      0.178E+02      0.000E+00      0.000E+00      0.000E+00     -0.990E+02     -0.990E+02
      0.180E+02      0.000E+00      0.000E+00      0.000E+00     -0.990E+02     -0.990E+02
      0.182E+02      0.000E+00      0.000E+00      0.000E+00     -0.990E+02     -0.990E+02
      0.185E+02      0.000E+00      0.000E+00      0.000E+00     -0.990E+02     -0.990E+02
      0.188E+02      0.000E+00      0.000E+00      0.000E+00     -0.990E+02     -0.990E+02
      0.190E+02      0.000E+00      0.000E+00      0.000E+00     -0.990E+02     -0.990E+02
      0.192E+02      0.000E+00      0.000E+00      0.000E+00     -0.990E+02     -0.990E+02
      0.195E+02      0.000E+00      0.000E+00      0.000E+00     -0.990E+02     -0.990E+02
      0.198E+02      0.000E+00      0.000E+00      0.000E+00     -0.990E+02     -0.990E+02
      0.200E+02      0.000E+00      0.000E+00      0.000E+00     -0.990E+02     -0.990E+02
