      0.000E+00      0.308E+00      0.118E+00      0.100E+09     -0.990E+02     -0.990E+02
      0.100E-03      0.308E+00      0.118E+00      0.100E+09     -0.990E+02     -0.990E+02
      0.140E-03      0.308E+00      0.118E+00      0.100E+09     -0.990E+02     -0.990E+02
      0.160E-03      0.308E+00      0.118E+00      0.100E+09     -0.990E+02     -0.990E+02
      0.180E-03      0.308E+00      0.118E+00      0.100E+09     -0.990E+02     -0.990E+02
      0.200E-03      0.308E+00      0.118E+00      0.100E+09     -0.990E+02     -0.990E+02
      0.220E-03      0.308E+00      0.118E+00      0.100E+09     -0.990E+02     -0.990E+02
      0.250E-03      0.308E+00      0.118E+00      0.100E+09     -0.990E+02     -0.990E+02
      0.280E-03      0.308E+00      0.118E+00      0.100E+09     -0.990E+02     -0.990E+02
      0.320E-03      0.308E+00      0.118E+00      0.100E+09     -0.990E+02     -0.990E+02
      0.350E-03      0.308E+00      0.118E+00      0.100E+09     -0.990E+02     -0.990E+02
      0.400E-03      0.308E+00      0.118E+00      0.100E+09     -0.990E+02     -0.990E+02
      0.450E-03      0.308E+00      0.118E+00      0.100E+09     -0.990E+02     -0.990E+02
      0.500E-03      0.308E+00      0.118E+00      0.100E+09     -0.990E+02     -0.990E+02
      0.560E-03      0.308E+00      0.118E+00      0.100E+09     -0.990E+02     -0.990E+02
      0.630E-03      0.308E+00      0.118E+00      0.100E+09     -0.990E+02     -0.990E+02
      0.710E-03      0.308E+00      0.118E+00      0.100E+09     -0.990E+02     -0.990E+02
      0.790E-03      0.308E+00      0.118E+00      0.100E+09     -0.990E+02     -0.990E+02
      0.890E-03      0.308E+00      0.118E+00      0.100E+09     -0.990E+02     -0.990E+02
      0.100E-02      0.308E+00      0.118E+00      0.100E+09     -0.990E+02     -0.990E+02
      0.105E-02      0.308E+00      0.118E+00      0.100E+09     -0.990E+02     -0.990E+02
      0.110E-02      0.308E+00      0.118E+00      0.100E+09     -0.990E+02     -0.990E+02
      0.115E-02      0.308E+00      0.118E+00      0.100E+09     -0.990E+02     -0.990E+02
      0.120E-02      0.308E+00      0.118E+00      0.100E+09     -0.990E+02     -0.990E+02
      0.126E-02      0.308E+00      0.118E+00      0.100E+09     -0.990E+02     -0.990E+02
      0.132E-02      0.308E+00      0.118E+00      0.100E+09     -0.990E+02     -0.990E+02
      0.138E-02      0.308E+00      0.118E+00      0.100E+09     -0.990E+02     -0.990E+02
      0.145E-02      0.308E+00      0.118E+00      0.100E+09     -0.990E+02     -0.990E+02
      0.151E-02      0.308E+00      0.118E+00      0.100E+09     -0.990E+02     -0.990E+02
      0.158E-02      0.308E+00      0.118E+00      0.100E+09     -0.990E+02     -0.990E+02
      0.166E-02      0.308E+00      0.118E+00      0.100E+09     -0.990E+02     -0.990E+02
      0.174E-02      0.308E+00      0.118E+00      0.100E+09     -0.990E+02     -0.990E+02
      0.182E-02      0.308E+00      0.118E+00      0.100E+09     -0.990E+02     -0.990E+02
      0.191E-02      0.308E+00      0.118E+00      0.100E+09     -0.990E+02     -0.990E+02
      0.200E-02      0.308E+00      0.118E+00      0.100E+09     -0.990E+02     -0.990E+02
      0.209E-02      0.308E+00      0.118E+00      0.100E+09     -0.990E+02     -0.990E+02
      0.219E-02      0.308E+00      0.118E+00      0.100E+09     -0.990E+02     -0.990E+02
      0.229E-02      0.308E+00      0.118E+00      0.100E+09     -0.990E+02     -0.990E+02
      0.240E-02      0.308E+00      0.118E+00      0.100E+09     -0.990E+02     -0.990E+02
      0.251E-02      0.308E+00      0.118E+00      0.100E+09     -0.990E+02     -0.990E+02
      0.263E-02      0.308E+00      0.118E+00      0.100E+09     -0.990E+02     -0.990E+02
      0.275E-02      0.308E+00      0.118E+00      0.100E+09     -0.990E+02     -0.990E+02
      0.288E-02      0.308E+00      0.118E+00      0.100E+09     -0.990E+02     -0.990E+02
      0.302E-02      0.308E+00      0.118E+00      0.100E+09     -0.990E+02     -0.990E+02
      0.316E-02      0.308E+00      0.118E+00      0.100E+09     -0.990E+02     -0.990E+02
      0.331E-02      0.308E+00      0.118E+00      0.100E+09     -0.990E+02     -0.990E+02
      0.347E-02      0.308E+00      0.118E+00      0.100E+09     -0.990E+02     -0.990E+02
      0.363E-02      0.308E+00      0.118E+00      0.100E+09     -0.990E+02     -0.990E+02
      0.380E-02      0.308E+00      0.118E+00      0.100E+09     -0.990E+02     -0.990E+02
      0.398E-02      0.308E+00      0.118E+00      0.100E+09     -0.990E+02     -0.990E+02
      0.417E-02      0.308E+00      0.118E+00      0.100E+09     -0.990E+02     -0.990E+02
      0.437E-02      0.308E+00      0.118E+00      0.100E+09     -0.990E+02     -0.990E+02
      0.457E-02      0.308E+00      0.118E+00      0.100E+09     -0.990E+02     -0.990E+02
      0.479E-02      0.308E+00      0.118E+00      0.100E+09     -0.990E+02     -0.990E+02
      0.501E-02      0.308E+00      0.118E+00      0.100E+09     -0.990E+02     -0.990E+02
      0.525E-02      0.308E+00      0.118E+00      0.100E+09     -0.990E+02     -0.990E+02
      0.550E-02      0.308E+00      0.118E+00      0.100E+09     -0.990E+02     -0.990E+02
      0.575E-02      0.308E+00      0.118E+00      0.100E+09     -0.990E+02     -0.990E+02
      0.603E-02      0.308E+00      0.118E+00      0.100E+09     -0.990E+02     -0.990E+02
      0.631E-02      0.308E+00      0.118E+00      0.100E+09     -0.990E+02     -0.990E+02
      0.661E-02      0.308E+00      0.118E+00      0.100E+09     -0.990E+02     -0.990E+02
      0.692E-02      0.308E+00      0.118E+00      0.100E+09     -0.990E+02     -0.990E+02
      0.724E-02      0.308E+00      0.118E+00      0.100E+09     -0.990E+02     -0.990E+02
      0.759E-02      0.308E+00      0.118E+00      0.100E+09     -0.990E+02     -0.990E+02
      0.794E-02      0.308E+00      0.118E+00      0.100E+09     -0.990E+02     -0.990E+02
      0.832E-02      0.308E+00      0.118E+00      0.100E+09     -0.990E+02     -0.990E+02
      0.871E-02      0.308E+00      0.118E+00      0.100E+09     -0.990E+02     -0.990E+02
      0.912E-02      0.308E+00      0.118E+00      0.100E+09     -0.990E+02     -0.990E+02
      0.955E-02      0.308E+00      0.118E+00      0.100E+09     -0.990E+02     -0.990E+02
      0.100E-01      0.308E+00      0.118E+00      0.100E+09     -0.708E+00      0.648E+00
      0.105E-01      0.489E-01      0.297E-01      0.969E+08     -0.708E+00      0.647E+00
      0.110E-01      0.488E-01      0.296E-01      0.969E+08     -0.708E+00      0.647E+00
      0.115E-01      0.486E-01      0.295E-01      0.969E+08     -0.707E+00      0.646E+00
      0.120E-01      0.486E-01      0.295E-01      0.968E+08     -0.707E+00      0.646E+00
      0.126E-01      0.487E-01      0.296E-01      0.968E+08     -0.707E+00      0.646E+00
      0.132E-01      0.489E-01      0.297E-01      0.968E+08     -0.707E+00      0.645E+00
      0.138E-01      0.488E-01      0.296E-01      0.968E+08     -0.707E+00      0.645E+00
      0.144E-01      0.485E-01      0.294E-01      0.967E+08     -0.707E+00      0.644E+00
      0.151E-01      0.486E-01      0.295E-01      0.967E+08     -0.706E+00      0.644E+00
      0.159E-01      0.489E-01      0.297E-01      0.967E+08     -0.706E+00      0.644E+00
      0.166E-01      0.488E-01      0.297E-01      0.966E+08     -0.706E+00      0.643E+00
      0.174E-01      0.489E-01      0.297E-01      0.966E+08     -0.705E+00      0.642E+00
      0.182E-01      0.491E-01      0.298E-01      0.966E+08     -0.705E+00      0.642E+00
      0.191E-01      0.491E-01      0.298E-01      0.965E+08     -0.705E+00      0.641E+00
      0.200E-01      0.489E-01      0.297E-01      0.965E+08     -0.705E+00      0.641E+00
      0.209E-01      0.489E-01      0.297E-01      0.965E+08     -0.704E+00      0.640E+00
      0.219E-01      0.489E-01      0.298E-01      0.964E+08     -0.704E+00      0.640E+00
      0.229E-01      0.491E-01      0.299E-01      0.964E+08     -0.704E+00      0.639E+00
      0.240E-01      0.491E-01      0.299E-01      0.963E+08     -0.703E+00      0.639E+00
      0.251E-01      0.492E-01      0.300E-01      0.963E+08     -0.703E+00      0.638E+00
      0.263E-01      0.492E-01      0.300E-01      0.962E+08     -0.702E+00      0.637E+00
      0.275E-01      0.492E-01      0.299E-01      0.962E+08     -0.702E+00      0.637E+00
      0.290E-01      0.492E-01      0.300E-01      0.961E+08     -0.702E+00      0.636E+00
      0.300E-01      0.493E-01      0.300E-01      0.961E+08     -0.701E+00      0.636E+00
      0.310E-01      0.493E-01      0.301E-01      0.961E+08     -0.701E+00      0.635E+00
      0.320E-01      0.494E-01      0.301E-01      0.960E+08     -0.700E+00      0.635E+00
      0.330E-01      0.493E-01      0.301E-01      0.960E+08     -0.700E+00      0.634E+00
      0.340E-01      0.494E-01      0.302E-01      0.959E+08     -0.700E+00      0.634E+00
      0.350E-01      0.495E-01      0.302E-01      0.959E+08     -0.700E+00      0.634E+00
      0.360E-01      0.495E-01      0.302E-01      0.959E+08     -0.699E+00      0.633E+00
      0.370E-01      0.495E-01      0.303E-01      0.958E+08     -0.699E+00      0.633E+00
      0.380E-01      0.495E-01      0.304E-01      0.958E+08     -0.698E+00      0.633E+00
      0.390E-01      0.496E-01      0.304E-01      0.957E+08     -0.698E+00      0.632E+00
      0.400E-01      0.496E-01      0.305E-01      0.957E+08     -0.698E+00      0.632E+00
      0.425E-01      0.497E-01      0.306E-01      0.956E+08     -0.697E+00      0.632E+00
      0.450E-01      0.498E-01      0.307E-01      0.955E+08     -0.696E+00      0.631E+00
      0.475E-01      0.498E-01      0.308E-01      0.954E+08     -0.695E+00      0.630E+00
      0.500E-01      0.499E-01      0.309E-01      0.953E+08     -0.694E+00      0.630E+00
      0.525E-01      0.500E-01      0.310E-01      0.952E+08     -0.693E+00      0.629E+00
      0.550E-01      0.501E-01      0.311E-01      0.951E+08     -0.693E+00      0.629E+00
      0.571E-01      0.502E-01      0.313E-01      0.950E+08     -0.692E+00      0.629E+00
      0.640E-01      0.504E-01      0.316E-01      0.949E+08     -0.690E+00      0.629E+00
      0.719E-01      0.506E-01      0.321E-01      0.946E+08     -0.687E+00      0.630E+00
      0.806E-01      0.508E-01      0.327E-01      0.942E+08     -0.684E+00      0.630E+00
      0.905E-01      0.512E-01      0.334E-01      0.939E+08     -0.680E+00      0.632E+00
      0.102E+00      0.516E-01      0.342E-01      0.935E+08     -0.676E+00      0.635E+00
      0.114E+00      0.519E-01      0.352E-01      0.930E+08     -0.671E+00      0.640E+00
      0.128E+00      0.520E-01      0.356E-01      0.925E+08     -0.664E+00      0.636E+00
      0.143E+00      0.519E-01      0.359E-01      0.919E+08     -0.656E+00      0.629E+00
      0.161E+00      0.512E-01      0.354E-01      0.913E+08     -0.649E+00      0.621E+00
      0.181E+00      0.497E-01      0.340E-01      0.906E+08     -0.645E+00      0.611E+00
      0.203E+00      0.474E-01      0.323E-01      0.898E+08     -0.640E+00      0.603E+00
      0.227E+00      0.434E-01      0.293E-01      0.890E+08     -0.637E+00      0.593E+00
      0.255E+00      0.407E-01      0.264E-01      0.882E+08     -0.645E+00      0.578E+00
      0.286E+00      0.376E-01      0.234E-01      0.873E+08     -0.656E+00      0.563E+00
      0.321E+00      0.343E-01      0.203E-01      0.865E+08     -0.670E+00      0.550E+00
      0.360E+00      0.304E-01      0.172E-01      0.856E+08     -0.687E+00      0.544E+00
      0.404E+00      0.269E-01      0.148E-01      0.847E+08     -0.712E+00      0.551E+00
      0.453E+00      0.251E-01      0.133E-01      0.838E+08     -0.726E+00      0.543E+00
      0.509E+00      0.248E-01      0.130E-01      0.829E+08     -0.730E+00      0.540E+00
      0.571E+00      0.244E-01      0.128E-01      0.819E+08     -0.734E+00      0.542E+00
      0.641E+00      0.239E-01      0.127E-01      0.809E+08     -0.736E+00      0.549E+00
      0.719E+00      0.246E-01      0.127E-01      0.797E+08     -0.738E+00      0.535E+00
      0.806E+00      0.256E-01      0.137E-01      0.783E+08     -0.743E+00      0.570E+00
      0.905E+00      0.271E-01      0.166E-01      0.768E+08     -0.751E+00      0.673E+00
      0.102E+01      0.275E-01      0.145E-01      0.749E+08     -0.764E+00      0.576E+00
      0.114E+01      0.286E-01      0.137E-01      0.728E+08     -0.780E+00      0.527E+00
      0.128E+01      0.291E-01      0.139E-01      0.704E+08     -0.798E+00      0.536E+00
      0.143E+01      0.294E-01      0.139E-01      0.677E+08     -0.821E+00      0.549E+00
      0.161E+01      0.289E-01      0.147E-01      0.647E+08     -0.823E+00      0.595E+00
      0.168E+01      0.283E-01      0.148E-01      0.624E+08     -0.829E+00      0.616E+00
      0.170E+01      0.280E-01      0.146E-01      0.617E+08     -0.832E+00      0.619E+00
      0.180E+01      0.263E-01      0.142E-01      0.606E+08     -0.844E+00      0.654E+00
      0.190E+01      0.246E-01      0.148E-01      0.590E+08     -0.858E+00      0.749E+00
      0.200E+01      0.224E-01      0.130E-01      0.575E+08     -0.859E+00      0.724E+00
      0.210E+01      0.216E-01      0.119E-01      0.561E+08     -0.867E+00      0.701E+00
      0.220E+01      0.216E-01      0.120E-01      0.548E+08     -0.875E+00      0.717E+00
      0.230E+01      0.262E-01      0.146E-01      0.535E+08     -0.894E+00      0.748E+00
      0.240E+01      0.317E-01      0.192E-01      0.520E+08     -0.914E+00      0.831E+00
      0.250E+01      0.382E-01      0.229E-01      0.501E+08     -0.937E+00      0.842E+00
      0.260E+01      0.412E-01      0.269E-01      0.478E+08     -0.957E+00      0.924E+00
      0.275E+01      0.410E-01      0.268E-01      0.447E+08     -0.978E+00      0.943E+00
      0.300E+01      0.336E-01      0.174E-01      0.399E+08     -0.958E+00      0.703E+00
      0.325E+01      0.240E-01      0.118E-01      0.349E+08     -0.807E+00      0.571E+00
      0.350E+01      0.290E-01      0.148E-01      0.314E+08     -0.784E+00      0.597E+00
      0.375E+01      0.218E-01      0.123E-01      0.272E+08     -0.838E+00      0.708E+00
      0.400E+01      0.313E-01      0.160E-01      0.240E+08     -0.970E+00      0.720E+00
      0.425E+01      0.268E-01      0.146E-01      0.195E+08     -0.853E+00      0.672E+00
      0.450E+01      0.248E-01      0.129E-01      0.157E+08     -0.898E+00      0.653E+00
      0.475E+01      0.245E-01      0.117E-01      0.121E+08     -0.104E+01      0.683E+00
      0.500E+01      0.210E-01      0.122E-01      0.860E+07     -0.118E+01      0.934E+00
      0.525E+01      0.142E-01      0.121E-01      0.561E+07     -0.119E+01      0.134E+01
      0.550E+01      0.906E-02      0.921E-02      0.359E+07     -0.111E+01      0.154E+01
      0.575E+01      0.592E-02      0.539E-02      0.231E+07     -0.109E+01      0.140E+01
      0.600E+01      0.381E-02      0.462E-02      0.148E+07     -0.133E+01      0.212E+01
      0.625E+01      0.361E-02      0.595E-02      0.940E+06     -0.138E+01      0.300E+01
      0.650E+01      0.182E-02      0.433E-02      0.433E+06     -0.128E+01      0.417E+01
      0.675E+01      0.797E-03      0.228E-02      0.178E+06     -0.147E+01      0.549E+01
      0.700E+01      0.341E-03      0.129E-02      0.668E+05     -0.161E+01      0.772E+01
      0.725E+01      0.115E-03      0.844E-03      0.191E+05     -0.151E+01      0.134E+02
      0.750E+01      0.215E-04      0.180E-03      0.302E+04     -0.190E+01      0.221E+02
      0.775E+01      0.198E-24      0.266E-14      0.276E-16     -0.113E+01       Infinity
      0.800E+01      0.000E+00      0.000E+00      0.000E+00     -0.990E+02     -0.990E+02
      0.825E+01      0.000E+00      0.000E+00      0.000E+00     -0.990E+02     -0.990E+02
      0.850E+01      0.000E+00      0.000E+00      0.000E+00     -0.990E+02     -0.990E+02
      0.875E+01      0.000E+00      0.000E+00      0.000E+00     -0.990E+02     -0.990E+02
      0.900E+01      0.000E+00      0.000E+00      0.000E+00     -0.990E+02     -0.990E+02
      0.925E+01      0.000E+00      0.000E+00      0.000E+00     -0.990E+02     -0.990E+02
      0.950E+01      0.000E+00      0.000E+00      0.000E+00     -0.990E+02     -0.990E+02
      0.975E+01      0.000E+00      0.000E+00      0.000E+00     -0.990E+02     -0.990E+02
      0.100E+02      0.000E+00      0.000E+00      0.000E+00     -0.990E+02     -0.990E+02
      0.102E+02      0.000E+00      0.000E+00      0.000E+00     -0.990E+02     -0.990E+02
      0.105E+02      0.000E+00      0.000E+00      0.000E+00     -0.990E+02     -0.990E+02
      0.108E+02      0.000E+00      0.000E+00      0.000E+00     -0.990E+02     -0.990E+02
      0.110E+02      0.000E+00      0.000E+00      0.000E+00     -0.990E+02     -0.990E+02
      0.112E+02      0.000E+00      0.000E+00      0.000E+00     -0.990E+02     -0.990E+02
      0.115E+02      0.000E+00      0.000E+00      0.000E+00     -0.990E+02     -0.990E+02
      0.118E+02      0.000E+00      0.000E+00      0.000E+00     -0.990E+02     -0.990E+02
      0.120E+02      0.000E+00      0.000E+00      0.000E+00     -0.990E+02     -0.990E+02
      0.122E+02      0.000E+00      0.000E+00      0.000E+00     -0.990E+02     -0.990E+02
      0.125E+02      0.000E+00      0.000E+00      0.000E+00     -0.990E+02     -0.990E+02
      0.128E+02      0.000E+00      0.000E+00      0.000E+00     -0.990E+02     -0.990E+02
      0.130E+02      0.000E+00      0.000E+00      0.000E+00     -0.990E+02     -0.990E+02
      0.132E+02      0.000E+00      0.000E+00      0.000E+00     -0.990E+02     -0.990E+02
      0.135E+02      0.000E+00      0.000E+00      0.000E+00     -0.990E+02     -0.990E+02
      0.138E+02      0.000E+00      0.000E+00      0.000E+00     -0.990E+02     -0.990E+02
      0.140E+02      0.000E+00      0.000E+00      0.000E+00     -0.990E+02     -0.990E+02
      0.142E+02      0.000E+00      0.000E+00      0.000E+00     -0.990E+02     -0.990E+02
      0.145E+02      0.000E+00      0.000E+00      0.000E+00     -0.990E+02     -0.990E+02
      0.148E+02      0.000E+00      0.000E+00      0.000E+00     -0.990E+02     -0.990E+02
      0.150E+02      0.000E+00      0.000E+00      0.000E+00     -0.990E+02     -0.990E+02
      0.152E+02      0.000E+00      0.000E+00      0.000E+00     -0.990E+02     -0.990E+02
      0.155E+02      0.000E+00      0.000E+00      0.000E+00     -0.990E+02     -0.990E+02
      0.158E+02      0.000E+00      0.000E+00      0.000E+00     -0.990E+02     -0.990E+02
      0.160E+02      0.000E+00      0.000E+00      0.000E+00     -0.990E+02     -0.990E+02
      0.162E+02      0.000E+00      0.000E+00      0.000E+00     -0.990E+02     -0.990E+02
      0.165E+02      0.000E+00      0.000E+00      0.000E+00     -0.990E+02     -0.990E+02
      0.168E+02      0.000E+00      0.000E+00      0.000E+00     -0.990E+02     -0.990E+02
      0.170E+02      0.000E+00      0.000E+00      0.000E+00     -0.990E+02     -0.990E+02
      0.172E+02      0.000E+00      0.000E+00      0.000E+00     -0.990E+02     -0.990E+02
      0.175E+02      0.000E+00      0.000E+00      0.000E+00     -0.990E+02     -0.990E+02
      0.178E+02      0.000E+00      0.000E+00      0.000E+00     -0.990E+02     -0.990E+02
      0.180E+02      0.000E+00      0.000E+00      0.000E+00     -0.990E+02     -0.990E+02
      0.182E+02      0.000E+00      0.000E+00      0.000E+00     -0.990E+02     -0.990E+02
      0.185E+02      0.000E+00      0.000E+00      0.000E+00     -0.990E+02     -0.990E+02
      0.188E+02      0.000E+00      0.000E+00      0.000E+00     -0.990E+02     -0.990E+02
      0.190E+02      0.000E+00      0.000E+00      0.000E+00     -0.990E+02     -0.990E+02
      0.192E+02      0.000E+00      0.000E+00      0.000E+00     -0.990E+02     -0.990E+02
      0.195E+02      0.000E+00      0.000E+00      0.000E+00     -0.990E+02     -0.990E+02
      0.198E+02      0.000E+00      0.000E+00      0.000E+00     -0.990E+02     -0.990E+02
      0.200E+02      0.000E+00      0.000E+00      0.000E+00     -0.990E+02     -0.990E+02
