      0.000E+00      0.248E+01      0.307E+01      0.916E+10     -0.990E+02     -0.990E+02
      0.100E-03      0.248E+01      0.307E+01      0.916E+10     -0.990E+02     -0.990E+02
      0.140E-03      0.248E+01      0.307E+01      0.916E+10     -0.990E+02     -0.990E+02
      0.160E-03      0.248E+01      0.307E+01      0.916E+10     -0.990E+02     -0.990E+02
      0.180E-03      0.248E+01      0.307E+01      0.916E+10     -0.990E+02     -0.990E+02
      0.200E-03      0.248E+01      0.307E+01      0.916E+10     -0.990E+02     -0.990E+02
      0.220E-03      0.248E+01      0.307E+01      0.916E+10     -0.990E+02     -0.990E+02
      0.250E-03      0.248E+01      0.307E+01      0.916E+10     -0.990E+02     -0.990E+02
      0.280E-03      0.248E+01      0.307E+01      0.916E+10     -0.990E+02     -0.990E+02
      0.320E-03      0.248E+01      0.307E+01      0.916E+10     -0.990E+02     -0.990E+02
      0.350E-03      0.248E+01      0.307E+01      0.916E+10     -0.990E+02     -0.990E+02
      0.400E-03      0.248E+01      0.307E+01      0.916E+10     -0.990E+02     -0.990E+02
      0.450E-03      0.248E+01      0.307E+01      0.916E+10     -0.990E+02     -0.990E+02
      0.500E-03      0.248E+01      0.307E+01      0.916E+10     -0.990E+02     -0.990E+02
      0.560E-03      0.248E+01      0.307E+01      0.916E+10     -0.990E+02     -0.990E+02
      0.630E-03      0.248E+01      0.307E+01      0.916E+10     -0.990E+02     -0.990E+02
      0.710E-03      0.248E+01      0.307E+01      0.916E+10     -0.990E+02     -0.990E+02
      0.790E-03      0.248E+01      0.307E+01      0.916E+10     -0.990E+02     -0.990E+02
      0.890E-03      0.248E+01      0.307E+01      0.916E+10     -0.990E+02     -0.990E+02
      0.100E-02      0.248E+01      0.307E+01      0.916E+10     -0.990E+02     -0.990E+02
      0.105E-02      0.248E+01      0.307E+01      0.916E+10     -0.990E+02     -0.990E+02
      0.110E-02      0.248E+01      0.307E+01      0.916E+10     -0.990E+02     -0.990E+02
      0.115E-02      0.248E+01      0.307E+01      0.916E+10     -0.990E+02     -0.990E+02
      0.120E-02      0.248E+01      0.307E+01      0.916E+10     -0.990E+02     -0.990E+02
      0.126E-02      0.248E+01      0.307E+01      0.916E+10     -0.990E+02     -0.990E+02
      0.132E-02      0.248E+01      0.307E+01      0.916E+10     -0.990E+02     -0.990E+02
      0.138E-02      0.248E+01      0.307E+01      0.916E+10     -0.990E+02     -0.990E+02
      0.145E-02      0.248E+01      0.307E+01      0.916E+10     -0.990E+02     -0.990E+02
      0.151E-02      0.248E+01      0.307E+01      0.916E+10     -0.990E+02     -0.990E+02
      0.158E-02      0.248E+01      0.307E+01      0.916E+10     -0.990E+02     -0.990E+02
      0.166E-02      0.248E+01      0.307E+01      0.916E+10     -0.990E+02     -0.990E+02
      0.174E-02      0.248E+01      0.307E+01      0.916E+10     -0.990E+02     -0.990E+02
      0.182E-02      0.248E+01      0.307E+01      0.916E+10     -0.990E+02     -0.990E+02
      0.191E-02      0.248E+01      0.307E+01      0.916E+10     -0.990E+02     -0.990E+02
      0.200E-02      0.248E+01      0.307E+01      0.916E+10     -0.990E+02     -0.990E+02
      0.209E-02      0.248E+01      0.307E+01      0.916E+10     -0.990E+02     -0.990E+02
      0.219E-02      0.248E+01      0.307E+01      0.916E+10     -0.990E+02     -0.990E+02
      0.229E-02      0.248E+01      0.307E+01      0.916E+10     -0.990E+02     -0.990E+02
      0.240E-02      0.248E+01      0.307E+01      0.916E+10     -0.990E+02     -0.990E+02
      0.251E-02      0.248E+01      0.307E+01      0.916E+10     -0.990E+02     -0.990E+02
      0.263E-02      0.248E+01      0.307E+01      0.916E+10     -0.990E+02     -0.990E+02
      0.275E-02      0.248E+01      0.307E+01      0.916E+10     -0.990E+02     -0.990E+02
      0.288E-02      0.248E+01      0.307E+01      0.916E+10     -0.990E+02     -0.990E+02
      0.302E-02      0.248E+01      0.307E+01      0.916E+10     -0.990E+02     -0.990E+02
      0.316E-02      0.248E+01      0.307E+01      0.916E+10     -0.990E+02     -0.990E+02
      0.331E-02      0.248E+01      0.307E+01      0.916E+10     -0.990E+02     -0.990E+02
      0.347E-02      0.248E+01      0.307E+01      0.916E+10     -0.990E+02     -0.990E+02
      0.363E-02      0.248E+01      0.307E+01      0.916E+10     -0.990E+02     -0.990E+02
      0.380E-02      0.248E+01      0.307E+01      0.916E+10     -0.990E+02     -0.990E+02
      0.398E-02      0.248E+01      0.307E+01      0.916E+10     -0.990E+02     -0.990E+02
      0.417E-02      0.248E+01      0.307E+01      0.916E+10     -0.990E+02     -0.990E+02
      0.437E-02      0.248E+01      0.307E+01      0.916E+10     -0.990E+02     -0.990E+02
      0.457E-02      0.248E+01      0.307E+01      0.916E+10     -0.990E+02     -0.990E+02
      0.479E-02      0.248E+01      0.307E+01      0.916E+10     -0.990E+02     -0.990E+02
      0.501E-02      0.248E+01      0.307E+01      0.916E+10     -0.990E+02     -0.990E+02
      0.525E-02      0.248E+01      0.307E+01      0.916E+10     -0.990E+02     -0.990E+02
      0.550E-02      0.248E+01      0.307E+01      0.916E+10     -0.990E+02     -0.990E+02
      0.575E-02      0.248E+01      0.307E+01      0.916E+10     -0.990E+02     -0.990E+02
      0.603E-02      0.248E+01      0.307E+01      0.916E+10     -0.990E+02     -0.990E+02
      0.631E-02      0.248E+01      0.307E+01      0.916E+10     -0.990E+02     -0.990E+02
      0.661E-02      0.248E+01      0.307E+01      0.916E+10     -0.990E+02     -0.990E+02
      0.692E-02      0.248E+01      0.307E+01      0.916E+10     -0.990E+02     -0.990E+02
      0.724E-02      0.248E+01      0.307E+01      0.916E+10     -0.990E+02     -0.990E+02
      0.759E-02      0.248E+01      0.307E+01      0.916E+10     -0.990E+02     -0.990E+02
      0.794E-02      0.248E+01      0.307E+01      0.916E+10     -0.990E+02     -0.990E+02
      0.832E-02      0.248E+01      0.307E+01      0.916E+10     -0.990E+02     -0.990E+02
      0.871E-02      0.248E+01      0.307E+01      0.916E+10     -0.990E+02     -0.990E+02
      0.912E-02      0.248E+01      0.307E+01      0.916E+10     -0.990E+02     -0.990E+02
      0.955E-02      0.248E+01      0.307E+01      0.916E+10     -0.990E+02     -0.990E+02
      0.100E-01      0.248E+01      0.307E+01      0.916E+10     -0.246E+00      0.188E+00
      0.105E-01      0.182E+02      0.713E+01      0.913E+10     -0.246E+00      0.189E+00
      0.110E-01      0.181E+02      0.709E+01      0.912E+10     -0.246E+00      0.188E+00
      0.115E-01      0.181E+02      0.707E+01      0.911E+10     -0.246E+00      0.189E+00
      0.120E-01      0.180E+02      0.705E+01      0.911E+10     -0.246E+00      0.189E+00
      0.126E-01      0.180E+02      0.706E+01      0.910E+10     -0.246E+00      0.189E+00
      0.132E-01      0.181E+02      0.709E+01      0.909E+10     -0.247E+00      0.189E+00
      0.138E-01      0.180E+02      0.706E+01      0.908E+10     -0.247E+00      0.189E+00
      0.144E-01      0.179E+02      0.699E+01      0.907E+10     -0.247E+00      0.189E+00
      0.151E-01      0.179E+02      0.701E+01      0.906E+10     -0.247E+00      0.189E+00
      0.159E-01      0.179E+02      0.702E+01      0.905E+10     -0.247E+00      0.189E+00
      0.166E-01      0.179E+02      0.701E+01      0.904E+10     -0.247E+00      0.189E+00
      0.174E-01      0.179E+02      0.701E+01      0.902E+10     -0.247E+00      0.189E+00
      0.182E-01      0.180E+02      0.703E+01      0.901E+10     -0.247E+00      0.189E+00
      0.191E-01      0.179E+02      0.701E+01      0.900E+10     -0.247E+00      0.189E+00
      0.200E-01      0.178E+02      0.697E+01      0.898E+10     -0.248E+00      0.189E+00
      0.209E-01      0.177E+02      0.694E+01      0.897E+10     -0.247E+00      0.189E+00
      0.219E-01      0.177E+02      0.694E+01      0.896E+10     -0.248E+00      0.189E+00
      0.229E-01      0.177E+02      0.694E+01      0.894E+10     -0.248E+00      0.189E+00
      0.240E-01      0.177E+02      0.692E+01      0.893E+10     -0.248E+00      0.189E+00
      0.251E-01      0.177E+02      0.693E+01      0.891E+10     -0.248E+00      0.190E+00
      0.263E-01      0.176E+02      0.691E+01      0.889E+10     -0.248E+00      0.190E+00
      0.275E-01      0.176E+02      0.688E+01      0.887E+10     -0.248E+00      0.190E+00
      0.290E-01      0.175E+02      0.687E+01      0.885E+10     -0.249E+00      0.190E+00
      0.300E-01      0.175E+02      0.686E+01      0.884E+10     -0.249E+00      0.190E+00
      0.310E-01      0.175E+02      0.685E+01      0.882E+10     -0.249E+00      0.190E+00
      0.320E-01      0.175E+02      0.684E+01      0.881E+10     -0.249E+00      0.190E+00
      0.330E-01      0.174E+02      0.684E+01      0.879E+10     -0.249E+00      0.190E+00
      0.340E-01      0.174E+02      0.682E+01      0.878E+10     -0.249E+00      0.190E+00
      0.350E-01      0.174E+02      0.681E+01      0.877E+10     -0.249E+00      0.190E+00
      0.360E-01      0.173E+02      0.681E+01      0.875E+10     -0.250E+00      0.191E+00
      0.370E-01      0.173E+02      0.680E+01      0.874E+10     -0.250E+00      0.191E+00
      0.380E-01      0.173E+02      0.678E+01      0.872E+10     -0.250E+00      0.191E+00
      0.390E-01      0.172E+02      0.677E+01      0.871E+10     -0.250E+00      0.191E+00
      0.400E-01      0.172E+02      0.676E+01      0.869E+10     -0.250E+00      0.191E+00
      0.425E-01      0.171E+02      0.674E+01      0.867E+10     -0.251E+00      0.192E+00
      0.450E-01      0.170E+02      0.672E+01      0.864E+10     -0.251E+00      0.192E+00
      0.475E-01      0.170E+02      0.670E+01      0.860E+10     -0.251E+00      0.192E+00
      0.500E-01      0.169E+02      0.667E+01      0.857E+10     -0.252E+00      0.193E+00
      0.525E-01      0.168E+02      0.664E+01      0.853E+10     -0.252E+00      0.193E+00
      0.550E-01      0.167E+02      0.660E+01      0.850E+10     -0.252E+00      0.192E+00
      0.571E-01      0.166E+02      0.657E+01      0.847E+10     -0.252E+00      0.192E+00
      0.640E-01      0.164E+02      0.647E+01      0.841E+10     -0.253E+00      0.192E+00
      0.719E-01      0.161E+02      0.637E+01      0.832E+10     -0.253E+00      0.191E+00
      0.806E-01      0.158E+02      0.625E+01      0.821E+10     -0.254E+00      0.191E+00
      0.905E-01      0.154E+02      0.614E+01      0.810E+10     -0.255E+00      0.191E+00
      0.102E+00      0.150E+02      0.602E+01      0.797E+10     -0.256E+00      0.190E+00
      0.114E+00      0.146E+02      0.590E+01      0.784E+10     -0.257E+00      0.191E+00
      0.128E+00      0.141E+02      0.578E+01      0.769E+10     -0.258E+00      0.192E+00
      0.143E+00      0.135E+02      0.569E+01      0.754E+10     -0.260E+00      0.194E+00
      0.161E+00      0.129E+02      0.561E+01      0.737E+10     -0.262E+00      0.198E+00
      0.181E+00      0.122E+02      0.557E+01      0.719E+10     -0.265E+00      0.205E+00
      0.203E+00      0.115E+02      0.552E+01      0.700E+10     -0.266E+00      0.214E+00
      0.227E+00      0.108E+02      0.538E+01      0.681E+10     -0.265E+00      0.223E+00
      0.255E+00      0.101E+02      0.529E+01      0.660E+10     -0.265E+00      0.238E+00
      0.286E+00      0.984E+01      0.520E+01      0.639E+10     -0.275E+00      0.248E+00
      0.321E+00      0.968E+01      0.517E+01      0.616E+10     -0.287E+00      0.264E+00
      0.360E+00      0.955E+01      0.523E+01      0.591E+10     -0.301E+00      0.288E+00
      0.404E+00      0.941E+01      0.538E+01      0.563E+10     -0.318E+00      0.320E+00
      0.453E+00      0.914E+01      0.534E+01      0.532E+10     -0.332E+00      0.336E+00
      0.509E+00      0.866E+01      0.479E+01      0.499E+10     -0.340E+00      0.318E+00
      0.571E+00      0.782E+01      0.409E+01      0.464E+10     -0.334E+00      0.291E+00
      0.641E+00      0.678E+01      0.323E+01      0.429E+10     -0.319E+00      0.250E+00
      0.719E+00      0.601E+01      0.269E+01      0.396E+10     -0.312E+00      0.223E+00
      0.806E+00      0.614E+01      0.256E+01      0.362E+10     -0.320E+00      0.218E+00
      0.905E+00      0.684E+01      0.276E+01      0.324E+10     -0.333E+00      0.230E+00
      0.102E+01      0.677E+01      0.290E+01      0.277E+10     -0.321E+00      0.224E+00
      0.114E+01      0.571E+01      0.255E+01      0.225E+10     -0.335E+00      0.228E+00
      0.128E+01      0.476E+01      0.231E+01      0.177E+10     -0.370E+00      0.258E+00
      0.143E+01      0.422E+01      0.231E+01      0.131E+10     -0.394E+00      0.338E+00
      0.161E+01      0.343E+01      0.204E+01      0.871E+09     -0.346E+00      0.329E+00
      0.168E+01      0.300E+01      0.191E+01      0.605E+09     -0.305E+00      0.292E+00
      0.170E+01      0.288E+01      0.191E+01      0.519E+09     -0.293E+00      0.288E+00
      0.180E+01      0.232E+01      0.169E+01      0.410E+09     -0.267E+00      0.290E+00
      0.190E+01      0.171E+01      0.119E+01      0.265E+09     -0.295E+00      0.310E+00
      0.200E+01      0.105E+01      0.850E+00      0.158E+09     -0.373E+00      0.433E+00
      0.210E+01      0.709E+00      0.621E+00      0.930E+08     -0.403E+00      0.501E+00
      0.220E+01      0.377E+00      0.450E+00      0.494E+08     -0.447E+00      0.695E+00
      0.230E+01      0.171E+00      0.371E+00      0.263E+08     -0.361E+00      0.985E+00
      0.240E+01      0.881E-01      0.328E+00      0.159E+08     -0.258E+00      0.123E+01
      0.250E+01      0.456E-01      0.303E+00      0.105E+08     -0.911E-01      0.128E+01
      0.260E+01      0.390E-01      0.259E+00      0.771E+07     -0.960E-01      0.135E+01
      0.275E+01      0.276E-01      0.191E+00      0.473E+07     -0.123E+00      0.147E+01
      0.300E+01      0.789E-02      0.695E-01      0.138E+07     -0.280E+00      0.318E+01
      0.325E+01      0.121E-02      0.237E-01      0.200E+06     -0.253E+00      0.559E+01
      0.350E+01      0.124E-03      0.433E-02      0.185E+05     -0.850E-01      0.488E+01
      0.375E+01      0.252E-06      0.975E-05      0.365E+02     -0.121E+01      0.664E+02
      0.400E+01      0.000E+00      0.000E+00      0.000E+00     -0.990E+02     -0.990E+02
      0.425E+01      0.000E+00      0.000E+00      0.000E+00     -0.990E+02     -0.990E+02
      0.450E+01      0.000E+00      0.000E+00      0.000E+00     -0.990E+02     -0.990E+02
      0.475E+01      0.000E+00      0.000E+00      0.000E+00     -0.990E+02     -0.990E+02
      0.500E+01      0.000E+00      0.000E+00      0.000E+00     -0.990E+02     -0.990E+02
      0.525E+01      0.000E+00      0.000E+00      0.000E+00     -0.990E+02     -0.990E+02
      0.550E+01      0.000E+00      0.000E+00      0.000E+00     -0.990E+02     -0.990E+02
      0.575E+01      0.000E+00      0.000E+00      0.000E+00     -0.990E+02     -0.990E+02
      0.600E+01      0.000E+00      0.000E+00      0.000E+00     -0.990E+02     -0.990E+02
      0.625E+01      0.000E+00      0.000E+00      0.000E+00     -0.990E+02     -0.990E+02
      0.650E+01      0.000E+00      0.000E+00      0.000E+00     -0.990E+02     -0.990E+02
      0.675E+01      0.000E+00      0.000E+00      0.000E+00     -0.990E+02     -0.990E+02
      0.700E+01      0.000E+00      0.000E+00      0.000E+00     -0.990E+02     -0.990E+02
      0.725E+01      0.000E+00      0.000E+00      0.000E+00     -0.990E+02     -0.990E+02
      0.750E+01      0.000E+00      0.000E+00      0.000E+00     -0.990E+02     -0.990E+02
      0.775E+01      0.000E+00      0.000E+00      0.000E+00     -0.990E+02     -0.990E+02
      0.800E+01      0.000E+00      0.000E+00      0.000E+00     -0.990E+02     -0.990E+02
      0.825E+01      0.000E+00      0.000E+00      0.000E+00     -0.990E+02     -0.990E+02
      0.850E+01      0.000E+00      0.000E+00      0.000E+00     -0.990E+02     -0.990E+02
      0.875E+01      0.000E+00      0.000E+00      0.000E+00     -0.990E+02     -0.990E+02
      0.900E+01      0.000E+00      0.000E+00      0.000E+00     -0.990E+02     -0.990E+02
      0.925E+01      0.000E+00      0.000E+00      0.000E+00     -0.990E+02     -0.990E+02
      0.950E+01      0.000E+00      0.000E+00      0.000E+00     -0.990E+02     -0.990E+02
      0.975E+01      0.000E+00      0.000E+00      0.000E+00     -0.990E+02     -0.990E+02
      0.100E+02      0.000E+00      0.000E+00      0.000E+00     -0.990E+02     -0.990E+02
      0.102E+02      0.000E+00      0.000E+00      0.000E+00     -0.990E+02     -0.990E+02
      0.105E+02      0.000E+00      0.000E+00      0.000E+00     -0.990E+02     -0.990E+02
      0.108E+02      0.000E+00      0.000E+00      0.000E+00     -0.990E+02     -0.990E+02
      0.110E+02      0.000E+00      0.000E+00      0.000E+00     -0.990E+02     -0.990E+02
      0.112E+02      0.000E+00      0.000E+00      0.000E+00     -0.990E+02     -0.990E+02
      0.115E+02      0.000E+00      0.000E+00      0.000E+00     -0.990E+02     -0.990E+02
      0.118E+02      0.000E+00      0.000E+00      0.000E+00     -0.990E+02     -0.990E+02
      0.120E+02      0.000E+00      0.000E+00      0.000E+00     -0.990E+02     -0.990E+02
      0.122E+02      0.000E+00      0.000E+00      0.000E+00     -0.990E+02     -0.990E+02
      0.125E+02      0.000E+00      0.000E+00      0.000E+00     -0.990E+02     -0.990E+02
      0.128E+02      0.000E+00      0.000E+00      0.000E+00     -0.990E+02     -0.990E+02
      0.130E+02      0.000E+00      0.000E+00      0.000E+00     -0.990E+02     -0.990E+02
      0.132E+02      0.000E+00      0.000E+00      0.000E+00     -0.990E+02     -0.990E+02
      0.135E+02      0.000E+00      0.000E+00      0.000E+00     -0.990E+02     -0.990E+02
      0.138E+02      0.000E+00      0.000E+00      0.000E+00     -0.990E+02     -0.990E+02
      0.140E+02      0.000E+00      0.000E+00      0.000E+00     -0.990E+02     -0.990E+02
      0.142E+02      0.000E+00      0.000E+00      0.000E+00     -0.990E+02     -0.990E+02
      0.145E+02      0.000E+00      0.000E+00      0.000E+00     -0.990E+02     -0.990E+02
      0.148E+02      0.000E+00      0.000E+00      0.000E+00     -0.990E+02     -0.990E+02
      0.150E+02      0.000E+00      0.000E+00      0.000E+00     -0.990E+02     -0.990E+02
      0.152E+02      0.000E+00      0.000E+00      0.000E+00     -0.990E+02     -0.990E+02
      0.155E+02      0.000E+00      0.000E+00      0.000E+00     -0.990E+02     -0.990E+02
      0.158E+02      0.000E+00      0.000E+00      0.000E+00     -0.990E+02     -0.990E+02
      0.160E+02      0.000E+00      0.000E+00      0.000E+00     -0.990E+02     -0.990E+02
      0.162E+02      0.000E+00      0.000E+00      0.000E+00     -0.990E+02     -0.990E+02
      0.165E+02      0.000E+00      0.000E+00      0.000E+00     -0.990E+02     -0.990E+02
      0.168E+02      0.000E+00      0.000E+00      0.000E+00     -0.990E+02     -0.990E+02
      0.170E+02      0.000E+00      0.000E+00      0.000E+00     -0.990E+02     -0.990E+02
      0.172E+02      0.000E+00      0.000E+00      0.000E+00     -0.990E+02     -0.990E+02
      0.175E+02      0.000E+00      0.000E+00      0.000E+00     -0.990E+02     -0.990E+02
      0.178E+02      0.000E+00      0.000E+00      0.000E+00     -0.990E+02     -0.990E+02
      0.180E+02      0.000E+00      0.000E+00      0.000E+00     -0.990E+02     -0.990E+02
      0.182E+02      0.000E+00      0.000E+00      0.000E+00     -0.990E+02     -0.990E+02
      0.185E+02      0.000E+00      0.000E+00      0.000E+00     -0.990E+02     -0.990E+02
      0.188E+02      0.000E+00      0.000E+00      0.000E+00     -0.990E+02     -0.990E+02
      0.190E+02      0.000E+00      0.000E+00      0.000E+00     -0.990E+02     -0.990E+02
      0.192E+02      0.000E+00      0.000E+00      0.000E+00     -0.990E+02     -0.990E+02
      0.195E+02      0.000E+00      0.000E+00      0.000E+00     -0.990E+02     -0.990E+02
      0.198E+02      0.000E+00      0.000E+00      0.000E+00     -0.990E+02     -0.990E+02
      0.200E+02      0.000E+00      0.000E+00      0.000E+00     -0.990E+02     -0.990E+02
