      0.000E+00      0.590E+02      0.117E+02      0.158E+11     -0.990E+02     -0.990E+02
      0.100E-03      0.590E+02      0.117E+02      0.158E+11     -0.990E+02     -0.990E+02
      0.140E-03      0.590E+02      0.117E+02      0.158E+11     -0.990E+02     -0.990E+02
      0.160E-03      0.590E+02      0.117E+02      0.158E+11     -0.990E+02     -0.990E+02
      0.180E-03      0.590E+02      0.117E+02      0.158E+11     -0.990E+02     -0.990E+02
      0.200E-03      0.590E+02      0.117E+02      0.158E+11     -0.990E+02     -0.990E+02
      0.220E-03      0.590E+02      0.117E+02      0.158E+11     -0.990E+02     -0.990E+02
      0.250E-03      0.590E+02      0.117E+02      0.158E+11     -0.990E+02     -0.990E+02
      0.280E-03      0.590E+02      0.117E+02      0.158E+11     -0.990E+02     -0.990E+02
      0.320E-03      0.590E+02      0.117E+02      0.158E+11     -0.990E+02     -0.990E+02
      0.350E-03      0.590E+02      0.117E+02      0.158E+11     -0.990E+02     -0.990E+02
      0.400E-03      0.590E+02      0.117E+02      0.158E+11     -0.990E+02     -0.990E+02
      0.450E-03      0.590E+02      0.117E+02      0.158E+11     -0.990E+02     -0.990E+02
      0.500E-03      0.590E+02      0.117E+02      0.158E+11     -0.990E+02     -0.990E+02
      0.560E-03      0.590E+02      0.117E+02      0.158E+11     -0.990E+02     -0.990E+02
      0.630E-03      0.590E+02      0.117E+02      0.158E+11     -0.990E+02     -0.990E+02
      0.710E-03      0.590E+02      0.117E+02      0.158E+11     -0.990E+02     -0.990E+02
      0.790E-03      0.590E+02      0.117E+02      0.158E+11     -0.990E+02     -0.990E+02
      0.890E-03      0.590E+02      0.117E+02      0.158E+11     -0.990E+02     -0.990E+02
      0.100E-02      0.590E+02      0.117E+02      0.158E+11     -0.990E+02     -0.990E+02
      0.105E-02      0.590E+02      0.117E+02      0.158E+11     -0.990E+02     -0.990E+02
      0.110E-02      0.590E+02      0.117E+02      0.158E+11     -0.990E+02     -0.990E+02
      0.115E-02      0.590E+02      0.117E+02      0.158E+11     -0.990E+02     -0.990E+02
      0.120E-02      0.590E+02      0.117E+02      0.158E+11     -0.990E+02     -0.990E+02
      0.126E-02      0.590E+02      0.117E+02      0.158E+11     -0.990E+02     -0.990E+02
      0.132E-02      0.590E+02      0.117E+02      0.158E+11     -0.990E+02     -0.990E+02
      0.138E-02      0.590E+02      0.117E+02      0.158E+11     -0.990E+02     -0.990E+02
      0.145E-02      0.590E+02      0.117E+02      0.158E+11     -0.990E+02     -0.990E+02
      0.151E-02      0.590E+02      0.117E+02      0.158E+11     -0.990E+02     -0.990E+02
      0.158E-02      0.590E+02      0.117E+02      0.158E+11     -0.990E+02     -0.990E+02
      0.166E-02      0.590E+02      0.117E+02      0.158E+11     -0.990E+02     -0.990E+02
      0.174E-02      0.590E+02      0.117E+02      0.158E+11     -0.990E+02     -0.990E+02
      0.182E-02      0.590E+02      0.117E+02      0.158E+11     -0.990E+02     -0.990E+02
      0.191E-02      0.590E+02      0.117E+02      0.158E+11     -0.990E+02     -0.990E+02
      0.200E-02      0.590E+02      0.117E+02      0.158E+11     -0.990E+02     -0.990E+02
      0.209E-02      0.590E+02      0.117E+02      0.158E+11     -0.990E+02     -0.990E+02
      0.219E-02      0.590E+02      0.117E+02      0.158E+11     -0.990E+02     -0.990E+02
      0.229E-02      0.590E+02      0.117E+02      0.158E+11     -0.990E+02     -0.990E+02
      0.240E-02      0.590E+02      0.117E+02      0.158E+11     -0.990E+02     -0.990E+02
      0.251E-02      0.590E+02      0.117E+02      0.158E+11     -0.990E+02     -0.990E+02
      0.263E-02      0.590E+02      0.117E+02      0.158E+11     -0.990E+02     -0.990E+02
      0.275E-02      0.590E+02      0.117E+02      0.158E+11     -0.990E+02     -0.990E+02
      0.288E-02      0.590E+02      0.117E+02      0.158E+11     -0.990E+02     -0.990E+02
      0.302E-02      0.590E+02      0.117E+02      0.158E+11     -0.990E+02     -0.990E+02
      0.316E-02      0.590E+02      0.117E+02      0.158E+11     -0.990E+02     -0.990E+02
      0.331E-02      0.590E+02      0.117E+02      0.158E+11     -0.990E+02     -0.990E+02
      0.347E-02      0.590E+02      0.117E+02      0.158E+11     -0.990E+02     -0.990E+02
      0.363E-02      0.590E+02      0.117E+02      0.158E+11     -0.990E+02     -0.990E+02
      0.380E-02      0.590E+02      0.117E+02      0.158E+11     -0.990E+02     -0.990E+02
      0.398E-02      0.590E+02      0.117E+02      0.158E+11     -0.990E+02     -0.990E+02
      0.417E-02      0.590E+02      0.117E+02      0.158E+11     -0.990E+02     -0.990E+02
      0.437E-02      0.590E+02      0.117E+02      0.158E+11     -0.990E+02     -0.990E+02
      0.457E-02      0.590E+02      0.117E+02      0.158E+11     -0.990E+02     -0.990E+02
      0.479E-02      0.590E+02      0.117E+02      0.158E+11     -0.990E+02     -0.990E+02
      0.501E-02      0.590E+02      0.117E+02      0.158E+11     -0.990E+02     -0.990E+02
      0.525E-02      0.590E+02      0.117E+02      0.158E+11     -0.990E+02     -0.990E+02
      0.550E-02      0.590E+02      0.117E+02      0.158E+11     -0.990E+02     -0.990E+02
      0.575E-02      0.590E+02      0.117E+02      0.158E+11     -0.990E+02     -0.990E+02
      0.603E-02      0.590E+02      0.117E+02      0.158E+11     -0.990E+02     -0.990E+02
      0.631E-02      0.590E+02      0.117E+02      0.158E+11     -0.990E+02     -0.990E+02
      0.661E-02      0.590E+02      0.117E+02      0.158E+11     -0.990E+02     -0.990E+02
      0.692E-02      0.590E+02      0.117E+02      0.158E+11     -0.990E+02     -0.990E+02
      0.724E-02      0.590E+02      0.117E+02      0.158E+11     -0.990E+02     -0.990E+02
      0.759E-02      0.590E+02      0.117E+02      0.158E+11     -0.990E+02     -0.990E+02
      0.794E-02      0.590E+02      0.117E+02      0.158E+11     -0.990E+02     -0.990E+02
      0.832E-02      0.590E+02      0.117E+02      0.158E+11     -0.990E+02     -0.990E+02
      0.871E-02      0.590E+02      0.117E+02      0.158E+11     -0.990E+02     -0.990E+02
      0.912E-02      0.590E+02      0.117E+02      0.158E+11     -0.990E+02     -0.990E+02
      0.955E-02      0.590E+02      0.117E+02      0.158E+11     -0.990E+02     -0.990E+02
      0.100E-01      0.590E+02      0.117E+02      0.158E+11     -0.942E+00      0.694E+00
      0.105E-01      0.733E+02      0.333E+02      0.152E+11     -0.942E+00      0.693E+00
      0.110E-01      0.730E+02      0.331E+02      0.152E+11     -0.942E+00      0.692E+00
      0.115E-01      0.728E+02      0.330E+02      0.151E+11     -0.941E+00      0.690E+00
      0.120E-01      0.726E+02      0.328E+02      0.151E+11     -0.941E+00      0.690E+00
      0.126E-01      0.727E+02      0.328E+02      0.151E+11     -0.942E+00      0.689E+00
      0.132E-01      0.730E+02      0.329E+02      0.150E+11     -0.943E+00      0.688E+00
      0.138E-01      0.727E+02      0.327E+02      0.150E+11     -0.944E+00      0.688E+00
      0.144E-01      0.721E+02      0.324E+02      0.149E+11     -0.946E+00      0.687E+00
      0.151E-01      0.722E+02      0.323E+02      0.149E+11     -0.947E+00      0.686E+00
      0.159E-01      0.724E+02      0.323E+02      0.149E+11     -0.948E+00      0.686E+00
      0.166E-01      0.722E+02      0.322E+02      0.148E+11     -0.950E+00      0.685E+00
      0.174E-01      0.722E+02      0.321E+02      0.148E+11     -0.951E+00      0.684E+00
      0.182E-01      0.723E+02      0.321E+02      0.147E+11     -0.953E+00      0.683E+00
      0.191E-01      0.722E+02      0.319E+02      0.147E+11     -0.954E+00      0.682E+00
      0.200E-01      0.717E+02      0.316E+02      0.146E+11     -0.956E+00      0.681E+00
      0.209E-01      0.715E+02      0.314E+02      0.146E+11     -0.958E+00      0.680E+00
      0.219E-01      0.714E+02      0.313E+02      0.145E+11     -0.960E+00      0.679E+00
      0.229E-01      0.714E+02      0.312E+02      0.144E+11     -0.962E+00      0.678E+00
      0.240E-01      0.712E+02      0.310E+02      0.144E+11     -0.964E+00      0.677E+00
      0.251E-01      0.713E+02      0.309E+02      0.143E+11     -0.966E+00      0.676E+00
      0.263E-01      0.710E+02      0.307E+02      0.142E+11     -0.969E+00      0.675E+00
      0.275E-01      0.707E+02      0.304E+02      0.142E+11     -0.971E+00      0.673E+00
      0.290E-01      0.705E+02      0.302E+02      0.141E+11     -0.974E+00      0.672E+00
      0.300E-01      0.705E+02      0.301E+02      0.140E+11     -0.976E+00      0.671E+00
      0.310E-01      0.703E+02      0.299E+02      0.140E+11     -0.978E+00      0.670E+00
      0.320E-01      0.702E+02      0.298E+02      0.139E+11     -0.980E+00      0.669E+00
      0.330E-01      0.700E+02      0.296E+02      0.138E+11     -0.982E+00      0.668E+00
      0.340E-01      0.699E+02      0.295E+02      0.138E+11     -0.984E+00      0.668E+00
      0.350E-01      0.698E+02      0.293E+02      0.137E+11     -0.986E+00      0.667E+00
      0.360E-01      0.696E+02      0.292E+02      0.137E+11     -0.988E+00      0.666E+00
      0.370E-01      0.695E+02      0.290E+02      0.136E+11     -0.990E+00      0.665E+00
      0.380E-01      0.694E+02      0.289E+02      0.136E+11     -0.993E+00      0.664E+00
      0.390E-01      0.692E+02      0.287E+02      0.135E+11     -0.994E+00      0.663E+00
      0.400E-01      0.691E+02      0.286E+02      0.135E+11     -0.997E+00      0.662E+00
      0.425E-01      0.688E+02      0.282E+02      0.134E+11     -0.100E+01      0.659E+00
      0.450E-01      0.684E+02      0.278E+02      0.132E+11     -0.101E+01      0.658E+00
      0.475E-01      0.680E+02      0.275E+02      0.131E+11     -0.101E+01      0.656E+00
      0.500E-01      0.678E+02      0.271E+02      0.129E+11     -0.102E+01      0.654E+00
      0.525E-01      0.673E+02      0.268E+02      0.128E+11     -0.102E+01      0.653E+00
      0.550E-01      0.670E+02      0.264E+02      0.127E+11     -0.103E+01      0.652E+00
      0.571E-01      0.667E+02      0.262E+02      0.126E+11     -0.103E+01      0.650E+00
      0.640E-01      0.659E+02      0.254E+02      0.123E+11     -0.105E+01      0.649E+00
      0.719E-01      0.649E+02      0.245E+02      0.119E+11     -0.107E+01      0.649E+00
      0.806E-01      0.639E+02      0.236E+02      0.115E+11     -0.109E+01      0.648E+00
      0.905E-01      0.627E+02      0.226E+02      0.111E+11     -0.111E+01      0.648E+00
      0.102E+00      0.614E+02      0.215E+02      0.106E+11     -0.114E+01      0.649E+00
      0.114E+00      0.598E+02      0.204E+02      0.100E+11     -0.117E+01      0.641E+00
      0.128E+00      0.584E+02      0.191E+02      0.942E+10     -0.121E+01      0.628E+00
      0.143E+00      0.568E+02      0.178E+02      0.877E+10     -0.124E+01      0.614E+00
      0.161E+00      0.549E+02      0.163E+02      0.807E+10     -0.129E+01      0.595E+00
      0.181E+00      0.527E+02      0.148E+02      0.732E+10     -0.135E+01      0.574E+00
      0.203E+00      0.502E+02      0.132E+02      0.652E+10     -0.142E+01      0.558E+00
      0.227E+00      0.474E+02      0.119E+02      0.568E+10     -0.151E+01      0.556E+00
      0.255E+00      0.442E+02      0.110E+02      0.479E+10     -0.162E+01      0.587E+00
      0.286E+00      0.390E+02      0.986E+01      0.386E+10     -0.168E+01      0.621E+00
      0.321E+00      0.329E+02      0.842E+01      0.296E+10     -0.173E+01      0.665E+00
      0.360E+00      0.264E+02      0.702E+01      0.211E+10     -0.178E+01      0.726E+00
      0.404E+00      0.196E+02      0.570E+01      0.135E+10     -0.184E+01      0.826E+00
      0.453E+00      0.122E+02      0.424E+01      0.719E+09     -0.189E+01      0.102E+01
      0.509E+00      0.419E+01      0.336E+01      0.283E+09     -0.207E+01      0.241E+01
      0.571E+00      0.187E+01      0.204E+01      0.116E+09     -0.199E+01      0.308E+01
      0.641E+00      0.367E+00      0.110E+01      0.332E+08     -0.154E+01      0.663E+01
      0.719E+00      0.139E+00      0.684E+00      0.151E+08     -0.100E+01      0.620E+01
      0.806E+00      0.660E-01      0.461E+00      0.740E+07     -0.681E+00      0.696E+01
      0.905E+00      0.335E-01      0.259E+00      0.334E+07     -0.757E+00      0.819E+01
      0.102E+01      0.112E-01      0.130E+00      0.104E+07     -0.700E+00      0.104E+02
      0.114E+01      0.215E-02      0.347E-01      0.188E+06     -0.540E+00      0.112E+02
      0.128E+01      0.606E-04      0.492E-02      0.579E+04     -0.347E+00      0.357E+02
      0.143E+01      0.284E-06      0.353E-04      0.297E+02     -0.150E+01      0.272E+03
      0.161E+01      0.000E+00      0.167E-23      0.000E+00     -0.420E+01            NaN
      0.168E+01      0.000E+00      0.349E-27      0.000E+00     -0.400E+01            NaN
      0.170E+01      0.000E+00      0.302E-27      0.000E+00     -0.450E+01            NaN
      0.180E+01      0.000E+00      0.911E-28      0.000E+00     -0.500E+01            NaN
      0.190E+01      0.000E+00      0.000E+00      0.000E+00     -0.990E+02     -0.990E+02
      0.200E+01      0.000E+00      0.000E+00      0.000E+00     -0.990E+02     -0.990E+02
      0.210E+01      0.000E+00      0.000E+00      0.000E+00     -0.990E+02     -0.990E+02
      0.220E+01      0.000E+00      0.000E+00      0.000E+00     -0.990E+02     -0.990E+02
      0.230E+01      0.000E+00      0.000E+00      0.000E+00     -0.990E+02     -0.990E+02
      0.240E+01      0.000E+00      0.000E+00      0.000E+00     -0.990E+02     -0.990E+02
      0.250E+01      0.000E+00      0.000E+00      0.000E+00     -0.990E+02     -0.990E+02
      0.260E+01      0.000E+00      0.000E+00      0.000E+00     -0.990E+02     -0.990E+02
      0.275E+01      0.000E+00      0.000E+00      0.000E+00     -0.990E+02     -0.990E+02
      0.300E+01      0.000E+00      0.000E+00      0.000E+00     -0.990E+02     -0.990E+02
      0.325E+01      0.000E+00      0.000E+00      0.000E+00     -0.990E+02     -0.990E+02
      0.350E+01      0.000E+00      0.000E+00      0.000E+00     -0.990E+02     -0.990E+02
      0.375E+01      0.000E+00      0.000E+00      0.000E+00     -0.990E+02     -0.990E+02
      0.400E+01      0.000E+00      0.000E+00      0.000E+00     -0.990E+02     -0.990E+02
      0.425E+01      0.000E+00      0.000E+00      0.000E+00     -0.990E+02     -0.990E+02
      0.450E+01      0.000E+00      0.000E+00      0.000E+00     -0.990E+02     -0.990E+02
      0.475E+01      0.000E+00      0.000E+00      0.000E+00     -0.990E+02     -0.990E+02
      0.500E+01      0.000E+00      0.000E+00      0.000E+00     -0.990E+02     -0.990E+02
      0.525E+01      0.000E+00      0.000E+00      0.000E+00     -0.990E+02     -0.990E+02
      0.550E+01      0.000E+00      0.000E+00      0.000E+00     -0.990E+02     -0.990E+02
      0.575E+01      0.000E+00      0.000E+00      0.000E+00     -0.990E+02     -0.990E+02
      0.600E+01      0.000E+00      0.000E+00      0.000E+00     -0.990E+02     -0.990E+02
      0.625E+01      0.000E+00      0.000E+00      0.000E+00     -0.990E+02     -0.990E+02
      0.650E+01      0.000E+00      0.000E+00      0.000E+00     -0.990E+02     -0.990E+02
      0.675E+01      0.000E+00      0.000E+00      0.000E+00     -0.990E+02     -0.990E+02
      0.700E+01      0.000E+00      0.000E+00      0.000E+00     -0.990E+02     -0.990E+02
      0.725E+01      0.000E+00      0.000E+00      0.000E+00     -0.990E+02     -0.990E+02
      0.750E+01      0.000E+00      0.000E+00      0.000E+00     -0.990E+02     -0.990E+02
      0.775E+01      0.000E+00      0.000E+00      0.000E+00     -0.990E+02     -0.990E+02
      0.800E+01      0.000E+00      0.000E+00      0.000E+00     -0.990E+02     -0.990E+02
      0.825E+01      0.000E+00      0.000E+00      0.000E+00     -0.990E+02     -0.990E+02
      0.850E+01      0.000E+00      0.000E+00      0.000E+00     -0.990E+02     -0.990E+02
      0.875E+01      0.000E+00      0.000E+00      0.000E+00     -0.990E+02     -0.990E+02
      0.900E+01      0.000E+00      0.000E+00      0.000E+00     -0.990E+02     -0.990E+02
      0.925E+01      0.000E+00      0.000E+00      0.000E+00     -0.990E+02     -0.990E+02
      0.950E+01      0.000E+00      0.000E+00      0.000E+00     -0.990E+02     -0.990E+02
      0.975E+01      0.000E+00      0.000E+00      0.000E+00     -0.990E+02     -0.990E+02
      0.100E+02      0.000E+00      0.000E+00      0.000E+00     -0.990E+02     -0.990E+02
      0.102E+02      0.000E+00      0.000E+00      0.000E+00     -0.990E+02     -0.990E+02
      0.105E+02      0.000E+00      0.000E+00      0.000E+00     -0.990E+02     -0.990E+02
      0.108E+02      0.000E+00      0.000E+00      0.000E+00     -0.990E+02     -0.990E+02
      0.110E+02      0.000E+00      0.000E+00      0.000E+00     -0.990E+02     -0.990E+02
      0.112E+02      0.000E+00      0.000E+00      0.000E+00     -0.990E+02     -0.990E+02
      0.115E+02      0.000E+00      0.000E+00      0.000E+00     -0.990E+02     -0.990E+02
      0.118E+02      0.000E+00      0.000E+00      0.000E+00     -0.990E+02     -0.990E+02
      0.120E+02      0.000E+00      0.000E+00      0.000E+00     -0.990E+02     -0.990E+02
      0.122E+02      0.000E+00      0.000E+00      0.000E+00     -0.990E+02     -0.990E+02
      0.125E+02      0.000E+00      0.000E+00      0.000E+00     -0.990E+02     -0.990E+02
      0.128E+02      0.000E+00      0.000E+00      0.000E+00     -0.990E+02     -0.990E+02
      0.130E+02      0.000E+00      0.000E+00      0.000E+00     -0.990E+02     -0.990E+02
      0.132E+02      0.000E+00      0.000E+00      0.000E+00     -0.990E+02     -0.990E+02
      0.135E+02      0.000E+00      0.000E+00      0.000E+00     -0.990E+02     -0.990E+02
      0.138E+02      0.000E+00      0.000E+00      0.000E+00     -0.990E+02     -0.990E+02
      0.140E+02      0.000E+00      0.000E+00      0.000E+00     -0.990E+02     -0.990E+02
      0.142E+02      0.000E+00      0.000E+00      0.000E+00     -0.990E+02     -0.990E+02
      0.145E+02      0.000E+00      0.000E+00      0.000E+00     -0.990E+02     -0.990E+02
      0.148E+02      0.000E+00      0.000E+00      0.000E+00     -0.990E+02     -0.990E+02
      0.150E+02      0.000E+00      0.000E+00      0.000E+00     -0.990E+02     -0.990E+02
      0.152E+02      0.000E+00      0.000E+00      0.000E+00     -0.990E+02     -0.990E+02
      0.155E+02      0.000E+00      0.000E+00      0.000E+00     -0.990E+02     -0.990E+02
      0.158E+02      0.000E+00      0.000E+00      0.000E+00     -0.990E+02     -0.990E+02
      0.160E+02      0.000E+00      0.000E+00      0.000E+00     -0.990E+02     -0.990E+02
      0.162E+02      0.000E+00      0.000E+00      0.000E+00     -0.990E+02     -0.990E+02
      0.165E+02      0.000E+00      0.000E+00      0.000E+00     -0.990E+02     -0.990E+02
      0.168E+02      0.000E+00      0.000E+00      0.000E+00     -0.990E+02     -0.990E+02
      0.170E+02      0.000E+00      0.000E+00      0.000E+00     -0.990E+02     -0.990E+02
      0.172E+02      0.000E+00      0.000E+00      0.000E+00     -0.990E+02     -0.990E+02
      0.175E+02      0.000E+00      0.000E+00      0.000E+00     -0.990E+02     -0.990E+02
      0.178E+02      0.000E+00      0.000E+00      0.000E+00     -0.990E+02     -0.990E+02
      0.180E+02      0.000E+00      0.000E+00      0.000E+00     -0.990E+02     -0.990E+02
      0.182E+02      0.000E+00      0.000E+00      0.000E+00     -0.990E+02     -0.990E+02
      0.185E+02      0.000E+00      0.000E+00      0.000E+00     -0.990E+02     -0.990E+02
      0.188E+02      0.000E+00      0.000E+00      0.000E+00     -0.990E+02     -0.990E+02
      0.190E+02      0.000E+00      0.000E+00      0.000E+00     -0.990E+02     -0.990E+02
      0.192E+02      0.000E+00      0.000E+00      0.000E+00     -0.990E+02     -0.990E+02
      0.195E+02      0.000E+00      0.000E+00      0.000E+00     -0.990E+02     -0.990E+02
      0.198E+02      0.000E+00      0.000E+00      0.000E+00     -0.990E+02     -0.990E+02
      0.200E+02      0.000E+00      0.000E+00      0.000E+00     -0.990E+02     -0.990E+02
