      0.000E+00      0.291E+01      0.287E+01      0.803E+11     -0.990E+02     -0.990E+02
      0.100E-03      0.291E+01      0.287E+01      0.803E+11     -0.990E+02     -0.990E+02
      0.140E-03      0.291E+01      0.287E+01      0.803E+11     -0.990E+02     -0.990E+02
      0.160E-03      0.291E+01      0.287E+01      0.803E+11     -0.990E+02     -0.990E+02
      0.180E-03      0.291E+01      0.287E+01      0.803E+11     -0.990E+02     -0.990E+02
      0.200E-03      0.291E+01      0.287E+01      0.803E+11     -0.990E+02     -0.990E+02
      0.220E-03      0.291E+01      0.287E+01      0.803E+11     -0.990E+02     -0.990E+02
      0.250E-03      0.291E+01      0.287E+01      0.803E+11     -0.990E+02     -0.990E+02
      0.280E-03      0.291E+01      0.287E+01      0.803E+11     -0.990E+02     -0.990E+02
      0.320E-03      0.291E+01      0.287E+01      0.803E+11     -0.990E+02     -0.990E+02
      0.350E-03      0.291E+01      0.287E+01      0.803E+11     -0.990E+02     -0.990E+02
      0.400E-03      0.291E+01      0.287E+01      0.803E+11     -0.990E+02     -0.990E+02
      0.450E-03      0.291E+01      0.287E+01      0.803E+11     -0.990E+02     -0.990E+02
      0.500E-03      0.291E+01      0.287E+01      0.803E+11     -0.990E+02     -0.990E+02
      0.560E-03      0.291E+01      0.287E+01      0.803E+11     -0.990E+02     -0.990E+02
      0.630E-03      0.291E+01      0.287E+01      0.803E+11     -0.990E+02     -0.990E+02
      0.710E-03      0.291E+01      0.287E+01      0.803E+11     -0.990E+02     -0.990E+02
      0.790E-03      0.291E+01      0.287E+01      0.803E+11     -0.990E+02     -0.990E+02
      0.890E-03      0.291E+01      0.287E+01      0.803E+11     -0.990E+02     -0.990E+02
      0.100E-02      0.291E+01      0.287E+01      0.803E+11     -0.990E+02     -0.990E+02
      0.105E-02      0.291E+01      0.287E+01      0.803E+11     -0.990E+02     -0.990E+02
      0.110E-02      0.291E+01      0.287E+01      0.803E+11     -0.990E+02     -0.990E+02
      0.115E-02      0.291E+01      0.287E+01      0.803E+11     -0.990E+02     -0.990E+02
      0.120E-02      0.291E+01      0.287E+01      0.803E+11     -0.990E+02     -0.990E+02
      0.126E-02      0.291E+01      0.287E+01      0.803E+11     -0.990E+02     -0.990E+02
      0.132E-02      0.291E+01      0.287E+01      0.803E+11     -0.990E+02     -0.990E+02
      0.138E-02      0.291E+01      0.287E+01      0.803E+11     -0.990E+02     -0.990E+02
      0.145E-02      0.291E+01      0.287E+01      0.803E+11     -0.990E+02     -0.990E+02
      0.151E-02      0.291E+01      0.287E+01      0.803E+11     -0.990E+02     -0.990E+02
      0.158E-02      0.291E+01      0.287E+01      0.803E+11     -0.990E+02     -0.990E+02
      0.166E-02      0.291E+01      0.287E+01      0.803E+11     -0.990E+02     -0.990E+02
      0.174E-02      0.291E+01      0.287E+01      0.803E+11     -0.990E+02     -0.990E+02
      0.182E-02      0.291E+01      0.287E+01      0.803E+11     -0.990E+02     -0.990E+02
      0.191E-02      0.291E+01      0.287E+01      0.803E+11     -0.990E+02     -0.990E+02
      0.200E-02      0.291E+01      0.287E+01      0.803E+11     -0.990E+02     -0.990E+02
      0.209E-02      0.291E+01      0.287E+01      0.803E+11     -0.990E+02     -0.990E+02
      0.219E-02      0.291E+01      0.287E+01      0.803E+11     -0.990E+02     -0.990E+02
      0.229E-02      0.291E+01      0.287E+01      0.803E+11     -0.990E+02     -0.990E+02
      0.240E-02      0.291E+01      0.287E+01      0.803E+11     -0.990E+02     -0.990E+02
      0.251E-02      0.291E+01      0.287E+01      0.803E+11     -0.990E+02     -0.990E+02
      0.263E-02      0.291E+01      0.287E+01      0.803E+11     -0.990E+02     -0.990E+02
      0.275E-02      0.291E+01      0.287E+01      0.803E+11     -0.990E+02     -0.990E+02
      0.288E-02      0.291E+01      0.287E+01      0.803E+11     -0.990E+02     -0.990E+02
      0.302E-02      0.291E+01      0.287E+01      0.803E+11     -0.990E+02     -0.990E+02
      0.316E-02      0.291E+01      0.287E+01      0.803E+11     -0.990E+02     -0.990E+02
      0.331E-02      0.291E+01      0.287E+01      0.803E+11     -0.990E+02     -0.990E+02
      0.347E-02      0.291E+01      0.287E+01      0.803E+11     -0.990E+02     -0.990E+02
      0.363E-02      0.291E+01      0.287E+01      0.803E+11     -0.990E+02     -0.990E+02
      0.380E-02      0.291E+01      0.287E+01      0.803E+11     -0.990E+02     -0.990E+02
      0.398E-02      0.291E+01      0.287E+01      0.803E+11     -0.990E+02     -0.990E+02
      0.417E-02      0.291E+01      0.287E+01      0.803E+11     -0.990E+02     -0.990E+02
      0.437E-02      0.291E+01      0.287E+01      0.803E+11     -0.990E+02     -0.990E+02
      0.457E-02      0.291E+01      0.287E+01      0.803E+11     -0.990E+02     -0.990E+02
      0.479E-02      0.291E+01      0.287E+01      0.803E+11     -0.990E+02     -0.990E+02
      0.501E-02      0.291E+01      0.287E+01      0.803E+11     -0.990E+02     -0.990E+02
      0.525E-02      0.291E+01      0.287E+01      0.803E+11     -0.990E+02     -0.990E+02
      0.550E-02      0.291E+01      0.287E+01      0.803E+11     -0.990E+02     -0.990E+02
      0.575E-02      0.291E+01      0.287E+01      0.803E+11     -0.990E+02     -0.990E+02
      0.603E-02      0.291E+01      0.287E+01      0.803E+11     -0.990E+02     -0.990E+02
      0.631E-02      0.291E+01      0.287E+01      0.803E+11     -0.990E+02     -0.990E+02
      0.661E-02      0.291E+01      0.287E+01      0.803E+11     -0.990E+02     -0.990E+02
      0.692E-02      0.291E+01      0.287E+01      0.803E+11     -0.990E+02     -0.990E+02
      0.724E-02      0.291E+01      0.287E+01      0.803E+11     -0.990E+02     -0.990E+02
      0.759E-02      0.291E+01      0.287E+01      0.803E+11     -0.990E+02     -0.990E+02
      0.794E-02      0.291E+01      0.287E+01      0.803E+11     -0.990E+02     -0.990E+02
      0.832E-02      0.291E+01      0.287E+01      0.803E+11     -0.990E+02     -0.990E+02
      0.871E-02      0.291E+01      0.287E+01      0.803E+11     -0.990E+02     -0.990E+02
      0.912E-02      0.291E+01      0.287E+01      0.803E+11     -0.990E+02     -0.990E+02
      0.955E-02      0.291E+01      0.287E+01      0.803E+11     -0.990E+02     -0.990E+02
      0.100E-01      0.291E+01      0.287E+01      0.803E+11     -0.151E+00      0.137E+00
      0.105E-01      0.872E+02      0.433E+02      0.802E+11     -0.150E+00      0.137E+00
      0.110E-01      0.868E+02      0.431E+02      0.802E+11     -0.151E+00      0.137E+00
      0.115E-01      0.864E+02      0.428E+02      0.802E+11     -0.151E+00      0.137E+00
      0.120E-01      0.862E+02      0.428E+02      0.801E+11     -0.150E+00      0.137E+00
      0.126E-01      0.863E+02      0.428E+02      0.801E+11     -0.150E+00      0.137E+00
      0.132E-01      0.866E+02      0.430E+02      0.800E+11     -0.150E+00      0.137E+00
      0.138E-01      0.862E+02      0.427E+02      0.800E+11     -0.150E+00      0.137E+00
      0.144E-01      0.856E+02      0.424E+02      0.799E+11     -0.150E+00      0.137E+00
      0.151E-01      0.855E+02      0.424E+02      0.799E+11     -0.150E+00      0.137E+00
      0.159E-01      0.857E+02      0.425E+02      0.798E+11     -0.150E+00      0.137E+00
      0.166E-01      0.855E+02      0.424E+02      0.798E+11     -0.150E+00      0.137E+00
      0.174E-01      0.855E+02      0.424E+02      0.797E+11     -0.150E+00      0.137E+00
      0.182E-01      0.856E+02      0.424E+02      0.797E+11     -0.150E+00      0.137E+00
      0.191E-01      0.855E+02      0.423E+02      0.796E+11     -0.150E+00      0.137E+00
      0.200E-01      0.849E+02      0.420E+02      0.795E+11     -0.150E+00      0.137E+00
      0.209E-01      0.846E+02      0.419E+02      0.795E+11     -0.150E+00      0.137E+00
      0.219E-01      0.845E+02      0.418E+02      0.794E+11     -0.150E+00      0.137E+00
      0.229E-01      0.844E+02      0.418E+02      0.793E+11     -0.149E+00      0.137E+00
      0.240E-01      0.842E+02      0.417E+02      0.793E+11     -0.149E+00      0.137E+00
      0.251E-01      0.842E+02      0.417E+02      0.792E+11     -0.149E+00      0.137E+00
      0.263E-01      0.839E+02      0.415E+02      0.791E+11     -0.149E+00      0.137E+00
      0.275E-01      0.835E+02      0.413E+02      0.790E+11     -0.149E+00      0.137E+00
      0.290E-01      0.833E+02      0.412E+02      0.789E+11     -0.149E+00      0.137E+00
      0.300E-01      0.832E+02      0.412E+02      0.788E+11     -0.149E+00      0.137E+00
      0.310E-01      0.830E+02      0.410E+02      0.788E+11     -0.149E+00      0.137E+00
      0.320E-01      0.828E+02      0.410E+02      0.787E+11     -0.149E+00      0.137E+00
      0.330E-01      0.826E+02      0.408E+02      0.786E+11     -0.148E+00      0.137E+00
      0.340E-01      0.825E+02      0.408E+02      0.786E+11     -0.148E+00      0.137E+00
      0.350E-01      0.823E+02      0.407E+02      0.785E+11     -0.148E+00      0.137E+00
      0.360E-01      0.820E+02      0.406E+02      0.784E+11     -0.148E+00      0.137E+00
      0.370E-01      0.819E+02      0.405E+02      0.784E+11     -0.148E+00      0.137E+00
      0.380E-01      0.817E+02      0.404E+02      0.783E+11     -0.148E+00      0.137E+00
      0.390E-01      0.816E+02      0.404E+02      0.782E+11     -0.148E+00      0.137E+00
      0.400E-01      0.814E+02      0.402E+02      0.782E+11     -0.148E+00      0.137E+00
      0.425E-01      0.809E+02      0.400E+02      0.781E+11     -0.147E+00      0.137E+00
      0.450E-01      0.804E+02      0.398E+02      0.779E+11     -0.147E+00      0.136E+00
      0.475E-01      0.800E+02      0.396E+02      0.777E+11     -0.147E+00      0.137E+00
      0.500E-01      0.795E+02      0.393E+02      0.776E+11     -0.146E+00      0.137E+00
      0.525E-01      0.790E+02      0.391E+02      0.774E+11     -0.146E+00      0.137E+00
      0.550E-01      0.785E+02      0.389E+02      0.773E+11     -0.146E+00      0.137E+00
      0.571E-01      0.782E+02      0.388E+02      0.771E+11     -0.146E+00      0.137E+00
      0.640E-01      0.769E+02      0.382E+02      0.768E+11     -0.145E+00      0.137E+00
      0.719E-01      0.755E+02      0.376E+02      0.764E+11     -0.144E+00      0.137E+00
      0.806E-01      0.739E+02      0.369E+02      0.759E+11     -0.143E+00      0.138E+00
      0.905E-01      0.720E+02      0.362E+02      0.754E+11     -0.141E+00      0.139E+00
      0.102E+00      0.702E+02      0.356E+02      0.748E+11     -0.140E+00      0.141E+00
      0.114E+00      0.679E+02      0.348E+02      0.742E+11     -0.138E+00      0.144E+00
      0.128E+00      0.653E+02      0.342E+02      0.735E+11     -0.136E+00      0.147E+00
      0.143E+00      0.625E+02      0.335E+02      0.728E+11     -0.133E+00      0.151E+00
      0.161E+00      0.594E+02      0.330E+02      0.720E+11     -0.130E+00      0.158E+00
      0.181E+00      0.558E+02      0.326E+02      0.712E+11     -0.126E+00      0.167E+00
      0.203E+00      0.536E+02      0.320E+02      0.703E+11     -0.124E+00      0.173E+00
      0.227E+00      0.533E+02      0.308E+02      0.694E+11     -0.128E+00      0.172E+00
      0.255E+00      0.529E+02      0.297E+02      0.684E+11     -0.131E+00      0.173E+00
      0.286E+00      0.542E+02      0.289E+02      0.672E+11     -0.134E+00      0.168E+00
      0.321E+00      0.562E+02      0.283E+02      0.660E+11     -0.135E+00      0.162E+00
      0.360E+00      0.583E+02      0.280E+02      0.645E+11     -0.136E+00      0.155E+00
      0.404E+00      0.605E+02      0.284E+02      0.628E+11     -0.137E+00      0.150E+00
      0.453E+00      0.623E+02      0.294E+02      0.608E+11     -0.139E+00      0.149E+00
      0.509E+00      0.614E+02      0.305E+02      0.586E+11     -0.141E+00      0.151E+00
      0.571E+00      0.617E+02      0.291E+02      0.561E+11     -0.144E+00      0.147E+00
      0.641E+00      0.625E+02      0.296E+02      0.533E+11     -0.147E+00      0.153E+00
      0.719E+00      0.642E+02      0.320E+02      0.502E+11     -0.149E+00      0.166E+00
      0.806E+00      0.635E+02      0.304E+02      0.466E+11     -0.150E+00      0.164E+00
      0.905E+00      0.579E+02      0.258E+02      0.427E+11     -0.155E+00      0.162E+00
      0.102E+01      0.508E+02      0.230E+02      0.387E+11     -0.190E+00      0.177E+00
      0.114E+01      0.534E+02      0.254E+02      0.347E+11     -0.223E+00      0.193E+00
      0.128E+01      0.545E+02      0.270E+02      0.302E+11     -0.222E+00      0.195E+00
      0.143E+01      0.553E+02      0.243E+02      0.250E+11     -0.219E+00      0.171E+00
      0.161E+01      0.502E+02      0.213E+02      0.192E+11     -0.276E+00      0.207E+00
      0.168E+01      0.465E+02      0.211E+02      0.153E+11     -0.314E+00      0.254E+00
      0.170E+01      0.456E+02      0.210E+02      0.139E+11     -0.326E+00      0.268E+00
      0.180E+01      0.422E+02      0.201E+02      0.122E+11     -0.346E+00      0.273E+00
      0.190E+01      0.385E+02      0.202E+02      0.957E+10     -0.329E+00      0.263E+00
      0.200E+01      0.311E+02      0.179E+02      0.718E+10     -0.377E+00      0.300E+00
      0.210E+01      0.253E+02      0.131E+02      0.526E+10     -0.526E+00      0.358E+00
      0.220E+01      0.198E+02      0.107E+02      0.371E+10     -0.728E+00      0.519E+00
      0.230E+01      0.133E+02      0.869E+01      0.251E+10     -0.694E+00      0.562E+00
      0.240E+01      0.722E+01      0.804E+01      0.170E+10     -0.557E+00      0.746E+00
      0.250E+01      0.416E+01      0.774E+01      0.126E+10     -0.373E+00      0.986E+00
      0.260E+01      0.343E+01      0.700E+01      0.101E+10     -0.401E+00      0.130E+01
      0.275E+01      0.284E+01      0.782E+01      0.748E+09     -0.432E+00      0.210E+01
      0.300E+01      0.190E+01      0.472E+01      0.408E+09     -0.418E+00      0.160E+01
      0.325E+01      0.844E+00      0.159E+01      0.124E+09     -0.861E+00      0.241E+01
      0.350E+01      0.946E-03      0.239E-01      0.137E+06     -0.297E+01      0.794E+02
      0.375E+01      0.203E-09      0.216E-06      0.295E-01     -0.321E+01      0.493E+04
      0.400E+01      0.000E+00      0.000E+00      0.000E+00     -0.990E+02     -0.990E+02
      0.425E+01      0.000E+00      0.000E+00      0.000E+00     -0.990E+02     -0.990E+02
      0.450E+01      0.000E+00      0.000E+00      0.000E+00     -0.990E+02     -0.990E+02
      0.475E+01      0.000E+00      0.000E+00      0.000E+00     -0.990E+02     -0.990E+02
      0.500E+01      0.000E+00      0.000E+00      0.000E+00     -0.990E+02     -0.990E+02
      0.525E+01      0.000E+00      0.000E+00      0.000E+00     -0.990E+02     -0.990E+02
      0.550E+01      0.000E+00      0.000E+00      0.000E+00     -0.990E+02     -0.990E+02
      0.575E+01      0.000E+00      0.000E+00      0.000E+00     -0.990E+02     -0.990E+02
      0.600E+01      0.000E+00      0.000E+00      0.000E+00     -0.990E+02     -0.990E+02
      0.625E+01      0.000E+00      0.000E+00      0.000E+00     -0.990E+02     -0.990E+02
      0.650E+01      0.000E+00      0.000E+00      0.000E+00     -0.990E+02     -0.990E+02
      0.675E+01      0.000E+00      0.000E+00      0.000E+00     -0.990E+02     -0.990E+02
      0.700E+01      0.000E+00      0.000E+00      0.000E+00     -0.990E+02     -0.990E+02
      0.725E+01      0.000E+00      0.000E+00      0.000E+00     -0.990E+02     -0.990E+02
      0.750E+01      0.000E+00      0.000E+00      0.000E+00     -0.990E+02     -0.990E+02
      0.775E+01      0.000E+00      0.000E+00      0.000E+00     -0.990E+02     -0.990E+02
      0.800E+01      0.000E+00      0.000E+00      0.000E+00     -0.990E+02     -0.990E+02
      0.825E+01      0.000E+00      0.000E+00      0.000E+00     -0.990E+02     -0.990E+02
      0.850E+01      0.000E+00      0.000E+00      0.000E+00     -0.990E+02     -0.990E+02
      0.875E+01      0.000E+00      0.000E+00      0.000E+00     -0.990E+02     -0.990E+02
      0.900E+01      0.000E+00      0.000E+00      0.000E+00     -0.990E+02     -0.990E+02
      0.925E+01      0.000E+00      0.000E+00      0.000E+00     -0.990E+02     -0.990E+02
      0.950E+01      0.000E+00      0.000E+00      0.000E+00     -0.990E+02     -0.990E+02
      0.975E+01      0.000E+00      0.000E+00      0.000E+00     -0.990E+02     -0.990E+02
      0.100E+02      0.000E+00      0.000E+00      0.000E+00     -0.990E+02     -0.990E+02
      0.102E+02      0.000E+00      0.000E+00      0.000E+00     -0.990E+02     -0.990E+02
      0.105E+02      0.000E+00      0.000E+00      0.000E+00     -0.990E+02     -0.990E+02
      0.108E+02      0.000E+00      0.000E+00      0.000E+00     -0.990E+02     -0.990E+02
      0.110E+02      0.000E+00      0.000E+00      0.000E+00     -0.990E+02     -0.990E+02
      0.112E+02      0.000E+00      0.000E+00      0.000E+00     -0.990E+02     -0.990E+02
      0.115E+02      0.000E+00      0.000E+00      0.000E+00     -0.990E+02     -0.990E+02
      0.118E+02      0.000E+00      0.000E+00      0.000E+00     -0.990E+02     -0.990E+02
      0.120E+02      0.000E+00      0.000E+00      0.000E+00     -0.990E+02     -0.990E+02
      0.122E+02      0.000E+00      0.000E+00      0.000E+00     -0.990E+02     -0.990E+02
      0.125E+02      0.000E+00      0.000E+00      0.000E+00     -0.990E+02     -0.990E+02
      0.128E+02      0.000E+00      0.000E+00      0.000E+00     -0.990E+02     -0.990E+02
      0.130E+02      0.000E+00      0.000E+00      0.000E+00     -0.990E+02     -0.990E+02
      0.132E+02      0.000E+00      0.000E+00      0.000E+00     -0.990E+02     -0.990E+02
      0.135E+02      0.000E+00      0.000E+00      0.000E+00     -0.990E+02     -0.990E+02
      0.138E+02      0.000E+00      0.000E+00      0.000E+00     -0.990E+02     -0.990E+02
      0.140E+02      0.000E+00      0.000E+00      0.000E+00     -0.990E+02     -0.990E+02
      0.142E+02      0.000E+00      0.000E+00      0.000E+00     -0.990E+02     -0.990E+02
      0.145E+02      0.000E+00      0.000E+00      0.000E+00     -0.990E+02     -0.990E+02
      0.148E+02      0.000E+00      0.000E+00      0.000E+00     -0.990E+02     -0.990E+02
      0.150E+02      0.000E+00      0.000E+00      0.000E+00     -0.990E+02     -0.990E+02
      0.152E+02      0.000E+00      0.000E+00      0.000E+00     -0.990E+02     -0.990E+02
      0.155E+02      0.000E+00      0.000E+00      0.000E+00     -0.990E+02     -0.990E+02
      0.158E+02      0.000E+00      0.000E+00      0.000E+00     -0.990E+02     -0.990E+02
      0.160E+02      0.000E+00      0.000E+00      0.000E+00     -0.990E+02     -0.990E+02
      0.162E+02      0.000E+00      0.000E+00      0.000E+00     -0.990E+02     -0.990E+02
      0.165E+02      0.000E+00      0.000E+00      0.000E+00     -0.990E+02     -0.990E+02
      0.168E+02      0.000E+00      0.000E+00      0.000E+00     -0.990E+02     -0.990E+02
      0.170E+02      0.000E+00      0.000E+00      0.000E+00     -0.990E+02     -0.990E+02
      0.172E+02      0.000E+00      0.000E+00      0.000E+00     -0.990E+02     -0.990E+02
      0.175E+02      0.000E+00      0.000E+00      0.000E+00     -0.990E+02     -0.990E+02
      0.178E+02      0.000E+00      0.000E+00      0.000E+00     -0.990E+02     -0.990E+02
      0.180E+02      0.000E+00      0.000E+00      0.000E+00     -0.990E+02     -0.990E+02
      0.182E+02      0.000E+00      0.000E+00      0.000E+00     -0.990E+02     -0.990E+02
      0.185E+02      0.000E+00      0.000E+00      0.000E+00     -0.990E+02     -0.990E+02
      0.188E+02      0.000E+00      0.000E+00      0.000E+00     -0.990E+02     -0.990E+02
      0.190E+02      0.000E+00      0.000E+00      0.000E+00     -0.990E+02     -0.990E+02
      0.192E+02      0.000E+00      0.000E+00      0.000E+00     -0.990E+02     -0.990E+02
      0.195E+02      0.000E+00      0.000E+00      0.000E+00     -0.990E+02     -0.990E+02
      0.198E+02      0.000E+00      0.000E+00      0.000E+00     -0.990E+02     -0.990E+02
      0.200E+02      0.000E+00      0.000E+00      0.000E+00     -0.990E+02     -0.990E+02
