      0.000E+00      0.876E+00      0.434E+00      0.664E+09     -0.990E+02     -0.990E+02
      0.100E-03      0.876E+00      0.434E+00      0.664E+09     -0.990E+02     -0.990E+02
      0.140E-03      0.876E+00      0.434E+00      0.664E+09     -0.990E+02     -0.990E+02
      0.160E-03      0.876E+00      0.434E+00      0.664E+09     -0.990E+02     -0.990E+02
      0.180E-03      0.876E+00      0.434E+00      0.664E+09     -0.990E+02     -0.990E+02
      0.200E-03      0.876E+00      0.434E+00      0.664E+09     -0.990E+02     -0.990E+02
      0.220E-03      0.876E+00      0.434E+00      0.664E+09     -0.990E+02     -0.990E+02
      0.250E-03      0.876E+00      0.434E+00      0.664E+09     -0.990E+02     -0.990E+02
      0.280E-03      0.876E+00      0.434E+00      0.664E+09     -0.990E+02     -0.990E+02
      0.320E-03      0.876E+00      0.434E+00      0.664E+09     -0.990E+02     -0.990E+02
      0.350E-03      0.876E+00      0.434E+00      0.664E+09     -0.990E+02     -0.990E+02
      0.400E-03      0.876E+00      0.434E+00      0.664E+09     -0.990E+02     -0.990E+02
      0.450E-03      0.876E+00      0.434E+00      0.664E+09     -0.990E+02     -0.990E+02
      0.500E-03      0.876E+00      0.434E+00      0.664E+09     -0.990E+02     -0.990E+02
      0.560E-03      0.876E+00      0.434E+00      0.664E+09     -0.990E+02     -0.990E+02
      0.630E-03      0.876E+00      0.434E+00      0.664E+09     -0.990E+02     -0.990E+02
      0.710E-03      0.876E+00      0.434E+00      0.664E+09     -0.990E+02     -0.990E+02
      0.790E-03      0.876E+00      0.434E+00      0.664E+09     -0.990E+02     -0.990E+02
      0.890E-03      0.876E+00      0.434E+00      0.664E+09     -0.990E+02     -0.990E+02
      0.100E-02      0.876E+00      0.434E+00      0.664E+09     -0.990E+02     -0.990E+02
      0.105E-02      0.876E+00      0.434E+00      0.664E+09     -0.990E+02     -0.990E+02
      0.110E-02      0.876E+00      0.434E+00      0.664E+09     -0.990E+02     -0.990E+02
      0.115E-02      0.876E+00      0.434E+00      0.664E+09     -0.990E+02     -0.990E+02
      0.120E-02      0.876E+00      0.434E+00      0.664E+09     -0.990E+02     -0.990E+02
      0.126E-02      0.876E+00      0.434E+00      0.664E+09     -0.990E+02     -0.990E+02
      0.132E-02      0.876E+00      0.434E+00      0.664E+09     -0.990E+02     -0.990E+02
      0.138E-02      0.876E+00      0.434E+00      0.664E+09     -0.990E+02     -0.990E+02
      0.145E-02      0.876E+00      0.434E+00      0.664E+09     -0.990E+02     -0.990E+02
      0.151E-02      0.876E+00      0.434E+00      0.664E+09     -0.990E+02     -0.990E+02
      0.158E-02      0.876E+00      0.434E+00      0.664E+09     -0.990E+02     -0.990E+02
      0.166E-02      0.876E+00      0.434E+00      0.664E+09     -0.990E+02     -0.990E+02
      0.174E-02      0.876E+00      0.434E+00      0.664E+09     -0.990E+02     -0.990E+02
      0.182E-02      0.876E+00      0.434E+00      0.664E+09     -0.990E+02     -0.990E+02
      0.191E-02      0.876E+00      0.434E+00      0.664E+09     -0.990E+02     -0.990E+02
      0.200E-02      0.876E+00      0.434E+00      0.664E+09     -0.990E+02     -0.990E+02
      0.209E-02      0.876E+00      0.434E+00      0.664E+09     -0.990E+02     -0.990E+02
      0.219E-02      0.876E+00      0.434E+00      0.664E+09     -0.990E+02     -0.990E+02
      0.229E-02      0.876E+00      0.434E+00      0.664E+09     -0.990E+02     -0.990E+02
      0.240E-02      0.876E+00      0.434E+00      0.664E+09     -0.990E+02     -0.990E+02
      0.251E-02      0.876E+00      0.434E+00      0.664E+09     -0.990E+02     -0.990E+02
      0.263E-02      0.876E+00      0.434E+00      0.664E+09     -0.990E+02     -0.990E+02
      0.275E-02      0.876E+00      0.434E+00      0.664E+09     -0.990E+02     -0.990E+02
      0.288E-02      0.876E+00      0.434E+00      0.664E+09     -0.990E+02     -0.990E+02
      0.302E-02      0.876E+00      0.434E+00      0.664E+09     -0.990E+02     -0.990E+02
      0.316E-02      0.876E+00      0.434E+00      0.664E+09     -0.990E+02     -0.990E+02
      0.331E-02      0.876E+00      0.434E+00      0.664E+09     -0.990E+02     -0.990E+02
      0.347E-02      0.876E+00      0.434E+00      0.664E+09     -0.990E+02     -0.990E+02
      0.363E-02      0.876E+00      0.434E+00      0.664E+09     -0.990E+02     -0.990E+02
      0.380E-02      0.876E+00      0.434E+00      0.664E+09     -0.990E+02     -0.990E+02
      0.398E-02      0.876E+00      0.434E+00      0.664E+09     -0.990E+02     -0.990E+02
      0.417E-02      0.876E+00      0.434E+00      0.664E+09     -0.990E+02     -0.990E+02
      0.437E-02      0.876E+00      0.434E+00      0.664E+09     -0.990E+02     -0.990E+02
      0.457E-02      0.876E+00      0.434E+00      0.664E+09     -0.990E+02     -0.990E+02
      0.479E-02      0.876E+00      0.434E+00      0.664E+09     -0.990E+02     -0.990E+02
      0.501E-02      0.876E+00      0.434E+00      0.664E+09     -0.990E+02     -0.990E+02
      0.525E-02      0.876E+00      0.434E+00      0.664E+09     -0.990E+02     -0.990E+02
      0.550E-02      0.876E+00      0.434E+00      0.664E+09     -0.990E+02     -0.990E+02
      0.575E-02      0.876E+00      0.434E+00      0.664E+09     -0.990E+02     -0.990E+02
      0.603E-02      0.876E+00      0.434E+00      0.664E+09     -0.990E+02     -0.990E+02
      0.631E-02      0.876E+00      0.434E+00      0.664E+09     -0.990E+02     -0.990E+02
      0.661E-02      0.876E+00      0.434E+00      0.664E+09     -0.990E+02     -0.990E+02
      0.692E-02      0.876E+00      0.434E+00      0.664E+09     -0.990E+02     -0.990E+02
      0.724E-02      0.876E+00      0.434E+00      0.664E+09     -0.990E+02     -0.990E+02
      0.759E-02      0.876E+00      0.434E+00      0.664E+09     -0.990E+02     -0.990E+02
      0.794E-02      0.876E+00      0.434E+00      0.664E+09     -0.990E+02     -0.990E+02
      0.832E-02      0.876E+00      0.434E+00      0.664E+09     -0.990E+02     -0.990E+02
      0.871E-02      0.876E+00      0.434E+00      0.664E+09     -0.990E+02     -0.990E+02
      0.912E-02      0.876E+00      0.434E+00      0.664E+09     -0.990E+02     -0.990E+02
      0.955E-02      0.876E+00      0.434E+00      0.664E+09     -0.990E+02     -0.990E+02
      0.100E-01      0.876E+00      0.434E+00      0.664E+09     -0.478E+00      0.451E+00
      0.105E-01      0.133E+00      0.784E-01      0.655E+09     -0.478E+00      0.451E+00
      0.110E-01      0.132E+00      0.781E-01      0.655E+09     -0.479E+00      0.450E+00
      0.115E-01      0.132E+00      0.779E-01      0.655E+09     -0.479E+00      0.450E+00
      0.120E-01      0.132E+00      0.778E-01      0.655E+09     -0.479E+00      0.450E+00
      0.126E-01      0.133E+00      0.780E-01      0.655E+09     -0.480E+00      0.449E+00
      0.132E-01      0.133E+00      0.782E-01      0.655E+09     -0.481E+00      0.449E+00
      0.138E-01      0.133E+00      0.781E-01      0.655E+09     -0.481E+00      0.448E+00
      0.144E-01      0.133E+00      0.775E-01      0.655E+09     -0.481E+00      0.448E+00
      0.151E-01      0.133E+00      0.777E-01      0.655E+09     -0.482E+00      0.448E+00
      0.159E-01      0.134E+00      0.779E-01      0.654E+09     -0.483E+00      0.448E+00
      0.166E-01      0.134E+00      0.779E-01      0.654E+09     -0.484E+00      0.447E+00
      0.174E-01      0.134E+00      0.781E-01      0.654E+09     -0.484E+00      0.447E+00
      0.182E-01      0.135E+00      0.781E-01      0.654E+09     -0.485E+00      0.446E+00
      0.191E-01      0.135E+00      0.782E-01      0.654E+09     -0.486E+00      0.445E+00
      0.200E-01      0.135E+00      0.779E-01      0.654E+09     -0.487E+00      0.446E+00
      0.209E-01      0.135E+00      0.777E-01      0.654E+09     -0.487E+00      0.445E+00
      0.219E-01      0.135E+00      0.778E-01      0.654E+09     -0.488E+00      0.445E+00
      0.229E-01      0.136E+00      0.779E-01      0.654E+09     -0.489E+00      0.444E+00
      0.240E-01      0.136E+00      0.779E-01      0.654E+09     -0.490E+00      0.443E+00
      0.251E-01      0.137E+00      0.781E-01      0.653E+09     -0.491E+00      0.443E+00
      0.263E-01      0.137E+00      0.781E-01      0.653E+09     -0.492E+00      0.442E+00
      0.275E-01      0.137E+00      0.779E-01      0.653E+09     -0.493E+00      0.442E+00
      0.290E-01      0.138E+00      0.779E-01      0.653E+09     -0.494E+00      0.441E+00
      0.300E-01      0.138E+00      0.780E-01      0.653E+09     -0.495E+00      0.441E+00
      0.310E-01      0.139E+00      0.780E-01      0.653E+09     -0.496E+00      0.441E+00
      0.320E-01      0.139E+00      0.780E-01      0.653E+09     -0.497E+00      0.440E+00
      0.330E-01      0.139E+00      0.780E-01      0.653E+09     -0.497E+00      0.440E+00
      0.340E-01      0.140E+00      0.781E-01      0.652E+09     -0.498E+00      0.439E+00
      0.350E-01      0.140E+00      0.780E-01      0.652E+09     -0.499E+00      0.439E+00
      0.360E-01      0.140E+00      0.780E-01      0.652E+09     -0.500E+00      0.438E+00
      0.370E-01      0.141E+00      0.781E-01      0.652E+09     -0.501E+00      0.438E+00
      0.380E-01      0.141E+00      0.781E-01      0.652E+09     -0.501E+00      0.438E+00
      0.390E-01      0.141E+00      0.782E-01      0.652E+09     -0.502E+00      0.437E+00
      0.400E-01      0.142E+00      0.782E-01      0.652E+09     -0.503E+00      0.438E+00
      0.425E-01      0.142E+00      0.782E-01      0.652E+09     -0.505E+00      0.436E+00
      0.450E-01      0.143E+00      0.783E-01      0.651E+09     -0.507E+00      0.436E+00
      0.475E-01      0.144E+00      0.783E-01      0.651E+09     -0.509E+00      0.435E+00
      0.500E-01      0.145E+00      0.784E-01      0.651E+09     -0.510E+00      0.434E+00
      0.525E-01      0.146E+00      0.785E-01      0.650E+09     -0.512E+00      0.434E+00
      0.550E-01      0.146E+00      0.785E-01      0.650E+09     -0.514E+00      0.433E+00
      0.571E-01      0.147E+00      0.787E-01      0.650E+09     -0.515E+00      0.433E+00
      0.640E-01      0.149E+00      0.791E-01      0.649E+09     -0.520E+00      0.432E+00
      0.719E-01      0.152E+00      0.794E-01      0.648E+09     -0.526E+00      0.432E+00
      0.806E-01      0.155E+00      0.799E-01      0.647E+09     -0.532E+00      0.431E+00
      0.905E-01      0.158E+00      0.807E-01      0.646E+09     -0.538E+00      0.432E+00
      0.102E+00      0.162E+00      0.818E-01      0.645E+09     -0.545E+00      0.435E+00
      0.114E+00      0.166E+00      0.834E-01      0.644E+09     -0.553E+00      0.440E+00
      0.128E+00      0.171E+00      0.854E-01      0.642E+09     -0.562E+00      0.446E+00
      0.143E+00      0.177E+00      0.880E-01      0.640E+09     -0.572E+00      0.454E+00
      0.161E+00      0.183E+00      0.910E-01      0.638E+09     -0.581E+00      0.463E+00
      0.181E+00      0.193E+00      0.964E-01      0.635E+09     -0.578E+00      0.463E+00
      0.203E+00      0.206E+00      0.103E+00      0.632E+09     -0.573E+00      0.464E+00
      0.227E+00      0.220E+00      0.112E+00      0.629E+09     -0.569E+00      0.468E+00
      0.255E+00      0.233E+00      0.122E+00      0.625E+09     -0.569E+00      0.476E+00
      0.286E+00      0.247E+00      0.133E+00      0.620E+09     -0.571E+00      0.488E+00
      0.321E+00      0.263E+00      0.147E+00      0.614E+09     -0.573E+00      0.502E+00
      0.360E+00      0.279E+00      0.161E+00      0.607E+09     -0.574E+00      0.513E+00
      0.404E+00      0.296E+00      0.177E+00      0.599E+09     -0.573E+00      0.521E+00
      0.453E+00      0.296E+00      0.174E+00      0.590E+09     -0.619E+00      0.553E+00
      0.509E+00      0.288E+00      0.163E+00      0.579E+09     -0.681E+00      0.586E+00
      0.571E+00      0.276E+00      0.148E+00      0.568E+09     -0.755E+00      0.616E+00
      0.641E+00      0.264E+00      0.142E+00      0.555E+09     -0.846E+00      0.681E+00
      0.719E+00      0.271E+00      0.144E+00      0.542E+09     -0.881E+00      0.703E+00
      0.806E+00      0.246E+00      0.126E+00      0.528E+09     -0.829E+00      0.629E+00
      0.905E+00      0.210E+00      0.112E+00      0.512E+09     -0.736E+00      0.551E+00
      0.102E+01      0.188E+00      0.105E+00      0.498E+09     -0.665E+00      0.524E+00
      0.114E+01      0.198E+00      0.134E+00      0.484E+09     -0.671E+00      0.643E+00
      0.128E+01      0.163E+00      0.123E+00      0.467E+09     -0.665E+00      0.707E+00
      0.143E+01      0.129E+00      0.108E+00      0.452E+09     -0.668E+00      0.798E+00
      0.161E+01      0.131E+00      0.883E-01      0.439E+09     -0.659E+00      0.651E+00
      0.168E+01      0.143E+00      0.849E-01      0.428E+09     -0.660E+00      0.585E+00
      0.170E+01      0.153E+00      0.856E-01      0.424E+09     -0.661E+00      0.550E+00
      0.180E+01      0.204E+00      0.114E+00      0.419E+09     -0.650E+00      0.526E+00
      0.190E+01      0.253E+00      0.168E+00      0.406E+09     -0.636E+00      0.600E+00
      0.200E+01      0.241E+00      0.136E+00      0.391E+09     -0.614E+00      0.503E+00
      0.210E+01      0.204E+00      0.105E+00      0.376E+09     -0.594E+00      0.446E+00
      0.220E+01      0.179E+00      0.960E-01      0.364E+09     -0.591E+00      0.462E+00
      0.230E+01      0.184E+00      0.109E+00      0.353E+09     -0.618E+00      0.531E+00
      0.240E+01      0.194E+00      0.129E+00      0.342E+09     -0.638E+00      0.606E+00
      0.250E+01      0.195E+00      0.114E+00      0.330E+09     -0.653E+00      0.538E+00
      0.260E+01      0.199E+00      0.103E+00      0.318E+09     -0.687E+00      0.498E+00
      0.275E+01      0.199E+00      0.930E-01      0.303E+09     -0.730E+00      0.488E+00
      0.300E+01      0.197E+00      0.917E-01      0.280E+09     -0.824E+00      0.568E+00
      0.325E+01      0.204E+00      0.124E+00      0.251E+09     -0.933E+00      0.871E+00
      0.350E+01      0.154E+00      0.758E-01      0.221E+09     -0.836E+00      0.621E+00
      0.375E+01      0.169E+00      0.836E-01      0.198E+09     -0.811E+00      0.626E+00
      0.400E+01      0.169E+00      0.821E-01      0.174E+09     -0.768E+00      0.583E+00
      0.425E+01      0.193E+00      0.977E-01      0.149E+09     -0.776E+00      0.596E+00
      0.450E+01      0.157E+00      0.102E+00      0.122E+09     -0.669E+00      0.645E+00
      0.475E+01      0.105E+00      0.719E-01      0.989E+08     -0.595E+00      0.614E+00
      0.500E+01      0.101E+00      0.652E-01      0.838E+08     -0.649E+00      0.583E+00
      0.525E+01      0.113E+00      0.756E-01      0.692E+08     -0.100E+01      0.895E+00
      0.550E+01      0.101E+00      0.819E-01      0.530E+08     -0.692E+00      0.937E+00
      0.575E+01      0.102E+00      0.895E-01      0.387E+08     -0.777E+00      0.110E+01
      0.600E+01      0.686E-01      0.598E-01      0.243E+08     -0.757E+00      0.111E+01
      0.625E+01      0.547E-01      0.425E-01      0.145E+08     -0.652E+00      0.738E+00
      0.650E+01      0.345E-01      0.265E-01      0.675E+07     -0.906E+00      0.102E+01
      0.675E+01      0.132E-01      0.123E-01      0.188E+07     -0.155E+01      0.198E+01
      0.700E+01      0.892E-04      0.112E-02      0.217E+05     -0.160E+01      0.252E+02
      0.725E+01      0.644E-04      0.672E-03      0.915E+04     -0.257E+01      0.373E+02
      0.750E+01      0.525E-06      0.402E-04      0.734E+02     -0.149E+01      0.155E+03
      0.775E+01      0.108E-10      0.504E-07      0.151E-02     -0.270E+01      0.178E+05
      0.800E+01      0.000E+00      0.552E-25      0.000E+00     -0.418E+01            NaN
      0.825E+01      0.000E+00      0.000E+00      0.000E+00     -0.990E+02     -0.990E+02
      0.850E+01      0.000E+00      0.000E+00      0.000E+00     -0.990E+02     -0.990E+02
      0.875E+01      0.000E+00      0.000E+00      0.000E+00     -0.990E+02     -0.990E+02
      0.900E+01      0.000E+00      0.000E+00      0.000E+00     -0.990E+02     -0.990E+02
      0.925E+01      0.000E+00      0.000E+00      0.000E+00     -0.990E+02     -0.990E+02
      0.950E+01      0.000E+00      0.000E+00      0.000E+00     -0.990E+02     -0.990E+02
      0.975E+01      0.000E+00      0.000E+00      0.000E+00     -0.990E+02     -0.990E+02
      0.100E+02      0.000E+00      0.000E+00      0.000E+00     -0.990E+02     -0.990E+02
      0.102E+02      0.000E+00      0.000E+00      0.000E+00     -0.990E+02     -0.990E+02
      0.105E+02      0.000E+00      0.000E+00      0.000E+00     -0.990E+02     -0.990E+02
      0.108E+02      0.000E+00      0.000E+00      0.000E+00     -0.990E+02     -0.990E+02
      0.110E+02      0.000E+00      0.000E+00      0.000E+00     -0.990E+02     -0.990E+02
      0.112E+02      0.000E+00      0.000E+00      0.000E+00     -0.990E+02     -0.990E+02
      0.115E+02      0.000E+00      0.000E+00      0.000E+00     -0.990E+02     -0.990E+02
      0.118E+02      0.000E+00      0.000E+00      0.000E+00     -0.990E+02     -0.990E+02
      0.120E+02      0.000E+00      0.000E+00      0.000E+00     -0.990E+02     -0.990E+02
      0.122E+02      0.000E+00      0.000E+00      0.000E+00     -0.990E+02     -0.990E+02
      0.125E+02      0.000E+00      0.000E+00      0.000E+00     -0.990E+02     -0.990E+02
      0.128E+02      0.000E+00      0.000E+00      0.000E+00     -0.990E+02     -0.990E+02
      0.130E+02      0.000E+00      0.000E+00      0.000E+00     -0.990E+02     -0.990E+02
      0.132E+02      0.000E+00      0.000E+00      0.000E+00     -0.990E+02     -0.990E+02
      0.135E+02      0.000E+00      0.000E+00      0.000E+00     -0.990E+02     -0.990E+02
      0.138E+02      0.000E+00      0.000E+00      0.000E+00     -0.990E+02     -0.990E+02
      0.140E+02      0.000E+00      0.000E+00      0.000E+00     -0.990E+02     -0.990E+02
      0.142E+02      0.000E+00      0.000E+00      0.000E+00     -0.990E+02     -0.990E+02
      0.145E+02      0.000E+00      0.000E+00      0.000E+00     -0.990E+02     -0.990E+02
      0.148E+02      0.000E+00      0.000E+00      0.000E+00     -0.990E+02     -0.990E+02
      0.150E+02      0.000E+00      0.000E+00      0.000E+00     -0.990E+02     -0.990E+02
      0.152E+02      0.000E+00      0.000E+00      0.000E+00     -0.990E+02     -0.990E+02
      0.155E+02      0.000E+00      0.000E+00      0.000E+00     -0.990E+02     -0.990E+02
      0.158E+02      0.000E+00      0.000E+00      0.000E+00     -0.990E+02     -0.990E+02
      0.160E+02      0.000E+00      0.000E+00      0.000E+00     -0.990E+02     -0.990E+02
      0.162E+02      0.000E+00      0.000E+00      0.000E+00     -0.990E+02     -0.990E+02
      0.165E+02      0.000E+00      0.000E+00      0.000E+00     -0.990E+02     -0.990E+02
      0.168E+02      0.000E+00      0.000E+00      0.000E+00     -0.990E+02     -0.990E+02
      0.170E+02      0.000E+00      0.000E+00      0.000E+00     -0.990E+02     -0.990E+02
      0.172E+02      0.000E+00      0.000E+00      0.000E+00     -0.990E+02     -0.990E+02
      0.175E+02      0.000E+00      0.000E+00      0.000E+00     -0.990E+02     -0.990E+02
      0.178E+02      0.000E+00      0.000E+00      0.000E+00     -0.990E+02     -0.990E+02
      0.180E+02      0.000E+00      0.000E+00      0.000E+00     -0.990E+02     -0.990E+02
      0.182E+02      0.000E+00      0.000E+00      0.000E+00     -0.990E+02     -0.990E+02
      0.185E+02      0.000E+00      0.000E+00      0.000E+00     -0.990E+02     -0.990E+02
      0.188E+02      0.000E+00      0.000E+00      0.000E+00     -0.990E+02     -0.990E+02
      0.190E+02      0.000E+00      0.000E+00      0.000E+00     -0.990E+02     -0.990E+02
      0.192E+02      0.000E+00      0.000E+00      0.000E+00     -0.990E+02     -0.990E+02
      0.195E+02      0.000E+00      0.000E+00      0.000E+00     -0.990E+02     -0.990E+02
      0.198E+02      0.000E+00      0.000E+00      0.000E+00     -0.990E+02     -0.990E+02
      0.200E+02      0.000E+00      0.000E+00      0.000E+00     -0.990E+02     -0.990E+02
