      0.000E+00      0.573E-01      0.640E-01      0.192E+09     -0.990E+02     -0.990E+02
      0.100E-03      0.573E-01      0.640E-01      0.192E+09     -0.990E+02     -0.990E+02
      0.140E-03      0.573E-01      0.640E-01      0.192E+09     -0.990E+02     -0.990E+02
      0.160E-03      0.573E-01      0.640E-01      0.192E+09     -0.990E+02     -0.990E+02
      0.180E-03      0.573E-01      0.640E-01      0.192E+09     -0.990E+02     -0.990E+02
      0.200E-03      0.573E-01      0.640E-01      0.192E+09     -0.990E+02     -0.990E+02
      0.220E-03      0.573E-01      0.640E-01      0.192E+09     -0.990E+02     -0.990E+02
      0.250E-03      0.573E-01      0.640E-01      0.192E+09     -0.990E+02     -0.990E+02
      0.280E-03      0.573E-01      0.640E-01      0.192E+09     -0.990E+02     -0.990E+02
      0.320E-03      0.573E-01      0.640E-01      0.192E+09     -0.990E+02     -0.990E+02
      0.350E-03      0.573E-01      0.640E-01      0.192E+09     -0.990E+02     -0.990E+02
      0.400E-03      0.573E-01      0.640E-01      0.192E+09     -0.990E+02     -0.990E+02
      0.450E-03      0.573E-01      0.640E-01      0.192E+09     -0.990E+02     -0.990E+02
      0.500E-03      0.573E-01      0.640E-01      0.192E+09     -0.990E+02     -0.990E+02
      0.560E-03      0.573E-01      0.640E-01      0.192E+09     -0.990E+02     -0.990E+02
      0.630E-03      0.573E-01      0.640E-01      0.192E+09     -0.990E+02     -0.990E+02
      0.710E-03      0.573E-01      0.640E-01      0.192E+09     -0.990E+02     -0.990E+02
      0.790E-03      0.573E-01      0.640E-01      0.192E+09     -0.990E+02     -0.990E+02
      0.890E-03      0.573E-01      0.640E-01      0.192E+09     -0.990E+02     -0.990E+02
      0.100E-02      0.573E-01      0.640E-01      0.192E+09     -0.990E+02     -0.990E+02
      0.105E-02      0.573E-01      0.640E-01      0.192E+09     -0.990E+02     -0.990E+02
      0.110E-02      0.573E-01      0.640E-01      0.192E+09     -0.990E+02     -0.990E+02
      0.115E-02      0.573E-01      0.640E-01      0.192E+09     -0.990E+02     -0.990E+02
      0.120E-02      0.573E-01      0.640E-01      0.192E+09     -0.990E+02     -0.990E+02
      0.126E-02      0.573E-01      0.640E-01      0.192E+09     -0.990E+02     -0.990E+02
      0.132E-02      0.573E-01      0.640E-01      0.192E+09     -0.990E+02     -0.990E+02
      0.138E-02      0.573E-01      0.640E-01      0.192E+09     -0.990E+02     -0.990E+02
      0.145E-02      0.573E-01      0.640E-01      0.192E+09     -0.990E+02     -0.990E+02
      0.151E-02      0.573E-01      0.640E-01      0.192E+09     -0.990E+02     -0.990E+02
      0.158E-02      0.573E-01      0.640E-01      0.192E+09     -0.990E+02     -0.990E+02
      0.166E-02      0.573E-01      0.640E-01      0.192E+09     -0.990E+02     -0.990E+02
      0.174E-02      0.573E-01      0.640E-01      0.192E+09     -0.990E+02     -0.990E+02
      0.182E-02      0.573E-01      0.640E-01      0.192E+09     -0.990E+02     -0.990E+02
      0.191E-02      0.573E-01      0.640E-01      0.192E+09     -0.990E+02     -0.990E+02
      0.200E-02      0.573E-01      0.640E-01      0.192E+09     -0.990E+02     -0.990E+02
      0.209E-02      0.573E-01      0.640E-01      0.192E+09     -0.990E+02     -0.990E+02
      0.219E-02      0.573E-01      0.640E-01      0.192E+09     -0.990E+02     -0.990E+02
      0.229E-02      0.573E-01      0.640E-01      0.192E+09     -0.990E+02     -0.990E+02
      0.240E-02      0.573E-01      0.640E-01      0.192E+09     -0.990E+02     -0.990E+02
      0.251E-02      0.573E-01      0.640E-01      0.192E+09     -0.990E+02     -0.990E+02
      0.263E-02      0.573E-01      0.640E-01      0.192E+09     -0.990E+02     -0.990E+02
      0.275E-02      0.573E-01      0.640E-01      0.192E+09     -0.990E+02     -0.990E+02
      0.288E-02      0.573E-01      0.640E-01      0.192E+09     -0.990E+02     -0.990E+02
      0.302E-02      0.573E-01      0.640E-01      0.192E+09     -0.990E+02     -0.990E+02
      0.316E-02      0.573E-01      0.640E-01      0.192E+09     -0.990E+02     -0.990E+02
      0.331E-02      0.573E-01      0.640E-01      0.192E+09     -0.990E+02     -0.990E+02
      0.347E-02      0.573E-01      0.640E-01      0.192E+09     -0.990E+02     -0.990E+02
      0.363E-02      0.573E-01      0.640E-01      0.192E+09     -0.990E+02     -0.990E+02
      0.380E-02      0.573E-01      0.640E-01      0.192E+09     -0.990E+02     -0.990E+02
      0.398E-02      0.573E-01      0.640E-01      0.192E+09     -0.990E+02     -0.990E+02
      0.417E-02      0.573E-01      0.640E-01      0.192E+09     -0.990E+02     -0.990E+02
      0.437E-02      0.573E-01      0.640E-01      0.192E+09     -0.990E+02     -0.990E+02
      0.457E-02      0.573E-01      0.640E-01      0.192E+09     -0.990E+02     -0.990E+02
      0.479E-02      0.573E-01      0.640E-01      0.192E+09     -0.990E+02     -0.990E+02
      0.501E-02      0.573E-01      0.640E-01      0.192E+09     -0.990E+02     -0.990E+02
      0.525E-02      0.573E-01      0.640E-01      0.192E+09     -0.990E+02     -0.990E+02
      0.550E-02      0.573E-01      0.640E-01      0.192E+09     -0.990E+02     -0.990E+02
      0.575E-02      0.573E-01      0.640E-01      0.192E+09     -0.990E+02     -0.990E+02
      0.603E-02      0.573E-01      0.640E-01      0.192E+09     -0.990E+02     -0.990E+02
      0.631E-02      0.573E-01      0.640E-01      0.192E+09     -0.990E+02     -0.990E+02
      0.661E-02      0.573E-01      0.640E-01      0.192E+09     -0.990E+02     -0.990E+02
      0.692E-02      0.573E-01      0.640E-01      0.192E+09     -0.990E+02     -0.990E+02
      0.724E-02      0.573E-01      0.640E-01      0.192E+09     -0.990E+02     -0.990E+02
      0.759E-02      0.573E-01      0.640E-01      0.192E+09     -0.990E+02     -0.990E+02
      0.794E-02      0.573E-01      0.640E-01      0.192E+09     -0.990E+02     -0.990E+02
      0.832E-02      0.573E-01      0.640E-01      0.192E+09     -0.990E+02     -0.990E+02
      0.871E-02      0.573E-01      0.640E-01      0.192E+09     -0.990E+02     -0.990E+02
      0.912E-02      0.573E-01      0.640E-01      0.192E+09     -0.990E+02     -0.990E+02
      0.955E-02      0.573E-01      0.640E-01      0.192E+09     -0.990E+02     -0.990E+02
      0.100E-01      0.573E-01      0.640E-01      0.192E+09     -0.787E+00      0.726E+00
      0.105E-01      0.878E-01      0.535E-01      0.191E+09     -0.787E+00      0.727E+00
      0.110E-01      0.875E-01      0.533E-01      0.191E+09     -0.787E+00      0.727E+00
      0.115E-01      0.873E-01      0.532E-01      0.191E+09     -0.788E+00      0.727E+00
      0.120E-01      0.874E-01      0.531E-01      0.191E+09     -0.788E+00      0.726E+00
      0.126E-01      0.877E-01      0.533E-01      0.191E+09     -0.788E+00      0.726E+00
      0.132E-01      0.882E-01      0.536E-01      0.191E+09     -0.788E+00      0.725E+00
      0.138E-01      0.881E-01      0.535E-01      0.191E+09     -0.788E+00      0.726E+00
      0.144E-01      0.875E-01      0.531E-01      0.191E+09     -0.788E+00      0.725E+00
      0.151E-01      0.879E-01      0.534E-01      0.191E+09     -0.788E+00      0.725E+00
      0.159E-01      0.883E-01      0.536E-01      0.191E+09     -0.788E+00      0.725E+00
      0.166E-01      0.884E-01      0.536E-01      0.191E+09     -0.788E+00      0.724E+00
      0.174E-01      0.887E-01      0.538E-01      0.191E+09     -0.788E+00      0.725E+00
      0.182E-01      0.892E-01      0.540E-01      0.191E+09     -0.788E+00      0.724E+00
      0.191E-01      0.893E-01      0.541E-01      0.191E+09     -0.789E+00      0.724E+00
      0.200E-01      0.891E-01      0.539E-01      0.191E+09     -0.789E+00      0.724E+00
      0.209E-01      0.892E-01      0.539E-01      0.190E+09     -0.789E+00      0.724E+00
      0.219E-01      0.894E-01      0.540E-01      0.190E+09     -0.789E+00      0.723E+00
      0.229E-01      0.897E-01      0.542E-01      0.190E+09     -0.789E+00      0.724E+00
      0.240E-01      0.901E-01      0.544E-01      0.190E+09     -0.790E+00      0.723E+00
      0.251E-01      0.904E-01      0.546E-01      0.190E+09     -0.790E+00      0.724E+00
      0.263E-01      0.905E-01      0.546E-01      0.190E+09     -0.790E+00      0.724E+00
      0.275E-01      0.907E-01      0.547E-01      0.190E+09     -0.791E+00      0.724E+00
      0.290E-01      0.909E-01      0.549E-01      0.190E+09     -0.791E+00      0.724E+00
      0.300E-01      0.913E-01      0.550E-01      0.190E+09     -0.791E+00      0.724E+00
      0.310E-01      0.915E-01      0.551E-01      0.190E+09     -0.791E+00      0.723E+00
      0.320E-01      0.916E-01      0.552E-01      0.190E+09     -0.791E+00      0.724E+00
      0.330E-01      0.919E-01      0.553E-01      0.190E+09     -0.792E+00      0.724E+00
      0.340E-01      0.921E-01      0.555E-01      0.189E+09     -0.792E+00      0.724E+00
      0.350E-01      0.922E-01      0.556E-01      0.189E+09     -0.792E+00      0.725E+00
      0.360E-01      0.925E-01      0.558E-01      0.189E+09     -0.792E+00      0.725E+00
      0.370E-01      0.926E-01      0.557E-01      0.189E+09     -0.792E+00      0.724E+00
      0.380E-01      0.927E-01      0.558E-01      0.189E+09     -0.792E+00      0.723E+00
      0.390E-01      0.928E-01      0.558E-01      0.189E+09     -0.792E+00      0.722E+00
      0.400E-01      0.930E-01      0.558E-01      0.189E+09     -0.792E+00      0.720E+00
      0.425E-01      0.932E-01      0.559E-01      0.189E+09     -0.791E+00      0.718E+00
      0.450E-01      0.936E-01      0.560E-01      0.189E+09     -0.791E+00      0.715E+00
      0.475E-01      0.939E-01      0.561E-01      0.189E+09     -0.791E+00      0.713E+00
      0.500E-01      0.942E-01      0.561E-01      0.188E+09     -0.791E+00      0.710E+00
      0.525E-01      0.946E-01      0.562E-01      0.188E+09     -0.791E+00      0.707E+00
      0.550E-01      0.949E-01      0.563E-01      0.188E+09     -0.791E+00      0.705E+00
      0.571E-01      0.953E-01      0.565E-01      0.188E+09     -0.791E+00      0.703E+00
      0.640E-01      0.963E-01      0.568E-01      0.187E+09     -0.791E+00      0.697E+00
      0.719E-01      0.974E-01      0.572E-01      0.187E+09     -0.791E+00      0.691E+00
      0.806E-01      0.987E-01      0.577E-01      0.186E+09     -0.792E+00      0.686E+00
      0.905E-01      0.100E+00      0.585E-01      0.186E+09     -0.792E+00      0.682E+00
      0.102E+00      0.102E+00      0.594E-01      0.185E+09     -0.793E+00      0.679E+00
      0.114E+00      0.103E+00      0.603E-01      0.184E+09     -0.795E+00      0.680E+00
      0.128E+00      0.105E+00      0.615E-01      0.183E+09     -0.798E+00      0.683E+00
      0.143E+00      0.107E+00      0.624E-01      0.182E+09     -0.803E+00      0.683E+00
      0.161E+00      0.108E+00      0.634E-01      0.180E+09     -0.809E+00      0.683E+00
      0.181E+00      0.111E+00      0.651E-01      0.179E+09     -0.816E+00      0.689E+00
      0.203E+00      0.113E+00      0.674E-01      0.177E+09     -0.822E+00      0.704E+00
      0.227E+00      0.112E+00      0.664E-01      0.175E+09     -0.830E+00      0.706E+00
      0.255E+00      0.109E+00      0.633E-01      0.173E+09     -0.837E+00      0.703E+00
      0.286E+00      0.104E+00      0.605E-01      0.171E+09     -0.846E+00      0.712E+00
      0.321E+00      0.103E+00      0.582E-01      0.169E+09     -0.864E+00      0.713E+00
      0.360E+00      0.103E+00      0.569E-01      0.166E+09     -0.886E+00      0.727E+00
      0.404E+00      0.101E+00      0.557E-01      0.163E+09     -0.905E+00      0.738E+00
      0.453E+00      0.986E-01      0.549E-01      0.160E+09     -0.920E+00      0.750E+00
      0.509E+00      0.978E-01      0.560E-01      0.156E+09     -0.923E+00      0.765E+00
      0.571E+00      0.957E-01      0.573E-01      0.152E+09     -0.924E+00      0.799E+00
      0.641E+00      0.882E-01      0.530E-01      0.148E+09     -0.927E+00      0.818E+00
      0.719E+00      0.811E-01      0.502E-01      0.144E+09     -0.939E+00      0.866E+00
      0.806E+00      0.761E-01      0.505E-01      0.139E+09     -0.955E+00      0.955E+00
      0.905E+00      0.736E-01      0.494E-01      0.135E+09     -0.958E+00      0.967E+00
      0.102E+01      0.731E-01      0.608E-01      0.130E+09     -0.967E+00      0.124E+01
      0.114E+01      0.688E-01      0.544E-01      0.124E+09     -0.952E+00      0.116E+01
      0.128E+01      0.635E-01      0.477E-01      0.118E+09     -0.917E+00      0.101E+01
      0.143E+01      0.604E-01      0.399E-01      0.112E+09     -0.888E+00      0.857E+00
      0.161E+01      0.618E-01      0.385E-01      0.106E+09     -0.859E+00      0.774E+00
      0.168E+01      0.654E-01      0.423E-01      0.101E+09     -0.858E+00      0.792E+00
      0.170E+01      0.664E-01      0.439E-01      0.995E+08     -0.858E+00      0.808E+00
      0.180E+01      0.706E-01      0.529E-01      0.970E+08     -0.856E+00      0.898E+00
      0.190E+01      0.668E-01      0.472E-01      0.927E+08     -0.861E+00      0.834E+00
      0.200E+01      0.602E-01      0.388E-01      0.886E+08     -0.889E+00      0.806E+00
      0.210E+01      0.543E-01      0.336E-01      0.849E+08     -0.909E+00      0.801E+00
      0.220E+01      0.516E-01      0.310E-01      0.817E+08     -0.894E+00      0.761E+00
      0.230E+01      0.510E-01      0.302E-01      0.785E+08     -0.877E+00      0.732E+00
      0.240E+01      0.521E-01      0.321E-01      0.755E+08     -0.872E+00      0.765E+00
      0.250E+01      0.553E-01      0.363E-01      0.723E+08     -0.890E+00      0.849E+00
      0.260E+01      0.620E-01      0.405E-01      0.690E+08     -0.939E+00      0.891E+00
      0.275E+01      0.678E-01      0.445E-01      0.644E+08     -0.957E+00      0.922E+00
      0.300E+01      0.460E-01      0.279E-01      0.564E+08     -0.853E+00      0.704E+00
      0.325E+01      0.463E-01      0.286E-01      0.496E+08     -0.932E+00      0.820E+00
      0.350E+01      0.549E-01      0.276E-01      0.428E+08     -0.961E+00      0.673E+00
      0.375E+01      0.540E-01      0.291E-01      0.348E+08     -0.955E+00      0.706E+00
      0.400E+01      0.478E-01      0.272E-01      0.270E+08     -0.929E+00      0.702E+00
      0.425E+01      0.421E-01      0.247E-01      0.200E+08     -0.891E+00      0.741E+00
      0.450E+01      0.396E-01      0.194E-01      0.140E+08     -0.111E+01      0.754E+00
      0.475E+01      0.237E-01      0.162E-01      0.830E+07     -0.127E+01      0.109E+01
      0.500E+01      0.148E-01      0.164E-01      0.491E+07     -0.106E+01      0.161E+01
      0.525E+01      0.970E-02      0.134E-01      0.280E+07     -0.111E+01      0.215E+01
      0.550E+01      0.728E-02      0.104E-01      0.142E+07     -0.130E+01      0.242E+01
      0.575E+01      0.214E-02      0.427E-02      0.385E+06     -0.138E+01      0.357E+01
      0.600E+01      0.471E-03      0.183E-02      0.801E+05     -0.130E+01      0.662E+01
      0.625E+01      0.611E-04      0.874E-03      0.133E+05     -0.110E+01      0.222E+02
      0.650E+01      0.271E-04      0.492E-03      0.473E+04     -0.107E+01      0.287E+02
      0.675E+01      0.570E-05      0.156E-03      0.909E+03     -0.190E+01      0.727E+02
      0.700E+01      0.740E-06      0.314E-04      0.105E+03     -0.177E+01      0.965E+02
      0.725E+01      0.650E-08      0.196E-05      0.908E+00     -0.150E+01      0.603E+03
      0.750E+01      0.644E-21      0.277E-12      0.906E-13     -0.170E+01      0.864E+09
      0.775E+01      0.000E+00      0.000E+00      0.000E+00     -0.990E+02     -0.990E+02
      0.800E+01      0.000E+00      0.000E+00      0.000E+00     -0.990E+02     -0.990E+02
      0.825E+01      0.000E+00      0.000E+00      0.000E+00     -0.990E+02     -0.990E+02
      0.850E+01      0.000E+00      0.000E+00      0.000E+00     -0.990E+02     -0.990E+02
      0.875E+01      0.000E+00      0.000E+00      0.000E+00     -0.990E+02     -0.990E+02
      0.900E+01      0.000E+00      0.000E+00      0.000E+00     -0.990E+02     -0.990E+02
      0.925E+01      0.000E+00      0.000E+00      0.000E+00     -0.990E+02     -0.990E+02
      0.950E+01      0.000E+00      0.000E+00      0.000E+00     -0.990E+02     -0.990E+02
      0.975E+01      0.000E+00      0.000E+00      0.000E+00     -0.990E+02     -0.990E+02
      0.100E+02      0.000E+00      0.000E+00      0.000E+00     -0.990E+02     -0.990E+02
      0.102E+02      0.000E+00      0.000E+00      0.000E+00     -0.990E+02     -0.990E+02
      0.105E+02      0.000E+00      0.000E+00      0.000E+00     -0.990E+02     -0.990E+02
      0.108E+02      0.000E+00      0.000E+00      0.000E+00     -0.990E+02     -0.990E+02
      0.110E+02      0.000E+00      0.000E+00      0.000E+00     -0.990E+02     -0.990E+02
      0.112E+02      0.000E+00      0.000E+00      0.000E+00     -0.990E+02     -0.990E+02
      0.115E+02      0.000E+00      0.000E+00      0.000E+00     -0.990E+02     -0.990E+02
      0.118E+02      0.000E+00      0.000E+00      0.000E+00     -0.990E+02     -0.990E+02
      0.120E+02      0.000E+00      0.000E+00      0.000E+00     -0.990E+02     -0.990E+02
      0.122E+02      0.000E+00      0.000E+00      0.000E+00     -0.990E+02     -0.990E+02
      0.125E+02      0.000E+00      0.000E+00      0.000E+00     -0.990E+02     -0.990E+02
      0.128E+02      0.000E+00      0.000E+00      0.000E+00     -0.990E+02     -0.990E+02
      0.130E+02      0.000E+00      0.000E+00      0.000E+00     -0.990E+02     -0.990E+02
      0.132E+02      0.000E+00      0.000E+00      0.000E+00     -0.990E+02     -0.990E+02
      0.135E+02      0.000E+00      0.000E+00      0.000E+00     -0.990E+02     -0.990E+02
      0.138E+02      0.000E+00      0.000E+00      0.000E+00     -0.990E+02     -0.990E+02
      0.140E+02      0.000E+00      0.000E+00      0.000E+00     -0.990E+02     -0.990E+02
      0.142E+02      0.000E+00      0.000E+00      0.000E+00     -0.990E+02     -0.990E+02
      0.145E+02      0.000E+00      0.000E+00      0.000E+00     -0.990E+02     -0.990E+02
      0.148E+02      0.000E+00      0.000E+00      0.000E+00     -0.990E+02     -0.990E+02
      0.150E+02      0.000E+00      0.000E+00      0.000E+00     -0.990E+02     -0.990E+02
      0.152E+02      0.000E+00      0.000E+00      0.000E+00     -0.990E+02     -0.990E+02
      0.155E+02      0.000E+00      0.000E+00      0.000E+00     -0.990E+02     -0.990E+02
      0.158E+02      0.000E+00      0.000E+00      0.000E+00     -0.990E+02     -0.990E+02
      0.160E+02      0.000E+00      0.000E+00      0.000E+00     -0.990E+02     -0.990E+02
      0.162E+02      0.000E+00      0.000E+00      0.000E+00     -0.990E+02     -0.990E+02
      0.165E+02      0.000E+00      0.000E+00      0.000E+00     -0.990E+02     -0.990E+02
      0.168E+02      0.000E+00      0.000E+00      0.000E+00     -0.990E+02     -0.990E+02
      0.170E+02      0.000E+00      0.000E+00      0.000E+00     -0.990E+02     -0.990E+02
      0.172E+02      0.000E+00      0.000E+00      0.000E+00     -0.990E+02     -0.990E+02
      0.175E+02      0.000E+00      0.000E+00      0.000E+00     -0.990E+02     -0.990E+02
      0.178E+02      0.000E+00      0.000E+00      0.000E+00     -0.990E+02     -0.990E+02
      0.180E+02      0.000E+00      0.000E+00      0.000E+00     -0.990E+02     -0.990E+02
      0.182E+02      0.000E+00      0.000E+00      0.000E+00     -0.990E+02     -0.990E+02
      0.185E+02      0.000E+00      0.000E+00      0.000E+00     -0.990E+02     -0.990E+02
      0.188E+02      0.000E+00      0.000E+00      0.000E+00     -0.990E+02     -0.990E+02
      0.190E+02      0.000E+00      0.000E+00      0.000E+00     -0.990E+02     -0.990E+02
      0.192E+02      0.000E+00      0.000E+00      0.000E+00     -0.990E+02     -0.990E+02
      0.195E+02      0.000E+00      0.000E+00      0.000E+00     -0.990E+02     -0.990E+02
      0.198E+02      0.000E+00      0.000E+00      0.000E+00     -0.990E+02     -0.990E+02
      0.200E+02      0.000E+00      0.000E+00      0.000E+00     -0.990E+02     -0.990E+02
