      0.000E+00      0.102E+02      0.290E+00      0.644E+10     -0.990E+02     -0.990E+02
      0.100E-03      0.102E+02      0.290E+00      0.644E+10     -0.990E+02     -0.990E+02
      0.140E-03      0.102E+02      0.290E+00      0.644E+10     -0.990E+02     -0.990E+02
      0.160E-03      0.102E+02      0.290E+00      0.644E+10     -0.990E+02     -0.990E+02
      0.180E-03      0.102E+02      0.290E+00      0.644E+10     -0.990E+02     -0.990E+02
      0.200E-03      0.102E+02      0.290E+00      0.644E+10     -0.990E+02     -0.990E+02
      0.220E-03      0.102E+02      0.290E+00      0.644E+10     -0.990E+02     -0.990E+02
      0.250E-03      0.102E+02      0.290E+00      0.644E+10     -0.990E+02     -0.990E+02
      0.280E-03      0.102E+02      0.290E+00      0.644E+10     -0.990E+02     -0.990E+02
      0.320E-03      0.102E+02      0.290E+00      0.644E+10     -0.990E+02     -0.990E+02
      0.350E-03      0.102E+02      0.290E+00      0.644E+10     -0.990E+02     -0.990E+02
      0.400E-03      0.102E+02      0.290E+00      0.644E+10     -0.990E+02     -0.990E+02
      0.450E-03      0.102E+02      0.290E+00      0.644E+10     -0.990E+02     -0.990E+02
      0.500E-03      0.102E+02      0.290E+00      0.644E+10     -0.990E+02     -0.990E+02
      0.560E-03      0.102E+02      0.290E+00      0.644E+10     -0.990E+02     -0.990E+02
      0.630E-03      0.102E+02      0.290E+00      0.644E+10     -0.990E+02     -0.990E+02
      0.710E-03      0.102E+02      0.290E+00      0.644E+10     -0.990E+02     -0.990E+02
      0.790E-03      0.102E+02      0.290E+00      0.644E+10     -0.990E+02     -0.990E+02
      0.890E-03      0.102E+02      0.290E+00      0.644E+10     -0.990E+02     -0.990E+02
      0.100E-02      0.102E+02      0.290E+00      0.644E+10     -0.990E+02     -0.990E+02
      0.105E-02      0.102E+02      0.290E+00      0.644E+10     -0.990E+02     -0.990E+02
      0.110E-02      0.102E+02      0.290E+00      0.644E+10     -0.990E+02     -0.990E+02
      0.115E-02      0.102E+02      0.290E+00      0.644E+10     -0.990E+02     -0.990E+02
      0.120E-02      0.102E+02      0.290E+00      0.644E+10     -0.990E+02     -0.990E+02
      0.126E-02      0.102E+02      0.290E+00      0.644E+10     -0.990E+02     -0.990E+02
      0.132E-02      0.102E+02      0.290E+00      0.644E+10     -0.990E+02     -0.990E+02
      0.138E-02      0.102E+02      0.290E+00      0.644E+10     -0.990E+02     -0.990E+02
      0.145E-02      0.102E+02      0.290E+00      0.644E+10     -0.990E+02     -0.990E+02
      0.151E-02      0.102E+02      0.290E+00      0.644E+10     -0.990E+02     -0.990E+02
      0.158E-02      0.102E+02      0.290E+00      0.644E+10     -0.990E+02     -0.990E+02
      0.166E-02      0.102E+02      0.290E+00      0.644E+10     -0.990E+02     -0.990E+02
      0.174E-02      0.102E+02      0.290E+00      0.644E+10     -0.990E+02     -0.990E+02
      0.182E-02      0.102E+02      0.290E+00      0.644E+10     -0.990E+02     -0.990E+02
      0.191E-02      0.102E+02      0.290E+00      0.644E+10     -0.990E+02     -0.990E+02
      0.200E-02      0.102E+02      0.290E+00      0.644E+10     -0.990E+02     -0.990E+02
      0.209E-02      0.102E+02      0.290E+00      0.644E+10     -0.990E+02     -0.990E+02
      0.219E-02      0.102E+02      0.290E+00      0.644E+10     -0.990E+02     -0.990E+02
      0.229E-02      0.102E+02      0.290E+00      0.644E+10     -0.990E+02     -0.990E+02
      0.240E-02      0.102E+02      0.290E+00      0.644E+10     -0.990E+02     -0.990E+02
      0.251E-02      0.102E+02      0.290E+00      0.644E+10     -0.990E+02     -0.990E+02
      0.263E-02      0.102E+02      0.290E+00      0.644E+10     -0.990E+02     -0.990E+02
      0.275E-02      0.102E+02      0.290E+00      0.644E+10     -0.990E+02     -0.990E+02
      0.288E-02      0.102E+02      0.290E+00      0.644E+10     -0.990E+02     -0.990E+02
      0.302E-02      0.102E+02      0.290E+00      0.644E+10     -0.990E+02     -0.990E+02
      0.316E-02      0.102E+02      0.290E+00      0.644E+10     -0.990E+02     -0.990E+02
      0.331E-02      0.102E+02      0.290E+00      0.644E+10     -0.990E+02     -0.990E+02
      0.347E-02      0.102E+02      0.290E+00      0.644E+10     -0.990E+02     -0.990E+02
      0.363E-02      0.102E+02      0.290E+00      0.644E+10     -0.990E+02     -0.990E+02
      0.380E-02      0.102E+02      0.290E+00      0.644E+10     -0.990E+02     -0.990E+02
      0.398E-02      0.102E+02      0.290E+00      0.644E+10     -0.990E+02     -0.990E+02
      0.417E-02      0.102E+02      0.290E+00      0.644E+10     -0.990E+02     -0.990E+02
      0.437E-02      0.102E+02      0.290E+00      0.644E+10     -0.990E+02     -0.990E+02
      0.457E-02      0.102E+02      0.290E+00      0.644E+10     -0.990E+02     -0.990E+02
      0.479E-02      0.102E+02      0.290E+00      0.644E+10     -0.990E+02     -0.990E+02
      0.501E-02      0.102E+02      0.290E+00      0.644E+10     -0.990E+02     -0.990E+02
      0.525E-02      0.102E+02      0.290E+00      0.644E+10     -0.990E+02     -0.990E+02
      0.550E-02      0.102E+02      0.290E+00      0.644E+10     -0.990E+02     -0.990E+02
      0.575E-02      0.102E+02      0.290E+00      0.644E+10     -0.990E+02     -0.990E+02
      0.603E-02      0.102E+02      0.290E+00      0.644E+10     -0.990E+02     -0.990E+02
      0.631E-02      0.102E+02      0.290E+00      0.644E+10     -0.990E+02     -0.990E+02
      0.661E-02      0.102E+02      0.290E+00      0.644E+10     -0.990E+02     -0.990E+02
      0.692E-02      0.102E+02      0.290E+00      0.644E+10     -0.990E+02     -0.990E+02
      0.724E-02      0.102E+02      0.290E+00      0.644E+10     -0.990E+02     -0.990E+02
      0.759E-02      0.102E+02      0.290E+00      0.644E+10     -0.990E+02     -0.990E+02
      0.794E-02      0.102E+02      0.290E+00      0.644E+10     -0.990E+02     -0.990E+02
      0.832E-02      0.102E+02      0.290E+00      0.644E+10     -0.990E+02     -0.990E+02
      0.871E-02      0.102E+02      0.290E+00      0.644E+10     -0.990E+02     -0.990E+02
      0.912E-02      0.102E+02      0.290E+00      0.644E+10     -0.990E+02     -0.990E+02
      0.955E-02      0.102E+02      0.290E+00      0.644E+10     -0.990E+02     -0.990E+02
      0.100E-01      0.102E+02      0.290E+00      0.644E+10     -0.411E+01      0.964E+00
      0.105E-01      0.632E+02      0.107E+02      0.631E+10     -0.411E+01      0.964E+00
      0.110E-01      0.628E+02      0.106E+02      0.628E+10     -0.411E+01      0.964E+00
      0.115E-01      0.626E+02      0.106E+02      0.626E+10     -0.411E+01      0.964E+00
      0.120E-01      0.623E+02      0.105E+02      0.623E+10     -0.411E+01      0.964E+00
      0.126E-01      0.622E+02      0.105E+02      0.620E+10     -0.411E+01      0.964E+00
      0.132E-01      0.625E+02      0.106E+02      0.617E+10     -0.411E+01      0.964E+00
      0.138E-01      0.621E+02      0.105E+02      0.613E+10     -0.411E+01      0.964E+00
      0.144E-01      0.615E+02      0.104E+02      0.610E+10     -0.411E+01      0.964E+00
      0.151E-01      0.614E+02      0.104E+02      0.606E+10     -0.411E+01      0.964E+00
      0.159E-01      0.615E+02      0.104E+02      0.603E+10     -0.411E+01      0.964E+00
      0.166E-01      0.613E+02      0.104E+02      0.599E+10     -0.411E+01      0.964E+00
      0.174E-01      0.612E+02      0.103E+02      0.595E+10     -0.411E+01      0.964E+00
      0.182E-01      0.612E+02      0.103E+02      0.591E+10     -0.411E+01      0.964E+00
      0.191E-01      0.609E+02      0.103E+02      0.586E+10     -0.411E+01      0.964E+00
      0.200E-01      0.604E+02      0.102E+02      0.582E+10     -0.411E+01      0.963E+00
      0.209E-01      0.601E+02      0.101E+02      0.577E+10     -0.411E+01      0.963E+00
      0.219E-01      0.598E+02      0.101E+02      0.572E+10     -0.411E+01      0.964E+00
      0.229E-01      0.597E+02      0.101E+02      0.567E+10     -0.411E+01      0.964E+00
      0.240E-01      0.594E+02      0.100E+02      0.562E+10     -0.411E+01      0.963E+00
      0.251E-01      0.592E+02      0.100E+02      0.557E+10     -0.411E+01      0.963E+00
      0.263E-01      0.589E+02      0.995E+01      0.551E+10     -0.411E+01      0.963E+00
      0.275E-01      0.584E+02      0.987E+01      0.545E+10     -0.411E+01      0.963E+00
      0.290E-01      0.581E+02      0.981E+01      0.539E+10     -0.411E+01      0.963E+00
      0.300E-01      0.578E+02      0.977E+01      0.533E+10     -0.411E+01      0.963E+00
      0.310E-01      0.576E+02      0.973E+01      0.528E+10     -0.411E+01      0.963E+00
      0.320E-01      0.573E+02      0.968E+01      0.524E+10     -0.411E+01      0.964E+00
      0.330E-01      0.571E+02      0.965E+01      0.519E+10     -0.411E+01      0.963E+00
      0.340E-01      0.569E+02      0.961E+01      0.515E+10     -0.411E+01      0.963E+00
      0.350E-01      0.566E+02      0.956E+01      0.510E+10     -0.411E+01      0.963E+00
      0.360E-01      0.564E+02      0.952E+01      0.506E+10     -0.411E+01      0.963E+00
      0.370E-01      0.561E+02      0.948E+01      0.501E+10     -0.411E+01      0.963E+00
      0.380E-01      0.558E+02      0.943E+01      0.497E+10     -0.411E+01      0.963E+00
      0.390E-01      0.556E+02      0.939E+01      0.492E+10     -0.411E+01      0.963E+00
      0.400E-01      0.552E+02      0.932E+01      0.488E+10     -0.411E+01      0.963E+00
      0.425E-01      0.548E+02      0.925E+01      0.480E+10     -0.411E+01      0.963E+00
      0.450E-01      0.541E+02      0.914E+01      0.469E+10     -0.411E+01      0.963E+00
      0.475E-01      0.534E+02      0.903E+01      0.459E+10     -0.411E+01      0.963E+00
      0.500E-01      0.527E+02      0.891E+01      0.448E+10     -0.411E+01      0.963E+00
      0.525E-01      0.521E+02      0.880E+01      0.438E+10     -0.411E+01      0.963E+00
      0.550E-01      0.515E+02      0.870E+01      0.428E+10     -0.411E+01      0.963E+00
      0.571E-01      0.509E+02      0.860E+01      0.419E+10     -0.411E+01      0.963E+00
      0.640E-01      0.491E+02      0.830E+01      0.401E+10     -0.411E+01      0.963E+00
      0.719E-01      0.471E+02      0.796E+01      0.374E+10     -0.411E+01      0.963E+00
      0.806E-01      0.449E+02      0.758E+01      0.344E+10     -0.411E+01      0.963E+00
      0.905E-01      0.423E+02      0.716E+01      0.313E+10     -0.411E+01      0.964E+00
      0.102E+00      0.395E+02      0.668E+01      0.280E+10     -0.411E+01      0.964E+00
      0.114E+00      0.363E+02      0.614E+01      0.246E+10     -0.410E+01      0.964E+00
      0.128E+00      0.327E+02      0.555E+01      0.212E+10     -0.410E+01      0.965E+00
      0.143E+00      0.287E+02      0.488E+01      0.177E+10     -0.410E+01      0.966E+00
      0.161E+00      0.241E+02      0.414E+01      0.143E+10     -0.410E+01      0.969E+00
      0.181E+00      0.191E+02      0.333E+01      0.112E+10     -0.409E+01      0.977E+00
      0.203E+00      0.134E+02      0.245E+01      0.838E+09     -0.408E+01      0.100E+01
      0.227E+00      0.703E+01      0.160E+01      0.619E+09     -0.404E+01      0.114E+01
      0.255E+00      0.562E+01      0.137E+01      0.491E+09     -0.403E+01      0.120E+01
      0.286E+00      0.485E+01      0.118E+01      0.377E+09     -0.403E+01      0.120E+01
      0.321E+00      0.396E+01      0.972E+00      0.268E+09     -0.403E+01      0.120E+01
      0.360E+00      0.300E+01      0.738E+00      0.168E+09     -0.403E+01      0.120E+01
      0.404E+00      0.191E+01      0.474E+00      0.834E+08     -0.403E+01      0.121E+01
      0.453E+00      0.674E+00      0.184E+00      0.237E+08     -0.402E+01      0.129E+01
      0.509E+00      0.118E-02      0.650E-01      0.140E+06     -0.146E+00      0.128E+02
      0.571E+00      0.922E-03      0.494E-01      0.922E+05     -0.169E+00      0.139E+02
      0.641E+00      0.627E-03      0.338E-01      0.508E+05     -0.204E+00      0.168E+02
      0.719E+00      0.266E-03      0.163E-01      0.194E+05     -0.221E+00      0.214E+02
      0.806E+00      0.734E-04      0.638E-02      0.457E+04     -0.257E+00      0.332E+02
      0.905E+00      0.378E-06      0.407E-04      0.257E+02     -0.117E+01      0.175E+03
      0.102E+01      0.843E-15      0.519E-08      0.763E-07     -0.423E+01      0.368E+08
      0.114E+01      0.178E-15      0.109E-08      0.145E-07     -0.423E+01      0.369E+08
      0.128E+01      0.168E-20      0.190E-10      0.169E-12     -0.783E+00       Infinity
      0.143E+01      0.112E-21      0.127E-11      0.116E-13     -0.782E+00       Infinity
      0.161E+01      0.000E+00      0.000E+00      0.000E+00     -0.990E+02     -0.990E+02
      0.168E+01      0.000E+00      0.000E+00      0.000E+00     -0.990E+02     -0.990E+02
      0.170E+01      0.000E+00      0.000E+00      0.000E+00     -0.990E+02     -0.990E+02
      0.180E+01      0.000E+00      0.000E+00      0.000E+00     -0.990E+02     -0.990E+02
      0.190E+01      0.000E+00      0.000E+00      0.000E+00     -0.990E+02     -0.990E+02
      0.200E+01      0.000E+00      0.000E+00      0.000E+00     -0.990E+02     -0.990E+02
      0.210E+01      0.000E+00      0.000E+00      0.000E+00     -0.990E+02     -0.990E+02
      0.220E+01      0.000E+00      0.000E+00      0.000E+00     -0.990E+02     -0.990E+02
      0.230E+01      0.000E+00      0.000E+00      0.000E+00     -0.990E+02     -0.990E+02
      0.240E+01      0.000E+00      0.000E+00      0.000E+00     -0.990E+02     -0.990E+02
      0.250E+01      0.000E+00      0.000E+00      0.000E+00     -0.990E+02     -0.990E+02
      0.260E+01      0.000E+00      0.000E+00      0.000E+00     -0.990E+02     -0.990E+02
      0.275E+01      0.000E+00      0.000E+00      0.000E+00     -0.990E+02     -0.990E+02
      0.300E+01      0.000E+00      0.000E+00      0.000E+00     -0.990E+02     -0.990E+02
      0.325E+01      0.000E+00      0.000E+00      0.000E+00     -0.990E+02     -0.990E+02
      0.350E+01      0.000E+00      0.000E+00      0.000E+00     -0.990E+02     -0.990E+02
      0.375E+01      0.000E+00      0.000E+00      0.000E+00     -0.990E+02     -0.990E+02
      0.400E+01      0.000E+00      0.000E+00      0.000E+00     -0.990E+02     -0.990E+02
      0.425E+01      0.000E+00      0.000E+00      0.000E+00     -0.990E+02     -0.990E+02
      0.450E+01      0.000E+00      0.000E+00      0.000E+00     -0.990E+02     -0.990E+02
      0.475E+01      0.000E+00      0.000E+00      0.000E+00     -0.990E+02     -0.990E+02
      0.500E+01      0.000E+00      0.000E+00      0.000E+00     -0.990E+02     -0.990E+02
      0.525E+01      0.000E+00      0.000E+00      0.000E+00     -0.990E+02     -0.990E+02
      0.550E+01      0.000E+00      0.000E+00      0.000E+00     -0.990E+02     -0.990E+02
      0.575E+01      0.000E+00      0.000E+00      0.000E+00     -0.990E+02     -0.990E+02
      0.600E+01      0.000E+00      0.000E+00      0.000E+00     -0.990E+02     -0.990E+02
      0.625E+01      0.000E+00      0.000E+00      0.000E+00     -0.990E+02     -0.990E+02
      0.650E+01      0.000E+00      0.000E+00      0.000E+00     -0.990E+02     -0.990E+02
      0.675E+01      0.000E+00      0.000E+00      0.000E+00     -0.990E+02     -0.990E+02
      0.700E+01      0.000E+00      0.000E+00      0.000E+00     -0.990E+02     -0.990E+02
      0.725E+01      0.000E+00      0.000E+00      0.000E+00     -0.990E+02     -0.990E+02
      0.750E+01      0.000E+00      0.000E+00      0.000E+00     -0.990E+02     -0.990E+02
      0.775E+01      0.000E+00      0.000E+00      0.000E+00     -0.990E+02     -0.990E+02
      0.800E+01      0.000E+00      0.000E+00      0.000E+00     -0.990E+02     -0.990E+02
      0.825E+01      0.000E+00      0.000E+00      0.000E+00     -0.990E+02     -0.990E+02
      0.850E+01      0.000E+00      0.000E+00      0.000E+00     -0.990E+02     -0.990E+02
      0.875E+01      0.000E+00      0.000E+00      0.000E+00     -0.990E+02     -0.990E+02
      0.900E+01      0.000E+00      0.000E+00      0.000E+00     -0.990E+02     -0.990E+02
      0.925E+01      0.000E+00      0.000E+00      0.000E+00     -0.990E+02     -0.990E+02
      0.950E+01      0.000E+00      0.000E+00      0.000E+00     -0.990E+02     -0.990E+02
      0.975E+01      0.000E+00      0.000E+00      0.000E+00     -0.990E+02     -0.990E+02
      0.100E+02      0.000E+00      0.000E+00      0.000E+00     -0.990E+02     -0.990E+02
      0.102E+02      0.000E+00      0.000E+00      0.000E+00     -0.990E+02     -0.990E+02
      0.105E+02      0.000E+00      0.000E+00      0.000E+00     -0.990E+02     -0.990E+02
      0.108E+02      0.000E+00      0.000E+00      0.000E+00     -0.990E+02     -0.990E+02
      0.110E+02      0.000E+00      0.000E+00      0.000E+00     -0.990E+02     -0.990E+02
      0.112E+02      0.000E+00      0.000E+00      0.000E+00     -0.990E+02     -0.990E+02
      0.115E+02      0.000E+00      0.000E+00      0.000E+00     -0.990E+02     -0.990E+02
      0.118E+02      0.000E+00      0.000E+00      0.000E+00     -0.990E+02     -0.990E+02
      0.120E+02      0.000E+00      0.000E+00      0.000E+00     -0.990E+02     -0.990E+02
      0.122E+02      0.000E+00      0.000E+00      0.000E+00     -0.990E+02     -0.990E+02
      0.125E+02      0.000E+00      0.000E+00      0.000E+00     -0.990E+02     -0.990E+02
      0.128E+02      0.000E+00      0.000E+00      0.000E+00     -0.990E+02     -0.990E+02
      0.130E+02      0.000E+00      0.000E+00      0.000E+00     -0.990E+02     -0.990E+02
      0.132E+02      0.000E+00      0.000E+00      0.000E+00     -0.990E+02     -0.990E+02
      0.135E+02      0.000E+00      0.000E+00      0.000E+00     -0.990E+02     -0.990E+02
      0.138E+02      0.000E+00      0.000E+00      0.000E+00     -0.990E+02     -0.990E+02
      0.140E+02      0.000E+00      0.000E+00      0.000E+00     -0.990E+02     -0.990E+02
      0.142E+02      0.000E+00      0.000E+00      0.000E+00     -0.990E+02     -0.990E+02
      0.145E+02      0.000E+00      0.000E+00      0.000E+00     -0.990E+02     -0.990E+02
      0.148E+02      0.000E+00      0.000E+00      0.000E+00     -0.990E+02     -0.990E+02
      0.150E+02      0.000E+00      0.000E+00      0.000E+00     -0.990E+02     -0.990E+02
      0.152E+02      0.000E+00      0.000E+00      0.000E+00     -0.990E+02     -0.990E+02
      0.155E+02      0.000E+00      0.000E+00      0.000E+00     -0.990E+02     -0.990E+02
      0.158E+02      0.000E+00      0.000E+00      0.000E+00     -0.990E+02     -0.990E+02
      0.160E+02      0.000E+00      0.000E+00      0.000E+00     -0.990E+02     -0.990E+02
      0.162E+02      0.000E+00      0.000E+00      0.000E+00     -0.990E+02     -0.990E+02
      0.165E+02      0.000E+00      0.000E+00      0.000E+00     -0.990E+02     -0.990E+02
      0.168E+02      0.000E+00      0.000E+00      0.000E+00     -0.990E+02     -0.990E+02
      0.170E+02      0.000E+00      0.000E+00      0.000E+00     -0.990E+02     -0.990E+02
      0.172E+02      0.000E+00      0.000E+00      0.000E+00     -0.990E+02     -0.990E+02
      0.175E+02      0.000E+00      0.000E+00      0.000E+00     -0.990E+02     -0.990E+02
      0.178E+02      0.000E+00      0.000E+00      0.000E+00     -0.990E+02     -0.990E+02
      0.180E+02      0.000E+00      0.000E+00      0.000E+00     -0.990E+02     -0.990E+02
      0.182E+02      0.000E+00      0.000E+00      0.000E+00     -0.990E+02     -0.990E+02
      0.185E+02      0.000E+00      0.000E+00      0.000E+00     -0.990E+02     -0.990E+02
      0.188E+02      0.000E+00      0.000E+00      0.000E+00     -0.990E+02     -0.990E+02
      0.190E+02      0.000E+00      0.000E+00      0.000E+00     -0.990E+02     -0.990E+02
      0.192E+02      0.000E+00      0.000E+00      0.000E+00     -0.990E+02     -0.990E+02
      0.195E+02      0.000E+00      0.000E+00      0.000E+00     -0.990E+02     -0.990E+02
      0.198E+02      0.000E+00      0.000E+00      0.000E+00     -0.990E+02     -0.990E+02
      0.200E+02      0.000E+00      0.000E+00      0.000E+00     -0.990E+02     -0.990E+02
