      0.000E+00      0.120E+02      0.348E+00      0.425E+10     -0.990E+02     -0.990E+02
      0.100E-03      0.120E+02      0.348E+00      0.425E+10     -0.990E+02     -0.990E+02
      0.140E-03      0.120E+02      0.348E+00      0.425E+10     -0.990E+02     -0.990E+02
      0.160E-03      0.120E+02      0.348E+00      0.425E+10     -0.990E+02     -0.990E+02
      0.180E-03      0.120E+02      0.348E+00      0.425E+10     -0.990E+02     -0.990E+02
      0.200E-03      0.120E+02      0.348E+00      0.425E+10     -0.990E+02     -0.990E+02
      0.220E-03      0.120E+02      0.348E+00      0.425E+10     -0.990E+02     -0.990E+02
      0.250E-03      0.120E+02      0.348E+00      0.425E+10     -0.990E+02     -0.990E+02
      0.280E-03      0.120E+02      0.348E+00      0.425E+10     -0.990E+02     -0.990E+02
      0.320E-03      0.120E+02      0.348E+00      0.425E+10     -0.990E+02     -0.990E+02
      0.350E-03      0.120E+02      0.348E+00      0.425E+10     -0.990E+02     -0.990E+02
      0.400E-03      0.120E+02      0.348E+00      0.425E+10     -0.990E+02     -0.990E+02
      0.450E-03      0.120E+02      0.348E+00      0.425E+10     -0.990E+02     -0.990E+02
      0.500E-03      0.120E+02      0.348E+00      0.425E+10     -0.990E+02     -0.990E+02
      0.560E-03      0.120E+02      0.348E+00      0.425E+10     -0.990E+02     -0.990E+02
      0.630E-03      0.120E+02      0.348E+00      0.425E+10     -0.990E+02     -0.990E+02
      0.710E-03      0.120E+02      0.348E+00      0.425E+10     -0.990E+02     -0.990E+02
      0.790E-03      0.120E+02      0.348E+00      0.425E+10     -0.990E+02     -0.990E+02
      0.890E-03      0.120E+02      0.348E+00      0.425E+10     -0.990E+02     -0.990E+02
      0.100E-02      0.120E+02      0.348E+00      0.425E+10     -0.990E+02     -0.990E+02
      0.105E-02      0.120E+02      0.348E+00      0.425E+10     -0.990E+02     -0.990E+02
      0.110E-02      0.120E+02      0.348E+00      0.425E+10     -0.990E+02     -0.990E+02
      0.115E-02      0.120E+02      0.348E+00      0.425E+10     -0.990E+02     -0.990E+02
      0.120E-02      0.120E+02      0.348E+00      0.425E+10     -0.990E+02     -0.990E+02
      0.126E-02      0.120E+02      0.348E+00      0.425E+10     -0.990E+02     -0.990E+02
      0.132E-02      0.120E+02      0.348E+00      0.425E+10     -0.990E+02     -0.990E+02
      0.138E-02      0.120E+02      0.348E+00      0.425E+10     -0.990E+02     -0.990E+02
      0.145E-02      0.120E+02      0.348E+00      0.425E+10     -0.990E+02     -0.990E+02
      0.151E-02      0.120E+02      0.348E+00      0.425E+10     -0.990E+02     -0.990E+02
      0.158E-02      0.120E+02      0.348E+00      0.425E+10     -0.990E+02     -0.990E+02
      0.166E-02      0.120E+02      0.348E+00      0.425E+10     -0.990E+02     -0.990E+02
      0.174E-02      0.120E+02      0.348E+00      0.425E+10     -0.990E+02     -0.990E+02
      0.182E-02      0.120E+02      0.348E+00      0.425E+10     -0.990E+02     -0.990E+02
      0.191E-02      0.120E+02      0.348E+00      0.425E+10     -0.990E+02     -0.990E+02
      0.200E-02      0.120E+02      0.348E+00      0.425E+10     -0.990E+02     -0.990E+02
      0.209E-02      0.120E+02      0.348E+00      0.425E+10     -0.990E+02     -0.990E+02
      0.219E-02      0.120E+02      0.348E+00      0.425E+10     -0.990E+02     -0.990E+02
      0.229E-02      0.120E+02      0.348E+00      0.425E+10     -0.990E+02     -0.990E+02
      0.240E-02      0.120E+02      0.348E+00      0.425E+10     -0.990E+02     -0.990E+02
      0.251E-02      0.120E+02      0.348E+00      0.425E+10     -0.990E+02     -0.990E+02
      0.263E-02      0.120E+02      0.348E+00      0.425E+10     -0.990E+02     -0.990E+02
      0.275E-02      0.120E+02      0.348E+00      0.425E+10     -0.990E+02     -0.990E+02
      0.288E-02      0.120E+02      0.348E+00      0.425E+10     -0.990E+02     -0.990E+02
      0.302E-02      0.120E+02      0.348E+00      0.425E+10     -0.990E+02     -0.990E+02
      0.316E-02      0.120E+02      0.348E+00      0.425E+10     -0.990E+02     -0.990E+02
      0.331E-02      0.120E+02      0.348E+00      0.425E+10     -0.990E+02     -0.990E+02
      0.347E-02      0.120E+02      0.348E+00      0.425E+10     -0.990E+02     -0.990E+02
      0.363E-02      0.120E+02      0.348E+00      0.425E+10     -0.990E+02     -0.990E+02
      0.380E-02      0.120E+02      0.348E+00      0.425E+10     -0.990E+02     -0.990E+02
      0.398E-02      0.120E+02      0.348E+00      0.425E+10     -0.990E+02     -0.990E+02
      0.417E-02      0.120E+02      0.348E+00      0.425E+10     -0.990E+02     -0.990E+02
      0.437E-02      0.120E+02      0.348E+00      0.425E+10     -0.990E+02     -0.990E+02
      0.457E-02      0.120E+02      0.348E+00      0.425E+10     -0.990E+02     -0.990E+02
      0.479E-02      0.120E+02      0.348E+00      0.425E+10     -0.990E+02     -0.990E+02
      0.501E-02      0.120E+02      0.348E+00      0.425E+10     -0.990E+02     -0.990E+02
      0.525E-02      0.120E+02      0.348E+00      0.425E+10     -0.990E+02     -0.990E+02
      0.550E-02      0.120E+02      0.348E+00      0.425E+10     -0.990E+02     -0.990E+02
      0.575E-02      0.120E+02      0.348E+00      0.425E+10     -0.990E+02     -0.990E+02
      0.603E-02      0.120E+02      0.348E+00      0.425E+10     -0.990E+02     -0.990E+02
      0.631E-02      0.120E+02      0.348E+00      0.425E+10     -0.990E+02     -0.990E+02
      0.661E-02      0.120E+02      0.348E+00      0.425E+10     -0.990E+02     -0.990E+02
      0.692E-02      0.120E+02      0.348E+00      0.425E+10     -0.990E+02     -0.990E+02
      0.724E-02      0.120E+02      0.348E+00      0.425E+10     -0.990E+02     -0.990E+02
      0.759E-02      0.120E+02      0.348E+00      0.425E+10     -0.990E+02     -0.990E+02
      0.794E-02      0.120E+02      0.348E+00      0.425E+10     -0.990E+02     -0.990E+02
      0.832E-02      0.120E+02      0.348E+00      0.425E+10     -0.990E+02     -0.990E+02
      0.871E-02      0.120E+02      0.348E+00      0.425E+10     -0.990E+02     -0.990E+02
      0.912E-02      0.120E+02      0.348E+00      0.425E+10     -0.990E+02     -0.990E+02
      0.955E-02      0.120E+02      0.348E+00      0.425E+10     -0.990E+02     -0.990E+02
      0.100E-01      0.120E+02      0.348E+00      0.425E+10     -0.656E+00      0.529E+00
      0.105E-01      0.632E+00      0.327E+00      0.413E+10     -0.656E+00      0.529E+00
      0.110E-01      0.630E+00      0.325E+00      0.413E+10     -0.656E+00      0.528E+00
      0.115E-01      0.629E+00      0.324E+00      0.413E+10     -0.656E+00      0.527E+00
      0.120E-01      0.628E+00      0.324E+00      0.413E+10     -0.656E+00      0.528E+00
      0.126E-01      0.630E+00      0.325E+00      0.413E+10     -0.656E+00      0.527E+00
      0.132E-01      0.634E+00      0.325E+00      0.413E+10     -0.656E+00      0.525E+00
      0.138E-01      0.633E+00      0.325E+00      0.413E+10     -0.656E+00      0.526E+00
      0.144E-01      0.629E+00      0.322E+00      0.412E+10     -0.656E+00      0.523E+00
      0.151E-01      0.631E+00      0.323E+00      0.412E+10     -0.656E+00      0.523E+00
      0.159E-01      0.633E+00      0.323E+00      0.412E+10     -0.656E+00      0.521E+00
      0.166E-01      0.634E+00      0.323E+00      0.412E+10     -0.656E+00      0.520E+00
      0.174E-01      0.635E+00      0.323E+00      0.412E+10     -0.656E+00      0.519E+00
      0.182E-01      0.639E+00      0.324E+00      0.412E+10     -0.656E+00      0.518E+00
      0.191E-01      0.639E+00      0.323E+00      0.412E+10     -0.656E+00      0.516E+00
      0.200E-01      0.637E+00      0.322E+00      0.412E+10     -0.656E+00      0.515E+00
      0.209E-01      0.637E+00      0.321E+00      0.412E+10     -0.655E+00      0.514E+00
      0.219E-01      0.637E+00      0.321E+00      0.412E+10     -0.655E+00      0.513E+00
      0.229E-01      0.639E+00      0.321E+00      0.412E+10     -0.655E+00      0.512E+00
      0.240E-01      0.643E+00      0.321E+00      0.412E+10     -0.655E+00      0.508E+00
      0.251E-01      0.643E+00      0.321E+00      0.412E+10     -0.655E+00      0.508E+00
      0.263E-01      0.645E+00      0.321E+00      0.412E+10     -0.655E+00      0.506E+00
      0.275E-01      0.643E+00      0.319E+00      0.412E+10     -0.655E+00      0.505E+00
      0.290E-01      0.648E+00      0.319E+00      0.412E+10     -0.655E+00      0.501E+00
      0.300E-01      0.646E+00      0.319E+00      0.412E+10     -0.655E+00      0.501E+00
      0.310E-01      0.651E+00      0.318E+00      0.412E+10     -0.655E+00      0.498E+00
      0.320E-01      0.651E+00      0.318E+00      0.412E+10     -0.655E+00      0.496E+00
      0.330E-01      0.650E+00      0.318E+00      0.411E+10     -0.655E+00      0.497E+00
      0.340E-01      0.650E+00      0.317E+00      0.411E+10     -0.655E+00      0.495E+00
      0.350E-01      0.655E+00      0.317E+00      0.411E+10     -0.654E+00      0.491E+00
      0.360E-01      0.655E+00      0.317E+00      0.411E+10     -0.654E+00      0.490E+00
      0.370E-01      0.655E+00      0.317E+00      0.411E+10     -0.654E+00      0.490E+00
      0.380E-01      0.655E+00      0.316E+00      0.411E+10     -0.654E+00      0.489E+00
      0.390E-01      0.655E+00      0.316E+00      0.411E+10     -0.654E+00      0.489E+00
      0.400E-01      0.657E+00      0.316E+00      0.411E+10     -0.654E+00      0.486E+00
      0.425E-01      0.660E+00      0.315E+00      0.411E+10     -0.654E+00      0.483E+00
      0.450E-01      0.662E+00      0.314E+00      0.411E+10     -0.654E+00      0.480E+00
      0.475E-01      0.665E+00      0.314E+00      0.411E+10     -0.654E+00      0.476E+00
      0.500E-01      0.667E+00      0.312E+00      0.411E+10     -0.654E+00      0.473E+00
      0.525E-01      0.670E+00      0.312E+00      0.410E+10     -0.653E+00      0.469E+00
      0.550E-01      0.672E+00      0.310E+00      0.410E+10     -0.653E+00      0.465E+00
      0.571E-01      0.674E+00      0.310E+00      0.410E+10     -0.653E+00      0.463E+00
      0.640E-01      0.681E+00      0.308E+00      0.410E+10     -0.653E+00      0.454E+00
      0.719E-01      0.688E+00      0.306E+00      0.410E+10     -0.652E+00      0.444E+00
      0.806E-01      0.698E+00      0.303E+00      0.409E+10     -0.652E+00      0.433E+00
      0.905E-01      0.706E+00      0.300E+00      0.409E+10     -0.651E+00      0.422E+00
      0.102E+00      0.719E+00      0.297E+00      0.408E+10     -0.651E+00      0.409E+00
      0.114E+00      0.729E+00      0.294E+00      0.407E+10     -0.650E+00      0.397E+00
      0.128E+00      0.743E+00      0.291E+00      0.407E+10     -0.650E+00      0.383E+00
      0.143E+00      0.760E+00      0.287E+00      0.406E+10     -0.649E+00      0.366E+00
      0.161E+00      0.778E+00      0.283E+00      0.405E+10     -0.648E+00      0.351E+00
      0.181E+00      0.797E+00      0.279E+00      0.404E+10     -0.648E+00      0.334E+00
      0.203E+00      0.797E+00      0.271E+00      0.403E+10     -0.648E+00      0.324E+00
      0.227E+00      0.786E+00      0.265E+00      0.401E+10     -0.648E+00      0.321E+00
      0.255E+00      0.772E+00      0.265E+00      0.400E+10     -0.648E+00      0.329E+00
      0.286E+00      0.758E+00      0.268E+00      0.398E+10     -0.648E+00      0.341E+00
      0.321E+00      0.743E+00      0.279E+00      0.396E+10     -0.648E+00      0.363E+00
      0.360E+00      0.725E+00      0.298E+00      0.395E+10     -0.649E+00      0.396E+00
      0.404E+00      0.708E+00      0.328E+00      0.392E+10     -0.650E+00      0.445E+00
      0.453E+00      0.989E+00      0.330E+00      0.390E+10     -0.748E+00      0.337E+00
      0.509E+00      0.206E+01      0.301E+00      0.387E+10     -0.866E+00      0.158E+00
      0.571E+00      0.325E+01      0.351E+00      0.378E+10     -0.906E+00      0.129E+00
      0.641E+00      0.459E+01      0.475E+00      0.364E+10     -0.927E+00      0.133E+00
      0.719E+00      0.508E+01      0.518E+00      0.341E+10     -0.939E+00      0.133E+00
      0.806E+00      0.384E+01      0.332E+00      0.314E+10     -0.951E+00      0.113E+00
      0.905E+00      0.246E+01      0.230E+00      0.290E+10     -0.978E+00      0.124E+00
      0.102E+01      0.210E+01      0.197E+00      0.273E+10     -0.101E+01      0.127E+00
      0.114E+01      0.228E+01      0.161E+00      0.258E+10     -0.103E+01      0.970E-01
      0.128E+01      0.213E+01      0.163E+00      0.238E+10     -0.105E+01      0.106E+00
      0.143E+01      0.174E+01      0.157E+00      0.219E+10     -0.108E+01      0.129E+00
      0.161E+01      0.149E+01      0.189E+00      0.201E+10     -0.108E+01      0.190E+00
      0.168E+01      0.140E+01      0.194E+00      0.189E+10     -0.108E+01      0.209E+00
      0.170E+01      0.136E+01      0.196E+00      0.186E+10     -0.107E+01      0.217E+00
      0.180E+01      0.111E+01      0.207E+00      0.181E+10     -0.106E+01      0.279E+00
      0.190E+01      0.859E+00      0.199E+00      0.174E+10     -0.104E+01      0.337E+00
      0.200E+01      0.779E+00      0.183E+00      0.169E+10     -0.995E+00      0.325E+00
      0.210E+01      0.792E+00      0.174E+00      0.164E+10     -0.955E+00      0.293E+00
      0.220E+01      0.894E+00      0.172E+00      0.159E+10     -0.932E+00      0.253E+00
      0.230E+01      0.160E+01      0.162E+00      0.154E+10     -0.979E+00      0.135E+00
      0.240E+01      0.231E+01      0.176E+00      0.144E+10     -0.997E+00      0.103E+00
      0.250E+01      0.228E+01      0.159E+00      0.130E+10     -0.101E+01      0.961E-01
      0.260E+01      0.180E+01      0.126E+00      0.117E+10     -0.104E+01      0.999E-01
      0.275E+01      0.140E+01      0.122E+00      0.104E+10     -0.112E+01      0.132E+00
      0.300E+01      0.153E+01      0.157E+00      0.870E+09     -0.126E+01      0.171E+00
      0.325E+01      0.147E+01      0.166E+00      0.646E+09     -0.143E+01      0.219E+00
      0.350E+01      0.880E+00      0.156E+00      0.430E+09     -0.154E+01      0.359E+00
      0.375E+01      0.712E+00      0.100E+00      0.300E+09     -0.152E+01      0.274E+00
      0.400E+01      0.805E+00      0.105E+00      0.195E+09     -0.150E+01      0.258E+00
      0.425E+01      0.395E+00      0.816E-01      0.789E+08     -0.244E+01      0.596E+00
      0.450E+01      0.131E+00      0.582E-01      0.214E+08     -0.252E+01      0.123E+01
      0.475E+01      0.114E-01      0.466E-01      0.238E+07     -0.261E+01      0.118E+02
      0.500E+01      0.347E-02      0.287E-01      0.768E+06     -0.142E+01      0.155E+02
      0.525E+01      0.152E-02      0.165E-01      0.273E+06     -0.139E+01      0.199E+02
      0.550E+01      0.383E-03      0.663E-02      0.569E+05     -0.165E+01      0.390E+02
      0.575E+01      0.158E-04      0.834E-03      0.227E+04     -0.310E+01      0.196E+03
      0.600E+01      0.355E-06      0.117E-03      0.498E+02     -0.280E+01      0.130E+04
      0.625E+01      0.479E-10      0.967E-07      0.666E-02     -0.423E+01      0.121E+05
      0.650E+01      0.000E+00      0.819E-26      0.000E+00     -0.259E+01            NaN
      0.675E+01      0.000E+00      0.000E+00      0.000E+00     -0.990E+02     -0.990E+02
      0.700E+01      0.000E+00      0.000E+00      0.000E+00     -0.990E+02     -0.990E+02
      0.725E+01      0.000E+00      0.000E+00      0.000E+00     -0.990E+02     -0.990E+02
      0.750E+01      0.000E+00      0.000E+00      0.000E+00     -0.990E+02     -0.990E+02
      0.775E+01      0.000E+00      0.000E+00      0.000E+00     -0.990E+02     -0.990E+02
      0.800E+01      0.000E+00      0.000E+00      0.000E+00     -0.990E+02     -0.990E+02
      0.825E+01      0.000E+00      0.000E+00      0.000E+00     -0.990E+02     -0.990E+02
      0.850E+01      0.000E+00      0.000E+00      0.000E+00     -0.990E+02     -0.990E+02
      0.875E+01      0.000E+00      0.000E+00      0.000E+00     -0.990E+02     -0.990E+02
      0.900E+01      0.000E+00      0.000E+00      0.000E+00     -0.990E+02     -0.990E+02
      0.925E+01      0.000E+00      0.000E+00      0.000E+00     -0.990E+02     -0.990E+02
      0.950E+01      0.000E+00      0.000E+00      0.000E+00     -0.990E+02     -0.990E+02
      0.975E+01      0.000E+00      0.000E+00      0.000E+00     -0.990E+02     -0.990E+02
      0.100E+02      0.000E+00      0.000E+00      0.000E+00     -0.990E+02     -0.990E+02
      0.102E+02      0.000E+00      0.000E+00      0.000E+00     -0.990E+02     -0.990E+02
      0.105E+02      0.000E+00      0.000E+00      0.000E+00     -0.990E+02     -0.990E+02
      0.108E+02      0.000E+00      0.000E+00      0.000E+00     -0.990E+02     -0.990E+02
      0.110E+02      0.000E+00      0.000E+00      0.000E+00     -0.990E+02     -0.990E+02
      0.112E+02      0.000E+00      0.000E+00      0.000E+00     -0.990E+02     -0.990E+02
      0.115E+02      0.000E+00      0.000E+00      0.000E+00     -0.990E+02     -0.990E+02
      0.118E+02      0.000E+00      0.000E+00      0.000E+00     -0.990E+02     -0.990E+02
      0.120E+02      0.000E+00      0.000E+00      0.000E+00     -0.990E+02     -0.990E+02
      0.122E+02      0.000E+00      0.000E+00      0.000E+00     -0.990E+02     -0.990E+02
      0.125E+02      0.000E+00      0.000E+00      0.000E+00     -0.990E+02     -0.990E+02
      0.128E+02      0.000E+00      0.000E+00      0.000E+00     -0.990E+02     -0.990E+02
      0.130E+02      0.000E+00      0.000E+00      0.000E+00     -0.990E+02     -0.990E+02
      0.132E+02      0.000E+00      0.000E+00      0.000E+00     -0.990E+02     -0.990E+02
      0.135E+02      0.000E+00      0.000E+00      0.000E+00     -0.990E+02     -0.990E+02
      0.138E+02      0.000E+00      0.000E+00      0.000E+00     -0.990E+02     -0.990E+02
      0.140E+02      0.000E+00      0.000E+00      0.000E+00     -0.990E+02     -0.990E+02
      0.142E+02      0.000E+00      0.000E+00      0.000E+00     -0.990E+02     -0.990E+02
      0.145E+02      0.000E+00      0.000E+00      0.000E+00     -0.990E+02     -0.990E+02
      0.148E+02      0.000E+00      0.000E+00      0.000E+00     -0.990E+02     -0.990E+02
      0.150E+02      0.000E+00      0.000E+00      0.000E+00     -0.990E+02     -0.990E+02
      0.152E+02      0.000E+00      0.000E+00      0.000E+00     -0.990E+02     -0.990E+02
      0.155E+02      0.000E+00      0.000E+00      0.000E+00     -0.990E+02     -0.990E+02
      0.158E+02      0.000E+00      0.000E+00      0.000E+00     -0.990E+02     -0.990E+02
      0.160E+02      0.000E+00      0.000E+00      0.000E+00     -0.990E+02     -0.990E+02
      0.162E+02      0.000E+00      0.000E+00      0.000E+00     -0.990E+02     -0.990E+02
      0.165E+02      0.000E+00      0.000E+00      0.000E+00     -0.990E+02     -0.990E+02
      0.168E+02      0.000E+00      0.000E+00      0.000E+00     -0.990E+02     -0.990E+02
      0.170E+02      0.000E+00      0.000E+00      0.000E+00     -0.990E+02     -0.990E+02
      0.172E+02      0.000E+00      0.000E+00      0.000E+00     -0.990E+02     -0.990E+02
      0.175E+02      0.000E+00      0.000E+00      0.000E+00     -0.990E+02     -0.990E+02
      0.178E+02      0.000E+00      0.000E+00      0.000E+00     -0.990E+02     -0.990E+02
      0.180E+02      0.000E+00      0.000E+00      0.000E+00     -0.990E+02     -0.990E+02
      0.182E+02      0.000E+00      0.000E+00      0.000E+00     -0.990E+02     -0.990E+02
      0.185E+02      0.000E+00      0.000E+00      0.000E+00     -0.990E+02     -0.990E+02
      0.188E+02      0.000E+00      0.000E+00      0.000E+00     -0.990E+02     -0.990E+02
      0.190E+02      0.000E+00      0.000E+00      0.000E+00     -0.990E+02     -0.990E+02
      0.192E+02      0.000E+00      0.000E+00      0.000E+00     -0.990E+02     -0.990E+02
      0.195E+02      0.000E+00      0.000E+00      0.000E+00     -0.990E+02     -0.990E+02
      0.198E+02      0.000E+00      0.000E+00      0.000E+00     -0.990E+02     -0.990E+02
      0.200E+02      0.000E+00      0.000E+00      0.000E+00     -0.990E+02     -0.990E+02
