      0.000E+00      0.420E+01      0.117E+00      0.505E+09     -0.990E+02     -0.990E+02
      0.100E-03      0.420E+01      0.117E+00      0.505E+09     -0.990E+02     -0.990E+02
      0.140E-03      0.420E+01      0.117E+00      0.505E+09     -0.990E+02     -0.990E+02
      0.160E-03      0.420E+01      0.117E+00      0.505E+09     -0.990E+02     -0.990E+02
      0.180E-03      0.420E+01      0.117E+00      0.505E+09     -0.990E+02     -0.990E+02
      0.200E-03      0.420E+01      0.117E+00      0.505E+09     -0.990E+02     -0.990E+02
      0.220E-03      0.420E+01      0.117E+00      0.505E+09     -0.990E+02     -0.990E+02
      0.250E-03      0.420E+01      0.117E+00      0.505E+09     -0.990E+02     -0.990E+02
      0.280E-03      0.420E+01      0.117E+00      0.505E+09     -0.990E+02     -0.990E+02
      0.320E-03      0.420E+01      0.117E+00      0.505E+09     -0.990E+02     -0.990E+02
      0.350E-03      0.420E+01      0.117E+00      0.505E+09     -0.990E+02     -0.990E+02
      0.400E-03      0.420E+01      0.117E+00      0.505E+09     -0.990E+02     -0.990E+02
      0.450E-03      0.420E+01      0.117E+00      0.505E+09     -0.990E+02     -0.990E+02
      0.500E-03      0.420E+01      0.117E+00      0.505E+09     -0.990E+02     -0.990E+02
      0.560E-03      0.420E+01      0.117E+00      0.505E+09     -0.990E+02     -0.990E+02
      0.630E-03      0.420E+01      0.117E+00      0.505E+09     -0.990E+02     -0.990E+02
      0.710E-03      0.420E+01      0.117E+00      0.505E+09     -0.990E+02     -0.990E+02
      0.790E-03      0.420E+01      0.117E+00      0.505E+09     -0.990E+02     -0.990E+02
      0.890E-03      0.420E+01      0.117E+00      0.505E+09     -0.990E+02     -0.990E+02
      0.100E-02      0.420E+01      0.117E+00      0.505E+09     -0.990E+02     -0.990E+02
      0.105E-02      0.420E+01      0.117E+00      0.505E+09     -0.990E+02     -0.990E+02
      0.110E-02      0.420E+01      0.117E+00      0.505E+09     -0.990E+02     -0.990E+02
      0.115E-02      0.420E+01      0.117E+00      0.505E+09     -0.990E+02     -0.990E+02
      0.120E-02      0.420E+01      0.117E+00      0.505E+09     -0.990E+02     -0.990E+02
      0.126E-02      0.420E+01      0.117E+00      0.505E+09     -0.990E+02     -0.990E+02
      0.132E-02      0.420E+01      0.117E+00      0.505E+09     -0.990E+02     -0.990E+02
      0.138E-02      0.420E+01      0.117E+00      0.505E+09     -0.990E+02     -0.990E+02
      0.145E-02      0.420E+01      0.117E+00      0.505E+09     -0.990E+02     -0.990E+02
      0.151E-02      0.420E+01      0.117E+00      0.505E+09     -0.990E+02     -0.990E+02
      0.158E-02      0.420E+01      0.117E+00      0.505E+09     -0.990E+02     -0.990E+02
      0.166E-02      0.420E+01      0.117E+00      0.505E+09     -0.990E+02     -0.990E+02
      0.174E-02      0.420E+01      0.117E+00      0.505E+09     -0.990E+02     -0.990E+02
      0.182E-02      0.420E+01      0.117E+00      0.505E+09     -0.990E+02     -0.990E+02
      0.191E-02      0.420E+01      0.117E+00      0.505E+09     -0.990E+02     -0.990E+02
      0.200E-02      0.420E+01      0.117E+00      0.505E+09     -0.990E+02     -0.990E+02
      0.209E-02      0.420E+01      0.117E+00      0.505E+09     -0.990E+02     -0.990E+02
      0.219E-02      0.420E+01      0.117E+00      0.505E+09     -0.990E+02     -0.990E+02
      0.229E-02      0.420E+01      0.117E+00      0.505E+09     -0.990E+02     -0.990E+02
      0.240E-02      0.420E+01      0.117E+00      0.505E+09     -0.990E+02     -0.990E+02
      0.251E-02      0.420E+01      0.117E+00      0.505E+09     -0.990E+02     -0.990E+02
      0.263E-02      0.420E+01      0.117E+00      0.505E+09     -0.990E+02     -0.990E+02
      0.275E-02      0.420E+01      0.117E+00      0.505E+09     -0.990E+02     -0.990E+02
      0.288E-02      0.420E+01      0.117E+00      0.505E+09     -0.990E+02     -0.990E+02
      0.302E-02      0.420E+01      0.117E+00      0.505E+09     -0.990E+02     -0.990E+02
      0.316E-02      0.420E+01      0.117E+00      0.505E+09     -0.990E+02     -0.990E+02
      0.331E-02      0.420E+01      0.117E+00      0.505E+09     -0.990E+02     -0.990E+02
      0.347E-02      0.420E+01      0.117E+00      0.505E+09     -0.990E+02     -0.990E+02
      0.363E-02      0.420E+01      0.117E+00      0.505E+09     -0.990E+02     -0.990E+02
      0.380E-02      0.420E+01      0.117E+00      0.505E+09     -0.990E+02     -0.990E+02
      0.398E-02      0.420E+01      0.117E+00      0.505E+09     -0.990E+02     -0.990E+02
      0.417E-02      0.420E+01      0.117E+00      0.505E+09     -0.990E+02     -0.990E+02
      0.437E-02      0.420E+01      0.117E+00      0.505E+09     -0.990E+02     -0.990E+02
      0.457E-02      0.420E+01      0.117E+00      0.505E+09     -0.990E+02     -0.990E+02
      0.479E-02      0.420E+01      0.117E+00      0.505E+09     -0.990E+02     -0.990E+02
      0.501E-02      0.420E+01      0.117E+00      0.505E+09     -0.990E+02     -0.990E+02
      0.525E-02      0.420E+01      0.117E+00      0.505E+09     -0.990E+02     -0.990E+02
      0.550E-02      0.420E+01      0.117E+00      0.505E+09     -0.990E+02     -0.990E+02
      0.575E-02      0.420E+01      0.117E+00      0.505E+09     -0.990E+02     -0.990E+02
      0.603E-02      0.420E+01      0.117E+00      0.505E+09     -0.990E+02     -0.990E+02
      0.631E-02      0.420E+01      0.117E+00      0.505E+09     -0.990E+02     -0.990E+02
      0.661E-02      0.420E+01      0.117E+00      0.505E+09     -0.990E+02     -0.990E+02
      0.692E-02      0.420E+01      0.117E+00      0.505E+09     -0.990E+02     -0.990E+02
      0.724E-02      0.420E+01      0.117E+00      0.505E+09     -0.990E+02     -0.990E+02
      0.759E-02      0.420E+01      0.117E+00      0.505E+09     -0.990E+02     -0.990E+02
      0.794E-02      0.420E+01      0.117E+00      0.505E+09     -0.990E+02     -0.990E+02
      0.832E-02      0.420E+01      0.117E+00      0.505E+09     -0.990E+02     -0.990E+02
      0.871E-02      0.420E+01      0.117E+00      0.505E+09     -0.990E+02     -0.990E+02
      0.912E-02      0.420E+01      0.117E+00      0.505E+09     -0.990E+02     -0.990E+02
      0.955E-02      0.420E+01      0.117E+00      0.505E+09     -0.990E+02     -0.990E+02
      0.100E-01      0.420E+01      0.117E+00      0.505E+09     -0.140E+01      0.976E-01
      0.105E-01      0.421E+01      0.212E+00      0.462E+09     -0.140E+01      0.976E-01
      0.110E-01      0.419E+01      0.211E+00      0.460E+09     -0.140E+01      0.976E-01
      0.115E-01      0.417E+01      0.210E+00      0.458E+09     -0.140E+01      0.976E-01
      0.120E-01      0.415E+01      0.209E+00      0.456E+09     -0.141E+01      0.975E-01
      0.126E-01      0.414E+01      0.208E+00      0.454E+09     -0.141E+01      0.974E-01
      0.132E-01      0.415E+01      0.208E+00      0.452E+09     -0.141E+01      0.974E-01
      0.138E-01      0.413E+01      0.206E+00      0.450E+09     -0.141E+01      0.973E-01
      0.144E-01      0.409E+01      0.205E+00      0.447E+09     -0.141E+01      0.973E-01
      0.151E-01      0.408E+01      0.204E+00      0.445E+09     -0.141E+01      0.972E-01
      0.159E-01      0.409E+01      0.203E+00      0.442E+09     -0.141E+01      0.971E-01
      0.166E-01      0.407E+01      0.203E+00      0.440E+09     -0.141E+01      0.971E-01
      0.174E-01      0.406E+01      0.201E+00      0.437E+09     -0.142E+01      0.970E-01
      0.182E-01      0.405E+01      0.201E+00      0.434E+09     -0.142E+01      0.969E-01
      0.191E-01      0.404E+01      0.200E+00      0.431E+09     -0.142E+01      0.969E-01
      0.200E-01      0.400E+01      0.197E+00      0.428E+09     -0.142E+01      0.968E-01
      0.209E-01      0.399E+01      0.197E+00      0.425E+09     -0.142E+01      0.968E-01
      0.219E-01      0.397E+01      0.195E+00      0.422E+09     -0.143E+01      0.967E-01
      0.229E-01      0.396E+01      0.194E+00      0.419E+09     -0.143E+01      0.966E-01
      0.240E-01      0.394E+01      0.193E+00      0.415E+09     -0.143E+01      0.965E-01
      0.251E-01      0.393E+01      0.192E+00      0.412E+09     -0.143E+01      0.965E-01
      0.263E-01      0.390E+01      0.190E+00      0.408E+09     -0.144E+01      0.964E-01
      0.275E-01      0.387E+01      0.188E+00      0.404E+09     -0.144E+01      0.962E-01
      0.290E-01      0.384E+01      0.186E+00      0.400E+09     -0.144E+01      0.962E-01
      0.300E-01      0.383E+01      0.185E+00      0.396E+09     -0.144E+01      0.961E-01
      0.310E-01      0.381E+01      0.183E+00      0.393E+09     -0.145E+01      0.960E-01
      0.320E-01      0.379E+01      0.182E+00      0.389E+09     -0.145E+01      0.959E-01
      0.330E-01      0.377E+01      0.181E+00      0.386E+09     -0.145E+01      0.959E-01
      0.340E-01      0.375E+01      0.180E+00      0.383E+09     -0.145E+01      0.958E-01
      0.350E-01      0.373E+01      0.178E+00      0.380E+09     -0.146E+01      0.957E-01
      0.360E-01      0.372E+01      0.177E+00      0.377E+09     -0.146E+01      0.957E-01
      0.370E-01      0.370E+01      0.176E+00      0.374E+09     -0.146E+01      0.956E-01
      0.380E-01      0.368E+01      0.174E+00      0.371E+09     -0.146E+01      0.955E-01
      0.390E-01      0.367E+01      0.174E+00      0.368E+09     -0.147E+01      0.955E-01
      0.400E-01      0.364E+01      0.172E+00      0.365E+09     -0.147E+01      0.955E-01
      0.425E-01      0.360E+01      0.169E+00      0.360E+09     -0.148E+01      0.953E-01
      0.450E-01      0.355E+01      0.166E+00      0.353E+09     -0.148E+01      0.952E-01
      0.475E-01      0.351E+01      0.163E+00      0.346E+09     -0.149E+01      0.951E-01
      0.500E-01      0.346E+01      0.160E+00      0.339E+09     -0.150E+01      0.950E-01
      0.525E-01      0.341E+01      0.156E+00      0.332E+09     -0.150E+01      0.948E-01
      0.550E-01      0.336E+01      0.153E+00      0.325E+09     -0.151E+01      0.948E-01
      0.571E-01      0.334E+01      0.151E+00      0.319E+09     -0.152E+01      0.949E-01
      0.640E-01      0.320E+01      0.143E+00      0.307E+09     -0.154E+01      0.948E-01
      0.719E-01      0.305E+01      0.133E+00      0.289E+09     -0.157E+01      0.950E-01
      0.806E-01      0.289E+01      0.124E+00      0.269E+09     -0.160E+01      0.958E-01
      0.905E-01      0.272E+01      0.115E+00      0.248E+09     -0.164E+01      0.974E-01
      0.102E+00      0.251E+01      0.105E+00      0.227E+09     -0.170E+01      0.101E+00
      0.114E+00      0.228E+01      0.959E-01      0.204E+09     -0.177E+01      0.107E+00
      0.128E+00      0.203E+01      0.897E-01      0.182E+09     -0.188E+01      0.119E+00
      0.143E+00      0.175E+01      0.877E-01      0.159E+09     -0.203E+01      0.145E+00
      0.161E+00      0.142E+01      0.925E-01      0.138E+09     -0.227E+01      0.199E+00
      0.181E+00      0.117E+01      0.975E-01      0.118E+09     -0.251E+01      0.268E+00
      0.203E+00      0.107E+01      0.910E-01      0.100E+09     -0.252E+01      0.273E+00
      0.227E+00      0.950E+00      0.839E-01      0.824E+08     -0.252E+01      0.281E+00
      0.255E+00      0.821E+00      0.765E-01      0.645E+08     -0.253E+01      0.293E+00
      0.286E+00      0.676E+00      0.687E-01      0.474E+08     -0.255E+01      0.315E+00
      0.321E+00      0.516E+00      0.611E-01      0.317E+08     -0.257E+01      0.360E+00
      0.360E+00      0.334E+00      0.539E-01      0.183E+08     -0.263E+01      0.485E+00
      0.404E+00      0.130E+00      0.479E-01      0.873E+07     -0.290E+01      0.117E+01
      0.453E+00      0.385E-01      0.443E-01      0.458E+07     -0.375E+01      0.462E+01
      0.509E+00      0.298E-01      0.401E-01      0.323E+07     -0.367E+01      0.535E+01
      0.571E+00      0.202E-01      0.343E-01      0.207E+07     -0.350E+01      0.647E+01
      0.641E+00      0.932E-02      0.292E-01      0.119E+07     -0.288E+01      0.102E+02
      0.719E+00      0.386E-02      0.252E-01      0.739E+06     -0.155E+01      0.141E+02
      0.806E+00      0.297E-02      0.200E-01      0.527E+06     -0.156E+01      0.146E+02
      0.905E+00      0.193E-02      0.147E-01      0.345E+06     -0.152E+01      0.159E+02
      0.102E+01      0.102E-02      0.983E-02      0.213E+06     -0.138E+01      0.174E+02
      0.114E+01      0.571E-03      0.794E-02      0.136E+06     -0.119E+01      0.210E+02
      0.128E+01      0.378E-03      0.637E-02      0.873E+05     -0.992E+00      0.216E+02
      0.143E+01      0.237E-03      0.465E-02      0.518E+05     -0.899E+00      0.238E+02
      0.161E+01      0.126E-03      0.286E-02      0.272E+05     -0.107E+01      0.331E+02
      0.168E+01      0.100E-03      0.246E-02      0.176E+05     -0.120E+01      0.396E+02
      0.170E+01      0.971E-04      0.242E-02      0.148E+05     -0.121E+01      0.408E+02
      0.180E+01      0.838E-04      0.247E-02      0.112E+05     -0.128E+01      0.520E+02
      0.190E+01      0.595E-04      0.212E-02      0.607E+04     -0.133E+01      0.652E+02
      0.200E+01      0.314E-04      0.109E-02      0.244E+04     -0.139E+01      0.655E+02
      0.210E+01      0.490E-05      0.190E-03      0.536E+03     -0.195E+01      0.103E+03
      0.220E+01      0.293E-05      0.114E-03      0.237E+03     -0.195E+01      0.103E+03
      0.230E+01      0.965E-06      0.375E-04      0.586E+02     -0.195E+01      0.103E+03
      0.240E+01      0.194E-17      0.268E-10      0.117E-09     -0.265E+01      0.538E+08
      0.250E+01      0.000E+00      0.000E+00      0.000E+00     -0.990E+02     -0.990E+02
      0.260E+01      0.000E+00      0.000E+00      0.000E+00     -0.990E+02     -0.990E+02
      0.275E+01      0.000E+00      0.000E+00      0.000E+00     -0.990E+02     -0.990E+02
      0.300E+01      0.000E+00      0.000E+00      0.000E+00     -0.990E+02     -0.990E+02
      0.325E+01      0.000E+00      0.000E+00      0.000E+00     -0.990E+02     -0.990E+02
      0.350E+01      0.000E+00      0.000E+00      0.000E+00     -0.990E+02     -0.990E+02
      0.375E+01      0.000E+00      0.000E+00      0.000E+00     -0.990E+02     -0.990E+02
      0.400E+01      0.000E+00      0.000E+00      0.000E+00     -0.990E+02     -0.990E+02
      0.425E+01      0.000E+00      0.000E+00      0.000E+00     -0.990E+02     -0.990E+02
      0.450E+01      0.000E+00      0.000E+00      0.000E+00     -0.990E+02     -0.990E+02
      0.475E+01      0.000E+00      0.000E+00      0.000E+00     -0.990E+02     -0.990E+02
      0.500E+01      0.000E+00      0.000E+00      0.000E+00     -0.990E+02     -0.990E+02
      0.525E+01      0.000E+00      0.000E+00      0.000E+00     -0.990E+02     -0.990E+02
      0.550E+01      0.000E+00      0.000E+00      0.000E+00     -0.990E+02     -0.990E+02
      0.575E+01      0.000E+00      0.000E+00      0.000E+00     -0.990E+02     -0.990E+02
      0.600E+01      0.000E+00      0.000E+00      0.000E+00     -0.990E+02     -0.990E+02
      0.625E+01      0.000E+00      0.000E+00      0.000E+00     -0.990E+02     -0.990E+02
      0.650E+01      0.000E+00      0.000E+00      0.000E+00     -0.990E+02     -0.990E+02
      0.675E+01      0.000E+00      0.000E+00      0.000E+00     -0.990E+02     -0.990E+02
      0.700E+01      0.000E+00      0.000E+00      0.000E+00     -0.990E+02     -0.990E+02
      0.725E+01      0.000E+00      0.000E+00      0.000E+00     -0.990E+02     -0.990E+02
      0.750E+01      0.000E+00      0.000E+00      0.000E+00     -0.990E+02     -0.990E+02
      0.775E+01      0.000E+00      0.000E+00      0.000E+00     -0.990E+02     -0.990E+02
      0.800E+01      0.000E+00      0.000E+00      0.000E+00     -0.990E+02     -0.990E+02
      0.825E+01      0.000E+00      0.000E+00      0.000E+00     -0.990E+02     -0.990E+02
      0.850E+01      0.000E+00      0.000E+00      0.000E+00     -0.990E+02     -0.990E+02
      0.875E+01      0.000E+00      0.000E+00      0.000E+00     -0.990E+02     -0.990E+02
      0.900E+01      0.000E+00      0.000E+00      0.000E+00     -0.990E+02     -0.990E+02
      0.925E+01      0.000E+00      0.000E+00      0.000E+00     -0.990E+02     -0.990E+02
      0.950E+01      0.000E+00      0.000E+00      0.000E+00     -0.990E+02     -0.990E+02
      0.975E+01      0.000E+00      0.000E+00      0.000E+00     -0.990E+02     -0.990E+02
      0.100E+02      0.000E+00      0.000E+00      0.000E+00     -0.990E+02     -0.990E+02
      0.102E+02      0.000E+00      0.000E+00      0.000E+00     -0.990E+02     -0.990E+02
      0.105E+02      0.000E+00      0.000E+00      0.000E+00     -0.990E+02     -0.990E+02
      0.108E+02      0.000E+00      0.000E+00      0.000E+00     -0.990E+02     -0.990E+02
      0.110E+02      0.000E+00      0.000E+00      0.000E+00     -0.990E+02     -0.990E+02
      0.112E+02      0.000E+00      0.000E+00      0.000E+00     -0.990E+02     -0.990E+02
      0.115E+02      0.000E+00      0.000E+00      0.000E+00     -0.990E+02     -0.990E+02
      0.118E+02      0.000E+00      0.000E+00      0.000E+00     -0.990E+02     -0.990E+02
      0.120E+02      0.000E+00      0.000E+00      0.000E+00     -0.990E+02     -0.990E+02
      0.122E+02      0.000E+00      0.000E+00      0.000E+00     -0.990E+02     -0.990E+02
      0.125E+02      0.000E+00      0.000E+00      0.000E+00     -0.990E+02     -0.990E+02
      0.128E+02      0.000E+00      0.000E+00      0.000E+00     -0.990E+02     -0.990E+02
      0.130E+02      0.000E+00      0.000E+00      0.000E+00     -0.990E+02     -0.990E+02
      0.132E+02      0.000E+00      0.000E+00      0.000E+00     -0.990E+02     -0.990E+02
      0.135E+02      0.000E+00      0.000E+00      0.000E+00     -0.990E+02     -0.990E+02
      0.138E+02      0.000E+00      0.000E+00      0.000E+00     -0.990E+02     -0.990E+02
      0.140E+02      0.000E+00      0.000E+00      0.000E+00     -0.990E+02     -0.990E+02
      0.142E+02      0.000E+00      0.000E+00      0.000E+00     -0.990E+02     -0.990E+02
      0.145E+02      0.000E+00      0.000E+00      0.000E+00     -0.990E+02     -0.990E+02
      0.148E+02      0.000E+00      0.000E+00      0.000E+00     -0.990E+02     -0.990E+02
      0.150E+02      0.000E+00      0.000E+00      0.000E+00     -0.990E+02     -0.990E+02
      0.152E+02      0.000E+00      0.000E+00      0.000E+00     -0.990E+02     -0.990E+02
      0.155E+02      0.000E+00      0.000E+00      0.000E+00     -0.990E+02     -0.990E+02
      0.158E+02      0.000E+00      0.000E+00      0.000E+00     -0.990E+02     -0.990E+02
      0.160E+02      0.000E+00      0.000E+00      0.000E+00     -0.990E+02     -0.990E+02
      0.162E+02      0.000E+00      0.000E+00      0.000E+00     -0.990E+02     -0.990E+02
      0.165E+02      0.000E+00      0.000E+00      0.000E+00     -0.990E+02     -0.990E+02
      0.168E+02      0.000E+00      0.000E+00      0.000E+00     -0.990E+02     -0.990E+02
      0.170E+02      0.000E+00      0.000E+00      0.000E+00     -0.990E+02     -0.990E+02
      0.172E+02      0.000E+00      0.000E+00      0.000E+00     -0.990E+02     -0.990E+02
      0.175E+02      0.000E+00      0.000E+00      0.000E+00     -0.990E+02     -0.990E+02
      0.178E+02      0.000E+00      0.000E+00      0.000E+00     -0.990E+02     -0.990E+02
      0.180E+02      0.000E+00      0.000E+00      0.000E+00     -0.990E+02     -0.990E+02
      0.182E+02      0.000E+00      0.000E+00      0.000E+00     -0.990E+02     -0.990E+02
      0.185E+02      0.000E+00      0.000E+00      0.000E+00     -0.990E+02     -0.990E+02
      0.188E+02      0.000E+00      0.000E+00      0.000E+00     -0.990E+02     -0.990E+02
      0.190E+02      0.000E+00      0.000E+00      0.000E+00     -0.990E+02     -0.990E+02
      0.192E+02      0.000E+00      0.000E+00      0.000E+00     -0.990E+02     -0.990E+02
      0.195E+02      0.000E+00      0.000E+00      0.000E+00     -0.990E+02     -0.990E+02
      0.198E+02      0.000E+00      0.000E+00      0.000E+00     -0.990E+02     -0.990E+02
      0.200E+02      0.000E+00      0.000E+00      0.000E+00     -0.990E+02     -0.990E+02
