      0.000E+00      0.563E+00      0.834E+00      0.212E+10     -0.990E+02     -0.990E+02
      0.100E-03      0.563E+00      0.834E+00      0.212E+10     -0.990E+02     -0.990E+02
      0.140E-03      0.563E+00      0.834E+00      0.212E+10     -0.990E+02     -0.990E+02
      0.160E-03      0.563E+00      0.834E+00      0.212E+10     -0.990E+02     -0.990E+02
      0.180E-03      0.563E+00      0.834E+00      0.212E+10     -0.990E+02     -0.990E+02
      0.200E-03      0.563E+00      0.834E+00      0.212E+10     -0.990E+02     -0.990E+02
      0.220E-03      0.563E+00      0.834E+00      0.212E+10     -0.990E+02     -0.990E+02
      0.250E-03      0.563E+00      0.834E+00      0.212E+10     -0.990E+02     -0.990E+02
      0.280E-03      0.563E+00      0.834E+00      0.212E+10     -0.990E+02     -0.990E+02
      0.320E-03      0.563E+00      0.834E+00      0.212E+10     -0.990E+02     -0.990E+02
      0.350E-03      0.563E+00      0.834E+00      0.212E+10     -0.990E+02     -0.990E+02
      0.400E-03      0.563E+00      0.834E+00      0.212E+10     -0.990E+02     -0.990E+02
      0.450E-03      0.563E+00      0.834E+00      0.212E+10     -0.990E+02     -0.990E+02
      0.500E-03      0.563E+00      0.834E+00      0.212E+10     -0.990E+02     -0.990E+02
      0.560E-03      0.563E+00      0.834E+00      0.212E+10     -0.990E+02     -0.990E+02
      0.630E-03      0.563E+00      0.834E+00      0.212E+10     -0.990E+02     -0.990E+02
      0.710E-03      0.563E+00      0.834E+00      0.212E+10     -0.990E+02     -0.990E+02
      0.790E-03      0.563E+00      0.834E+00      0.212E+10     -0.990E+02     -0.990E+02
      0.890E-03      0.563E+00      0.834E+00      0.212E+10     -0.990E+02     -0.990E+02
      0.100E-02      0.563E+00      0.834E+00      0.212E+10     -0.990E+02     -0.990E+02
      0.105E-02      0.563E+00      0.834E+00      0.212E+10     -0.990E+02     -0.990E+02
      0.110E-02      0.563E+00      0.834E+00      0.212E+10     -0.990E+02     -0.990E+02
      0.115E-02      0.563E+00      0.834E+00      0.212E+10     -0.990E+02     -0.990E+02
      0.120E-02      0.563E+00      0.834E+00      0.212E+10     -0.990E+02     -0.990E+02
      0.126E-02      0.563E+00      0.834E+00      0.212E+10     -0.990E+02     -0.990E+02
      0.132E-02      0.563E+00      0.834E+00      0.212E+10     -0.990E+02     -0.990E+02
      0.138E-02      0.563E+00      0.834E+00      0.212E+10     -0.990E+02     -0.990E+02
      0.145E-02      0.563E+00      0.834E+00      0.212E+10     -0.990E+02     -0.990E+02
      0.151E-02      0.563E+00      0.834E+00      0.212E+10     -0.990E+02     -0.990E+02
      0.158E-02      0.563E+00      0.834E+00      0.212E+10     -0.990E+02     -0.990E+02
      0.166E-02      0.563E+00      0.834E+00      0.212E+10     -0.990E+02     -0.990E+02
      0.174E-02      0.563E+00      0.834E+00      0.212E+10     -0.990E+02     -0.990E+02
      0.182E-02      0.563E+00      0.834E+00      0.212E+10     -0.990E+02     -0.990E+02
      0.191E-02      0.563E+00      0.834E+00      0.212E+10     -0.990E+02     -0.990E+02
      0.200E-02      0.563E+00      0.834E+00      0.212E+10     -0.990E+02     -0.990E+02
      0.209E-02      0.563E+00      0.834E+00      0.212E+10     -0.990E+02     -0.990E+02
      0.219E-02      0.563E+00      0.834E+00      0.212E+10     -0.990E+02     -0.990E+02
      0.229E-02      0.563E+00      0.834E+00      0.212E+10     -0.990E+02     -0.990E+02
      0.240E-02      0.563E+00      0.834E+00      0.212E+10     -0.990E+02     -0.990E+02
      0.251E-02      0.563E+00      0.834E+00      0.212E+10     -0.990E+02     -0.990E+02
      0.263E-02      0.563E+00      0.834E+00      0.212E+10     -0.990E+02     -0.990E+02
      0.275E-02      0.563E+00      0.834E+00      0.212E+10     -0.990E+02     -0.990E+02
      0.288E-02      0.563E+00      0.834E+00      0.212E+10     -0.990E+02     -0.990E+02
      0.302E-02      0.563E+00      0.834E+00      0.212E+10     -0.990E+02     -0.990E+02
      0.316E-02      0.563E+00      0.834E+00      0.212E+10     -0.990E+02     -0.990E+02
      0.331E-02      0.563E+00      0.834E+00      0.212E+10     -0.990E+02     -0.990E+02
      0.347E-02      0.563E+00      0.834E+00      0.212E+10     -0.990E+02     -0.990E+02
      0.363E-02      0.563E+00      0.834E+00      0.212E+10     -0.990E+02     -0.990E+02
      0.380E-02      0.563E+00      0.834E+00      0.212E+10     -0.990E+02     -0.990E+02
      0.398E-02      0.563E+00      0.834E+00      0.212E+10     -0.990E+02     -0.990E+02
      0.417E-02      0.563E+00      0.834E+00      0.212E+10     -0.990E+02     -0.990E+02
      0.437E-02      0.563E+00      0.834E+00      0.212E+10     -0.990E+02     -0.990E+02
      0.457E-02      0.563E+00      0.834E+00      0.212E+10     -0.990E+02     -0.990E+02
      0.479E-02      0.563E+00      0.834E+00      0.212E+10     -0.990E+02     -0.990E+02
      0.501E-02      0.563E+00      0.834E+00      0.212E+10     -0.990E+02     -0.990E+02
      0.525E-02      0.563E+00      0.834E+00      0.212E+10     -0.990E+02     -0.990E+02
      0.550E-02      0.563E+00      0.834E+00      0.212E+10     -0.990E+02     -0.990E+02
      0.575E-02      0.563E+00      0.834E+00      0.212E+10     -0.990E+02     -0.990E+02
      0.603E-02      0.563E+00      0.834E+00      0.212E+10     -0.990E+02     -0.990E+02
      0.631E-02      0.563E+00      0.834E+00      0.212E+10     -0.990E+02     -0.990E+02
      0.661E-02      0.563E+00      0.834E+00      0.212E+10     -0.990E+02     -0.990E+02
      0.692E-02      0.563E+00      0.834E+00      0.212E+10     -0.990E+02     -0.990E+02
      0.724E-02      0.563E+00      0.834E+00      0.212E+10     -0.990E+02     -0.990E+02
      0.759E-02      0.563E+00      0.834E+00      0.212E+10     -0.990E+02     -0.990E+02
      0.794E-02      0.563E+00      0.834E+00      0.212E+10     -0.990E+02     -0.990E+02
      0.832E-02      0.563E+00      0.834E+00      0.212E+10     -0.990E+02     -0.990E+02
      0.871E-02      0.563E+00      0.834E+00      0.212E+10     -0.990E+02     -0.990E+02
      0.912E-02      0.563E+00      0.834E+00      0.212E+10     -0.990E+02     -0.990E+02
      0.955E-02      0.563E+00      0.834E+00      0.212E+10     -0.990E+02     -0.990E+02
      0.100E-01      0.563E+00      0.834E+00      0.212E+10     -0.369E+00      0.557E+00
      0.105E-01      0.259E+01      0.197E+01      0.212E+10     -0.369E+00      0.557E+00
      0.110E-01      0.258E+01      0.196E+01      0.212E+10     -0.369E+00      0.557E+00
      0.115E-01      0.257E+01      0.196E+01      0.211E+10     -0.369E+00      0.557E+00
      0.120E-01      0.257E+01      0.195E+01      0.211E+10     -0.369E+00      0.556E+00
      0.126E-01      0.257E+01      0.196E+01      0.211E+10     -0.369E+00      0.556E+00
      0.132E-01      0.259E+01      0.196E+01      0.211E+10     -0.369E+00      0.556E+00
      0.138E-01      0.258E+01      0.196E+01      0.211E+10     -0.369E+00      0.556E+00
      0.144E-01      0.256E+01      0.194E+01      0.211E+10     -0.369E+00      0.556E+00
      0.151E-01      0.257E+01      0.195E+01      0.211E+10     -0.369E+00      0.556E+00
      0.159E-01      0.258E+01      0.195E+01      0.211E+10     -0.369E+00      0.555E+00
      0.166E-01      0.257E+01      0.195E+01      0.210E+10     -0.369E+00      0.555E+00
      0.174E-01      0.258E+01      0.195E+01      0.210E+10     -0.369E+00      0.555E+00
      0.182E-01      0.259E+01      0.196E+01      0.210E+10     -0.369E+00      0.555E+00
      0.191E-01      0.258E+01      0.196E+01      0.210E+10     -0.369E+00      0.554E+00
      0.200E-01      0.257E+01      0.195E+01      0.210E+10     -0.369E+00      0.554E+00
      0.209E-01      0.257E+01      0.194E+01      0.209E+10     -0.369E+00      0.554E+00
      0.219E-01      0.257E+01      0.194E+01      0.209E+10     -0.369E+00      0.553E+00
      0.229E-01      0.257E+01      0.195E+01      0.209E+10     -0.369E+00      0.553E+00
      0.240E-01      0.257E+01      0.194E+01      0.209E+10     -0.370E+00      0.553E+00
      0.251E-01      0.258E+01      0.195E+01      0.209E+10     -0.370E+00      0.553E+00
      0.263E-01      0.257E+01      0.194E+01      0.208E+10     -0.370E+00      0.553E+00
      0.275E-01      0.257E+01      0.194E+01      0.208E+10     -0.370E+00      0.552E+00
      0.290E-01      0.257E+01      0.194E+01      0.208E+10     -0.370E+00      0.552E+00
      0.300E-01      0.257E+01      0.194E+01      0.207E+10     -0.370E+00      0.551E+00
      0.310E-01      0.257E+01      0.193E+01      0.207E+10     -0.370E+00      0.551E+00
      0.320E-01      0.257E+01      0.193E+01      0.207E+10     -0.370E+00      0.551E+00
      0.330E-01      0.257E+01      0.193E+01      0.207E+10     -0.370E+00      0.550E+00
      0.340E-01      0.257E+01      0.193E+01      0.207E+10     -0.370E+00      0.550E+00
      0.350E-01      0.257E+01      0.193E+01      0.206E+10     -0.370E+00      0.550E+00
      0.360E-01      0.257E+01      0.193E+01      0.206E+10     -0.370E+00      0.549E+00
      0.370E-01      0.257E+01      0.193E+01      0.206E+10     -0.370E+00      0.549E+00
      0.380E-01      0.257E+01      0.192E+01      0.206E+10     -0.370E+00      0.548E+00
      0.390E-01      0.257E+01      0.192E+01      0.206E+10     -0.370E+00      0.548E+00
      0.400E-01      0.257E+01      0.192E+01      0.205E+10     -0.370E+00      0.548E+00
      0.425E-01      0.257E+01      0.192E+01      0.205E+10     -0.371E+00      0.546E+00
      0.450E-01      0.257E+01      0.191E+01      0.205E+10     -0.371E+00      0.545E+00
      0.475E-01      0.257E+01      0.191E+01      0.204E+10     -0.371E+00      0.544E+00
      0.500E-01      0.257E+01      0.191E+01      0.203E+10     -0.371E+00      0.543E+00
      0.525E-01      0.256E+01      0.190E+01      0.203E+10     -0.371E+00      0.542E+00
      0.550E-01      0.256E+01      0.190E+01      0.202E+10     -0.372E+00      0.541E+00
      0.571E-01      0.257E+01      0.190E+01      0.202E+10     -0.372E+00      0.541E+00
      0.640E-01      0.256E+01      0.189E+01      0.201E+10     -0.372E+00      0.538E+00
      0.719E-01      0.256E+01      0.188E+01      0.200E+10     -0.373E+00      0.536E+00
      0.806E-01      0.256E+01      0.187E+01      0.198E+10     -0.374E+00      0.533E+00
      0.905E-01      0.256E+01      0.186E+01      0.196E+10     -0.374E+00      0.531E+00
      0.102E+00      0.255E+01      0.185E+01      0.194E+10     -0.376E+00      0.529E+00
      0.114E+00      0.255E+01      0.184E+01      0.192E+10     -0.377E+00      0.527E+00
      0.128E+00      0.254E+01      0.182E+01      0.189E+10     -0.378E+00      0.525E+00
      0.143E+00      0.253E+01      0.180E+01      0.186E+10     -0.379E+00      0.522E+00
      0.161E+00      0.252E+01      0.178E+01      0.183E+10     -0.380E+00      0.520E+00
      0.181E+00      0.250E+01      0.176E+01      0.180E+10     -0.382E+00      0.518E+00
      0.203E+00      0.248E+01      0.175E+01      0.176E+10     -0.384E+00      0.520E+00
      0.227E+00      0.245E+01      0.173E+01      0.172E+10     -0.387E+00      0.523E+00
      0.255E+00      0.241E+01      0.170E+01      0.167E+10     -0.391E+00      0.525E+00
      0.286E+00      0.235E+01      0.165E+01      0.162E+10     -0.394E+00      0.527E+00
      0.321E+00      0.229E+01      0.158E+01      0.157E+10     -0.399E+00      0.524E+00
      0.360E+00      0.223E+01      0.153E+01      0.151E+10     -0.406E+00      0.523E+00
      0.404E+00      0.217E+01      0.149E+01      0.144E+10     -0.414E+00      0.526E+00
      0.453E+00      0.211E+01      0.144E+01      0.137E+10     -0.422E+00      0.530E+00
      0.509E+00      0.204E+01      0.140E+01      0.129E+10     -0.432E+00      0.548E+00
      0.571E+00      0.197E+01      0.134E+01      0.121E+10     -0.444E+00      0.553E+00
      0.641E+00      0.186E+01      0.123E+01      0.112E+10     -0.452E+00      0.550E+00
      0.719E+00      0.174E+01      0.114E+01      0.103E+10     -0.454E+00      0.545E+00
      0.806E+00      0.163E+01      0.108E+01      0.935E+09     -0.450E+00      0.551E+00
      0.905E+00      0.157E+01      0.103E+01      0.835E+09     -0.439E+00      0.515E+00
      0.102E+01      0.151E+01      0.981E+00      0.727E+09     -0.452E+00      0.508E+00
      0.114E+01      0.141E+01      0.929E+00      0.611E+09     -0.494E+00      0.538E+00
      0.128E+01      0.121E+01      0.850E+00      0.491E+09     -0.513E+00      0.588E+00
      0.143E+01      0.987E+00      0.729E+00      0.376E+09     -0.504E+00      0.591E+00
      0.161E+01      0.751E+00      0.588E+00      0.273E+09     -0.514E+00      0.637E+00
      0.168E+01      0.664E+00      0.543E+00      0.215E+09     -0.528E+00      0.671E+00
      0.170E+01      0.642E+00      0.533E+00      0.196E+09     -0.532E+00      0.686E+00
      0.180E+01      0.546E+00      0.488E+00      0.172E+09     -0.563E+00      0.778E+00
      0.190E+01      0.460E+00      0.443E+00      0.138E+09     -0.576E+00      0.850E+00
      0.200E+01      0.388E+00      0.405E+00      0.110E+09     -0.585E+00      0.958E+00
      0.210E+01      0.323E+00      0.370E+00      0.856E+08     -0.576E+00      0.105E+01
      0.220E+01      0.260E+00      0.330E+00      0.658E+08     -0.585E+00      0.116E+01
      0.230E+01      0.202E+00      0.279E+00      0.499E+08     -0.607E+00      0.128E+01
      0.240E+01      0.158E+00      0.235E+00      0.376E+08     -0.632E+00      0.141E+01
      0.250E+01      0.129E+00      0.218E+00      0.281E+08     -0.656E+00      0.166E+01
      0.260E+01      0.104E+00      0.210E+00      0.203E+08     -0.701E+00      0.215E+01
      0.275E+01      0.632E-01      0.141E+00      0.125E+08     -0.726E+00      0.233E+01
      0.300E+01      0.268E-01      0.830E-01      0.494E+07     -0.635E+00      0.262E+01
      0.325E+01      0.607E-02      0.282E-01      0.948E+06     -0.733E+00      0.491E+01
      0.350E+01      0.338E-03      0.354E-02      0.494E+05     -0.934E+00      0.138E+02
      0.375E+01      0.410E-07      0.106E-04      0.597E+01     -0.210E+01      0.734E+03
      0.400E+01      0.422E-30      0.318E-17      0.608E-22     -0.355E+01       Infinity
      0.425E+01      0.000E+00      0.000E+00      0.000E+00     -0.990E+02     -0.990E+02
      0.450E+01      0.000E+00      0.000E+00      0.000E+00     -0.990E+02     -0.990E+02
      0.475E+01      0.000E+00      0.000E+00      0.000E+00     -0.990E+02     -0.990E+02
      0.500E+01      0.000E+00      0.000E+00      0.000E+00     -0.990E+02     -0.990E+02
      0.525E+01      0.000E+00      0.000E+00      0.000E+00     -0.990E+02     -0.990E+02
      0.550E+01      0.000E+00      0.000E+00      0.000E+00     -0.990E+02     -0.990E+02
      0.575E+01      0.000E+00      0.000E+00      0.000E+00     -0.990E+02     -0.990E+02
      0.600E+01      0.000E+00      0.000E+00      0.000E+00     -0.990E+02     -0.990E+02
      0.625E+01      0.000E+00      0.000E+00      0.000E+00     -0.990E+02     -0.990E+02
      0.650E+01      0.000E+00      0.000E+00      0.000E+00     -0.990E+02     -0.990E+02
      0.675E+01      0.000E+00      0.000E+00      0.000E+00     -0.990E+02     -0.990E+02
      0.700E+01      0.000E+00      0.000E+00      0.000E+00     -0.990E+02     -0.990E+02
      0.725E+01      0.000E+00      0.000E+00      0.000E+00     -0.990E+02     -0.990E+02
      0.750E+01      0.000E+00      0.000E+00      0.000E+00     -0.990E+02     -0.990E+02
      0.775E+01      0.000E+00      0.000E+00      0.000E+00     -0.990E+02     -0.990E+02
      0.800E+01      0.000E+00      0.000E+00      0.000E+00     -0.990E+02     -0.990E+02
      0.825E+01      0.000E+00      0.000E+00      0.000E+00     -0.990E+02     -0.990E+02
      0.850E+01      0.000E+00      0.000E+00      0.000E+00     -0.990E+02     -0.990E+02
      0.875E+01      0.000E+00      0.000E+00      0.000E+00     -0.990E+02     -0.990E+02
      0.900E+01      0.000E+00      0.000E+00      0.000E+00     -0.990E+02     -0.990E+02
      0.925E+01      0.000E+00      0.000E+00      0.000E+00     -0.990E+02     -0.990E+02
      0.950E+01      0.000E+00      0.000E+00      0.000E+00     -0.990E+02     -0.990E+02
      0.975E+01      0.000E+00      0.000E+00      0.000E+00     -0.990E+02     -0.990E+02
      0.100E+02      0.000E+00      0.000E+00      0.000E+00     -0.990E+02     -0.990E+02
      0.102E+02      0.000E+00      0.000E+00      0.000E+00     -0.990E+02     -0.990E+02
      0.105E+02      0.000E+00      0.000E+00      0.000E+00     -0.990E+02     -0.990E+02
      0.108E+02      0.000E+00      0.000E+00      0.000E+00     -0.990E+02     -0.990E+02
      0.110E+02      0.000E+00      0.000E+00      0.000E+00     -0.990E+02     -0.990E+02
      0.112E+02      0.000E+00      0.000E+00      0.000E+00     -0.990E+02     -0.990E+02
      0.115E+02      0.000E+00      0.000E+00      0.000E+00     -0.990E+02     -0.990E+02
      0.118E+02      0.000E+00      0.000E+00      0.000E+00     -0.990E+02     -0.990E+02
      0.120E+02      0.000E+00      0.000E+00      0.000E+00     -0.990E+02     -0.990E+02
      0.122E+02      0.000E+00      0.000E+00      0.000E+00     -0.990E+02     -0.990E+02
      0.125E+02      0.000E+00      0.000E+00      0.000E+00     -0.990E+02     -0.990E+02
      0.128E+02      0.000E+00      0.000E+00      0.000E+00     -0.990E+02     -0.990E+02
      0.130E+02      0.000E+00      0.000E+00      0.000E+00     -0.990E+02     -0.990E+02
      0.132E+02      0.000E+00      0.000E+00      0.000E+00     -0.990E+02     -0.990E+02
      0.135E+02      0.000E+00      0.000E+00      0.000E+00     -0.990E+02     -0.990E+02
      0.138E+02      0.000E+00      0.000E+00      0.000E+00     -0.990E+02     -0.990E+02
      0.140E+02      0.000E+00      0.000E+00      0.000E+00     -0.990E+02     -0.990E+02
      0.142E+02      0.000E+00      0.000E+00      0.000E+00     -0.990E+02     -0.990E+02
      0.145E+02      0.000E+00      0.000E+00      0.000E+00     -0.990E+02     -0.990E+02
      0.148E+02      0.000E+00      0.000E+00      0.000E+00     -0.990E+02     -0.990E+02
      0.150E+02      0.000E+00      0.000E+00      0.000E+00     -0.990E+02     -0.990E+02
      0.152E+02      0.000E+00      0.000E+00      0.000E+00     -0.990E+02     -0.990E+02
      0.155E+02      0.000E+00      0.000E+00      0.000E+00     -0.990E+02     -0.990E+02
      0.158E+02      0.000E+00      0.000E+00      0.000E+00     -0.990E+02     -0.990E+02
      0.160E+02      0.000E+00      0.000E+00      0.000E+00     -0.990E+02     -0.990E+02
      0.162E+02      0.000E+00      0.000E+00      0.000E+00     -0.990E+02     -0.990E+02
      0.165E+02      0.000E+00      0.000E+00      0.000E+00     -0.990E+02     -0.990E+02
      0.168E+02      0.000E+00      0.000E+00      0.000E+00     -0.990E+02     -0.990E+02
      0.170E+02      0.000E+00      0.000E+00      0.000E+00     -0.990E+02     -0.990E+02
      0.172E+02      0.000E+00      0.000E+00      0.000E+00     -0.990E+02     -0.990E+02
      0.175E+02      0.000E+00      0.000E+00      0.000E+00     -0.990E+02     -0.990E+02
      0.178E+02      0.000E+00      0.000E+00      0.000E+00     -0.990E+02     -0.990E+02
      0.180E+02      0.000E+00      0.000E+00      0.000E+00     -0.990E+02     -0.990E+02
      0.182E+02      0.000E+00      0.000E+00      0.000E+00     -0.990E+02     -0.990E+02
      0.185E+02      0.000E+00      0.000E+00      0.000E+00     -0.990E+02     -0.990E+02
      0.188E+02      0.000E+00      0.000E+00      0.000E+00     -0.990E+02     -0.990E+02
      0.190E+02      0.000E+00      0.000E+00      0.000E+00     -0.990E+02     -0.990E+02
      0.192E+02      0.000E+00      0.000E+00      0.000E+00     -0.990E+02     -0.990E+02
      0.195E+02      0.000E+00      0.000E+00      0.000E+00     -0.990E+02     -0.990E+02
      0.198E+02      0.000E+00      0.000E+00      0.000E+00     -0.990E+02     -0.990E+02
      0.200E+02      0.000E+00      0.000E+00      0.000E+00     -0.990E+02     -0.990E+02
