      0.000E+00      0.415E+01      0.637E+01      0.316E+10     -0.990E+02     -0.990E+02
      0.100E-03      0.415E+01      0.637E+01      0.316E+10     -0.990E+02     -0.990E+02
      0.140E-03      0.415E+01      0.637E+01      0.316E+10     -0.990E+02     -0.990E+02
      0.160E-03      0.415E+01      0.637E+01      0.316E+10     -0.990E+02     -0.990E+02
      0.180E-03      0.415E+01      0.637E+01      0.316E+10     -0.990E+02     -0.990E+02
      0.200E-03      0.415E+01      0.637E+01      0.316E+10     -0.990E+02     -0.990E+02
      0.220E-03      0.415E+01      0.637E+01      0.316E+10     -0.990E+02     -0.990E+02
      0.250E-03      0.415E+01      0.637E+01      0.316E+10     -0.990E+02     -0.990E+02
      0.280E-03      0.415E+01      0.637E+01      0.316E+10     -0.990E+02     -0.990E+02
      0.320E-03      0.415E+01      0.637E+01      0.316E+10     -0.990E+02     -0.990E+02
      0.350E-03      0.415E+01      0.637E+01      0.316E+10     -0.990E+02     -0.990E+02
      0.400E-03      0.415E+01      0.637E+01      0.316E+10     -0.990E+02     -0.990E+02
      0.450E-03      0.415E+01      0.637E+01      0.316E+10     -0.990E+02     -0.990E+02
      0.500E-03      0.415E+01      0.637E+01      0.316E+10     -0.990E+02     -0.990E+02
      0.560E-03      0.415E+01      0.637E+01      0.316E+10     -0.990E+02     -0.990E+02
      0.630E-03      0.415E+01      0.637E+01      0.316E+10     -0.990E+02     -0.990E+02
      0.710E-03      0.415E+01      0.637E+01      0.316E+10     -0.990E+02     -0.990E+02
      0.790E-03      0.415E+01      0.637E+01      0.316E+10     -0.990E+02     -0.990E+02
      0.890E-03      0.415E+01      0.637E+01      0.316E+10     -0.990E+02     -0.990E+02
      0.100E-02      0.415E+01      0.637E+01      0.316E+10     -0.990E+02     -0.990E+02
      0.105E-02      0.415E+01      0.637E+01      0.316E+10     -0.990E+02     -0.990E+02
      0.110E-02      0.415E+01      0.637E+01      0.316E+10     -0.990E+02     -0.990E+02
      0.115E-02      0.415E+01      0.637E+01      0.316E+10     -0.990E+02     -0.990E+02
      0.120E-02      0.415E+01      0.637E+01      0.316E+10     -0.990E+02     -0.990E+02
      0.126E-02      0.415E+01      0.637E+01      0.316E+10     -0.990E+02     -0.990E+02
      0.132E-02      0.415E+01      0.637E+01      0.316E+10     -0.990E+02     -0.990E+02
      0.138E-02      0.415E+01      0.637E+01      0.316E+10     -0.990E+02     -0.990E+02
      0.145E-02      0.415E+01      0.637E+01      0.316E+10     -0.990E+02     -0.990E+02
      0.151E-02      0.415E+01      0.637E+01      0.316E+10     -0.990E+02     -0.990E+02
      0.158E-02      0.415E+01      0.637E+01      0.316E+10     -0.990E+02     -0.990E+02
      0.166E-02      0.415E+01      0.637E+01      0.316E+10     -0.990E+02     -0.990E+02
      0.174E-02      0.415E+01      0.637E+01      0.316E+10     -0.990E+02     -0.990E+02
      0.182E-02      0.415E+01      0.637E+01      0.316E+10     -0.990E+02     -0.990E+02
      0.191E-02      0.415E+01      0.637E+01      0.316E+10     -0.990E+02     -0.990E+02
      0.200E-02      0.415E+01      0.637E+01      0.316E+10     -0.990E+02     -0.990E+02
      0.209E-02      0.415E+01      0.637E+01      0.316E+10     -0.990E+02     -0.990E+02
      0.219E-02      0.415E+01      0.637E+01      0.316E+10     -0.990E+02     -0.990E+02
      0.229E-02      0.415E+01      0.637E+01      0.316E+10     -0.990E+02     -0.990E+02
      0.240E-02      0.415E+01      0.637E+01      0.316E+10     -0.990E+02     -0.990E+02
      0.251E-02      0.415E+01      0.637E+01      0.316E+10     -0.990E+02     -0.990E+02
      0.263E-02      0.415E+01      0.637E+01      0.316E+10     -0.990E+02     -0.990E+02
      0.275E-02      0.415E+01      0.637E+01      0.316E+10     -0.990E+02     -0.990E+02
      0.288E-02      0.415E+01      0.637E+01      0.316E+10     -0.990E+02     -0.990E+02
      0.302E-02      0.415E+01      0.637E+01      0.316E+10     -0.990E+02     -0.990E+02
      0.316E-02      0.415E+01      0.637E+01      0.316E+10     -0.990E+02     -0.990E+02
      0.331E-02      0.415E+01      0.637E+01      0.316E+10     -0.990E+02     -0.990E+02
      0.347E-02      0.415E+01      0.637E+01      0.316E+10     -0.990E+02     -0.990E+02
      0.363E-02      0.415E+01      0.637E+01      0.316E+10     -0.990E+02     -0.990E+02
      0.380E-02      0.415E+01      0.637E+01      0.316E+10     -0.990E+02     -0.990E+02
      0.398E-02      0.415E+01      0.637E+01      0.316E+10     -0.990E+02     -0.990E+02
      0.417E-02      0.415E+01      0.637E+01      0.316E+10     -0.990E+02     -0.990E+02
      0.437E-02      0.415E+01      0.637E+01      0.316E+10     -0.990E+02     -0.990E+02
      0.457E-02      0.415E+01      0.637E+01      0.316E+10     -0.990E+02     -0.990E+02
      0.479E-02      0.415E+01      0.637E+01      0.316E+10     -0.990E+02     -0.990E+02
      0.501E-02      0.415E+01      0.637E+01      0.316E+10     -0.990E+02     -0.990E+02
      0.525E-02      0.415E+01      0.637E+01      0.316E+10     -0.990E+02     -0.990E+02
      0.550E-02      0.415E+01      0.637E+01      0.316E+10     -0.990E+02     -0.990E+02
      0.575E-02      0.415E+01      0.637E+01      0.316E+10     -0.990E+02     -0.990E+02
      0.603E-02      0.415E+01      0.637E+01      0.316E+10     -0.990E+02     -0.990E+02
      0.631E-02      0.415E+01      0.637E+01      0.316E+10     -0.990E+02     -0.990E+02
      0.661E-02      0.415E+01      0.637E+01      0.316E+10     -0.990E+02     -0.990E+02
      0.692E-02      0.415E+01      0.637E+01      0.316E+10     -0.990E+02     -0.990E+02
      0.724E-02      0.415E+01      0.637E+01      0.316E+10     -0.990E+02     -0.990E+02
      0.759E-02      0.415E+01      0.637E+01      0.316E+10     -0.990E+02     -0.990E+02
      0.794E-02      0.415E+01      0.637E+01      0.316E+10     -0.990E+02     -0.990E+02
      0.832E-02      0.415E+01      0.637E+01      0.316E+10     -0.990E+02     -0.990E+02
      0.871E-02      0.415E+01      0.637E+01      0.316E+10     -0.990E+02     -0.990E+02
      0.912E-02      0.415E+01      0.637E+01      0.316E+10     -0.990E+02     -0.990E+02
      0.955E-02      0.415E+01      0.637E+01      0.316E+10     -0.990E+02     -0.990E+02
      0.100E-01      0.415E+01      0.637E+01      0.316E+10     -0.533E+00      0.657E+00
      0.105E-01      0.110E+02      0.730E+01      0.312E+10     -0.533E+00      0.656E+00
      0.110E-01      0.109E+02      0.726E+01      0.311E+10     -0.533E+00      0.656E+00
      0.115E-01      0.109E+02      0.723E+01      0.311E+10     -0.533E+00      0.656E+00
      0.120E-01      0.108E+02      0.721E+01      0.310E+10     -0.533E+00      0.656E+00
      0.126E-01      0.109E+02      0.722E+01      0.310E+10     -0.533E+00      0.655E+00
      0.132E-01      0.109E+02      0.724E+01      0.309E+10     -0.533E+00      0.655E+00
      0.138E-01      0.109E+02      0.721E+01      0.308E+10     -0.534E+00      0.655E+00
      0.144E-01      0.108E+02      0.714E+01      0.308E+10     -0.534E+00      0.654E+00
      0.151E-01      0.108E+02      0.715E+01      0.307E+10     -0.534E+00      0.654E+00
      0.159E-01      0.108E+02      0.716E+01      0.307E+10     -0.534E+00      0.654E+00
      0.166E-01      0.108E+02      0.714E+01      0.306E+10     -0.534E+00      0.653E+00
      0.174E-01      0.108E+02      0.713E+01      0.305E+10     -0.534E+00      0.653E+00
      0.182E-01      0.108E+02      0.714E+01      0.304E+10     -0.534E+00      0.652E+00
      0.191E-01      0.108E+02      0.712E+01      0.304E+10     -0.535E+00      0.652E+00
      0.200E-01      0.107E+02      0.707E+01      0.303E+10     -0.535E+00      0.652E+00
      0.209E-01      0.107E+02      0.704E+01      0.302E+10     -0.535E+00      0.651E+00
      0.219E-01      0.107E+02      0.703E+01      0.301E+10     -0.535E+00      0.651E+00
      0.229E-01      0.107E+02      0.703E+01      0.300E+10     -0.535E+00      0.650E+00
      0.240E-01      0.107E+02      0.701E+01      0.299E+10     -0.535E+00      0.650E+00
      0.251E-01      0.107E+02      0.700E+01      0.298E+10     -0.536E+00      0.649E+00
      0.263E-01      0.107E+02      0.698E+01      0.297E+10     -0.536E+00      0.649E+00
      0.275E-01      0.106E+02      0.694E+01      0.296E+10     -0.536E+00      0.648E+00
      0.290E-01      0.106E+02      0.692E+01      0.295E+10     -0.536E+00      0.647E+00
      0.300E-01      0.106E+02      0.691E+01      0.294E+10     -0.536E+00      0.647E+00
      0.310E-01      0.106E+02      0.689E+01      0.293E+10     -0.537E+00      0.647E+00
      0.320E-01      0.106E+02      0.688E+01      0.292E+10     -0.537E+00      0.646E+00
      0.330E-01      0.106E+02      0.686E+01      0.291E+10     -0.537E+00      0.646E+00
      0.340E-01      0.105E+02      0.684E+01      0.290E+10     -0.537E+00      0.645E+00
      0.350E-01      0.105E+02      0.683E+01      0.290E+10     -0.537E+00      0.645E+00
      0.360E-01      0.105E+02      0.681E+01      0.289E+10     -0.537E+00      0.644E+00
      0.370E-01      0.105E+02      0.680E+01      0.288E+10     -0.538E+00      0.644E+00
      0.380E-01      0.105E+02      0.678E+01      0.287E+10     -0.538E+00      0.644E+00
      0.390E-01      0.105E+02      0.677E+01      0.286E+10     -0.538E+00      0.643E+00
      0.400E-01      0.105E+02      0.675E+01      0.285E+10     -0.538E+00      0.643E+00
      0.425E-01      0.104E+02      0.671E+01      0.284E+10     -0.539E+00      0.642E+00
      0.450E-01      0.104E+02      0.667E+01      0.282E+10     -0.539E+00      0.641E+00
      0.475E-01      0.103E+02      0.663E+01      0.280E+10     -0.539E+00      0.640E+00
      0.500E-01      0.103E+02      0.660E+01      0.278E+10     -0.540E+00      0.639E+00
      0.525E-01      0.103E+02      0.656E+01      0.276E+10     -0.540E+00      0.638E+00
      0.550E-01      0.102E+02      0.652E+01      0.274E+10     -0.541E+00      0.637E+00
      0.571E-01      0.102E+02      0.649E+01      0.272E+10     -0.541E+00      0.637E+00
      0.640E-01      0.101E+02      0.638E+01      0.268E+10     -0.542E+00      0.635E+00
      0.719E-01      0.997E+01      0.627E+01      0.262E+10     -0.544E+00      0.633E+00
      0.806E-01      0.984E+01      0.614E+01      0.256E+10     -0.545E+00      0.629E+00
      0.905E-01      0.970E+01      0.599E+01      0.249E+10     -0.547E+00      0.624E+00
      0.102E+00      0.956E+01      0.583E+01      0.241E+10     -0.549E+00      0.618E+00
      0.114E+00      0.939E+01      0.566E+01      0.232E+10     -0.551E+00      0.612E+00
      0.128E+00      0.920E+01      0.547E+01      0.223E+10     -0.553E+00      0.605E+00
      0.143E+00      0.898E+01      0.525E+01      0.213E+10     -0.555E+00      0.594E+00
      0.161E+00      0.871E+01      0.500E+01      0.202E+10     -0.557E+00      0.582E+00
      0.181E+00      0.841E+01      0.474E+01      0.190E+10     -0.559E+00      0.570E+00
      0.203E+00      0.806E+01      0.446E+01      0.177E+10     -0.563E+00      0.558E+00
      0.227E+00      0.766E+01      0.420E+01      0.163E+10     -0.568E+00      0.550E+00
      0.255E+00      0.722E+01      0.393E+01      0.149E+10     -0.575E+00      0.545E+00
      0.286E+00      0.672E+01      0.365E+01      0.133E+10     -0.582E+00      0.541E+00
      0.321E+00      0.618E+01      0.339E+01      0.118E+10     -0.590E+00      0.542E+00
      0.360E+00      0.558E+01      0.310E+01      0.102E+10     -0.598E+00      0.548E+00
      0.404E+00      0.492E+01      0.276E+01      0.854E+09     -0.608E+00      0.560E+00
      0.453E+00      0.419E+01      0.243E+01      0.695E+09     -0.619E+00      0.586E+00
      0.509E+00      0.342E+01      0.211E+01      0.544E+09     -0.629E+00      0.627E+00
      0.571E+00      0.266E+01      0.177E+01      0.406E+09     -0.642E+00      0.691E+00
      0.641E+00      0.198E+01      0.141E+01      0.287E+09     -0.654E+00      0.741E+00
      0.719E+00      0.137E+01      0.107E+01      0.189E+09     -0.674E+00      0.834E+00
      0.806E+00      0.874E+00      0.766E+00      0.113E+09     -0.687E+00      0.950E+00
      0.905E+00      0.493E+00      0.508E+00      0.591E+08     -0.731E+00      0.117E+01
      0.102E+01      0.225E+00      0.299E+00      0.253E+08     -0.775E+00      0.167E+01
      0.114E+01      0.743E-01      0.158E+00      0.812E+07     -0.783E+00      0.261E+01
      0.128E+01      0.163E-01      0.705E-01      0.182E+07     -0.856E+00      0.533E+01
      0.143E+01      0.243E-02      0.183E-01      0.280E+06     -0.852E+00      0.961E+01
      0.161E+01      0.313E-03      0.476E-02      0.264E+05     -0.860E+00      0.171E+02
      0.168E+01      0.564E-04      0.108E-02      0.232E+04     -0.573E+00      0.158E+02
      0.170E+01      0.191E-04      0.447E-03      0.717E+03     -0.585E+00      0.214E+02
      0.180E+01      0.243E-07      0.540E-05      0.148E+01     -0.319E+01      0.901E+03
      0.190E+01      0.100E-10      0.302E-07      0.615E-03     -0.262E+01      0.117E+05
      0.200E+01      0.000E+00      0.000E+00      0.000E+00     -0.990E+02     -0.990E+02
      0.210E+01      0.000E+00      0.000E+00      0.000E+00     -0.990E+02     -0.990E+02
      0.220E+01      0.000E+00      0.000E+00      0.000E+00     -0.990E+02     -0.990E+02
      0.230E+01      0.000E+00      0.000E+00      0.000E+00     -0.990E+02     -0.990E+02
      0.240E+01      0.000E+00      0.000E+00      0.000E+00     -0.990E+02     -0.990E+02
      0.250E+01      0.000E+00      0.000E+00      0.000E+00     -0.990E+02     -0.990E+02
      0.260E+01      0.000E+00      0.000E+00      0.000E+00     -0.990E+02     -0.990E+02
      0.275E+01      0.000E+00      0.000E+00      0.000E+00     -0.990E+02     -0.990E+02
      0.300E+01      0.000E+00      0.000E+00      0.000E+00     -0.990E+02     -0.990E+02
      0.325E+01      0.000E+00      0.000E+00      0.000E+00     -0.990E+02     -0.990E+02
      0.350E+01      0.000E+00      0.000E+00      0.000E+00     -0.990E+02     -0.990E+02
      0.375E+01      0.000E+00      0.000E+00      0.000E+00     -0.990E+02     -0.990E+02
      0.400E+01      0.000E+00      0.000E+00      0.000E+00     -0.990E+02     -0.990E+02
      0.425E+01      0.000E+00      0.000E+00      0.000E+00     -0.990E+02     -0.990E+02
      0.450E+01      0.000E+00      0.000E+00      0.000E+00     -0.990E+02     -0.990E+02
      0.475E+01      0.000E+00      0.000E+00      0.000E+00     -0.990E+02     -0.990E+02
      0.500E+01      0.000E+00      0.000E+00      0.000E+00     -0.990E+02     -0.990E+02
      0.525E+01      0.000E+00      0.000E+00      0.000E+00     -0.990E+02     -0.990E+02
      0.550E+01      0.000E+00      0.000E+00      0.000E+00     -0.990E+02     -0.990E+02
      0.575E+01      0.000E+00      0.000E+00      0.000E+00     -0.990E+02     -0.990E+02
      0.600E+01      0.000E+00      0.000E+00      0.000E+00     -0.990E+02     -0.990E+02
      0.625E+01      0.000E+00      0.000E+00      0.000E+00     -0.990E+02     -0.990E+02
      0.650E+01      0.000E+00      0.000E+00      0.000E+00     -0.990E+02     -0.990E+02
      0.675E+01      0.000E+00      0.000E+00      0.000E+00     -0.990E+02     -0.990E+02
      0.700E+01      0.000E+00      0.000E+00      0.000E+00     -0.990E+02     -0.990E+02
      0.725E+01      0.000E+00      0.000E+00      0.000E+00     -0.990E+02     -0.990E+02
      0.750E+01      0.000E+00      0.000E+00      0.000E+00     -0.990E+02     -0.990E+02
      0.775E+01      0.000E+00      0.000E+00      0.000E+00     -0.990E+02     -0.990E+02
      0.800E+01      0.000E+00      0.000E+00      0.000E+00     -0.990E+02     -0.990E+02
      0.825E+01      0.000E+00      0.000E+00      0.000E+00     -0.990E+02     -0.990E+02
      0.850E+01      0.000E+00      0.000E+00      0.000E+00     -0.990E+02     -0.990E+02
      0.875E+01      0.000E+00      0.000E+00      0.000E+00     -0.990E+02     -0.990E+02
      0.900E+01      0.000E+00      0.000E+00      0.000E+00     -0.990E+02     -0.990E+02
      0.925E+01      0.000E+00      0.000E+00      0.000E+00     -0.990E+02     -0.990E+02
      0.950E+01      0.000E+00      0.000E+00      0.000E+00     -0.990E+02     -0.990E+02
      0.975E+01      0.000E+00      0.000E+00      0.000E+00     -0.990E+02     -0.990E+02
      0.100E+02      0.000E+00      0.000E+00      0.000E+00     -0.990E+02     -0.990E+02
      0.102E+02      0.000E+00      0.000E+00      0.000E+00     -0.990E+02     -0.990E+02
      0.105E+02      0.000E+00      0.000E+00      0.000E+00     -0.990E+02     -0.990E+02
      0.108E+02      0.000E+00      0.000E+00      0.000E+00     -0.990E+02     -0.990E+02
      0.110E+02      0.000E+00      0.000E+00      0.000E+00     -0.990E+02     -0.990E+02
      0.112E+02      0.000E+00      0.000E+00      0.000E+00     -0.990E+02     -0.990E+02
      0.115E+02      0.000E+00      0.000E+00      0.000E+00     -0.990E+02     -0.990E+02
      0.118E+02      0.000E+00      0.000E+00      0.000E+00     -0.990E+02     -0.990E+02
      0.120E+02      0.000E+00      0.000E+00      0.000E+00     -0.990E+02     -0.990E+02
      0.122E+02      0.000E+00      0.000E+00      0.000E+00     -0.990E+02     -0.990E+02
      0.125E+02      0.000E+00      0.000E+00      0.000E+00     -0.990E+02     -0.990E+02
      0.128E+02      0.000E+00      0.000E+00      0.000E+00     -0.990E+02     -0.990E+02
      0.130E+02      0.000E+00      0.000E+00      0.000E+00     -0.990E+02     -0.990E+02
      0.132E+02      0.000E+00      0.000E+00      0.000E+00     -0.990E+02     -0.990E+02
      0.135E+02      0.000E+00      0.000E+00      0.000E+00     -0.990E+02     -0.990E+02
      0.138E+02      0.000E+00      0.000E+00      0.000E+00     -0.990E+02     -0.990E+02
      0.140E+02      0.000E+00      0.000E+00      0.000E+00     -0.990E+02     -0.990E+02
      0.142E+02      0.000E+00      0.000E+00      0.000E+00     -0.990E+02     -0.990E+02
      0.145E+02      0.000E+00      0.000E+00      0.000E+00     -0.990E+02     -0.990E+02
      0.148E+02      0.000E+00      0.000E+00      0.000E+00     -0.990E+02     -0.990E+02
      0.150E+02      0.000E+00      0.000E+00      0.000E+00     -0.990E+02     -0.990E+02
      0.152E+02      0.000E+00      0.000E+00      0.000E+00     -0.990E+02     -0.990E+02
      0.155E+02      0.000E+00      0.000E+00      0.000E+00     -0.990E+02     -0.990E+02
      0.158E+02      0.000E+00      0.000E+00      0.000E+00     -0.990E+02     -0.990E+02
      0.160E+02      0.000E+00      0.000E+00      0.000E+00     -0.990E+02     -0.990E+02
      0.162E+02      0.000E+00      0.000E+00      0.000E+00     -0.990E+02     -0.990E+02
      0.165E+02      0.000E+00      0.000E+00      0.000E+00     -0.990E+02     -0.990E+02
      0.168E+02      0.000E+00      0.000E+00      0.000E+00     -0.990E+02     -0.990E+02
      0.170E+02      0.000E+00      0.000E+00      0.000E+00     -0.990E+02     -0.990E+02
      0.172E+02      0.000E+00      0.000E+00      0.000E+00     -0.990E+02     -0.990E+02
      0.175E+02      0.000E+00      0.000E+00      0.000E+00     -0.990E+02     -0.990E+02
      0.178E+02      0.000E+00      0.000E+00      0.000E+00     -0.990E+02     -0.990E+02
      0.180E+02      0.000E+00      0.000E+00      0.000E+00     -0.990E+02     -0.990E+02
      0.182E+02      0.000E+00      0.000E+00      0.000E+00     -0.990E+02     -0.990E+02
      0.185E+02      0.000E+00      0.000E+00      0.000E+00     -0.990E+02     -0.990E+02
      0.188E+02      0.000E+00      0.000E+00      0.000E+00     -0.990E+02     -0.990E+02
      0.190E+02      0.000E+00      0.000E+00      0.000E+00     -0.990E+02     -0.990E+02
      0.192E+02      0.000E+00      0.000E+00      0.000E+00     -0.990E+02     -0.990E+02
      0.195E+02      0.000E+00      0.000E+00      0.000E+00     -0.990E+02     -0.990E+02
      0.198E+02      0.000E+00      0.000E+00      0.000E+00     -0.990E+02     -0.990E+02
      0.200E+02      0.000E+00      0.000E+00      0.000E+00     -0.990E+02     -0.990E+02
