      0.000E+00      0.936E+01      0.112E+01      0.423E+10     -0.990E+02     -0.990E+02
      0.100E-03      0.936E+01      0.112E+01      0.423E+10     -0.990E+02     -0.990E+02
      0.140E-03      0.936E+01      0.112E+01      0.423E+10     -0.990E+02     -0.990E+02
      0.160E-03      0.936E+01      0.112E+01      0.423E+10     -0.990E+02     -0.990E+02
      0.180E-03      0.936E+01      0.112E+01      0.423E+10     -0.990E+02     -0.990E+02
      0.200E-03      0.936E+01      0.112E+01      0.423E+10     -0.990E+02     -0.990E+02
      0.220E-03      0.936E+01      0.112E+01      0.423E+10     -0.990E+02     -0.990E+02
      0.250E-03      0.936E+01      0.112E+01      0.423E+10     -0.990E+02     -0.990E+02
      0.280E-03      0.936E+01      0.112E+01      0.423E+10     -0.990E+02     -0.990E+02
      0.320E-03      0.936E+01      0.112E+01      0.423E+10     -0.990E+02     -0.990E+02
      0.350E-03      0.936E+01      0.112E+01      0.423E+10     -0.990E+02     -0.990E+02
      0.400E-03      0.936E+01      0.112E+01      0.423E+10     -0.990E+02     -0.990E+02
      0.450E-03      0.936E+01      0.112E+01      0.423E+10     -0.990E+02     -0.990E+02
      0.500E-03      0.936E+01      0.112E+01      0.423E+10     -0.990E+02     -0.990E+02
      0.560E-03      0.936E+01      0.112E+01      0.423E+10     -0.990E+02     -0.990E+02
      0.630E-03      0.936E+01      0.112E+01      0.423E+10     -0.990E+02     -0.990E+02
      0.710E-03      0.936E+01      0.112E+01      0.423E+10     -0.990E+02     -0.990E+02
      0.790E-03      0.936E+01      0.112E+01      0.423E+10     -0.990E+02     -0.990E+02
      0.890E-03      0.936E+01      0.112E+01      0.423E+10     -0.990E+02     -0.990E+02
      0.100E-02      0.936E+01      0.112E+01      0.423E+10     -0.990E+02     -0.990E+02
      0.105E-02      0.936E+01      0.112E+01      0.423E+10     -0.990E+02     -0.990E+02
      0.110E-02      0.936E+01      0.112E+01      0.423E+10     -0.990E+02     -0.990E+02
      0.115E-02      0.936E+01      0.112E+01      0.423E+10     -0.990E+02     -0.990E+02
      0.120E-02      0.936E+01      0.112E+01      0.423E+10     -0.990E+02     -0.990E+02
      0.126E-02      0.936E+01      0.112E+01      0.423E+10     -0.990E+02     -0.990E+02
      0.132E-02      0.936E+01      0.112E+01      0.423E+10     -0.990E+02     -0.990E+02
      0.138E-02      0.936E+01      0.112E+01      0.423E+10     -0.990E+02     -0.990E+02
      0.145E-02      0.936E+01      0.112E+01      0.423E+10     -0.990E+02     -0.990E+02
      0.151E-02      0.936E+01      0.112E+01      0.423E+10     -0.990E+02     -0.990E+02
      0.158E-02      0.936E+01      0.112E+01      0.423E+10     -0.990E+02     -0.990E+02
      0.166E-02      0.936E+01      0.112E+01      0.423E+10     -0.990E+02     -0.990E+02
      0.174E-02      0.936E+01      0.112E+01      0.423E+10     -0.990E+02     -0.990E+02
      0.182E-02      0.936E+01      0.112E+01      0.423E+10     -0.990E+02     -0.990E+02
      0.191E-02      0.936E+01      0.112E+01      0.423E+10     -0.990E+02     -0.990E+02
      0.200E-02      0.936E+01      0.112E+01      0.423E+10     -0.990E+02     -0.990E+02
      0.209E-02      0.936E+01      0.112E+01      0.423E+10     -0.990E+02     -0.990E+02
      0.219E-02      0.936E+01      0.112E+01      0.423E+10     -0.990E+02     -0.990E+02
      0.229E-02      0.936E+01      0.112E+01      0.423E+10     -0.990E+02     -0.990E+02
      0.240E-02      0.936E+01      0.112E+01      0.423E+10     -0.990E+02     -0.990E+02
      0.251E-02      0.936E+01      0.112E+01      0.423E+10     -0.990E+02     -0.990E+02
      0.263E-02      0.936E+01      0.112E+01      0.423E+10     -0.990E+02     -0.990E+02
      0.275E-02      0.936E+01      0.112E+01      0.423E+10     -0.990E+02     -0.990E+02
      0.288E-02      0.936E+01      0.112E+01      0.423E+10     -0.990E+02     -0.990E+02
      0.302E-02      0.936E+01      0.112E+01      0.423E+10     -0.990E+02     -0.990E+02
      0.316E-02      0.936E+01      0.112E+01      0.423E+10     -0.990E+02     -0.990E+02
      0.331E-02      0.936E+01      0.112E+01      0.423E+10     -0.990E+02     -0.990E+02
      0.347E-02      0.936E+01      0.112E+01      0.423E+10     -0.990E+02     -0.990E+02
      0.363E-02      0.936E+01      0.112E+01      0.423E+10     -0.990E+02     -0.990E+02
      0.380E-02      0.936E+01      0.112E+01      0.423E+10     -0.990E+02     -0.990E+02
      0.398E-02      0.936E+01      0.112E+01      0.423E+10     -0.990E+02     -0.990E+02
      0.417E-02      0.936E+01      0.112E+01      0.423E+10     -0.990E+02     -0.990E+02
      0.437E-02      0.936E+01      0.112E+01      0.423E+10     -0.990E+02     -0.990E+02
      0.457E-02      0.936E+01      0.112E+01      0.423E+10     -0.990E+02     -0.990E+02
      0.479E-02      0.936E+01      0.112E+01      0.423E+10     -0.990E+02     -0.990E+02
      0.501E-02      0.936E+01      0.112E+01      0.423E+10     -0.990E+02     -0.990E+02
      0.525E-02      0.936E+01      0.112E+01      0.423E+10     -0.990E+02     -0.990E+02
      0.550E-02      0.936E+01      0.112E+01      0.423E+10     -0.990E+02     -0.990E+02
      0.575E-02      0.936E+01      0.112E+01      0.423E+10     -0.990E+02     -0.990E+02
      0.603E-02      0.936E+01      0.112E+01      0.423E+10     -0.990E+02     -0.990E+02
      0.631E-02      0.936E+01      0.112E+01      0.423E+10     -0.990E+02     -0.990E+02
      0.661E-02      0.936E+01      0.112E+01      0.423E+10     -0.990E+02     -0.990E+02
      0.692E-02      0.936E+01      0.112E+01      0.423E+10     -0.990E+02     -0.990E+02
      0.724E-02      0.936E+01      0.112E+01      0.423E+10     -0.990E+02     -0.990E+02
      0.759E-02      0.936E+01      0.112E+01      0.423E+10     -0.990E+02     -0.990E+02
      0.794E-02      0.936E+01      0.112E+01      0.423E+10     -0.990E+02     -0.990E+02
      0.832E-02      0.936E+01      0.112E+01      0.423E+10     -0.990E+02     -0.990E+02
      0.871E-02      0.936E+01      0.112E+01      0.423E+10     -0.990E+02     -0.990E+02
      0.912E-02      0.936E+01      0.112E+01      0.423E+10     -0.990E+02     -0.990E+02
      0.955E-02      0.936E+01      0.112E+01      0.423E+10     -0.990E+02     -0.990E+02
      0.100E-01      0.936E+01      0.112E+01      0.423E+10      0.213E+00      0.101E+00
      0.105E-01      0.285E+01      0.115E+01      0.413E+10      0.213E+00      0.101E+00
      0.110E-01      0.284E+01      0.114E+01      0.413E+10      0.212E+00      0.101E+00
      0.115E-01      0.283E+01      0.114E+01      0.413E+10      0.212E+00      0.101E+00
      0.120E-01      0.284E+01      0.114E+01      0.413E+10      0.212E+00      0.101E+00
      0.126E-01      0.284E+01      0.115E+01      0.413E+10      0.212E+00      0.101E+00
      0.132E-01      0.285E+01      0.115E+01      0.413E+10      0.212E+00      0.102E+00
      0.138E-01      0.285E+01      0.115E+01      0.412E+10      0.212E+00      0.102E+00
      0.144E-01      0.283E+01      0.115E+01      0.412E+10      0.211E+00      0.102E+00
      0.151E-01      0.284E+01      0.115E+01      0.412E+10      0.211E+00      0.102E+00
      0.159E-01      0.285E+01      0.116E+01      0.412E+10      0.211E+00      0.102E+00
      0.166E-01      0.285E+01      0.116E+01      0.412E+10      0.211E+00      0.102E+00
      0.174E-01      0.286E+01      0.117E+01      0.412E+10      0.211E+00      0.102E+00
      0.182E-01      0.287E+01      0.117E+01      0.411E+10      0.210E+00      0.102E+00
      0.191E-01      0.287E+01      0.118E+01      0.411E+10      0.210E+00      0.102E+00
      0.200E-01      0.286E+01      0.117E+01      0.411E+10      0.210E+00      0.102E+00
      0.209E-01      0.286E+01      0.118E+01      0.411E+10      0.210E+00      0.102E+00
      0.219E-01      0.286E+01      0.118E+01      0.411E+10      0.210E+00      0.103E+00
      0.229E-01      0.287E+01      0.119E+01      0.410E+10      0.209E+00      0.103E+00
      0.240E-01      0.287E+01      0.119E+01      0.410E+10      0.209E+00      0.103E+00
      0.251E-01      0.288E+01      0.120E+01      0.410E+10      0.209E+00      0.103E+00
      0.263E-01      0.288E+01      0.120E+01      0.409E+10      0.208E+00      0.103E+00
      0.275E-01      0.288E+01      0.121E+01      0.409E+10      0.208E+00      0.103E+00
      0.290E-01      0.288E+01      0.121E+01      0.409E+10      0.208E+00      0.103E+00
      0.300E-01      0.289E+01      0.121E+01      0.409E+10      0.207E+00      0.104E+00
      0.310E-01      0.289E+01      0.122E+01      0.408E+10      0.207E+00      0.104E+00
      0.320E-01      0.289E+01      0.122E+01      0.408E+10      0.207E+00      0.104E+00
      0.330E-01      0.290E+01      0.123E+01      0.408E+10      0.206E+00      0.104E+00
      0.340E-01      0.290E+01      0.123E+01      0.408E+10      0.206E+00      0.104E+00
      0.350E-01      0.290E+01      0.123E+01      0.407E+10      0.206E+00      0.104E+00
      0.360E-01      0.291E+01      0.124E+01      0.407E+10      0.206E+00      0.104E+00
      0.370E-01      0.291E+01      0.124E+01      0.407E+10      0.205E+00      0.104E+00
      0.380E-01      0.291E+01      0.125E+01      0.407E+10      0.205E+00      0.104E+00
      0.390E-01      0.291E+01      0.125E+01      0.406E+10      0.205E+00      0.105E+00
      0.400E-01      0.291E+01      0.125E+01      0.406E+10      0.205E+00      0.105E+00
      0.425E-01      0.292E+01      0.126E+01      0.406E+10      0.204E+00      0.105E+00
      0.450E-01      0.293E+01      0.127E+01      0.405E+10      0.203E+00      0.105E+00
      0.475E-01      0.293E+01      0.128E+01      0.405E+10      0.203E+00      0.106E+00
      0.500E-01      0.294E+01      0.130E+01      0.404E+10      0.202E+00      0.106E+00
      0.525E-01      0.294E+01      0.130E+01      0.403E+10      0.201E+00      0.106E+00
      0.550E-01      0.295E+01      0.132E+01      0.403E+10      0.201E+00      0.107E+00
      0.571E-01      0.296E+01      0.133E+01      0.402E+10      0.200E+00      0.107E+00
      0.640E-01      0.298E+01      0.135E+01      0.401E+10      0.198E+00      0.108E+00
      0.719E-01      0.299E+01      0.139E+01      0.400E+10      0.196E+00      0.109E+00
      0.806E-01      0.301E+01      0.142E+01      0.398E+10      0.194E+00      0.110E+00
      0.905E-01      0.304E+01      0.147E+01      0.395E+10      0.192E+00      0.111E+00
      0.102E+00      0.307E+01      0.151E+01      0.393E+10      0.189E+00      0.112E+00
      0.114E+00      0.310E+01      0.157E+01      0.390E+10      0.186E+00      0.114E+00
      0.128E+00      0.314E+01      0.164E+01      0.387E+10      0.183E+00      0.115E+00
      0.143E+00      0.317E+01      0.171E+01      0.384E+10      0.180E+00      0.117E+00
      0.161E+00      0.322E+01      0.179E+01      0.380E+10      0.176E+00      0.119E+00
      0.181E+00      0.327E+01      0.188E+01      0.375E+10      0.172E+00      0.121E+00
      0.203E+00      0.333E+01      0.199E+01      0.370E+10      0.167E+00      0.123E+00
      0.227E+00      0.337E+01      0.202E+01      0.365E+10      0.161E+00      0.120E+00
      0.255E+00      0.342E+01      0.198E+01      0.358E+10      0.153E+00      0.114E+00
      0.286E+00      0.347E+01      0.196E+01      0.351E+10      0.144E+00      0.109E+00
      0.321E+00      0.354E+01      0.197E+01      0.343E+10      0.135E+00      0.105E+00
      0.360E+00      0.360E+01      0.204E+01      0.334E+10      0.125E+00      0.104E+00
      0.404E+00      0.368E+01      0.216E+01      0.323E+10      0.114E+00      0.105E+00
      0.453E+00      0.377E+01      0.236E+01      0.311E+10      0.103E+00      0.107E+00
      0.509E+00      0.370E+01      0.216E+01      0.297E+10      0.110E+00      0.105E+00
      0.571E+00      0.356E+01      0.181E+01      0.282E+10      0.126E+00      0.101E+00
      0.641E+00      0.341E+01      0.146E+01      0.266E+10      0.146E+00      0.974E-01
      0.719E+00      0.325E+01      0.117E+01      0.249E+10      0.168E+00      0.957E-01
      0.806E+00      0.308E+01      0.925E+00      0.231E+10      0.161E+00      0.811E-01
      0.905E+00      0.290E+01      0.783E+00      0.212E+10      0.151E+00      0.687E-01
      0.102E+01      0.279E+01      0.796E+00      0.192E+10      0.133E+00      0.578E-01
      0.114E+01      0.281E+01      0.897E+00      0.170E+10      0.103E+00      0.472E-01
      0.128E+01      0.269E+01      0.944E+00      0.146E+10      0.791E-01      0.422E-01
      0.143E+01      0.237E+01      0.866E+00      0.120E+10      0.604E-01      0.356E-01
      0.161E+01      0.194E+01      0.733E+00      0.950E+09      0.482E-01      0.372E-01
      0.168E+01      0.177E+01      0.702E+00      0.798E+09      0.432E-01      0.443E-01
      0.170E+01      0.171E+01      0.697E+00      0.747E+09      0.416E-01      0.471E-01
      0.180E+01      0.157E+01      0.623E+00      0.682E+09      0.410E-01      0.483E-01
      0.190E+01      0.145E+01      0.562E+00      0.583E+09      0.418E-01      0.519E-01
      0.200E+01      0.139E+01      0.525E+00      0.492E+09      0.347E-01      0.487E-01
      0.210E+01      0.144E+01      0.498E+00      0.405E+09      0.127E-01      0.449E-01
      0.220E+01      0.150E+01      0.498E+00      0.315E+09     -0.767E-02      0.521E-01
      0.230E+01      0.121E+01      0.385E+00      0.222E+09     -0.119E-01      0.460E-01
      0.240E+01      0.863E+00      0.273E+00      0.147E+09     -0.143E-01      0.336E-01
      0.250E+01      0.582E+00      0.204E+00      0.937E+08     -0.225E-01      0.314E-01
      0.260E+01      0.425E+00      0.135E+00      0.580E+08     -0.450E-01      0.322E-01
      0.275E+01      0.210E+00      0.526E-01      0.255E+08     -0.107E+00      0.491E-01
      0.300E+01      0.191E-05      0.674E-03      0.563E+03     -0.111E+01      0.399E+03
      0.325E+01      0.113E-05      0.778E-03      0.275E+03     -0.437E-01      0.586E+02
      0.350E+01      0.583E-06      0.394E-03      0.105E+03     -0.146E+00      0.128E+03
      0.375E+01      0.121E-06      0.910E-04      0.180E+02     -0.364E+00      0.369E+03
      0.400E+01      0.128E-08      0.936E-05      0.188E+00     -0.294E+00      0.298E+04
      0.425E+01      0.389E-12      0.344E-06      0.595E-04     -0.117E+01      0.136E+07
      0.450E+01      0.260E-13      0.220E-07      0.373E-05     -0.136E+01      0.150E+07
      0.475E+01      0.112E-15      0.124E-09      0.160E-07     -0.376E+01      0.616E+07
      0.500E+01      0.000E+00      0.000E+00      0.000E+00     -0.990E+02     -0.990E+02
      0.525E+01      0.000E+00      0.000E+00      0.000E+00     -0.990E+02     -0.990E+02
      0.550E+01      0.000E+00      0.000E+00      0.000E+00     -0.990E+02     -0.990E+02
      0.575E+01      0.000E+00      0.000E+00      0.000E+00     -0.990E+02     -0.990E+02
      0.600E+01      0.000E+00      0.000E+00      0.000E+00     -0.990E+02     -0.990E+02
      0.625E+01      0.000E+00      0.000E+00      0.000E+00     -0.990E+02     -0.990E+02
      0.650E+01      0.000E+00      0.000E+00      0.000E+00     -0.990E+02     -0.990E+02
      0.675E+01      0.000E+00      0.000E+00      0.000E+00     -0.990E+02     -0.990E+02
      0.700E+01      0.000E+00      0.000E+00      0.000E+00     -0.990E+02     -0.990E+02
      0.725E+01      0.000E+00      0.000E+00      0.000E+00     -0.990E+02     -0.990E+02
      0.750E+01      0.000E+00      0.000E+00      0.000E+00     -0.990E+02     -0.990E+02
      0.775E+01      0.000E+00      0.000E+00      0.000E+00     -0.990E+02     -0.990E+02
      0.800E+01      0.000E+00      0.000E+00      0.000E+00     -0.990E+02     -0.990E+02
      0.825E+01      0.000E+00      0.000E+00      0.000E+00     -0.990E+02     -0.990E+02
      0.850E+01      0.000E+00      0.000E+00      0.000E+00     -0.990E+02     -0.990E+02
      0.875E+01      0.000E+00      0.000E+00      0.000E+00     -0.990E+02     -0.990E+02
      0.900E+01      0.000E+00      0.000E+00      0.000E+00     -0.990E+02     -0.990E+02
      0.925E+01      0.000E+00      0.000E+00      0.000E+00     -0.990E+02     -0.990E+02
      0.950E+01      0.000E+00      0.000E+00      0.000E+00     -0.990E+02     -0.990E+02
      0.975E+01      0.000E+00      0.000E+00      0.000E+00     -0.990E+02     -0.990E+02
      0.100E+02      0.000E+00      0.000E+00      0.000E+00     -0.990E+02     -0.990E+02
      0.102E+02      0.000E+00      0.000E+00      0.000E+00     -0.990E+02     -0.990E+02
      0.105E+02      0.000E+00      0.000E+00      0.000E+00     -0.990E+02     -0.990E+02
      0.108E+02      0.000E+00      0.000E+00      0.000E+00     -0.990E+02     -0.990E+02
      0.110E+02      0.000E+00      0.000E+00      0.000E+00     -0.990E+02     -0.990E+02
      0.112E+02      0.000E+00      0.000E+00      0.000E+00     -0.990E+02     -0.990E+02
      0.115E+02      0.000E+00      0.000E+00      0.000E+00     -0.990E+02     -0.990E+02
      0.118E+02      0.000E+00      0.000E+00      0.000E+00     -0.990E+02     -0.990E+02
      0.120E+02      0.000E+00      0.000E+00      0.000E+00     -0.990E+02     -0.990E+02
      0.122E+02      0.000E+00      0.000E+00      0.000E+00     -0.990E+02     -0.990E+02
      0.125E+02      0.000E+00      0.000E+00      0.000E+00     -0.990E+02     -0.990E+02
      0.128E+02      0.000E+00      0.000E+00      0.000E+00     -0.990E+02     -0.990E+02
      0.130E+02      0.000E+00      0.000E+00      0.000E+00     -0.990E+02     -0.990E+02
      0.132E+02      0.000E+00      0.000E+00      0.000E+00     -0.990E+02     -0.990E+02
      0.135E+02      0.000E+00      0.000E+00      0.000E+00     -0.990E+02     -0.990E+02
      0.138E+02      0.000E+00      0.000E+00      0.000E+00     -0.990E+02     -0.990E+02
      0.140E+02      0.000E+00      0.000E+00      0.000E+00     -0.990E+02     -0.990E+02
      0.142E+02      0.000E+00      0.000E+00      0.000E+00     -0.990E+02     -0.990E+02
      0.145E+02      0.000E+00      0.000E+00      0.000E+00     -0.990E+02     -0.990E+02
      0.148E+02      0.000E+00      0.000E+00      0.000E+00     -0.990E+02     -0.990E+02
      0.150E+02      0.000E+00      0.000E+00      0.000E+00     -0.990E+02     -0.990E+02
      0.152E+02      0.000E+00      0.000E+00      0.000E+00     -0.990E+02     -0.990E+02
      0.155E+02      0.000E+00      0.000E+00      0.000E+00     -0.990E+02     -0.990E+02
      0.158E+02      0.000E+00      0.000E+00      0.000E+00     -0.990E+02     -0.990E+02
      0.160E+02      0.000E+00      0.000E+00      0.000E+00     -0.990E+02     -0.990E+02
      0.162E+02      0.000E+00      0.000E+00      0.000E+00     -0.990E+02     -0.990E+02
      0.165E+02      0.000E+00      0.000E+00      0.000E+00     -0.990E+02     -0.990E+02
      0.168E+02      0.000E+00      0.000E+00      0.000E+00     -0.990E+02     -0.990E+02
      0.170E+02      0.000E+00      0.000E+00      0.000E+00     -0.990E+02     -0.990E+02
      0.172E+02      0.000E+00      0.000E+00      0.000E+00     -0.990E+02     -0.990E+02
      0.175E+02      0.000E+00      0.000E+00      0.000E+00     -0.990E+02     -0.990E+02
      0.178E+02      0.000E+00      0.000E+00      0.000E+00     -0.990E+02     -0.990E+02
      0.180E+02      0.000E+00      0.000E+00      0.000E+00     -0.990E+02     -0.990E+02
      0.182E+02      0.000E+00      0.000E+00      0.000E+00     -0.990E+02     -0.990E+02
      0.185E+02      0.000E+00      0.000E+00      0.000E+00     -0.990E+02     -0.990E+02
      0.188E+02      0.000E+00      0.000E+00      0.000E+00     -0.990E+02     -0.990E+02
      0.190E+02      0.000E+00      0.000E+00      0.000E+00     -0.990E+02     -0.990E+02
      0.192E+02      0.000E+00      0.000E+00      0.000E+00     -0.990E+02     -0.990E+02
      0.195E+02      0.000E+00      0.000E+00      0.000E+00     -0.990E+02     -0.990E+02
      0.198E+02      0.000E+00      0.000E+00      0.000E+00     -0.990E+02     -0.990E+02
      0.200E+02      0.000E+00      0.000E+00      0.000E+00     -0.990E+02     -0.990E+02
