      0.000E+00      0.408E+00      0.147E+00      0.264E+09     -0.990E+02     -0.990E+02
      0.100E-03      0.408E+00      0.147E+00      0.264E+09     -0.990E+02     -0.990E+02
      0.140E-03      0.408E+00      0.147E+00      0.264E+09     -0.990E+02     -0.990E+02
      0.160E-03      0.408E+00      0.147E+00      0.264E+09     -0.990E+02     -0.990E+02
      0.180E-03      0.408E+00      0.147E+00      0.264E+09     -0.990E+02     -0.990E+02
      0.200E-03      0.408E+00      0.147E+00      0.264E+09     -0.990E+02     -0.990E+02
      0.220E-03      0.408E+00      0.147E+00      0.264E+09     -0.990E+02     -0.990E+02
      0.250E-03      0.408E+00      0.147E+00      0.264E+09     -0.990E+02     -0.990E+02
      0.280E-03      0.408E+00      0.147E+00      0.264E+09     -0.990E+02     -0.990E+02
      0.320E-03      0.408E+00      0.147E+00      0.264E+09     -0.990E+02     -0.990E+02
      0.350E-03      0.408E+00      0.147E+00      0.264E+09     -0.990E+02     -0.990E+02
      0.400E-03      0.408E+00      0.147E+00      0.264E+09     -0.990E+02     -0.990E+02
      0.450E-03      0.408E+00      0.147E+00      0.264E+09     -0.990E+02     -0.990E+02
      0.500E-03      0.408E+00      0.147E+00      0.264E+09     -0.990E+02     -0.990E+02
      0.560E-03      0.408E+00      0.147E+00      0.264E+09     -0.990E+02     -0.990E+02
      0.630E-03      0.408E+00      0.147E+00      0.264E+09     -0.990E+02     -0.990E+02
      0.710E-03      0.408E+00      0.147E+00      0.264E+09     -0.990E+02     -0.990E+02
      0.790E-03      0.408E+00      0.147E+00      0.264E+09     -0.990E+02     -0.990E+02
      0.890E-03      0.408E+00      0.147E+00      0.264E+09     -0.990E+02     -0.990E+02
      0.100E-02      0.408E+00      0.147E+00      0.264E+09     -0.990E+02     -0.990E+02
      0.105E-02      0.408E+00      0.147E+00      0.264E+09     -0.990E+02     -0.990E+02
      0.110E-02      0.408E+00      0.147E+00      0.264E+09     -0.990E+02     -0.990E+02
      0.115E-02      0.408E+00      0.147E+00      0.264E+09     -0.990E+02     -0.990E+02
      0.120E-02      0.408E+00      0.147E+00      0.264E+09     -0.990E+02     -0.990E+02
      0.126E-02      0.408E+00      0.147E+00      0.264E+09     -0.990E+02     -0.990E+02
      0.132E-02      0.408E+00      0.147E+00      0.264E+09     -0.990E+02     -0.990E+02
      0.138E-02      0.408E+00      0.147E+00      0.264E+09     -0.990E+02     -0.990E+02
      0.145E-02      0.408E+00      0.147E+00      0.264E+09     -0.990E+02     -0.990E+02
      0.151E-02      0.408E+00      0.147E+00      0.264E+09     -0.990E+02     -0.990E+02
      0.158E-02      0.408E+00      0.147E+00      0.264E+09     -0.990E+02     -0.990E+02
      0.166E-02      0.408E+00      0.147E+00      0.264E+09     -0.990E+02     -0.990E+02
      0.174E-02      0.408E+00      0.147E+00      0.264E+09     -0.990E+02     -0.990E+02
      0.182E-02      0.408E+00      0.147E+00      0.264E+09     -0.990E+02     -0.990E+02
      0.191E-02      0.408E+00      0.147E+00      0.264E+09     -0.990E+02     -0.990E+02
      0.200E-02      0.408E+00      0.147E+00      0.264E+09     -0.990E+02     -0.990E+02
      0.209E-02      0.408E+00      0.147E+00      0.264E+09     -0.990E+02     -0.990E+02
      0.219E-02      0.408E+00      0.147E+00      0.264E+09     -0.990E+02     -0.990E+02
      0.229E-02      0.408E+00      0.147E+00      0.264E+09     -0.990E+02     -0.990E+02
      0.240E-02      0.408E+00      0.147E+00      0.264E+09     -0.990E+02     -0.990E+02
      0.251E-02      0.408E+00      0.147E+00      0.264E+09     -0.990E+02     -0.990E+02
      0.263E-02      0.408E+00      0.147E+00      0.264E+09     -0.990E+02     -0.990E+02
      0.275E-02      0.408E+00      0.147E+00      0.264E+09     -0.990E+02     -0.990E+02
      0.288E-02      0.408E+00      0.147E+00      0.264E+09     -0.990E+02     -0.990E+02
      0.302E-02      0.408E+00      0.147E+00      0.264E+09     -0.990E+02     -0.990E+02
      0.316E-02      0.408E+00      0.147E+00      0.264E+09     -0.990E+02     -0.990E+02
      0.331E-02      0.408E+00      0.147E+00      0.264E+09     -0.990E+02     -0.990E+02
      0.347E-02      0.408E+00      0.147E+00      0.264E+09     -0.990E+02     -0.990E+02
      0.363E-02      0.408E+00      0.147E+00      0.264E+09     -0.990E+02     -0.990E+02
      0.380E-02      0.408E+00      0.147E+00      0.264E+09     -0.990E+02     -0.990E+02
      0.398E-02      0.408E+00      0.147E+00      0.264E+09     -0.990E+02     -0.990E+02
      0.417E-02      0.408E+00      0.147E+00      0.264E+09     -0.990E+02     -0.990E+02
      0.437E-02      0.408E+00      0.147E+00      0.264E+09     -0.990E+02     -0.990E+02
      0.457E-02      0.408E+00      0.147E+00      0.264E+09     -0.990E+02     -0.990E+02
      0.479E-02      0.408E+00      0.147E+00      0.264E+09     -0.990E+02     -0.990E+02
      0.501E-02      0.408E+00      0.147E+00      0.264E+09     -0.990E+02     -0.990E+02
      0.525E-02      0.408E+00      0.147E+00      0.264E+09     -0.990E+02     -0.990E+02
      0.550E-02      0.408E+00      0.147E+00      0.264E+09     -0.990E+02     -0.990E+02
      0.575E-02      0.408E+00      0.147E+00      0.264E+09     -0.990E+02     -0.990E+02
      0.603E-02      0.408E+00      0.147E+00      0.264E+09     -0.990E+02     -0.990E+02
      0.631E-02      0.408E+00      0.147E+00      0.264E+09     -0.990E+02     -0.990E+02
      0.661E-02      0.408E+00      0.147E+00      0.264E+09     -0.990E+02     -0.990E+02
      0.692E-02      0.408E+00      0.147E+00      0.264E+09     -0.990E+02     -0.990E+02
      0.724E-02      0.408E+00      0.147E+00      0.264E+09     -0.990E+02     -0.990E+02
      0.759E-02      0.408E+00      0.147E+00      0.264E+09     -0.990E+02     -0.990E+02
      0.794E-02      0.408E+00      0.147E+00      0.264E+09     -0.990E+02     -0.990E+02
      0.832E-02      0.408E+00      0.147E+00      0.264E+09     -0.990E+02     -0.990E+02
      0.871E-02      0.408E+00      0.147E+00      0.264E+09     -0.990E+02     -0.990E+02
      0.912E-02      0.408E+00      0.147E+00      0.264E+09     -0.990E+02     -0.990E+02
      0.955E-02      0.408E+00      0.147E+00      0.264E+09     -0.990E+02     -0.990E+02
      0.100E-01      0.408E+00      0.147E+00      0.264E+09     -0.436E+00      0.268E+00
      0.105E-01      0.667E-01      0.295E-01      0.260E+09     -0.437E+00      0.268E+00
      0.110E-01      0.666E-01      0.294E-01      0.260E+09     -0.438E+00      0.268E+00
      0.115E-01      0.666E-01      0.293E-01      0.260E+09     -0.438E+00      0.267E+00
      0.120E-01      0.667E-01      0.294E-01      0.260E+09     -0.439E+00      0.267E+00
      0.126E-01      0.670E-01      0.294E-01      0.260E+09     -0.439E+00      0.267E+00
      0.132E-01      0.675E-01      0.296E-01      0.260E+09     -0.440E+00      0.267E+00
      0.138E-01      0.677E-01      0.296E-01      0.260E+09     -0.440E+00      0.266E+00
      0.144E-01      0.674E-01      0.295E-01      0.260E+09     -0.441E+00      0.266E+00
      0.151E-01      0.678E-01      0.296E-01      0.259E+09     -0.442E+00      0.266E+00
      0.159E-01      0.684E-01      0.297E-01      0.259E+09     -0.442E+00      0.265E+00
      0.166E-01      0.684E-01      0.298E-01      0.259E+09     -0.443E+00      0.265E+00
      0.174E-01      0.690E-01      0.299E-01      0.259E+09     -0.444E+00      0.265E+00
      0.182E-01      0.695E-01      0.300E-01      0.259E+09     -0.445E+00      0.264E+00
      0.191E-01      0.697E-01      0.301E-01      0.259E+09     -0.445E+00      0.264E+00
      0.200E-01      0.697E-01      0.300E-01      0.259E+09     -0.446E+00      0.264E+00
      0.209E-01      0.699E-01      0.301E-01      0.259E+09     -0.446E+00      0.264E+00
      0.219E-01      0.703E-01      0.302E-01      0.259E+09     -0.447E+00      0.263E+00
      0.229E-01      0.709E-01      0.303E-01      0.259E+09     -0.448E+00      0.263E+00
      0.240E-01      0.713E-01      0.304E-01      0.259E+09     -0.449E+00      0.263E+00
      0.251E-01      0.719E-01      0.305E-01      0.259E+09     -0.450E+00      0.262E+00
      0.263E-01      0.722E-01      0.306E-01      0.259E+09     -0.451E+00      0.262E+00
      0.275E-01      0.726E-01      0.307E-01      0.259E+09     -0.452E+00      0.261E+00
      0.290E-01      0.731E-01      0.308E-01      0.259E+09     -0.453E+00      0.261E+00
      0.300E-01      0.735E-01      0.309E-01      0.259E+09     -0.454E+00      0.261E+00
      0.310E-01      0.739E-01      0.310E-01      0.259E+09     -0.455E+00      0.261E+00
      0.320E-01      0.743E-01      0.311E-01      0.258E+09     -0.456E+00      0.260E+00
      0.330E-01      0.746E-01      0.312E-01      0.258E+09     -0.456E+00      0.260E+00
      0.340E-01      0.750E-01      0.313E-01      0.258E+09     -0.457E+00      0.260E+00
      0.350E-01      0.754E-01      0.314E-01      0.258E+09     -0.458E+00      0.260E+00
      0.360E-01      0.757E-01      0.315E-01      0.258E+09     -0.458E+00      0.259E+00
      0.370E-01      0.761E-01      0.316E-01      0.258E+09     -0.459E+00      0.259E+00
      0.380E-01      0.764E-01      0.317E-01      0.258E+09     -0.460E+00      0.259E+00
      0.390E-01      0.769E-01      0.317E-01      0.258E+09     -0.461E+00      0.259E+00
      0.400E-01      0.772E-01      0.319E-01      0.258E+09     -0.461E+00      0.259E+00
      0.425E-01      0.782E-01      0.321E-01      0.258E+09     -0.463E+00      0.258E+00
      0.450E-01      0.791E-01      0.324E-01      0.258E+09     -0.465E+00      0.258E+00
      0.475E-01      0.800E-01      0.326E-01      0.258E+09     -0.466E+00      0.258E+00
      0.500E-01      0.809E-01      0.328E-01      0.257E+09     -0.468E+00      0.257E+00
      0.525E-01      0.818E-01      0.331E-01      0.257E+09     -0.470E+00      0.257E+00
      0.550E-01      0.827E-01      0.333E-01      0.257E+09     -0.471E+00      0.257E+00
      0.571E-01      0.835E-01      0.335E-01      0.257E+09     -0.473E+00      0.257E+00
      0.640E-01      0.861E-01      0.339E-01      0.257E+09     -0.477E+00      0.255E+00
      0.719E-01      0.889E-01      0.343E-01      0.256E+09     -0.481E+00      0.253E+00
      0.806E-01      0.921E-01      0.349E-01      0.256E+09     -0.486E+00      0.251E+00
      0.905E-01      0.957E-01      0.356E-01      0.255E+09     -0.491E+00      0.250E+00
      0.102E+00      0.998E-01      0.364E-01      0.254E+09     -0.496E+00      0.249E+00
      0.114E+00      0.104E+00      0.374E-01      0.253E+09     -0.501E+00      0.248E+00
      0.128E+00      0.109E+00      0.386E-01      0.252E+09     -0.506E+00      0.248E+00
      0.143E+00      0.115E+00      0.401E-01      0.251E+09     -0.512E+00      0.248E+00
      0.161E+00      0.122E+00      0.418E-01      0.250E+09     -0.517E+00      0.249E+00
      0.181E+00      0.129E+00      0.439E-01      0.248E+09     -0.522E+00      0.251E+00
      0.203E+00      0.129E+00      0.441E-01      0.246E+09     -0.523E+00      0.251E+00
      0.227E+00      0.124E+00      0.428E-01      0.244E+09     -0.520E+00      0.249E+00
      0.255E+00      0.117E+00      0.406E-01      0.241E+09     -0.520E+00      0.249E+00
      0.286E+00      0.108E+00      0.378E-01      0.239E+09     -0.522E+00      0.250E+00
      0.321E+00      0.990E-01      0.347E-01      0.236E+09     -0.526E+00      0.252E+00
      0.360E+00      0.883E-01      0.309E-01      0.234E+09     -0.530E+00      0.252E+00
      0.404E+00      0.763E-01      0.271E-01      0.231E+09     -0.536E+00      0.257E+00
      0.453E+00      0.660E-01      0.238E-01      0.229E+09     -0.547E+00      0.265E+00
      0.509E+00      0.661E-01      0.227E-01      0.226E+09     -0.561E+00      0.261E+00
      0.571E+00      0.673E-01      0.232E-01      0.224E+09     -0.567E+00      0.265E+00
      0.641E+00      0.689E-01      0.250E-01      0.221E+09     -0.574E+00      0.280E+00
      0.719E+00      0.778E-01      0.271E-01      0.217E+09     -0.601E+00      0.280E+00
      0.806E+00      0.102E+00      0.293E-01      0.213E+09     -0.654E+00      0.257E+00
      0.905E+00      0.128E+00      0.345E-01      0.207E+09     -0.690E+00      0.257E+00
      0.102E+01      0.116E+00      0.319E-01      0.198E+09     -0.694E+00      0.261E+00
      0.114E+01      0.804E-01      0.246E-01      0.189E+09     -0.677E+00      0.274E+00
      0.128E+01      0.673E-01      0.255E-01      0.182E+09     -0.640E+00      0.300E+00
      0.143E+01      0.771E-01      0.436E-01      0.176E+09     -0.563E+00      0.366E+00
      0.161E+01      0.776E-01      0.358E-01      0.168E+09     -0.607E+00      0.361E+00
      0.168E+01      0.758E-01      0.398E-01      0.162E+09     -0.647E+00      0.466E+00
      0.170E+01      0.751E-01      0.424E-01      0.160E+09     -0.657E+00      0.512E+00
      0.180E+01      0.684E-01      0.419E-01      0.157E+09     -0.664E+00      0.557E+00
      0.190E+01      0.604E-01      0.337E-01      0.153E+09     -0.650E+00      0.490E+00
      0.200E+01      0.553E-01      0.252E-01      0.149E+09     -0.643E+00      0.383E+00
      0.210E+01      0.548E-01      0.303E-01      0.146E+09     -0.640E+00      0.488E+00
      0.220E+01      0.535E-01      0.418E-01      0.143E+09     -0.636E+00      0.706E+00
      0.230E+01      0.466E-01      0.288E-01      0.139E+09     -0.644E+00      0.561E+00
      0.240E+01      0.418E-01      0.239E-01      0.137E+09     -0.662E+00      0.553E+00
      0.250E+01      0.434E-01      0.266E-01      0.134E+09     -0.673E+00      0.619E+00
      0.260E+01      0.430E-01      0.225E-01      0.131E+09     -0.651E+00      0.502E+00
      0.275E+01      0.414E-01      0.204E-01      0.128E+09     -0.602E+00      0.425E+00
      0.300E+01      0.482E-01      0.161E-01      0.123E+09     -0.555E+00      0.279E+00
      0.325E+01      0.111E+00      0.203E-01      0.116E+09     -0.773E+00      0.197E+00
      0.350E+01      0.207E+00      0.505E-01      0.998E+08     -0.929E+00      0.322E+00
      0.375E+01      0.632E-01      0.199E-01      0.698E+08     -0.822E+00      0.350E+00
      0.400E+01      0.532E-01      0.201E-01      0.606E+08     -0.790E+00      0.412E+00
      0.425E+01      0.590E-01      0.219E-01      0.529E+08     -0.873E+00      0.448E+00
      0.450E+01      0.513E-01      0.232E-01      0.445E+08     -0.910E+00      0.551E+00
      0.475E+01      0.363E-01      0.242E-01      0.371E+08     -0.842E+00      0.721E+00
      0.500E+01      0.388E-01      0.207E-01      0.319E+08     -0.853E+00      0.610E+00
      0.525E+01      0.528E-01      0.160E-01      0.264E+08     -0.923E+00      0.376E+00
      0.550E+01      0.446E-01      0.139E-01      0.189E+08     -0.930E+00      0.382E+00
      0.575E+01      0.352E-01      0.118E-01      0.126E+08     -0.833E+00      0.369E+00
      0.600E+01      0.226E-01      0.119E-01      0.767E+07     -0.871E+00      0.625E+00
      0.625E+01      0.235E-01      0.922E-02      0.449E+07     -0.108E+01      0.537E+00
      0.650E+01      0.803E-02      0.481E-02      0.119E+07     -0.189E+01      0.128E+01
      0.675E+01      0.308E-03      0.130E-02      0.468E+05     -0.167E+01      0.820E+01
      0.700E+01      0.221E-04      0.416E-03      0.321E+04     -0.851E+00      0.216E+02
      0.725E+01      0.803E-06      0.357E-04      0.120E+03     -0.206E+01      0.109E+03
      0.750E+01      0.529E-07      0.704E-05      0.738E+01     -0.135E+01      0.221E+03
      0.775E+01      0.333E-12      0.196E-07      0.465E-04     -0.116E+01      0.114E+06
      0.800E+01      0.274E-27      0.575E-15      0.381E-19     -0.185E+01       Infinity
      0.825E+01      0.000E+00      0.372E-26      0.000E+00     -0.223E+01            NaN
      0.850E+01      0.000E+00      0.000E+00      0.000E+00     -0.990E+02     -0.990E+02
      0.875E+01      0.000E+00      0.000E+00      0.000E+00     -0.990E+02     -0.990E+02
      0.900E+01      0.000E+00      0.000E+00      0.000E+00     -0.990E+02     -0.990E+02
      0.925E+01      0.000E+00      0.000E+00      0.000E+00     -0.990E+02     -0.990E+02
      0.950E+01      0.000E+00      0.000E+00      0.000E+00     -0.990E+02     -0.990E+02
      0.975E+01      0.000E+00      0.000E+00      0.000E+00     -0.990E+02     -0.990E+02
      0.100E+02      0.000E+00      0.000E+00      0.000E+00     -0.990E+02     -0.990E+02
      0.102E+02      0.000E+00      0.000E+00      0.000E+00     -0.990E+02     -0.990E+02
      0.105E+02      0.000E+00      0.000E+00      0.000E+00     -0.990E+02     -0.990E+02
      0.108E+02      0.000E+00      0.000E+00      0.000E+00     -0.990E+02     -0.990E+02
      0.110E+02      0.000E+00      0.000E+00      0.000E+00     -0.990E+02     -0.990E+02
      0.112E+02      0.000E+00      0.000E+00      0.000E+00     -0.990E+02     -0.990E+02
      0.115E+02      0.000E+00      0.000E+00      0.000E+00     -0.990E+02     -0.990E+02
      0.118E+02      0.000E+00      0.000E+00      0.000E+00     -0.990E+02     -0.990E+02
      0.120E+02      0.000E+00      0.000E+00      0.000E+00     -0.990E+02     -0.990E+02
      0.122E+02      0.000E+00      0.000E+00      0.000E+00     -0.990E+02     -0.990E+02
      0.125E+02      0.000E+00      0.000E+00      0.000E+00     -0.990E+02     -0.990E+02
      0.128E+02      0.000E+00      0.000E+00      0.000E+00     -0.990E+02     -0.990E+02
      0.130E+02      0.000E+00      0.000E+00      0.000E+00     -0.990E+02     -0.990E+02
      0.132E+02      0.000E+00      0.000E+00      0.000E+00     -0.990E+02     -0.990E+02
      0.135E+02      0.000E+00      0.000E+00      0.000E+00     -0.990E+02     -0.990E+02
      0.138E+02      0.000E+00      0.000E+00      0.000E+00     -0.990E+02     -0.990E+02
      0.140E+02      0.000E+00      0.000E+00      0.000E+00     -0.990E+02     -0.990E+02
      0.142E+02      0.000E+00      0.000E+00      0.000E+00     -0.990E+02     -0.990E+02
      0.145E+02      0.000E+00      0.000E+00      0.000E+00     -0.990E+02     -0.990E+02
      0.148E+02      0.000E+00      0.000E+00      0.000E+00     -0.990E+02     -0.990E+02
      0.150E+02      0.000E+00      0.000E+00      0.000E+00     -0.990E+02     -0.990E+02
      0.152E+02      0.000E+00      0.000E+00      0.000E+00     -0.990E+02     -0.990E+02
      0.155E+02      0.000E+00      0.000E+00      0.000E+00     -0.990E+02     -0.990E+02
      0.158E+02      0.000E+00      0.000E+00      0.000E+00     -0.990E+02     -0.990E+02
      0.160E+02      0.000E+00      0.000E+00      0.000E+00     -0.990E+02     -0.990E+02
      0.162E+02      0.000E+00      0.000E+00      0.000E+00     -0.990E+02     -0.990E+02
      0.165E+02      0.000E+00      0.000E+00      0.000E+00     -0.990E+02     -0.990E+02
      0.168E+02      0.000E+00      0.000E+00      0.000E+00     -0.990E+02     -0.990E+02
      0.170E+02      0.000E+00      0.000E+00      0.000E+00     -0.990E+02     -0.990E+02
      0.172E+02      0.000E+00      0.000E+00      0.000E+00     -0.990E+02     -0.990E+02
      0.175E+02      0.000E+00      0.000E+00      0.000E+00     -0.990E+02     -0.990E+02
      0.178E+02      0.000E+00      0.000E+00      0.000E+00     -0.990E+02     -0.990E+02
      0.180E+02      0.000E+00      0.000E+00      0.000E+00     -0.990E+02     -0.990E+02
      0.182E+02      0.000E+00      0.000E+00      0.000E+00     -0.990E+02     -0.990E+02
      0.185E+02      0.000E+00      0.000E+00      0.000E+00     -0.990E+02     -0.990E+02
      0.188E+02      0.000E+00      0.000E+00      0.000E+00     -0.990E+02     -0.990E+02
      0.190E+02      0.000E+00      0.000E+00      0.000E+00     -0.990E+02     -0.990E+02
      0.192E+02      0.000E+00      0.000E+00      0.000E+00     -0.990E+02     -0.990E+02
      0.195E+02      0.000E+00      0.000E+00      0.000E+00     -0.990E+02     -0.990E+02
      0.198E+02      0.000E+00      0.000E+00      0.000E+00     -0.990E+02     -0.990E+02
      0.200E+02      0.000E+00      0.000E+00      0.000E+00     -0.990E+02     -0.990E+02
