      0.000E+00      0.363E+00      0.587E+00      0.136E+10     -0.990E+02     -0.990E+02
      0.100E-03      0.363E+00      0.587E+00      0.136E+10     -0.990E+02     -0.990E+02
      0.140E-03      0.363E+00      0.587E+00      0.136E+10     -0.990E+02     -0.990E+02
      0.160E-03      0.363E+00      0.587E+00      0.136E+10     -0.990E+02     -0.990E+02
      0.180E-03      0.363E+00      0.587E+00      0.136E+10     -0.990E+02     -0.990E+02
      0.200E-03      0.363E+00      0.587E+00      0.136E+10     -0.990E+02     -0.990E+02
      0.220E-03      0.363E+00      0.587E+00      0.136E+10     -0.990E+02     -0.990E+02
      0.250E-03      0.363E+00      0.587E+00      0.136E+10     -0.990E+02     -0.990E+02
      0.280E-03      0.363E+00      0.587E+00      0.136E+10     -0.990E+02     -0.990E+02
      0.320E-03      0.363E+00      0.587E+00      0.136E+10     -0.990E+02     -0.990E+02
      0.350E-03      0.363E+00      0.587E+00      0.136E+10     -0.990E+02     -0.990E+02
      0.400E-03      0.363E+00      0.587E+00      0.136E+10     -0.990E+02     -0.990E+02
      0.450E-03      0.363E+00      0.587E+00      0.136E+10     -0.990E+02     -0.990E+02
      0.500E-03      0.363E+00      0.587E+00      0.136E+10     -0.990E+02     -0.990E+02
      0.560E-03      0.363E+00      0.587E+00      0.136E+10     -0.990E+02     -0.990E+02
      0.630E-03      0.363E+00      0.587E+00      0.136E+10     -0.990E+02     -0.990E+02
      0.710E-03      0.363E+00      0.587E+00      0.136E+10     -0.990E+02     -0.990E+02
      0.790E-03      0.363E+00      0.587E+00      0.136E+10     -0.990E+02     -0.990E+02
      0.890E-03      0.363E+00      0.587E+00      0.136E+10     -0.990E+02     -0.990E+02
      0.100E-02      0.363E+00      0.587E+00      0.136E+10     -0.990E+02     -0.990E+02
      0.105E-02      0.363E+00      0.587E+00      0.136E+10     -0.990E+02     -0.990E+02
      0.110E-02      0.363E+00      0.587E+00      0.136E+10     -0.990E+02     -0.990E+02
      0.115E-02      0.363E+00      0.587E+00      0.136E+10     -0.990E+02     -0.990E+02
      0.120E-02      0.363E+00      0.587E+00      0.136E+10     -0.990E+02     -0.990E+02
      0.126E-02      0.363E+00      0.587E+00      0.136E+10     -0.990E+02     -0.990E+02
      0.132E-02      0.363E+00      0.587E+00      0.136E+10     -0.990E+02     -0.990E+02
      0.138E-02      0.363E+00      0.587E+00      0.136E+10     -0.990E+02     -0.990E+02
      0.145E-02      0.363E+00      0.587E+00      0.136E+10     -0.990E+02     -0.990E+02
      0.151E-02      0.363E+00      0.587E+00      0.136E+10     -0.990E+02     -0.990E+02
      0.158E-02      0.363E+00      0.587E+00      0.136E+10     -0.990E+02     -0.990E+02
      0.166E-02      0.363E+00      0.587E+00      0.136E+10     -0.990E+02     -0.990E+02
      0.174E-02      0.363E+00      0.587E+00      0.136E+10     -0.990E+02     -0.990E+02
      0.182E-02      0.363E+00      0.587E+00      0.136E+10     -0.990E+02     -0.990E+02
      0.191E-02      0.363E+00      0.587E+00      0.136E+10     -0.990E+02     -0.990E+02
      0.200E-02      0.363E+00      0.587E+00      0.136E+10     -0.990E+02     -0.990E+02
      0.209E-02      0.363E+00      0.587E+00      0.136E+10     -0.990E+02     -0.990E+02
      0.219E-02      0.363E+00      0.587E+00      0.136E+10     -0.990E+02     -0.990E+02
      0.229E-02      0.363E+00      0.587E+00      0.136E+10     -0.990E+02     -0.990E+02
      0.240E-02      0.363E+00      0.587E+00      0.136E+10     -0.990E+02     -0.990E+02
      0.251E-02      0.363E+00      0.587E+00      0.136E+10     -0.990E+02     -0.990E+02
      0.263E-02      0.363E+00      0.587E+00      0.136E+10     -0.990E+02     -0.990E+02
      0.275E-02      0.363E+00      0.587E+00      0.136E+10     -0.990E+02     -0.990E+02
      0.288E-02      0.363E+00      0.587E+00      0.136E+10     -0.990E+02     -0.990E+02
      0.302E-02      0.363E+00      0.587E+00      0.136E+10     -0.990E+02     -0.990E+02
      0.316E-02      0.363E+00      0.587E+00      0.136E+10     -0.990E+02     -0.990E+02
      0.331E-02      0.363E+00      0.587E+00      0.136E+10     -0.990E+02     -0.990E+02
      0.347E-02      0.363E+00      0.587E+00      0.136E+10     -0.990E+02     -0.990E+02
      0.363E-02      0.363E+00      0.587E+00      0.136E+10     -0.990E+02     -0.990E+02
      0.380E-02      0.363E+00      0.587E+00      0.136E+10     -0.990E+02     -0.990E+02
      0.398E-02      0.363E+00      0.587E+00      0.136E+10     -0.990E+02     -0.990E+02
      0.417E-02      0.363E+00      0.587E+00      0.136E+10     -0.990E+02     -0.990E+02
      0.437E-02      0.363E+00      0.587E+00      0.136E+10     -0.990E+02     -0.990E+02
      0.457E-02      0.363E+00      0.587E+00      0.136E+10     -0.990E+02     -0.990E+02
      0.479E-02      0.363E+00      0.587E+00      0.136E+10     -0.990E+02     -0.990E+02
      0.501E-02      0.363E+00      0.587E+00      0.136E+10     -0.990E+02     -0.990E+02
      0.525E-02      0.363E+00      0.587E+00      0.136E+10     -0.990E+02     -0.990E+02
      0.550E-02      0.363E+00      0.587E+00      0.136E+10     -0.990E+02     -0.990E+02
      0.575E-02      0.363E+00      0.587E+00      0.136E+10     -0.990E+02     -0.990E+02
      0.603E-02      0.363E+00      0.587E+00      0.136E+10     -0.990E+02     -0.990E+02
      0.631E-02      0.363E+00      0.587E+00      0.136E+10     -0.990E+02     -0.990E+02
      0.661E-02      0.363E+00      0.587E+00      0.136E+10     -0.990E+02     -0.990E+02
      0.692E-02      0.363E+00      0.587E+00      0.136E+10     -0.990E+02     -0.990E+02
      0.724E-02      0.363E+00      0.587E+00      0.136E+10     -0.990E+02     -0.990E+02
      0.759E-02      0.363E+00      0.587E+00      0.136E+10     -0.990E+02     -0.990E+02
      0.794E-02      0.363E+00      0.587E+00      0.136E+10     -0.990E+02     -0.990E+02
      0.832E-02      0.363E+00      0.587E+00      0.136E+10     -0.990E+02     -0.990E+02
      0.871E-02      0.363E+00      0.587E+00      0.136E+10     -0.990E+02     -0.990E+02
      0.912E-02      0.363E+00      0.587E+00      0.136E+10     -0.990E+02     -0.990E+02
      0.955E-02      0.363E+00      0.587E+00      0.136E+10     -0.990E+02     -0.990E+02
      0.100E-01      0.363E+00      0.587E+00      0.136E+10     -0.677E+00      0.622E+00
      0.105E-01      0.576E+01      0.330E+01      0.135E+10     -0.677E+00      0.622E+00
      0.110E-01      0.573E+01      0.328E+01      0.135E+10     -0.678E+00      0.622E+00
      0.115E-01      0.571E+01      0.327E+01      0.135E+10     -0.678E+00      0.622E+00
      0.120E-01      0.570E+01      0.327E+01      0.134E+10     -0.678E+00      0.622E+00
      0.126E-01      0.571E+01      0.327E+01      0.134E+10     -0.679E+00      0.622E+00
      0.132E-01      0.573E+01      0.328E+01      0.134E+10     -0.679E+00      0.623E+00
      0.138E-01      0.571E+01      0.327E+01      0.134E+10     -0.679E+00      0.623E+00
      0.144E-01      0.566E+01      0.324E+01      0.133E+10     -0.680E+00      0.623E+00
      0.151E-01      0.567E+01      0.325E+01      0.133E+10     -0.680E+00      0.623E+00
      0.159E-01      0.569E+01      0.325E+01      0.133E+10     -0.681E+00      0.623E+00
      0.166E-01      0.568E+01      0.325E+01      0.132E+10     -0.681E+00      0.624E+00
      0.174E-01      0.568E+01      0.325E+01      0.132E+10     -0.681E+00      0.624E+00
      0.182E-01      0.569E+01      0.325E+01      0.131E+10     -0.682E+00      0.624E+00
      0.191E-01      0.568E+01      0.325E+01      0.131E+10     -0.683E+00      0.624E+00
      0.200E-01      0.565E+01      0.323E+01      0.131E+10     -0.683E+00      0.624E+00
      0.209E-01      0.563E+01      0.322E+01      0.130E+10     -0.684E+00      0.625E+00
      0.219E-01      0.563E+01      0.321E+01      0.130E+10     -0.684E+00      0.625E+00
      0.229E-01      0.563E+01      0.321E+01      0.129E+10     -0.685E+00      0.626E+00
      0.240E-01      0.562E+01      0.321E+01      0.129E+10     -0.686E+00      0.626E+00
      0.251E-01      0.563E+01      0.321E+01      0.128E+10     -0.686E+00      0.626E+00
      0.263E-01      0.561E+01      0.320E+01      0.128E+10     -0.687E+00      0.627E+00
      0.275E-01      0.559E+01      0.318E+01      0.127E+10     -0.688E+00      0.627E+00
      0.290E-01      0.558E+01      0.318E+01      0.126E+10     -0.689E+00      0.627E+00
      0.300E-01      0.558E+01      0.317E+01      0.126E+10     -0.689E+00      0.628E+00
      0.310E-01      0.557E+01      0.317E+01      0.125E+10     -0.690E+00      0.628E+00
      0.320E-01      0.556E+01      0.316E+01      0.125E+10     -0.690E+00      0.628E+00
      0.330E-01      0.555E+01      0.316E+01      0.125E+10     -0.691E+00      0.628E+00
      0.340E-01      0.555E+01      0.315E+01      0.124E+10     -0.692E+00      0.629E+00
      0.350E-01      0.554E+01      0.315E+01      0.124E+10     -0.692E+00      0.629E+00
      0.360E-01      0.553E+01      0.314E+01      0.123E+10     -0.693E+00      0.629E+00
      0.370E-01      0.552E+01      0.313E+01      0.123E+10     -0.693E+00      0.629E+00
      0.380E-01      0.551E+01      0.313E+01      0.122E+10     -0.694E+00      0.629E+00
      0.390E-01      0.551E+01      0.312E+01      0.122E+10     -0.694E+00      0.629E+00
      0.400E-01      0.550E+01      0.312E+01      0.121E+10     -0.695E+00      0.630E+00
      0.425E-01      0.548E+01      0.310E+01      0.121E+10     -0.697E+00      0.630E+00
      0.450E-01      0.546E+01      0.309E+01      0.120E+10     -0.698E+00      0.631E+00
      0.475E-01      0.544E+01      0.307E+01      0.118E+10     -0.700E+00      0.631E+00
      0.500E-01      0.541E+01      0.305E+01      0.117E+10     -0.701E+00      0.631E+00
      0.525E-01      0.539E+01      0.303E+01      0.116E+10     -0.703E+00      0.631E+00
      0.550E-01      0.536E+01      0.301E+01      0.115E+10     -0.704E+00      0.631E+00
      0.571E-01      0.534E+01      0.300E+01      0.114E+10     -0.706E+00      0.631E+00
      0.640E-01      0.527E+01      0.294E+01      0.112E+10     -0.710E+00      0.631E+00
      0.719E-01      0.519E+01      0.288E+01      0.109E+10     -0.716E+00      0.632E+00
      0.806E-01      0.509E+01      0.281E+01      0.106E+10     -0.723E+00      0.634E+00
      0.905E-01      0.498E+01      0.273E+01      0.102E+10     -0.730E+00      0.636E+00
      0.102E+00      0.487E+01      0.265E+01      0.983E+09     -0.739E+00      0.639E+00
      0.114E+00      0.473E+01      0.256E+01      0.939E+09     -0.749E+00      0.644E+00
      0.128E+00      0.459E+01      0.246E+01      0.892E+09     -0.761E+00      0.649E+00
      0.143E+00      0.442E+01      0.236E+01      0.841E+09     -0.775E+00      0.658E+00
      0.161E+00      0.423E+01      0.224E+01      0.787E+09     -0.790E+00      0.665E+00
      0.181E+00      0.399E+01      0.209E+01      0.729E+09     -0.805E+00      0.669E+00
      0.203E+00      0.376E+01      0.193E+01      0.668E+09     -0.824E+00      0.668E+00
      0.227E+00      0.350E+01      0.174E+01      0.605E+09     -0.845E+00      0.666E+00
      0.255E+00      0.321E+01      0.156E+01      0.539E+09     -0.872E+00      0.670E+00
      0.286E+00      0.290E+01      0.139E+01      0.471E+09     -0.908E+00      0.682E+00
      0.321E+00      0.258E+01      0.122E+01      0.404E+09     -0.939E+00      0.689E+00
      0.360E+00      0.223E+01      0.106E+01      0.337E+09     -0.972E+00      0.713E+00
      0.404E+00      0.185E+01      0.935E+00      0.272E+09     -0.101E+01      0.779E+00
      0.453E+00      0.149E+01      0.811E+00      0.213E+09     -0.107E+01      0.889E+00
      0.509E+00      0.111E+01      0.669E+00      0.159E+09     -0.113E+01      0.103E+01
      0.571E+00      0.763E+00      0.531E+00      0.115E+09     -0.119E+01      0.124E+01
      0.641E+00      0.508E+00      0.402E+00      0.810E+08     -0.121E+01      0.140E+01
      0.719E+00      0.313E+00      0.307E+00      0.559E+08     -0.118E+01      0.164E+01
      0.806E+00      0.201E+00      0.249E+00      0.387E+08     -0.111E+01      0.190E+01
      0.905E+00      0.133E+00      0.233E+00      0.264E+08     -0.103E+01      0.241E+01
      0.102E+01      0.891E-01      0.184E+00      0.174E+08     -0.992E+00      0.279E+01
      0.114E+01      0.612E-01      0.122E+00      0.106E+08     -0.967E+00      0.267E+01
      0.128E+01      0.381E-01      0.833E-01      0.542E+07     -0.908E+00      0.287E+01
      0.143E+01      0.122E-01      0.408E-01      0.185E+07     -0.999E+00      0.473E+01
      0.161E+01      0.369E-02      0.177E-01      0.563E+06     -0.148E+01      0.950E+01
      0.168E+01      0.236E-02      0.149E-01      0.280E+06     -0.153E+01      0.124E+02
      0.170E+01      0.219E-02      0.141E-01      0.214E+06     -0.153E+01      0.127E+02
      0.180E+01      0.131E-02      0.100E-01      0.133E+06     -0.158E+01      0.158E+02
      0.190E+01      0.566E-03      0.661E-02      0.524E+05     -0.177E+01      0.283E+02
      0.200E+01      0.215E-03      0.368E-02      0.179E+05     -0.184E+01      0.444E+02
      0.210E+01      0.774E-04      0.149E-02      0.484E+04     -0.181E+01      0.490E+02
      0.220E+01      0.225E-05      0.268E-03      0.158E+03     -0.176E+01      0.244E+03
      0.230E+01      0.362E-06      0.790E-04      0.217E+02     -0.110E+01      0.322E+03
      0.240E+01      0.544E-10      0.788E-07      0.454E-02     -0.374E+01      0.559E+04
      0.250E+01      0.224E-10      0.313E-07      0.132E-02     -0.422E+01      0.606E+04
      0.260E+01      0.207E-15      0.678E-09      0.154E-07     -0.926E+00      0.412E+07
      0.275E+01      0.197E-23      0.318E-14      0.238E-15     -0.163E+01       Infinity
      0.300E+01      0.000E+00      0.000E+00      0.000E+00     -0.990E+02     -0.990E+02
      0.325E+01      0.000E+00      0.000E+00      0.000E+00     -0.990E+02     -0.990E+02
      0.350E+01      0.000E+00      0.000E+00      0.000E+00     -0.990E+02     -0.990E+02
      0.375E+01      0.000E+00      0.000E+00      0.000E+00     -0.990E+02     -0.990E+02
      0.400E+01      0.000E+00      0.000E+00      0.000E+00     -0.990E+02     -0.990E+02
      0.425E+01      0.000E+00      0.000E+00      0.000E+00     -0.990E+02     -0.990E+02
      0.450E+01      0.000E+00      0.000E+00      0.000E+00     -0.990E+02     -0.990E+02
      0.475E+01      0.000E+00      0.000E+00      0.000E+00     -0.990E+02     -0.990E+02
      0.500E+01      0.000E+00      0.000E+00      0.000E+00     -0.990E+02     -0.990E+02
      0.525E+01      0.000E+00      0.000E+00      0.000E+00     -0.990E+02     -0.990E+02
      0.550E+01      0.000E+00      0.000E+00      0.000E+00     -0.990E+02     -0.990E+02
      0.575E+01      0.000E+00      0.000E+00      0.000E+00     -0.990E+02     -0.990E+02
      0.600E+01      0.000E+00      0.000E+00      0.000E+00     -0.990E+02     -0.990E+02
      0.625E+01      0.000E+00      0.000E+00      0.000E+00     -0.990E+02     -0.990E+02
      0.650E+01      0.000E+00      0.000E+00      0.000E+00     -0.990E+02     -0.990E+02
      0.675E+01      0.000E+00      0.000E+00      0.000E+00     -0.990E+02     -0.990E+02
      0.700E+01      0.000E+00      0.000E+00      0.000E+00     -0.990E+02     -0.990E+02
      0.725E+01      0.000E+00      0.000E+00      0.000E+00     -0.990E+02     -0.990E+02
      0.750E+01      0.000E+00      0.000E+00      0.000E+00     -0.990E+02     -0.990E+02
      0.775E+01      0.000E+00      0.000E+00      0.000E+00     -0.990E+02     -0.990E+02
      0.800E+01      0.000E+00      0.000E+00      0.000E+00     -0.990E+02     -0.990E+02
      0.825E+01      0.000E+00      0.000E+00      0.000E+00     -0.990E+02     -0.990E+02
      0.850E+01      0.000E+00      0.000E+00      0.000E+00     -0.990E+02     -0.990E+02
      0.875E+01      0.000E+00      0.000E+00      0.000E+00     -0.990E+02     -0.990E+02
      0.900E+01      0.000E+00      0.000E+00      0.000E+00     -0.990E+02     -0.990E+02
      0.925E+01      0.000E+00      0.000E+00      0.000E+00     -0.990E+02     -0.990E+02
      0.950E+01      0.000E+00      0.000E+00      0.000E+00     -0.990E+02     -0.990E+02
      0.975E+01      0.000E+00      0.000E+00      0.000E+00     -0.990E+02     -0.990E+02
      0.100E+02      0.000E+00      0.000E+00      0.000E+00     -0.990E+02     -0.990E+02
      0.102E+02      0.000E+00      0.000E+00      0.000E+00     -0.990E+02     -0.990E+02
      0.105E+02      0.000E+00      0.000E+00      0.000E+00     -0.990E+02     -0.990E+02
      0.108E+02      0.000E+00      0.000E+00      0.000E+00     -0.990E+02     -0.990E+02
      0.110E+02      0.000E+00      0.000E+00      0.000E+00     -0.990E+02     -0.990E+02
      0.112E+02      0.000E+00      0.000E+00      0.000E+00     -0.990E+02     -0.990E+02
      0.115E+02      0.000E+00      0.000E+00      0.000E+00     -0.990E+02     -0.990E+02
      0.118E+02      0.000E+00      0.000E+00      0.000E+00     -0.990E+02     -0.990E+02
      0.120E+02      0.000E+00      0.000E+00      0.000E+00     -0.990E+02     -0.990E+02
      0.122E+02      0.000E+00      0.000E+00      0.000E+00     -0.990E+02     -0.990E+02
      0.125E+02      0.000E+00      0.000E+00      0.000E+00     -0.990E+02     -0.990E+02
      0.128E+02      0.000E+00      0.000E+00      0.000E+00     -0.990E+02     -0.990E+02
      0.130E+02      0.000E+00      0.000E+00      0.000E+00     -0.990E+02     -0.990E+02
      0.132E+02      0.000E+00      0.000E+00      0.000E+00     -0.990E+02     -0.990E+02
      0.135E+02      0.000E+00      0.000E+00      0.000E+00     -0.990E+02     -0.990E+02
      0.138E+02      0.000E+00      0.000E+00      0.000E+00     -0.990E+02     -0.990E+02
      0.140E+02      0.000E+00      0.000E+00      0.000E+00     -0.990E+02     -0.990E+02
      0.142E+02      0.000E+00      0.000E+00      0.000E+00     -0.990E+02     -0.990E+02
      0.145E+02      0.000E+00      0.000E+00      0.000E+00     -0.990E+02     -0.990E+02
      0.148E+02      0.000E+00      0.000E+00      0.000E+00     -0.990E+02     -0.990E+02
      0.150E+02      0.000E+00      0.000E+00      0.000E+00     -0.990E+02     -0.990E+02
      0.152E+02      0.000E+00      0.000E+00      0.000E+00     -0.990E+02     -0.990E+02
      0.155E+02      0.000E+00      0.000E+00      0.000E+00     -0.990E+02     -0.990E+02
      0.158E+02      0.000E+00      0.000E+00      0.000E+00     -0.990E+02     -0.990E+02
      0.160E+02      0.000E+00      0.000E+00      0.000E+00     -0.990E+02     -0.990E+02
      0.162E+02      0.000E+00      0.000E+00      0.000E+00     -0.990E+02     -0.990E+02
      0.165E+02      0.000E+00      0.000E+00      0.000E+00     -0.990E+02     -0.990E+02
      0.168E+02      0.000E+00      0.000E+00      0.000E+00     -0.990E+02     -0.990E+02
      0.170E+02      0.000E+00      0.000E+00      0.000E+00     -0.990E+02     -0.990E+02
      0.172E+02      0.000E+00      0.000E+00      0.000E+00     -0.990E+02     -0.990E+02
      0.175E+02      0.000E+00      0.000E+00      0.000E+00     -0.990E+02     -0.990E+02
      0.178E+02      0.000E+00      0.000E+00      0.000E+00     -0.990E+02     -0.990E+02
      0.180E+02      0.000E+00      0.000E+00      0.000E+00     -0.990E+02     -0.990E+02
      0.182E+02      0.000E+00      0.000E+00      0.000E+00     -0.990E+02     -0.990E+02
      0.185E+02      0.000E+00      0.000E+00      0.000E+00     -0.990E+02     -0.990E+02
      0.188E+02      0.000E+00      0.000E+00      0.000E+00     -0.990E+02     -0.990E+02
      0.190E+02      0.000E+00      0.000E+00      0.000E+00     -0.990E+02     -0.990E+02
      0.192E+02      0.000E+00      0.000E+00      0.000E+00     -0.990E+02     -0.990E+02
      0.195E+02      0.000E+00      0.000E+00      0.000E+00     -0.990E+02     -0.990E+02
      0.198E+02      0.000E+00      0.000E+00      0.000E+00     -0.990E+02     -0.990E+02
      0.200E+02      0.000E+00      0.000E+00      0.000E+00     -0.990E+02     -0.990E+02
