      0.000E+00      0.177E+00      0.128E+00      0.180E+09     -0.990E+02     -0.990E+02
      0.100E-03      0.177E+00      0.128E+00      0.180E+09     -0.990E+02     -0.990E+02
      0.140E-03      0.177E+00      0.128E+00      0.180E+09     -0.990E+02     -0.990E+02
      0.160E-03      0.177E+00      0.128E+00      0.180E+09     -0.990E+02     -0.990E+02
      0.180E-03      0.177E+00      0.128E+00      0.180E+09     -0.990E+02     -0.990E+02
      0.200E-03      0.177E+00      0.128E+00      0.180E+09     -0.990E+02     -0.990E+02
      0.220E-03      0.177E+00      0.128E+00      0.180E+09     -0.990E+02     -0.990E+02
      0.250E-03      0.177E+00      0.128E+00      0.180E+09     -0.990E+02     -0.990E+02
      0.280E-03      0.177E+00      0.128E+00      0.180E+09     -0.990E+02     -0.990E+02
      0.320E-03      0.177E+00      0.128E+00      0.180E+09     -0.990E+02     -0.990E+02
      0.350E-03      0.177E+00      0.128E+00      0.180E+09     -0.990E+02     -0.990E+02
      0.400E-03      0.177E+00      0.128E+00      0.180E+09     -0.990E+02     -0.990E+02
      0.450E-03      0.177E+00      0.128E+00      0.180E+09     -0.990E+02     -0.990E+02
      0.500E-03      0.177E+00      0.128E+00      0.180E+09     -0.990E+02     -0.990E+02
      0.560E-03      0.177E+00      0.128E+00      0.180E+09     -0.990E+02     -0.990E+02
      0.630E-03      0.177E+00      0.128E+00      0.180E+09     -0.990E+02     -0.990E+02
      0.710E-03      0.177E+00      0.128E+00      0.180E+09     -0.990E+02     -0.990E+02
      0.790E-03      0.177E+00      0.128E+00      0.180E+09     -0.990E+02     -0.990E+02
      0.890E-03      0.177E+00      0.128E+00      0.180E+09     -0.990E+02     -0.990E+02
      0.100E-02      0.177E+00      0.128E+00      0.180E+09     -0.990E+02     -0.990E+02
      0.105E-02      0.177E+00      0.128E+00      0.180E+09     -0.990E+02     -0.990E+02
      0.110E-02      0.177E+00      0.128E+00      0.180E+09     -0.990E+02     -0.990E+02
      0.115E-02      0.177E+00      0.128E+00      0.180E+09     -0.990E+02     -0.990E+02
      0.120E-02      0.177E+00      0.128E+00      0.180E+09     -0.990E+02     -0.990E+02
      0.126E-02      0.177E+00      0.128E+00      0.180E+09     -0.990E+02     -0.990E+02
      0.132E-02      0.177E+00      0.128E+00      0.180E+09     -0.990E+02     -0.990E+02
      0.138E-02      0.177E+00      0.128E+00      0.180E+09     -0.990E+02     -0.990E+02
      0.145E-02      0.177E+00      0.128E+00      0.180E+09     -0.990E+02     -0.990E+02
      0.151E-02      0.177E+00      0.128E+00      0.180E+09     -0.990E+02     -0.990E+02
      0.158E-02      0.177E+00      0.128E+00      0.180E+09     -0.990E+02     -0.990E+02
      0.166E-02      0.177E+00      0.128E+00      0.180E+09     -0.990E+02     -0.990E+02
      0.174E-02      0.177E+00      0.128E+00      0.180E+09     -0.990E+02     -0.990E+02
      0.182E-02      0.177E+00      0.128E+00      0.180E+09     -0.990E+02     -0.990E+02
      0.191E-02      0.177E+00      0.128E+00      0.180E+09     -0.990E+02     -0.990E+02
      0.200E-02      0.177E+00      0.128E+00      0.180E+09     -0.990E+02     -0.990E+02
      0.209E-02      0.177E+00      0.128E+00      0.180E+09     -0.990E+02     -0.990E+02
      0.219E-02      0.177E+00      0.128E+00      0.180E+09     -0.990E+02     -0.990E+02
      0.229E-02      0.177E+00      0.128E+00      0.180E+09     -0.990E+02     -0.990E+02
      0.240E-02      0.177E+00      0.128E+00      0.180E+09     -0.990E+02     -0.990E+02
      0.251E-02      0.177E+00      0.128E+00      0.180E+09     -0.990E+02     -0.990E+02
      0.263E-02      0.177E+00      0.128E+00      0.180E+09     -0.990E+02     -0.990E+02
      0.275E-02      0.177E+00      0.128E+00      0.180E+09     -0.990E+02     -0.990E+02
      0.288E-02      0.177E+00      0.128E+00      0.180E+09     -0.990E+02     -0.990E+02
      0.302E-02      0.177E+00      0.128E+00      0.180E+09     -0.990E+02     -0.990E+02
      0.316E-02      0.177E+00      0.128E+00      0.180E+09     -0.990E+02     -0.990E+02
      0.331E-02      0.177E+00      0.128E+00      0.180E+09     -0.990E+02     -0.990E+02
      0.347E-02      0.177E+00      0.128E+00      0.180E+09     -0.990E+02     -0.990E+02
      0.363E-02      0.177E+00      0.128E+00      0.180E+09     -0.990E+02     -0.990E+02
      0.380E-02      0.177E+00      0.128E+00      0.180E+09     -0.990E+02     -0.990E+02
      0.398E-02      0.177E+00      0.128E+00      0.180E+09     -0.990E+02     -0.990E+02
      0.417E-02      0.177E+00      0.128E+00      0.180E+09     -0.990E+02     -0.990E+02
      0.437E-02      0.177E+00      0.128E+00      0.180E+09     -0.990E+02     -0.990E+02
      0.457E-02      0.177E+00      0.128E+00      0.180E+09     -0.990E+02     -0.990E+02
      0.479E-02      0.177E+00      0.128E+00      0.180E+09     -0.990E+02     -0.990E+02
      0.501E-02      0.177E+00      0.128E+00      0.180E+09     -0.990E+02     -0.990E+02
      0.525E-02      0.177E+00      0.128E+00      0.180E+09     -0.990E+02     -0.990E+02
      0.550E-02      0.177E+00      0.128E+00      0.180E+09     -0.990E+02     -0.990E+02
      0.575E-02      0.177E+00      0.128E+00      0.180E+09     -0.990E+02     -0.990E+02
      0.603E-02      0.177E+00      0.128E+00      0.180E+09     -0.990E+02     -0.990E+02
      0.631E-02      0.177E+00      0.128E+00      0.180E+09     -0.990E+02     -0.990E+02
      0.661E-02      0.177E+00      0.128E+00      0.180E+09     -0.990E+02     -0.990E+02
      0.692E-02      0.177E+00      0.128E+00      0.180E+09     -0.990E+02     -0.990E+02
      0.724E-02      0.177E+00      0.128E+00      0.180E+09     -0.990E+02     -0.990E+02
      0.759E-02      0.177E+00      0.128E+00      0.180E+09     -0.990E+02     -0.990E+02
      0.794E-02      0.177E+00      0.128E+00      0.180E+09     -0.990E+02     -0.990E+02
      0.832E-02      0.177E+00      0.128E+00      0.180E+09     -0.990E+02     -0.990E+02
      0.871E-02      0.177E+00      0.128E+00      0.180E+09     -0.990E+02     -0.990E+02
      0.912E-02      0.177E+00      0.128E+00      0.180E+09     -0.990E+02     -0.990E+02
      0.955E-02      0.177E+00      0.128E+00      0.180E+09     -0.990E+02     -0.990E+02
      0.100E-01      0.177E+00      0.128E+00      0.180E+09     -0.631E+00      0.706E+00
      0.105E-01      0.167E+00      0.117E+00      0.178E+09     -0.631E+00      0.706E+00
      0.110E-01      0.166E+00      0.116E+00      0.178E+09     -0.631E+00      0.707E+00
      0.115E-01      0.166E+00      0.116E+00      0.178E+09     -0.631E+00      0.707E+00
      0.120E-01      0.166E+00      0.116E+00      0.177E+09     -0.631E+00      0.707E+00
      0.126E-01      0.166E+00      0.116E+00      0.177E+09     -0.632E+00      0.707E+00
      0.132E-01      0.167E+00      0.117E+00      0.177E+09     -0.632E+00      0.707E+00
      0.138E-01      0.166E+00      0.117E+00      0.177E+09     -0.632E+00      0.708E+00
      0.144E-01      0.165E+00      0.116E+00      0.177E+09     -0.632E+00      0.708E+00
      0.151E-01      0.165E+00      0.116E+00      0.177E+09     -0.632E+00      0.708E+00
      0.159E-01      0.166E+00      0.116E+00      0.177E+09     -0.632E+00      0.709E+00
      0.166E-01      0.166E+00      0.116E+00      0.177E+09     -0.632E+00      0.709E+00
      0.174E-01      0.166E+00      0.117E+00      0.177E+09     -0.633E+00      0.710E+00
      0.182E-01      0.166E+00      0.117E+00      0.177E+09     -0.633E+00      0.710E+00
      0.191E-01      0.166E+00      0.117E+00      0.176E+09     -0.633E+00      0.710E+00
      0.200E-01      0.165E+00      0.116E+00      0.176E+09     -0.633E+00      0.711E+00
      0.209E-01      0.165E+00      0.116E+00      0.176E+09     -0.634E+00      0.711E+00
      0.219E-01      0.165E+00      0.116E+00      0.176E+09     -0.634E+00      0.711E+00
      0.229E-01      0.165E+00      0.117E+00      0.176E+09     -0.634E+00      0.712E+00
      0.240E-01      0.165E+00      0.117E+00      0.176E+09     -0.635E+00      0.713E+00
      0.251E-01      0.166E+00      0.117E+00      0.176E+09     -0.635E+00      0.713E+00
      0.263E-01      0.165E+00      0.117E+00      0.176E+09     -0.635E+00      0.714E+00
      0.275E-01      0.165E+00      0.117E+00      0.175E+09     -0.635E+00      0.714E+00
      0.290E-01      0.165E+00      0.117E+00      0.175E+09     -0.636E+00      0.715E+00
      0.300E-01      0.165E+00      0.117E+00      0.175E+09     -0.636E+00      0.716E+00
      0.310E-01      0.165E+00      0.117E+00      0.175E+09     -0.636E+00      0.716E+00
      0.320E-01      0.165E+00      0.117E+00      0.175E+09     -0.637E+00      0.717E+00
      0.330E-01      0.165E+00      0.117E+00      0.175E+09     -0.637E+00      0.718E+00
      0.340E-01      0.164E+00      0.117E+00      0.174E+09     -0.637E+00      0.718E+00
      0.350E-01      0.165E+00      0.117E+00      0.174E+09     -0.638E+00      0.719E+00
      0.360E-01      0.164E+00      0.117E+00      0.174E+09     -0.638E+00      0.719E+00
      0.370E-01      0.164E+00      0.117E+00      0.174E+09     -0.638E+00      0.720E+00
      0.380E-01      0.164E+00      0.117E+00      0.174E+09     -0.638E+00      0.721E+00
      0.390E-01      0.164E+00      0.117E+00      0.174E+09     -0.639E+00      0.721E+00
      0.400E-01      0.164E+00      0.117E+00      0.174E+09     -0.639E+00      0.722E+00
      0.425E-01      0.164E+00      0.118E+00      0.173E+09     -0.640E+00      0.724E+00
      0.450E-01      0.164E+00      0.118E+00      0.173E+09     -0.640E+00      0.725E+00
      0.475E-01      0.163E+00      0.118E+00      0.173E+09     -0.641E+00      0.727E+00
      0.500E-01      0.163E+00      0.118E+00      0.172E+09     -0.642E+00      0.729E+00
      0.525E-01      0.163E+00      0.118E+00      0.172E+09     -0.642E+00      0.729E+00
      0.550E-01      0.162E+00      0.117E+00      0.172E+09     -0.643E+00      0.729E+00
      0.571E-01      0.162E+00      0.117E+00      0.171E+09     -0.643E+00      0.729E+00
      0.640E-01      0.161E+00      0.116E+00      0.171E+09     -0.645E+00      0.730E+00
      0.719E-01      0.160E+00      0.114E+00      0.170E+09     -0.647E+00      0.731E+00
      0.806E-01      0.158E+00      0.113E+00      0.169E+09     -0.649E+00      0.733E+00
      0.905E-01      0.156E+00      0.112E+00      0.168E+09     -0.651E+00      0.735E+00
      0.102E+00      0.155E+00      0.110E+00      0.167E+09     -0.654E+00      0.739E+00
      0.114E+00      0.152E+00      0.109E+00      0.165E+09     -0.658E+00      0.746E+00
      0.128E+00      0.150E+00      0.106E+00      0.164E+09     -0.661E+00      0.751E+00
      0.143E+00      0.146E+00      0.103E+00      0.162E+09     -0.662E+00      0.750E+00
      0.161E+00      0.142E+00      0.100E+00      0.160E+09     -0.662E+00      0.747E+00
      0.181E+00      0.138E+00      0.967E-01      0.158E+09     -0.663E+00      0.745E+00
      0.203E+00      0.133E+00      0.926E-01      0.156E+09     -0.663E+00      0.740E+00
      0.227E+00      0.127E+00      0.885E-01      0.154E+09     -0.663E+00      0.734E+00
      0.255E+00      0.120E+00      0.830E-01      0.152E+09     -0.666E+00      0.730E+00
      0.286E+00      0.113E+00      0.777E-01      0.149E+09     -0.669E+00      0.733E+00
      0.321E+00      0.105E+00      0.726E-01      0.146E+09     -0.671E+00      0.734E+00
      0.360E+00      0.979E-01      0.674E-01      0.144E+09     -0.671E+00      0.734E+00
      0.404E+00      0.922E-01      0.633E-01      0.141E+09     -0.674E+00      0.733E+00
      0.453E+00      0.882E-01      0.607E-01      0.138E+09     -0.687E+00      0.738E+00
      0.509E+00      0.857E-01      0.606E-01      0.135E+09     -0.691E+00      0.754E+00
      0.571E+00      0.843E-01      0.632E-01      0.131E+09     -0.688E+00      0.800E+00
      0.641E+00      0.835E-01      0.686E-01      0.127E+09     -0.684E+00      0.888E+00
      0.719E+00      0.794E-01      0.618E-01      0.123E+09     -0.677E+00      0.829E+00
      0.806E+00      0.742E-01      0.548E-01      0.119E+09     -0.679E+00      0.779E+00
      0.905E+00      0.691E-01      0.499E-01      0.114E+09     -0.671E+00      0.759E+00
      0.102E+01      0.660E-01      0.472E-01      0.110E+09     -0.669E+00      0.761E+00
      0.114E+01      0.633E-01      0.464E-01      0.105E+09     -0.667E+00      0.811E+00
      0.128E+01      0.615E-01      0.436E-01      0.993E+08     -0.641E+00      0.725E+00
      0.143E+01      0.600E-01      0.415E-01      0.935E+08     -0.608E+00      0.661E+00
      0.161E+01      0.573E-01      0.400E-01      0.872E+08     -0.559E+00      0.596E+00
      0.168E+01      0.549E-01      0.385E-01      0.828E+08     -0.552E+00      0.597E+00
      0.170E+01      0.543E-01      0.379E-01      0.813E+08     -0.552E+00      0.599E+00
      0.180E+01      0.521E-01      0.364E-01      0.792E+08     -0.574E+00      0.631E+00
      0.190E+01      0.507E-01      0.358E-01      0.760E+08     -0.603E+00      0.679E+00
      0.200E+01      0.523E-01      0.361E-01      0.729E+08     -0.632E+00      0.671E+00
      0.210E+01      0.543E-01      0.393E-01      0.697E+08     -0.638E+00      0.685E+00
      0.220E+01      0.535E-01      0.377E-01      0.664E+08     -0.627E+00      0.660E+00
      0.230E+01      0.528E-01      0.364E-01      0.631E+08     -0.633E+00      0.647E+00
      0.240E+01      0.549E-01      0.393E-01      0.599E+08     -0.636E+00      0.703E+00
      0.250E+01      0.604E-01      0.433E-01      0.566E+08     -0.652E+00      0.718E+00
      0.260E+01      0.601E-01      0.421E-01      0.530E+08     -0.649E+00      0.698E+00
      0.275E+01      0.539E-01      0.385E-01      0.485E+08     -0.652E+00      0.722E+00
      0.300E+01      0.512E-01      0.366E-01      0.420E+08     -0.667E+00      0.733E+00
      0.325E+01      0.477E-01      0.323E-01      0.344E+08     -0.743E+00      0.744E+00
      0.350E+01      0.409E-01      0.283E-01      0.274E+08     -0.820E+00      0.825E+00
      0.375E+01      0.361E-01      0.253E-01      0.214E+08     -0.736E+00      0.746E+00
      0.400E+01      0.271E-01      0.200E-01      0.161E+08     -0.743E+00      0.810E+00
      0.425E+01      0.210E-01      0.172E-01      0.122E+08     -0.772E+00      0.916E+00
      0.450E+01      0.183E-01      0.175E-01      0.914E+07     -0.728E+00      0.969E+00
      0.475E+01      0.155E-01      0.148E-01      0.650E+07     -0.887E+00      0.121E+01
      0.500E+01      0.108E-01      0.113E-01      0.428E+07     -0.104E+01      0.151E+01
      0.525E+01      0.829E-02      0.113E-01      0.275E+07     -0.109E+01      0.214E+01
      0.550E+01      0.724E-02      0.942E-02      0.158E+07     -0.135E+01      0.251E+01
      0.575E+01      0.323E-02      0.549E-02      0.548E+06     -0.160E+01      0.353E+01
      0.600E+01      0.583E-03      0.231E-02      0.913E+05     -0.117E+01      0.574E+01
      0.625E+01      0.564E-04      0.790E-03      0.847E+04     -0.351E+00      0.598E+01
      0.650E+01      0.300E-05      0.555E-04      0.421E+03     -0.932E+00      0.255E+02
      0.675E+01      0.181E-13      0.210E-08      0.254E-05     -0.113E+01      0.175E+06
      0.700E+01      0.000E+00      0.000E+00      0.000E+00     -0.990E+02     -0.990E+02
      0.725E+01      0.000E+00      0.000E+00      0.000E+00     -0.990E+02     -0.990E+02
      0.750E+01      0.000E+00      0.000E+00      0.000E+00     -0.990E+02     -0.990E+02
      0.775E+01      0.000E+00      0.000E+00      0.000E+00     -0.990E+02     -0.990E+02
      0.800E+01      0.000E+00      0.000E+00      0.000E+00     -0.990E+02     -0.990E+02
      0.825E+01      0.000E+00      0.000E+00      0.000E+00     -0.990E+02     -0.990E+02
      0.850E+01      0.000E+00      0.000E+00      0.000E+00     -0.990E+02     -0.990E+02
      0.875E+01      0.000E+00      0.000E+00      0.000E+00     -0.990E+02     -0.990E+02
      0.900E+01      0.000E+00      0.000E+00      0.000E+00     -0.990E+02     -0.990E+02
      0.925E+01      0.000E+00      0.000E+00      0.000E+00     -0.990E+02     -0.990E+02
      0.950E+01      0.000E+00      0.000E+00      0.000E+00     -0.990E+02     -0.990E+02
      0.975E+01      0.000E+00      0.000E+00      0.000E+00     -0.990E+02     -0.990E+02
      0.100E+02      0.000E+00      0.000E+00      0.000E+00     -0.990E+02     -0.990E+02
      0.102E+02      0.000E+00      0.000E+00      0.000E+00     -0.990E+02     -0.990E+02
      0.105E+02      0.000E+00      0.000E+00      0.000E+00     -0.990E+02     -0.990E+02
      0.108E+02      0.000E+00      0.000E+00      0.000E+00     -0.990E+02     -0.990E+02
      0.110E+02      0.000E+00      0.000E+00      0.000E+00     -0.990E+02     -0.990E+02
      0.112E+02      0.000E+00      0.000E+00      0.000E+00     -0.990E+02     -0.990E+02
      0.115E+02      0.000E+00      0.000E+00      0.000E+00     -0.990E+02     -0.990E+02
      0.118E+02      0.000E+00      0.000E+00      0.000E+00     -0.990E+02     -0.990E+02
      0.120E+02      0.000E+00      0.000E+00      0.000E+00     -0.990E+02     -0.990E+02
      0.122E+02      0.000E+00      0.000E+00      0.000E+00     -0.990E+02     -0.990E+02
      0.125E+02      0.000E+00      0.000E+00      0.000E+00     -0.990E+02     -0.990E+02
      0.128E+02      0.000E+00      0.000E+00      0.000E+00     -0.990E+02     -0.990E+02
      0.130E+02      0.000E+00      0.000E+00      0.000E+00     -0.990E+02     -0.990E+02
      0.132E+02      0.000E+00      0.000E+00      0.000E+00     -0.990E+02     -0.990E+02
      0.135E+02      0.000E+00      0.000E+00      0.000E+00     -0.990E+02     -0.990E+02
      0.138E+02      0.000E+00      0.000E+00      0.000E+00     -0.990E+02     -0.990E+02
      0.140E+02      0.000E+00      0.000E+00      0.000E+00     -0.990E+02     -0.990E+02
      0.142E+02      0.000E+00      0.000E+00      0.000E+00     -0.990E+02     -0.990E+02
      0.145E+02      0.000E+00      0.000E+00      0.000E+00     -0.990E+02     -0.990E+02
      0.148E+02      0.000E+00      0.000E+00      0.000E+00     -0.990E+02     -0.990E+02
      0.150E+02      0.000E+00      0.000E+00      0.000E+00     -0.990E+02     -0.990E+02
      0.152E+02      0.000E+00      0.000E+00      0.000E+00     -0.990E+02     -0.990E+02
      0.155E+02      0.000E+00      0.000E+00      0.000E+00     -0.990E+02     -0.990E+02
      0.158E+02      0.000E+00      0.000E+00      0.000E+00     -0.990E+02     -0.990E+02
      0.160E+02      0.000E+00      0.000E+00      0.000E+00     -0.990E+02     -0.990E+02
      0.162E+02      0.000E+00      0.000E+00      0.000E+00     -0.990E+02     -0.990E+02
      0.165E+02      0.000E+00      0.000E+00      0.000E+00     -0.990E+02     -0.990E+02
      0.168E+02      0.000E+00      0.000E+00      0.000E+00     -0.990E+02     -0.990E+02
      0.170E+02      0.000E+00      0.000E+00      0.000E+00     -0.990E+02     -0.990E+02
      0.172E+02      0.000E+00      0.000E+00      0.000E+00     -0.990E+02     -0.990E+02
      0.175E+02      0.000E+00      0.000E+00      0.000E+00     -0.990E+02     -0.990E+02
      0.178E+02      0.000E+00      0.000E+00      0.000E+00     -0.990E+02     -0.990E+02
      0.180E+02      0.000E+00      0.000E+00      0.000E+00     -0.990E+02     -0.990E+02
      0.182E+02      0.000E+00      0.000E+00      0.000E+00     -0.990E+02     -0.990E+02
      0.185E+02      0.000E+00      0.000E+00      0.000E+00     -0.990E+02     -0.990E+02
      0.188E+02      0.000E+00      0.000E+00      0.000E+00     -0.990E+02     -0.990E+02
      0.190E+02      0.000E+00      0.000E+00      0.000E+00     -0.990E+02     -0.990E+02
      0.192E+02      0.000E+00      0.000E+00      0.000E+00     -0.990E+02     -0.990E+02
      0.195E+02      0.000E+00      0.000E+00      0.000E+00     -0.990E+02     -0.990E+02
      0.198E+02      0.000E+00      0.000E+00      0.000E+00     -0.990E+02     -0.990E+02
      0.200E+02      0.000E+00      0.000E+00      0.000E+00     -0.990E+02     -0.990E+02
