      0.000E+00      0.141E+03      0.343E+03      0.770E+11     -0.990E+02     -0.990E+02
      0.100E-03      0.141E+03      0.343E+03      0.770E+11     -0.990E+02     -0.990E+02
      0.140E-03      0.141E+03      0.343E+03      0.770E+11     -0.990E+02     -0.990E+02
      0.160E-03      0.141E+03      0.343E+03      0.770E+11     -0.990E+02     -0.990E+02
      0.180E-03      0.141E+03      0.343E+03      0.770E+11     -0.990E+02     -0.990E+02
      0.200E-03      0.141E+03      0.343E+03      0.770E+11     -0.990E+02     -0.990E+02
      0.220E-03      0.141E+03      0.343E+03      0.770E+11     -0.990E+02     -0.990E+02
      0.250E-03      0.141E+03      0.343E+03      0.770E+11     -0.990E+02     -0.990E+02
      0.280E-03      0.141E+03      0.343E+03      0.770E+11     -0.990E+02     -0.990E+02
      0.320E-03      0.141E+03      0.343E+03      0.770E+11     -0.990E+02     -0.990E+02
      0.350E-03      0.141E+03      0.343E+03      0.770E+11     -0.990E+02     -0.990E+02
      0.400E-03      0.141E+03      0.343E+03      0.770E+11     -0.990E+02     -0.990E+02
      0.450E-03      0.141E+03      0.343E+03      0.770E+11     -0.990E+02     -0.990E+02
      0.500E-03      0.141E+03      0.343E+03      0.770E+11     -0.990E+02     -0.990E+02
      0.560E-03      0.141E+03      0.343E+03      0.770E+11     -0.990E+02     -0.990E+02
      0.630E-03      0.141E+03      0.343E+03      0.770E+11     -0.990E+02     -0.990E+02
      0.710E-03      0.141E+03      0.343E+03      0.770E+11     -0.990E+02     -0.990E+02
      0.790E-03      0.141E+03      0.343E+03      0.770E+11     -0.990E+02     -0.990E+02
      0.890E-03      0.141E+03      0.343E+03      0.770E+11     -0.990E+02     -0.990E+02
      0.100E-02      0.141E+03      0.343E+03      0.770E+11     -0.990E+02     -0.990E+02
      0.105E-02      0.141E+03      0.343E+03      0.770E+11     -0.990E+02     -0.990E+02
      0.110E-02      0.141E+03      0.343E+03      0.770E+11     -0.990E+02     -0.990E+02
      0.115E-02      0.141E+03      0.343E+03      0.770E+11     -0.990E+02     -0.990E+02
      0.120E-02      0.141E+03      0.343E+03      0.770E+11     -0.990E+02     -0.990E+02
      0.126E-02      0.141E+03      0.343E+03      0.770E+11     -0.990E+02     -0.990E+02
      0.132E-02      0.141E+03      0.343E+03      0.770E+11     -0.990E+02     -0.990E+02
      0.138E-02      0.141E+03      0.343E+03      0.770E+11     -0.990E+02     -0.990E+02
      0.145E-02      0.141E+03      0.343E+03      0.770E+11     -0.990E+02     -0.990E+02
      0.151E-02      0.141E+03      0.343E+03      0.770E+11     -0.990E+02     -0.990E+02
      0.158E-02      0.141E+03      0.343E+03      0.770E+11     -0.990E+02     -0.990E+02
      0.166E-02      0.141E+03      0.343E+03      0.770E+11     -0.990E+02     -0.990E+02
      0.174E-02      0.141E+03      0.343E+03      0.770E+11     -0.990E+02     -0.990E+02
      0.182E-02      0.141E+03      0.343E+03      0.770E+11     -0.990E+02     -0.990E+02
      0.191E-02      0.141E+03      0.343E+03      0.770E+11     -0.990E+02     -0.990E+02
      0.200E-02      0.141E+03      0.343E+03      0.770E+11     -0.990E+02     -0.990E+02
      0.209E-02      0.141E+03      0.343E+03      0.770E+11     -0.990E+02     -0.990E+02
      0.219E-02      0.141E+03      0.343E+03      0.770E+11     -0.990E+02     -0.990E+02
      0.229E-02      0.141E+03      0.343E+03      0.770E+11     -0.990E+02     -0.990E+02
      0.240E-02      0.141E+03      0.343E+03      0.770E+11     -0.990E+02     -0.990E+02
      0.251E-02      0.141E+03      0.343E+03      0.770E+11     -0.990E+02     -0.990E+02
      0.263E-02      0.141E+03      0.343E+03      0.770E+11     -0.990E+02     -0.990E+02
      0.275E-02      0.141E+03      0.343E+03      0.770E+11     -0.990E+02     -0.990E+02
      0.288E-02      0.141E+03      0.343E+03      0.770E+11     -0.990E+02     -0.990E+02
      0.302E-02      0.141E+03      0.343E+03      0.770E+11     -0.990E+02     -0.990E+02
      0.316E-02      0.141E+03      0.343E+03      0.770E+11     -0.990E+02     -0.990E+02
      0.331E-02      0.141E+03      0.343E+03      0.770E+11     -0.990E+02     -0.990E+02
      0.347E-02      0.141E+03      0.343E+03      0.770E+11     -0.990E+02     -0.990E+02
      0.363E-02      0.141E+03      0.343E+03      0.770E+11     -0.990E+02     -0.990E+02
      0.380E-02      0.141E+03      0.343E+03      0.770E+11     -0.990E+02     -0.990E+02
      0.398E-02      0.141E+03      0.343E+03      0.770E+11     -0.990E+02     -0.990E+02
      0.417E-02      0.141E+03      0.343E+03      0.770E+11     -0.990E+02     -0.990E+02
      0.437E-02      0.141E+03      0.343E+03      0.770E+11     -0.990E+02     -0.990E+02
      0.457E-02      0.141E+03      0.343E+03      0.770E+11     -0.990E+02     -0.990E+02
      0.479E-02      0.141E+03      0.343E+03      0.770E+11     -0.990E+02     -0.990E+02
      0.501E-02      0.141E+03      0.343E+03      0.770E+11     -0.990E+02     -0.990E+02
      0.525E-02      0.141E+03      0.343E+03      0.770E+11     -0.990E+02     -0.990E+02
      0.550E-02      0.141E+03      0.343E+03      0.770E+11     -0.990E+02     -0.990E+02
      0.575E-02      0.141E+03      0.343E+03      0.770E+11     -0.990E+02     -0.990E+02
      0.603E-02      0.141E+03      0.343E+03      0.770E+11     -0.990E+02     -0.990E+02
      0.631E-02      0.141E+03      0.343E+03      0.770E+11     -0.990E+02     -0.990E+02
      0.661E-02      0.141E+03      0.343E+03      0.770E+11     -0.990E+02     -0.990E+02
      0.692E-02      0.141E+03      0.343E+03      0.770E+11     -0.990E+02     -0.990E+02
      0.724E-02      0.141E+03      0.343E+03      0.770E+11     -0.990E+02     -0.990E+02
      0.759E-02      0.141E+03      0.343E+03      0.770E+11     -0.990E+02     -0.990E+02
      0.794E-02      0.141E+03      0.343E+03      0.770E+11     -0.990E+02     -0.990E+02
      0.832E-02      0.141E+03      0.343E+03      0.770E+11     -0.990E+02     -0.990E+02
      0.871E-02      0.141E+03      0.343E+03      0.770E+11     -0.990E+02     -0.990E+02
      0.912E-02      0.141E+03      0.343E+03      0.770E+11     -0.990E+02     -0.990E+02
      0.955E-02      0.141E+03      0.343E+03      0.770E+11     -0.990E+02     -0.990E+02
      0.100E-01      0.141E+03      0.343E+03      0.770E+11     -0.701E+00      0.392E+00
      0.105E-01      0.175E+03      0.689E+02      0.755E+11     -0.701E+00      0.392E+00
      0.110E-01      0.174E+03      0.686E+02      0.755E+11     -0.702E+00      0.392E+00
      0.115E-01      0.174E+03      0.684E+02      0.754E+11     -0.702E+00      0.392E+00
      0.120E-01      0.174E+03      0.683E+02      0.753E+11     -0.702E+00      0.393E+00
      0.126E-01      0.174E+03      0.685E+02      0.752E+11     -0.703E+00      0.393E+00
      0.132E-01      0.175E+03      0.689E+02      0.751E+11     -0.704E+00      0.394E+00
      0.138E-01      0.175E+03      0.687E+02      0.750E+11     -0.704E+00      0.394E+00
      0.144E-01      0.174E+03      0.683E+02      0.750E+11     -0.705E+00      0.395E+00
      0.151E-01      0.174E+03      0.685E+02      0.749E+11     -0.705E+00      0.395E+00
      0.159E-01      0.175E+03      0.687E+02      0.747E+11     -0.706E+00      0.396E+00
      0.166E-01      0.175E+03      0.688E+02      0.746E+11     -0.706E+00      0.396E+00
      0.174E-01      0.175E+03      0.688E+02      0.745E+11     -0.707E+00      0.397E+00
      0.182E-01      0.176E+03      0.691E+02      0.744E+11     -0.708E+00      0.397E+00
      0.191E-01      0.176E+03      0.692E+02      0.743E+11     -0.708E+00      0.398E+00
      0.200E-01      0.175E+03      0.689E+02      0.741E+11     -0.709E+00      0.399E+00
      0.209E-01      0.175E+03      0.689E+02      0.740E+11     -0.710E+00      0.399E+00
      0.219E-01      0.175E+03      0.690E+02      0.739E+11     -0.711E+00      0.400E+00
      0.229E-01      0.175E+03      0.692E+02      0.737E+11     -0.711E+00      0.401E+00
      0.240E-01      0.176E+03      0.693E+02      0.736E+11     -0.712E+00      0.402E+00
      0.251E-01      0.176E+03      0.695E+02      0.734E+11     -0.713E+00      0.403E+00
      0.263E-01      0.176E+03      0.695E+02      0.732E+11     -0.714E+00      0.404E+00
      0.275E-01      0.175E+03      0.693E+02      0.730E+11     -0.715E+00      0.404E+00
      0.290E-01      0.175E+03      0.694E+02      0.729E+11     -0.715E+00      0.405E+00
      0.300E-01      0.175E+03      0.693E+02      0.727E+11     -0.716E+00      0.406E+00
      0.310E-01      0.175E+03      0.693E+02      0.725E+11     -0.716E+00      0.407E+00
      0.320E-01      0.175E+03      0.692E+02      0.724E+11     -0.717E+00      0.407E+00
      0.330E-01      0.175E+03      0.693E+02      0.722E+11     -0.717E+00      0.408E+00
      0.340E-01      0.175E+03      0.692E+02      0.721E+11     -0.718E+00      0.408E+00
      0.350E-01      0.174E+03      0.692E+02      0.720E+11     -0.718E+00      0.409E+00
      0.360E-01      0.174E+03      0.692E+02      0.718E+11     -0.718E+00      0.410E+00
      0.370E-01      0.174E+03      0.691E+02      0.717E+11     -0.719E+00      0.410E+00
      0.380E-01      0.174E+03      0.691E+02      0.715E+11     -0.719E+00      0.411E+00
      0.390E-01      0.174E+03      0.691E+02      0.714E+11     -0.719E+00      0.411E+00
      0.400E-01      0.173E+03      0.691E+02      0.712E+11     -0.720E+00      0.412E+00
      0.425E-01      0.173E+03      0.691E+02      0.710E+11     -0.721E+00      0.414E+00
      0.450E-01      0.173E+03      0.690E+02      0.707E+11     -0.722E+00      0.415E+00
      0.475E-01      0.172E+03      0.690E+02      0.703E+11     -0.723E+00      0.417E+00
      0.500E-01      0.172E+03      0.689E+02      0.700E+11     -0.724E+00      0.419E+00
      0.525E-01      0.171E+03      0.690E+02      0.696E+11     -0.725E+00      0.421E+00
      0.550E-01      0.171E+03      0.689E+02      0.693E+11     -0.726E+00      0.423E+00
      0.571E-01      0.171E+03      0.690E+02      0.690E+11     -0.726E+00      0.424E+00
      0.640E-01      0.170E+03      0.690E+02      0.684E+11     -0.729E+00      0.431E+00
      0.719E-01      0.168E+03      0.691E+02      0.674E+11     -0.732E+00      0.438E+00
      0.806E-01      0.167E+03      0.693E+02      0.663E+11     -0.736E+00      0.446E+00
      0.905E-01      0.165E+03      0.697E+02      0.651E+11     -0.739E+00      0.457E+00
      0.102E+00      0.163E+03      0.701E+02      0.638E+11     -0.744E+00      0.471E+00
      0.114E+00      0.161E+03      0.706E+02      0.623E+11     -0.749E+00      0.487E+00
      0.128E+00      0.159E+03      0.715E+02      0.607E+11     -0.755E+00      0.507E+00
      0.143E+00      0.156E+03      0.728E+02      0.590E+11     -0.762E+00      0.532E+00
      0.161E+00      0.153E+03      0.744E+02      0.571E+11     -0.770E+00      0.564E+00
      0.181E+00      0.150E+03      0.763E+02      0.550E+11     -0.780E+00      0.601E+00
      0.203E+00      0.143E+03      0.726E+02      0.527E+11     -0.782E+00      0.597E+00
      0.227E+00      0.134E+03      0.668E+02      0.503E+11     -0.784E+00      0.580E+00
      0.255E+00      0.124E+03      0.601E+02      0.477E+11     -0.789E+00      0.562E+00
      0.286E+00      0.113E+03      0.529E+02      0.452E+11     -0.793E+00      0.537E+00
      0.321E+00      0.104E+03      0.458E+02      0.425E+11     -0.791E+00      0.498E+00
      0.360E+00      0.931E+02      0.394E+02      0.399E+11     -0.789E+00      0.465E+00
      0.404E+00      0.815E+02      0.355E+02      0.372E+11     -0.785E+00      0.471E+00
      0.453E+00      0.708E+02      0.341E+02      0.346E+11     -0.782E+00      0.522E+00
      0.509E+00      0.666E+02      0.325E+02      0.320E+11     -0.751E+00      0.507E+00
      0.571E+00      0.650E+02      0.310E+02      0.294E+11     -0.723E+00      0.476E+00
      0.641E+00      0.636E+02      0.301E+02      0.265E+11     -0.706E+00      0.456E+00
      0.719E+00      0.611E+02      0.307E+02      0.233E+11     -0.692E+00      0.465E+00
      0.806E+00      0.550E+02      0.249E+02      0.200E+11     -0.717E+00      0.437E+00
      0.905E+00      0.497E+02      0.185E+02      0.166E+11     -0.680E+00      0.345E+00
      0.102E+01      0.459E+02      0.160E+02      0.132E+11     -0.628E+00      0.308E+00
      0.114E+01      0.363E+02      0.126E+02      0.969E+10     -0.684E+00      0.342E+00
      0.128E+01      0.273E+02      0.120E+02      0.662E+10     -0.794E+00      0.496E+00
      0.143E+01      0.248E+02      0.953E+01      0.406E+10     -0.112E+01      0.545E+00
      0.161E+01      0.131E+02      0.541E+01      0.148E+10     -0.145E+01      0.774E+00
      0.168E+01      0.692E+01      0.356E+01      0.479E+09     -0.154E+01      0.986E+00
      0.170E+01      0.537E+01      0.322E+01      0.285E+09     -0.157E+01      0.115E+01
      0.180E+01      0.844E+00      0.216E+01      0.860E+08     -0.102E+01      0.355E+01
      0.190E+01      0.450E+00      0.117E+01      0.341E+08     -0.106E+01      0.380E+01
      0.200E+01      0.894E-01      0.399E+00      0.658E+07     -0.131E+01      0.767E+01
      0.210E+01      0.133E-01      0.288E+00      0.115E+07     -0.139E+01      0.388E+02
      0.220E+01      0.444E-02      0.170E+00      0.349E+06     -0.138E+01      0.684E+02
      0.230E+01      0.136E-02      0.542E-01      0.819E+05     -0.131E+01      0.687E+02
      0.240E+01      0.234E-07      0.362E-04      0.139E+01     -0.327E+01      0.520E+04
      0.250E+01      0.207E-19      0.144E-09      0.126E-11     -0.113E+00       Infinity
      0.260E+01      0.000E+00      0.000E+00      0.000E+00     -0.990E+02     -0.990E+02
      0.275E+01      0.000E+00      0.000E+00      0.000E+00     -0.990E+02     -0.990E+02
      0.300E+01      0.000E+00      0.000E+00      0.000E+00     -0.990E+02     -0.990E+02
      0.325E+01      0.000E+00      0.000E+00      0.000E+00     -0.990E+02     -0.990E+02
      0.350E+01      0.000E+00      0.000E+00      0.000E+00     -0.990E+02     -0.990E+02
      0.375E+01      0.000E+00      0.000E+00      0.000E+00     -0.990E+02     -0.990E+02
      0.400E+01      0.000E+00      0.000E+00      0.000E+00     -0.990E+02     -0.990E+02
      0.425E+01      0.000E+00      0.000E+00      0.000E+00     -0.990E+02     -0.990E+02
      0.450E+01      0.000E+00      0.000E+00      0.000E+00     -0.990E+02     -0.990E+02
      0.475E+01      0.000E+00      0.000E+00      0.000E+00     -0.990E+02     -0.990E+02
      0.500E+01      0.000E+00      0.000E+00      0.000E+00     -0.990E+02     -0.990E+02
      0.525E+01      0.000E+00      0.000E+00      0.000E+00     -0.990E+02     -0.990E+02
      0.550E+01      0.000E+00      0.000E+00      0.000E+00     -0.990E+02     -0.990E+02
      0.575E+01      0.000E+00      0.000E+00      0.000E+00     -0.990E+02     -0.990E+02
      0.600E+01      0.000E+00      0.000E+00      0.000E+00     -0.990E+02     -0.990E+02
      0.625E+01      0.000E+00      0.000E+00      0.000E+00     -0.990E+02     -0.990E+02
      0.650E+01      0.000E+00      0.000E+00      0.000E+00     -0.990E+02     -0.990E+02
      0.675E+01      0.000E+00      0.000E+00      0.000E+00     -0.990E+02     -0.990E+02
      0.700E+01      0.000E+00      0.000E+00      0.000E+00     -0.990E+02     -0.990E+02
      0.725E+01      0.000E+00      0.000E+00      0.000E+00     -0.990E+02     -0.990E+02
      0.750E+01      0.000E+00      0.000E+00      0.000E+00     -0.990E+02     -0.990E+02
      0.775E+01      0.000E+00      0.000E+00      0.000E+00     -0.990E+02     -0.990E+02
      0.800E+01      0.000E+00      0.000E+00      0.000E+00     -0.990E+02     -0.990E+02
      0.825E+01      0.000E+00      0.000E+00      0.000E+00     -0.990E+02     -0.990E+02
      0.850E+01      0.000E+00      0.000E+00      0.000E+00     -0.990E+02     -0.990E+02
      0.875E+01      0.000E+00      0.000E+00      0.000E+00     -0.990E+02     -0.990E+02
      0.900E+01      0.000E+00      0.000E+00      0.000E+00     -0.990E+02     -0.990E+02
      0.925E+01      0.000E+00      0.000E+00      0.000E+00     -0.990E+02     -0.990E+02
      0.950E+01      0.000E+00      0.000E+00      0.000E+00     -0.990E+02     -0.990E+02
      0.975E+01      0.000E+00      0.000E+00      0.000E+00     -0.990E+02     -0.990E+02
      0.100E+02      0.000E+00      0.000E+00      0.000E+00     -0.990E+02     -0.990E+02
      0.102E+02      0.000E+00      0.000E+00      0.000E+00     -0.990E+02     -0.990E+02
      0.105E+02      0.000E+00      0.000E+00      0.000E+00     -0.990E+02     -0.990E+02
      0.108E+02      0.000E+00      0.000E+00      0.000E+00     -0.990E+02     -0.990E+02
      0.110E+02      0.000E+00      0.000E+00      0.000E+00     -0.990E+02     -0.990E+02
      0.112E+02      0.000E+00      0.000E+00      0.000E+00     -0.990E+02     -0.990E+02
      0.115E+02      0.000E+00      0.000E+00      0.000E+00     -0.990E+02     -0.990E+02
      0.118E+02      0.000E+00      0.000E+00      0.000E+00     -0.990E+02     -0.990E+02
      0.120E+02      0.000E+00      0.000E+00      0.000E+00     -0.990E+02     -0.990E+02
      0.122E+02      0.000E+00      0.000E+00      0.000E+00     -0.990E+02     -0.990E+02
      0.125E+02      0.000E+00      0.000E+00      0.000E+00     -0.990E+02     -0.990E+02
      0.128E+02      0.000E+00      0.000E+00      0.000E+00     -0.990E+02     -0.990E+02
      0.130E+02      0.000E+00      0.000E+00      0.000E+00     -0.990E+02     -0.990E+02
      0.132E+02      0.000E+00      0.000E+00      0.000E+00     -0.990E+02     -0.990E+02
      0.135E+02      0.000E+00      0.000E+00      0.000E+00     -0.990E+02     -0.990E+02
      0.138E+02      0.000E+00      0.000E+00      0.000E+00     -0.990E+02     -0.990E+02
      0.140E+02      0.000E+00      0.000E+00      0.000E+00     -0.990E+02     -0.990E+02
      0.142E+02      0.000E+00      0.000E+00      0.000E+00     -0.990E+02     -0.990E+02
      0.145E+02      0.000E+00      0.000E+00      0.000E+00     -0.990E+02     -0.990E+02
      0.148E+02      0.000E+00      0.000E+00      0.000E+00     -0.990E+02     -0.990E+02
      0.150E+02      0.000E+00      0.000E+00      0.000E+00     -0.990E+02     -0.990E+02
      0.152E+02      0.000E+00      0.000E+00      0.000E+00     -0.990E+02     -0.990E+02
      0.155E+02      0.000E+00      0.000E+00      0.000E+00     -0.990E+02     -0.990E+02
      0.158E+02      0.000E+00      0.000E+00      0.000E+00     -0.990E+02     -0.990E+02
      0.160E+02      0.000E+00      0.000E+00      0.000E+00     -0.990E+02     -0.990E+02
      0.162E+02      0.000E+00      0.000E+00      0.000E+00     -0.990E+02     -0.990E+02
      0.165E+02      0.000E+00      0.000E+00      0.000E+00     -0.990E+02     -0.990E+02
      0.168E+02      0.000E+00      0.000E+00      0.000E+00     -0.990E+02     -0.990E+02
      0.170E+02      0.000E+00      0.000E+00      0.000E+00     -0.990E+02     -0.990E+02
      0.172E+02      0.000E+00      0.000E+00      0.000E+00     -0.990E+02     -0.990E+02
      0.175E+02      0.000E+00      0.000E+00      0.000E+00     -0.990E+02     -0.990E+02
      0.178E+02      0.000E+00      0.000E+00      0.000E+00     -0.990E+02     -0.990E+02
      0.180E+02      0.000E+00      0.000E+00      0.000E+00     -0.990E+02     -0.990E+02
      0.182E+02      0.000E+00      0.000E+00      0.000E+00     -0.990E+02     -0.990E+02
      0.185E+02      0.000E+00      0.000E+00      0.000E+00     -0.990E+02     -0.990E+02
      0.188E+02      0.000E+00      0.000E+00      0.000E+00     -0.990E+02     -0.990E+02
      0.190E+02      0.000E+00      0.000E+00      0.000E+00     -0.990E+02     -0.990E+02
      0.192E+02      0.000E+00      0.000E+00      0.000E+00     -0.990E+02     -0.990E+02
      0.195E+02      0.000E+00      0.000E+00      0.000E+00     -0.990E+02     -0.990E+02
      0.198E+02      0.000E+00      0.000E+00      0.000E+00     -0.990E+02     -0.990E+02
      0.200E+02      0.000E+00      0.000E+00      0.000E+00     -0.990E+02     -0.990E+02
