      0.000E+00      0.251E-02      0.201E-02      0.100E+09     -0.990E+02     -0.990E+02
      0.100E-03      0.251E-02      0.201E-02      0.100E+09     -0.990E+02     -0.990E+02
      0.140E-03      0.251E-02      0.201E-02      0.100E+09     -0.990E+02     -0.990E+02
      0.160E-03      0.251E-02      0.201E-02      0.100E+09     -0.990E+02     -0.990E+02
      0.180E-03      0.251E-02      0.201E-02      0.100E+09     -0.990E+02     -0.990E+02
      0.200E-03      0.251E-02      0.201E-02      0.100E+09     -0.990E+02     -0.990E+02
      0.220E-03      0.251E-02      0.201E-02      0.100E+09     -0.990E+02     -0.990E+02
      0.250E-03      0.251E-02      0.201E-02      0.100E+09     -0.990E+02     -0.990E+02
      0.280E-03      0.251E-02      0.201E-02      0.100E+09     -0.990E+02     -0.990E+02
      0.320E-03      0.251E-02      0.201E-02      0.100E+09     -0.990E+02     -0.990E+02
      0.350E-03      0.251E-02      0.201E-02      0.100E+09     -0.990E+02     -0.990E+02
      0.400E-03      0.251E-02      0.201E-02      0.100E+09     -0.990E+02     -0.990E+02
      0.450E-03      0.251E-02      0.201E-02      0.100E+09     -0.990E+02     -0.990E+02
      0.500E-03      0.251E-02      0.201E-02      0.100E+09     -0.990E+02     -0.990E+02
      0.560E-03      0.251E-02      0.201E-02      0.100E+09     -0.990E+02     -0.990E+02
      0.630E-03      0.251E-02      0.201E-02      0.100E+09     -0.990E+02     -0.990E+02
      0.710E-03      0.251E-02      0.201E-02      0.100E+09     -0.990E+02     -0.990E+02
      0.790E-03      0.251E-02      0.201E-02      0.100E+09     -0.990E+02     -0.990E+02
      0.890E-03      0.251E-02      0.201E-02      0.100E+09     -0.990E+02     -0.990E+02
      0.100E-02      0.251E-02      0.201E-02      0.100E+09     -0.990E+02     -0.990E+02
      0.105E-02      0.251E-02      0.201E-02      0.100E+09     -0.990E+02     -0.990E+02
      0.110E-02      0.251E-02      0.201E-02      0.100E+09     -0.990E+02     -0.990E+02
      0.115E-02      0.251E-02      0.201E-02      0.100E+09     -0.990E+02     -0.990E+02
      0.120E-02      0.251E-02      0.201E-02      0.100E+09     -0.990E+02     -0.990E+02
      0.126E-02      0.251E-02      0.201E-02      0.100E+09     -0.990E+02     -0.990E+02
      0.132E-02      0.251E-02      0.201E-02      0.100E+09     -0.990E+02     -0.990E+02
      0.138E-02      0.251E-02      0.201E-02      0.100E+09     -0.990E+02     -0.990E+02
      0.145E-02      0.251E-02      0.201E-02      0.100E+09     -0.990E+02     -0.990E+02
      0.151E-02      0.251E-02      0.201E-02      0.100E+09     -0.990E+02     -0.990E+02
      0.158E-02      0.251E-02      0.201E-02      0.100E+09     -0.990E+02     -0.990E+02
      0.166E-02      0.251E-02      0.201E-02      0.100E+09     -0.990E+02     -0.990E+02
      0.174E-02      0.251E-02      0.201E-02      0.100E+09     -0.990E+02     -0.990E+02
      0.182E-02      0.251E-02      0.201E-02      0.100E+09     -0.990E+02     -0.990E+02
      0.191E-02      0.251E-02      0.201E-02      0.100E+09     -0.990E+02     -0.990E+02
      0.200E-02      0.251E-02      0.201E-02      0.100E+09     -0.990E+02     -0.990E+02
      0.209E-02      0.251E-02      0.201E-02      0.100E+09     -0.990E+02     -0.990E+02
      0.219E-02      0.251E-02      0.201E-02      0.100E+09     -0.990E+02     -0.990E+02
      0.229E-02      0.251E-02      0.201E-02      0.100E+09     -0.990E+02     -0.990E+02
      0.240E-02      0.251E-02      0.201E-02      0.100E+09     -0.990E+02     -0.990E+02
      0.251E-02      0.251E-02      0.201E-02      0.100E+09     -0.990E+02     -0.990E+02
      0.263E-02      0.251E-02      0.201E-02      0.100E+09     -0.990E+02     -0.990E+02
      0.275E-02      0.251E-02      0.201E-02      0.100E+09     -0.990E+02     -0.990E+02
      0.288E-02      0.251E-02      0.201E-02      0.100E+09     -0.990E+02     -0.990E+02
      0.302E-02      0.251E-02      0.201E-02      0.100E+09     -0.990E+02     -0.990E+02
      0.316E-02      0.251E-02      0.201E-02      0.100E+09     -0.990E+02     -0.990E+02
      0.331E-02      0.251E-02      0.201E-02      0.100E+09     -0.990E+02     -0.990E+02
      0.347E-02      0.251E-02      0.201E-02      0.100E+09     -0.990E+02     -0.990E+02
      0.363E-02      0.251E-02      0.201E-02      0.100E+09     -0.990E+02     -0.990E+02
      0.380E-02      0.251E-02      0.201E-02      0.100E+09     -0.990E+02     -0.990E+02
      0.398E-02      0.251E-02      0.201E-02      0.100E+09     -0.990E+02     -0.990E+02
      0.417E-02      0.251E-02      0.201E-02      0.100E+09     -0.990E+02     -0.990E+02
      0.437E-02      0.251E-02      0.201E-02      0.100E+09     -0.990E+02     -0.990E+02
      0.457E-02      0.251E-02      0.201E-02      0.100E+09     -0.990E+02     -0.990E+02
      0.479E-02      0.251E-02      0.201E-02      0.100E+09     -0.990E+02     -0.990E+02
      0.501E-02      0.251E-02      0.201E-02      0.100E+09     -0.990E+02     -0.990E+02
      0.525E-02      0.251E-02      0.201E-02      0.100E+09     -0.990E+02     -0.990E+02
      0.550E-02      0.251E-02      0.201E-02      0.100E+09     -0.990E+02     -0.990E+02
      0.575E-02      0.251E-02      0.201E-02      0.100E+09     -0.990E+02     -0.990E+02
      0.603E-02      0.251E-02      0.201E-02      0.100E+09     -0.990E+02     -0.990E+02
      0.631E-02      0.251E-02      0.201E-02      0.100E+09     -0.990E+02     -0.990E+02
      0.661E-02      0.251E-02      0.201E-02      0.100E+09     -0.990E+02     -0.990E+02
      0.692E-02      0.251E-02      0.201E-02      0.100E+09     -0.990E+02     -0.990E+02
      0.724E-02      0.251E-02      0.201E-02      0.100E+09     -0.990E+02     -0.990E+02
      0.759E-02      0.251E-02      0.201E-02      0.100E+09     -0.990E+02     -0.990E+02
      0.794E-02      0.251E-02      0.201E-02      0.100E+09     -0.990E+02     -0.990E+02
      0.832E-02      0.251E-02      0.201E-02      0.100E+09     -0.990E+02     -0.990E+02
      0.871E-02      0.251E-02      0.201E-02      0.100E+09     -0.990E+02     -0.990E+02
      0.912E-02      0.251E-02      0.201E-02      0.100E+09     -0.990E+02     -0.990E+02
      0.955E-02      0.251E-02      0.201E-02      0.100E+09     -0.990E+02     -0.990E+02
      0.100E-01      0.251E-02      0.201E-02      0.100E+09      0.176E+00      0.250E+00
      0.105E-01      0.172E-01      0.144E-01      0.100E+09      0.176E+00      0.250E+00
      0.110E-01      0.171E-01      0.144E-01      0.100E+09      0.176E+00      0.250E+00
      0.115E-01      0.171E-01      0.143E-01      0.100E+09      0.176E+00      0.250E+00
      0.120E-01      0.171E-01      0.144E-01      0.999E+08      0.176E+00      0.250E+00
      0.126E-01      0.172E-01      0.144E-01      0.999E+08      0.176E+00      0.251E+00
      0.132E-01      0.173E-01      0.145E-01      0.999E+08      0.175E+00      0.251E+00
      0.138E-01      0.173E-01      0.145E-01      0.999E+08      0.175E+00      0.252E+00
      0.144E-01      0.172E-01      0.144E-01      0.999E+08      0.175E+00      0.252E+00
      0.151E-01      0.172E-01      0.145E-01      0.999E+08      0.175E+00      0.252E+00
      0.159E-01      0.173E-01      0.146E-01      0.999E+08      0.175E+00      0.252E+00
      0.166E-01      0.174E-01      0.147E-01      0.999E+08      0.174E+00      0.253E+00
      0.174E-01      0.174E-01      0.147E-01      0.999E+08      0.174E+00      0.253E+00
      0.182E-01      0.175E-01      0.148E-01      0.999E+08      0.174E+00      0.254E+00
      0.191E-01      0.176E-01      0.149E-01      0.998E+08      0.174E+00      0.254E+00
      0.200E-01      0.175E-01      0.148E-01      0.998E+08      0.174E+00      0.255E+00
      0.209E-01      0.175E-01      0.149E-01      0.998E+08      0.173E+00      0.255E+00
      0.219E-01      0.176E-01      0.149E-01      0.998E+08      0.173E+00      0.256E+00
      0.229E-01      0.177E-01      0.150E-01      0.998E+08      0.173E+00      0.256E+00
      0.240E-01      0.177E-01      0.151E-01      0.998E+08      0.172E+00      0.257E+00
      0.251E-01      0.178E-01      0.152E-01      0.998E+08      0.172E+00      0.258E+00
      0.263E-01      0.178E-01      0.152E-01      0.997E+08      0.172E+00      0.258E+00
      0.275E-01      0.178E-01      0.153E-01      0.997E+08      0.171E+00      0.259E+00
      0.290E-01      0.179E-01      0.153E-01      0.997E+08      0.171E+00      0.260E+00
      0.300E-01      0.179E-01      0.154E-01      0.997E+08      0.170E+00      0.261E+00
      0.310E-01      0.180E-01      0.155E-01      0.997E+08      0.170E+00      0.261E+00
      0.320E-01      0.180E-01      0.156E-01      0.997E+08      0.170E+00      0.262E+00
      0.330E-01      0.180E-01      0.156E-01      0.996E+08      0.169E+00      0.263E+00
      0.340E-01      0.181E-01      0.157E-01      0.996E+08      0.169E+00      0.263E+00
      0.350E-01      0.181E-01      0.157E-01      0.996E+08      0.169E+00      0.264E+00
      0.360E-01      0.182E-01      0.158E-01      0.996E+08      0.168E+00      0.264E+00
      0.370E-01      0.182E-01      0.158E-01      0.996E+08      0.168E+00      0.265E+00
      0.380E-01      0.183E-01      0.159E-01      0.996E+08      0.167E+00      0.266E+00
      0.390E-01      0.183E-01      0.160E-01      0.996E+08      0.167E+00      0.266E+00
      0.400E-01      0.183E-01      0.160E-01      0.995E+08      0.167E+00      0.267E+00
      0.425E-01      0.184E-01      0.162E-01      0.995E+08      0.166E+00      0.269E+00
      0.450E-01      0.185E-01      0.163E-01      0.995E+08      0.165E+00      0.270E+00
      0.475E-01      0.186E-01      0.165E-01      0.994E+08      0.164E+00      0.272E+00
      0.500E-01      0.187E-01      0.166E-01      0.994E+08      0.164E+00      0.274E+00
      0.525E-01      0.188E-01      0.168E-01      0.994E+08      0.163E+00      0.275E+00
      0.550E-01      0.189E-01      0.169E-01      0.993E+08      0.162E+00      0.277E+00
      0.571E-01      0.190E-01      0.171E-01      0.993E+08      0.161E+00      0.278E+00
      0.640E-01      0.192E-01      0.175E-01      0.992E+08      0.159E+00      0.283E+00
      0.719E-01      0.195E-01      0.178E-01      0.991E+08      0.158E+00      0.281E+00
      0.806E-01      0.198E-01      0.181E-01      0.990E+08      0.158E+00      0.273E+00
      0.905E-01      0.201E-01      0.185E-01      0.988E+08      0.158E+00      0.265E+00
      0.102E+00      0.204E-01      0.189E-01      0.987E+08      0.158E+00      0.257E+00
      0.114E+00      0.204E-01      0.188E-01      0.985E+08      0.160E+00      0.250E+00
      0.128E+00      0.202E-01      0.184E-01      0.983E+08      0.162E+00      0.245E+00
      0.143E+00      0.198E-01      0.178E-01      0.981E+08      0.164E+00      0.241E+00
      0.161E+00      0.194E-01      0.173E-01      0.978E+08      0.166E+00      0.239E+00
      0.181E+00      0.188E-01      0.166E-01      0.976E+08      0.167E+00      0.241E+00
      0.203E+00      0.182E-01      0.158E-01      0.973E+08      0.168E+00      0.244E+00
      0.227E+00      0.174E-01      0.148E-01      0.970E+08      0.171E+00      0.247E+00
      0.255E+00      0.159E-01      0.133E-01      0.966E+08      0.173E+00      0.252E+00
      0.286E+00      0.142E-01      0.117E-01      0.963E+08      0.176E+00      0.262E+00
      0.321E+00      0.124E-01      0.104E-01      0.960E+08      0.180E+00      0.277E+00
      0.360E+00      0.115E-01      0.985E-02      0.956E+08      0.190E+00      0.288E+00
      0.404E+00      0.116E-01      0.100E-01      0.953E+08      0.194E+00      0.281E+00
      0.453E+00      0.118E-01      0.106E-01      0.949E+08      0.196E+00      0.276E+00
      0.509E+00      0.122E-01      0.106E-01      0.945E+08      0.198E+00      0.266E+00
      0.571E+00      0.125E-01      0.109E-01      0.940E+08      0.199E+00      0.263E+00
      0.641E+00      0.139E-01      0.120E-01      0.934E+08      0.197E+00      0.254E+00
      0.719E+00      0.144E-01      0.119E-01      0.928E+08      0.201E+00      0.253E+00
      0.806E+00      0.136E-01      0.102E-01      0.919E+08      0.210E+00      0.251E+00
      0.905E+00      0.122E-01      0.871E-02      0.911E+08      0.223E+00      0.262E+00
      0.102E+01      0.118E-01      0.830E-02      0.903E+08      0.228E+00      0.257E+00
      0.114E+01      0.113E-01      0.814E-02      0.893E+08      0.226E+00      0.249E+00
      0.128E+01      0.110E-01      0.800E-02      0.884E+08      0.220E+00      0.240E+00
      0.143E+01      0.107E-01      0.798E-02      0.873E+08      0.213E+00      0.235E+00
      0.161E+01      0.113E-01      0.869E-02      0.862E+08      0.223E+00      0.264E+00
      0.168E+01      0.113E-01      0.903E-02      0.853E+08      0.230E+00      0.265E+00
      0.170E+01      0.113E-01      0.916E-02      0.850E+08      0.232E+00      0.267E+00
      0.180E+01      0.110E-01      0.838E-02      0.845E+08      0.240E+00      0.259E+00
      0.190E+01      0.108E-01      0.775E-02      0.839E+08      0.248E+00      0.250E+00
      0.200E+01      0.108E-01      0.755E-02      0.832E+08      0.250E+00      0.246E+00
      0.210E+01      0.109E-01      0.766E-02      0.825E+08      0.247E+00      0.245E+00
      0.220E+01      0.113E-01      0.799E-02      0.818E+08      0.242E+00      0.244E+00
      0.230E+01      0.115E-01      0.810E-02      0.811E+08      0.248E+00      0.250E+00
      0.240E+01      0.116E-01      0.811E-02      0.804E+08      0.251E+00      0.257E+00
      0.250E+01      0.118E-01      0.865E-02      0.797E+08      0.249E+00      0.263E+00
      0.260E+01      0.122E-01      0.983E-02      0.790E+08      0.245E+00      0.273E+00
      0.275E+01      0.123E-01      0.848E-02      0.780E+08      0.263E+00      0.267E+00
      0.300E+01      0.133E-01      0.791E-02      0.765E+08      0.272E+00      0.247E+00
      0.325E+01      0.141E-01      0.861E-02      0.745E+08      0.253E+00      0.232E+00
      0.350E+01      0.150E-01      0.881E-02      0.724E+08      0.233E+00      0.207E+00
      0.375E+01      0.187E-01      0.142E-01      0.702E+08      0.182E+00      0.191E+00
      0.400E+01      0.161E-01      0.125E-01      0.674E+08      0.167E+00      0.195E+00
      0.425E+01      0.149E-01      0.110E-01      0.650E+08      0.185E+00      0.225E+00
      0.450E+01      0.161E-01      0.105E-01      0.628E+08      0.193E+00      0.222E+00
      0.475E+01      0.184E-01      0.118E-01      0.605E+08      0.175E+00      0.204E+00
      0.500E+01      0.194E-01      0.133E-01      0.578E+08      0.190E+00      0.225E+00
      0.525E+01      0.178E-01      0.120E-01      0.549E+08      0.189E+00      0.228E+00
      0.550E+01      0.174E-01      0.125E-01      0.524E+08      0.200E+00      0.243E+00
      0.575E+01      0.178E-01      0.117E-01      0.498E+08      0.190E+00      0.235E+00
      0.600E+01      0.188E-01      0.128E-01      0.473E+08      0.156E+00      0.198E+00
      0.625E+01      0.188E-01      0.120E-01      0.446E+08      0.143E+00      0.182E+00
      0.650E+01      0.185E-01      0.119E-01      0.419E+08      0.126E+00      0.178E+00
      0.675E+01      0.194E-01      0.110E-01      0.392E+08      0.130E+00      0.164E+00
      0.700E+01      0.194E-01      0.123E-01      0.364E+08      0.161E+00      0.223E+00
      0.725E+01      0.263E-01      0.164E-01      0.337E+08      0.257E+00      0.320E+00
      0.750E+01      0.297E-01      0.193E-01      0.299E+08      0.248E+00      0.335E+00
      0.775E+01      0.220E-01      0.129E-01      0.257E+08      0.139E+00      0.233E+00
      0.800E+01      0.283E-01      0.167E-01      0.226E+08      0.177E+00      0.243E+00
      0.825E+01      0.281E-01      0.163E-01      0.186E+08      0.161E+00      0.199E+00
      0.850E+01      0.200E-01      0.124E-01      0.146E+08      0.720E-01      0.146E+00
      0.875E+01      0.202E-01      0.119E-01      0.118E+08      0.555E-01      0.134E+00
      0.900E+01      0.151E-01      0.950E-02      0.895E+07      0.201E-01      0.138E+00
      0.925E+01      0.116E-01      0.702E-02      0.682E+07      0.740E-02      0.131E+00
      0.950E+01      0.111E-01      0.699E-02      0.519E+07     -0.274E-03      0.110E+00
      0.975E+01      0.920E-02      0.573E-02      0.363E+07      0.174E-01      0.120E+00
      0.100E+02      0.651E-02      0.460E-02      0.234E+07     -0.575E-01      0.148E+00
      0.102E+02      0.332E-02      0.344E-02      0.143E+07     -0.138E+00      0.240E+00
      0.105E+02      0.316E-02      0.523E-02      0.961E+06     -0.431E-01      0.150E+00
      0.108E+02      0.207E-02      0.376E-02      0.519E+06     -0.103E+00      0.311E+00
      0.110E+02      0.125E-02      0.260E-02      0.230E+06     -0.505E-01      0.174E+00
      0.112E+02      0.398E-03      0.701E-03      0.549E+05     -0.436E+00      0.109E+01
      0.115E+02      0.611E-10      0.269E-06      0.841E-02     -0.164E+01      0.935E+04
      0.118E+02      0.141E-14      0.251E-09      0.190E-06     -0.423E+01      0.107E+07
      0.120E+02      0.556E-21      0.437E-12      0.774E-13     -0.208E+01      0.234E+10
      0.122E+02      0.000E+00      0.000E+00      0.000E+00     -0.990E+02     -0.990E+02
      0.125E+02      0.000E+00      0.000E+00      0.000E+00     -0.990E+02     -0.990E+02
      0.128E+02      0.000E+00      0.000E+00      0.000E+00     -0.990E+02     -0.990E+02
      0.130E+02      0.000E+00      0.000E+00      0.000E+00     -0.990E+02     -0.990E+02
      0.132E+02      0.000E+00      0.000E+00      0.000E+00     -0.990E+02     -0.990E+02
      0.135E+02      0.000E+00      0.000E+00      0.000E+00     -0.990E+02     -0.990E+02
      0.138E+02      0.000E+00      0.000E+00      0.000E+00     -0.990E+02     -0.990E+02
      0.140E+02      0.000E+00      0.000E+00      0.000E+00     -0.990E+02     -0.990E+02
      0.142E+02      0.000E+00      0.000E+00      0.000E+00     -0.990E+02     -0.990E+02
      0.145E+02      0.000E+00      0.000E+00      0.000E+00     -0.990E+02     -0.990E+02
      0.148E+02      0.000E+00      0.000E+00      0.000E+00     -0.990E+02     -0.990E+02
      0.150E+02      0.000E+00      0.000E+00      0.000E+00     -0.990E+02     -0.990E+02
      0.152E+02      0.000E+00      0.000E+00      0.000E+00     -0.990E+02     -0.990E+02
      0.155E+02      0.000E+00      0.000E+00      0.000E+00     -0.990E+02     -0.990E+02
      0.158E+02      0.000E+00      0.000E+00      0.000E+00     -0.990E+02     -0.990E+02
      0.160E+02      0.000E+00      0.000E+00      0.000E+00     -0.990E+02     -0.990E+02
      0.162E+02      0.000E+00      0.000E+00      0.000E+00     -0.990E+02     -0.990E+02
      0.165E+02      0.000E+00      0.000E+00      0.000E+00     -0.990E+02     -0.990E+02
      0.168E+02      0.000E+00      0.000E+00      0.000E+00     -0.990E+02     -0.990E+02
      0.170E+02      0.000E+00      0.000E+00      0.000E+00     -0.990E+02     -0.990E+02
      0.172E+02      0.000E+00      0.000E+00      0.000E+00     -0.990E+02     -0.990E+02
      0.175E+02      0.000E+00      0.000E+00      0.000E+00     -0.990E+02     -0.990E+02
      0.178E+02      0.000E+00      0.000E+00      0.000E+00     -0.990E+02     -0.990E+02
      0.180E+02      0.000E+00      0.000E+00      0.000E+00     -0.990E+02     -0.990E+02
      0.182E+02      0.000E+00      0.000E+00      0.000E+00     -0.990E+02     -0.990E+02
      0.185E+02      0.000E+00      0.000E+00      0.000E+00     -0.990E+02     -0.990E+02
      0.188E+02      0.000E+00      0.000E+00      0.000E+00     -0.990E+02     -0.990E+02
      0.190E+02      0.000E+00      0.000E+00      0.000E+00     -0.990E+02     -0.990E+02
      0.192E+02      0.000E+00      0.000E+00      0.000E+00     -0.990E+02     -0.990E+02
      0.195E+02      0.000E+00      0.000E+00      0.000E+00     -0.990E+02     -0.990E+02
      0.198E+02      0.000E+00      0.000E+00      0.000E+00     -0.990E+02     -0.990E+02
      0.200E+02      0.000E+00      0.000E+00      0.000E+00     -0.990E+02     -0.990E+02
