      0.000E+00      0.252E+01      0.486E+01      0.133E+10     -0.990E+02     -0.990E+02
      0.100E-03      0.252E+01      0.486E+01      0.133E+10     -0.990E+02     -0.990E+02
      0.140E-03      0.252E+01      0.486E+01      0.133E+10     -0.990E+02     -0.990E+02
      0.160E-03      0.252E+01      0.486E+01      0.133E+10     -0.990E+02     -0.990E+02
      0.180E-03      0.252E+01      0.486E+01      0.133E+10     -0.990E+02     -0.990E+02
      0.200E-03      0.252E+01      0.486E+01      0.133E+10     -0.990E+02     -0.990E+02
      0.220E-03      0.252E+01      0.486E+01      0.133E+10     -0.990E+02     -0.990E+02
      0.250E-03      0.252E+01      0.486E+01      0.133E+10     -0.990E+02     -0.990E+02
      0.280E-03      0.252E+01      0.486E+01      0.133E+10     -0.990E+02     -0.990E+02
      0.320E-03      0.252E+01      0.486E+01      0.133E+10     -0.990E+02     -0.990E+02
      0.350E-03      0.252E+01      0.486E+01      0.133E+10     -0.990E+02     -0.990E+02
      0.400E-03      0.252E+01      0.486E+01      0.133E+10     -0.990E+02     -0.990E+02
      0.450E-03      0.252E+01      0.486E+01      0.133E+10     -0.990E+02     -0.990E+02
      0.500E-03      0.252E+01      0.486E+01      0.133E+10     -0.990E+02     -0.990E+02
      0.560E-03      0.252E+01      0.486E+01      0.133E+10     -0.990E+02     -0.990E+02
      0.630E-03      0.252E+01      0.486E+01      0.133E+10     -0.990E+02     -0.990E+02
      0.710E-03      0.252E+01      0.486E+01      0.133E+10     -0.990E+02     -0.990E+02
      0.790E-03      0.252E+01      0.486E+01      0.133E+10     -0.990E+02     -0.990E+02
      0.890E-03      0.252E+01      0.486E+01      0.133E+10     -0.990E+02     -0.990E+02
      0.100E-02      0.252E+01      0.486E+01      0.133E+10     -0.990E+02     -0.990E+02
      0.105E-02      0.252E+01      0.486E+01      0.133E+10     -0.990E+02     -0.990E+02
      0.110E-02      0.252E+01      0.486E+01      0.133E+10     -0.990E+02     -0.990E+02
      0.115E-02      0.252E+01      0.486E+01      0.133E+10     -0.990E+02     -0.990E+02
      0.120E-02      0.252E+01      0.486E+01      0.133E+10     -0.990E+02     -0.990E+02
      0.126E-02      0.252E+01      0.486E+01      0.133E+10     -0.990E+02     -0.990E+02
      0.132E-02      0.252E+01      0.486E+01      0.133E+10     -0.990E+02     -0.990E+02
      0.138E-02      0.252E+01      0.486E+01      0.133E+10     -0.990E+02     -0.990E+02
      0.145E-02      0.252E+01      0.486E+01      0.133E+10     -0.990E+02     -0.990E+02
      0.151E-02      0.252E+01      0.486E+01      0.133E+10     -0.990E+02     -0.990E+02
      0.158E-02      0.252E+01      0.486E+01      0.133E+10     -0.990E+02     -0.990E+02
      0.166E-02      0.252E+01      0.486E+01      0.133E+10     -0.990E+02     -0.990E+02
      0.174E-02      0.252E+01      0.486E+01      0.133E+10     -0.990E+02     -0.990E+02
      0.182E-02      0.252E+01      0.486E+01      0.133E+10     -0.990E+02     -0.990E+02
      0.191E-02      0.252E+01      0.486E+01      0.133E+10     -0.990E+02     -0.990E+02
      0.200E-02      0.252E+01      0.486E+01      0.133E+10     -0.990E+02     -0.990E+02
      0.209E-02      0.252E+01      0.486E+01      0.133E+10     -0.990E+02     -0.990E+02
      0.219E-02      0.252E+01      0.486E+01      0.133E+10     -0.990E+02     -0.990E+02
      0.229E-02      0.252E+01      0.486E+01      0.133E+10     -0.990E+02     -0.990E+02
      0.240E-02      0.252E+01      0.486E+01      0.133E+10     -0.990E+02     -0.990E+02
      0.251E-02      0.252E+01      0.486E+01      0.133E+10     -0.990E+02     -0.990E+02
      0.263E-02      0.252E+01      0.486E+01      0.133E+10     -0.990E+02     -0.990E+02
      0.275E-02      0.252E+01      0.486E+01      0.133E+10     -0.990E+02     -0.990E+02
      0.288E-02      0.252E+01      0.486E+01      0.133E+10     -0.990E+02     -0.990E+02
      0.302E-02      0.252E+01      0.486E+01      0.133E+10     -0.990E+02     -0.990E+02
      0.316E-02      0.252E+01      0.486E+01      0.133E+10     -0.990E+02     -0.990E+02
      0.331E-02      0.252E+01      0.486E+01      0.133E+10     -0.990E+02     -0.990E+02
      0.347E-02      0.252E+01      0.486E+01      0.133E+10     -0.990E+02     -0.990E+02
      0.363E-02      0.252E+01      0.486E+01      0.133E+10     -0.990E+02     -0.990E+02
      0.380E-02      0.252E+01      0.486E+01      0.133E+10     -0.990E+02     -0.990E+02
      0.398E-02      0.252E+01      0.486E+01      0.133E+10     -0.990E+02     -0.990E+02
      0.417E-02      0.252E+01      0.486E+01      0.133E+10     -0.990E+02     -0.990E+02
      0.437E-02      0.252E+01      0.486E+01      0.133E+10     -0.990E+02     -0.990E+02
      0.457E-02      0.252E+01      0.486E+01      0.133E+10     -0.990E+02     -0.990E+02
      0.479E-02      0.252E+01      0.486E+01      0.133E+10     -0.990E+02     -0.990E+02
      0.501E-02      0.252E+01      0.486E+01      0.133E+10     -0.990E+02     -0.990E+02
      0.525E-02      0.252E+01      0.486E+01      0.133E+10     -0.990E+02     -0.990E+02
      0.550E-02      0.252E+01      0.486E+01      0.133E+10     -0.990E+02     -0.990E+02
      0.575E-02      0.252E+01      0.486E+01      0.133E+10     -0.990E+02     -0.990E+02
      0.603E-02      0.252E+01      0.486E+01      0.133E+10     -0.990E+02     -0.990E+02
      0.631E-02      0.252E+01      0.486E+01      0.133E+10     -0.990E+02     -0.990E+02
      0.661E-02      0.252E+01      0.486E+01      0.133E+10     -0.990E+02     -0.990E+02
      0.692E-02      0.252E+01      0.486E+01      0.133E+10     -0.990E+02     -0.990E+02
      0.724E-02      0.252E+01      0.486E+01      0.133E+10     -0.990E+02     -0.990E+02
      0.759E-02      0.252E+01      0.486E+01      0.133E+10     -0.990E+02     -0.990E+02
      0.794E-02      0.252E+01      0.486E+01      0.133E+10     -0.990E+02     -0.990E+02
      0.832E-02      0.252E+01      0.486E+01      0.133E+10     -0.990E+02     -0.990E+02
      0.871E-02      0.252E+01      0.486E+01      0.133E+10     -0.990E+02     -0.990E+02
      0.912E-02      0.252E+01      0.486E+01      0.133E+10     -0.990E+02     -0.990E+02
      0.955E-02      0.252E+01      0.486E+01      0.133E+10     -0.990E+02     -0.990E+02
      0.100E-01      0.252E+01      0.486E+01      0.133E+10     -0.824E+00      0.925E+00
      0.105E-01      0.373E+01      0.267E+01      0.130E+10     -0.823E+00      0.923E+00
      0.110E-01      0.371E+01      0.265E+01      0.130E+10     -0.824E+00      0.924E+00
      0.115E-01      0.370E+01      0.264E+01      0.130E+10     -0.824E+00      0.924E+00
      0.120E-01      0.369E+01      0.264E+01      0.130E+10     -0.824E+00      0.923E+00
      0.126E-01      0.370E+01      0.264E+01      0.129E+10     -0.824E+00      0.922E+00
      0.132E-01      0.371E+01      0.264E+01      0.129E+10     -0.824E+00      0.921E+00
      0.138E-01      0.370E+01      0.263E+01      0.129E+10     -0.825E+00      0.922E+00
      0.144E-01      0.366E+01      0.260E+01      0.129E+10     -0.824E+00      0.920E+00
      0.151E-01      0.367E+01      0.260E+01      0.129E+10     -0.825E+00      0.919E+00
      0.159E-01      0.367E+01      0.261E+01      0.128E+10     -0.825E+00      0.919E+00
      0.166E-01      0.366E+01      0.260E+01      0.128E+10     -0.825E+00      0.918E+00
      0.174E-01      0.366E+01      0.260E+01      0.128E+10     -0.825E+00      0.918E+00
      0.182E-01      0.367E+01      0.260E+01      0.128E+10     -0.826E+00      0.917E+00
      0.191E-01      0.366E+01      0.259E+01      0.127E+10     -0.826E+00      0.916E+00
      0.200E-01      0.364E+01      0.257E+01      0.127E+10     -0.826E+00      0.914E+00
      0.209E-01      0.362E+01      0.255E+01      0.127E+10     -0.826E+00      0.913E+00
      0.219E-01      0.362E+01      0.255E+01      0.127E+10     -0.826E+00      0.913E+00
      0.229E-01      0.362E+01      0.254E+01      0.126E+10     -0.826E+00      0.912E+00
      0.240E-01      0.361E+01      0.253E+01      0.126E+10     -0.827E+00      0.911E+00
      0.251E-01      0.361E+01      0.253E+01      0.126E+10     -0.827E+00      0.910E+00
      0.263E-01      0.359E+01      0.252E+01      0.125E+10     -0.827E+00      0.909E+00
      0.275E-01      0.358E+01      0.250E+01      0.125E+10     -0.828E+00      0.907E+00
      0.290E-01      0.357E+01      0.249E+01      0.125E+10     -0.828E+00      0.906E+00
      0.300E-01      0.356E+01      0.248E+01      0.124E+10     -0.828E+00      0.905E+00
      0.310E-01      0.356E+01      0.247E+01      0.124E+10     -0.829E+00      0.905E+00
      0.320E-01      0.355E+01      0.246E+01      0.124E+10     -0.829E+00      0.903E+00
      0.330E-01      0.354E+01      0.246E+01      0.123E+10     -0.829E+00      0.903E+00
      0.340E-01      0.353E+01      0.244E+01      0.123E+10     -0.829E+00      0.901E+00
      0.350E-01      0.352E+01      0.244E+01      0.123E+10     -0.830E+00      0.901E+00
      0.360E-01      0.351E+01      0.242E+01      0.122E+10     -0.830E+00      0.899E+00
      0.370E-01      0.351E+01      0.242E+01      0.122E+10     -0.830E+00      0.898E+00
      0.380E-01      0.350E+01      0.241E+01      0.122E+10     -0.830E+00      0.897E+00
      0.390E-01      0.349E+01      0.240E+01      0.122E+10     -0.830E+00      0.897E+00
      0.400E-01      0.348E+01      0.239E+01      0.121E+10     -0.831E+00      0.896E+00
      0.425E-01      0.346E+01      0.237E+01      0.121E+10     -0.831E+00      0.894E+00
      0.450E-01      0.344E+01      0.235E+01      0.120E+10     -0.832E+00      0.891E+00
      0.475E-01      0.342E+01      0.233E+01      0.119E+10     -0.833E+00      0.889E+00
      0.500E-01      0.340E+01      0.231E+01      0.119E+10     -0.833E+00      0.887E+00
      0.525E-01      0.338E+01      0.229E+01      0.118E+10     -0.834E+00      0.885E+00
      0.550E-01      0.336E+01      0.226E+01      0.117E+10     -0.835E+00      0.882E+00
      0.571E-01      0.335E+01      0.225E+01      0.117E+10     -0.835E+00      0.880E+00
      0.640E-01      0.330E+01      0.219E+01      0.116E+10     -0.838E+00      0.875E+00
      0.719E-01      0.323E+01      0.212E+01      0.114E+10     -0.841E+00      0.868E+00
      0.806E-01      0.317E+01      0.206E+01      0.112E+10     -0.844E+00      0.863E+00
      0.905E-01      0.309E+01      0.198E+01      0.109E+10     -0.848E+00      0.857E+00
      0.102E+00      0.300E+01      0.190E+01      0.107E+10     -0.853E+00      0.852E+00
      0.114E+00      0.291E+01      0.183E+01      0.104E+10     -0.859E+00      0.849E+00
      0.128E+00      0.281E+01      0.175E+01      0.101E+10     -0.867E+00      0.849E+00
      0.143E+00      0.270E+01      0.167E+01      0.982E+09     -0.877E+00      0.855E+00
      0.161E+00      0.257E+01      0.159E+01      0.948E+09     -0.890E+00      0.873E+00
      0.181E+00      0.242E+01      0.153E+01      0.913E+09     -0.906E+00      0.907E+00
      0.203E+00      0.229E+01      0.147E+01      0.876E+09     -0.927E+00      0.940E+00
      0.227E+00      0.221E+01      0.142E+01      0.837E+09     -0.951E+00      0.960E+00
      0.255E+00      0.211E+01      0.134E+01      0.796E+09     -0.979E+00      0.961E+00
      0.286E+00      0.200E+01      0.123E+01      0.752E+09     -0.101E+01      0.947E+00
      0.321E+00      0.187E+01      0.112E+01      0.705E+09     -0.104E+01      0.949E+00
      0.360E+00      0.171E+01      0.101E+01      0.657E+09     -0.109E+01      0.983E+00
      0.404E+00      0.153E+01      0.896E+00      0.607E+09     -0.115E+01      0.107E+01
      0.453E+00      0.135E+01      0.818E+00      0.558E+09     -0.120E+01      0.125E+01
      0.509E+00      0.122E+01      0.746E+00      0.509E+09     -0.120E+01      0.132E+01
      0.571E+00      0.107E+01      0.654E+00      0.461E+09     -0.115E+01      0.122E+01
      0.641E+00      0.927E+00      0.581E+00      0.413E+09     -0.105E+01      0.106E+01
      0.719E+00      0.808E+00      0.541E+00      0.368E+09     -0.893E+00      0.898E+00
      0.806E+00      0.754E+00      0.510E+00      0.323E+09     -0.822E+00      0.802E+00
      0.905E+00      0.705E+00      0.480E+00      0.277E+09     -0.797E+00      0.778E+00
      0.102E+01      0.658E+00      0.459E+00      0.229E+09     -0.816E+00      0.831E+00
      0.114E+01      0.563E+00      0.444E+00      0.179E+09     -0.825E+00      0.969E+00
      0.128E+01      0.394E+00      0.357E+00      0.131E+09     -0.859E+00      0.113E+01
      0.143E+01      0.266E+00      0.306E+00      0.945E+08     -0.859E+00      0.140E+01
      0.161E+01      0.194E+00      0.251E+00      0.669E+08     -0.799E+00      0.150E+01
      0.168E+01      0.180E+00      0.231E+00      0.521E+08     -0.829E+00      0.155E+01
      0.170E+01      0.173E+00      0.221E+00      0.470E+08     -0.827E+00      0.153E+01
      0.180E+01      0.136E+00      0.172E+00      0.406E+08     -0.821E+00      0.149E+01
      0.190E+01      0.982E-01      0.134E+00      0.322E+08     -0.799E+00      0.154E+01
      0.200E+01      0.707E-01      0.112E+00      0.262E+08     -0.792E+00      0.175E+01
      0.210E+01      0.596E-01      0.101E+00      0.219E+08     -0.756E+00      0.174E+01
      0.220E+01      0.539E-01      0.101E+00      0.183E+08     -0.720E+00      0.188E+01
      0.230E+01      0.556E-01      0.965E-01      0.150E+08     -0.820E+00      0.190E+01
      0.240E+01      0.569E-01      0.867E-01      0.117E+08     -0.100E+01      0.198E+01
      0.250E+01      0.587E-01      0.853E-01      0.829E+07     -0.119E+01      0.226E+01
      0.260E+01      0.404E-01      0.604E-01      0.478E+07     -0.119E+01      0.230E+01
      0.275E+01      0.109E-01      0.315E-01      0.177E+07     -0.114E+01      0.448E+01
      0.300E+01      0.325E-02      0.135E-01      0.484E+06     -0.157E+01      0.907E+01
      0.325E+01      0.315E-04      0.343E-03      0.471E+04     -0.279E+00      0.478E+01
      0.350E+01      0.161E-13      0.793E-08      0.237E-05     -0.523E+00      0.489E+06
      0.375E+01      0.712E-23      0.356E-13      0.103E-14     -0.364E+01       Infinity
      0.400E+01      0.000E+00      0.000E+00      0.000E+00     -0.990E+02     -0.990E+02
      0.425E+01      0.000E+00      0.000E+00      0.000E+00     -0.990E+02     -0.990E+02
      0.450E+01      0.000E+00      0.000E+00      0.000E+00     -0.990E+02     -0.990E+02
      0.475E+01      0.000E+00      0.000E+00      0.000E+00     -0.990E+02     -0.990E+02
      0.500E+01      0.000E+00      0.000E+00      0.000E+00     -0.990E+02     -0.990E+02
      0.525E+01      0.000E+00      0.000E+00      0.000E+00     -0.990E+02     -0.990E+02
      0.550E+01      0.000E+00      0.000E+00      0.000E+00     -0.990E+02     -0.990E+02
      0.575E+01      0.000E+00      0.000E+00      0.000E+00     -0.990E+02     -0.990E+02
      0.600E+01      0.000E+00      0.000E+00      0.000E+00     -0.990E+02     -0.990E+02
      0.625E+01      0.000E+00      0.000E+00      0.000E+00     -0.990E+02     -0.990E+02
      0.650E+01      0.000E+00      0.000E+00      0.000E+00     -0.990E+02     -0.990E+02
      0.675E+01      0.000E+00      0.000E+00      0.000E+00     -0.990E+02     -0.990E+02
      0.700E+01      0.000E+00      0.000E+00      0.000E+00     -0.990E+02     -0.990E+02
      0.725E+01      0.000E+00      0.000E+00      0.000E+00     -0.990E+02     -0.990E+02
      0.750E+01      0.000E+00      0.000E+00      0.000E+00     -0.990E+02     -0.990E+02
      0.775E+01      0.000E+00      0.000E+00      0.000E+00     -0.990E+02     -0.990E+02
      0.800E+01      0.000E+00      0.000E+00      0.000E+00     -0.990E+02     -0.990E+02
      0.825E+01      0.000E+00      0.000E+00      0.000E+00     -0.990E+02     -0.990E+02
      0.850E+01      0.000E+00      0.000E+00      0.000E+00     -0.990E+02     -0.990E+02
      0.875E+01      0.000E+00      0.000E+00      0.000E+00     -0.990E+02     -0.990E+02
      0.900E+01      0.000E+00      0.000E+00      0.000E+00     -0.990E+02     -0.990E+02
      0.925E+01      0.000E+00      0.000E+00      0.000E+00     -0.990E+02     -0.990E+02
      0.950E+01      0.000E+00      0.000E+00      0.000E+00     -0.990E+02     -0.990E+02
      0.975E+01      0.000E+00      0.000E+00      0.000E+00     -0.990E+02     -0.990E+02
      0.100E+02      0.000E+00      0.000E+00      0.000E+00     -0.990E+02     -0.990E+02
      0.102E+02      0.000E+00      0.000E+00      0.000E+00     -0.990E+02     -0.990E+02
      0.105E+02      0.000E+00      0.000E+00      0.000E+00     -0.990E+02     -0.990E+02
      0.108E+02      0.000E+00      0.000E+00      0.000E+00     -0.990E+02     -0.990E+02
      0.110E+02      0.000E+00      0.000E+00      0.000E+00     -0.990E+02     -0.990E+02
      0.112E+02      0.000E+00      0.000E+00      0.000E+00     -0.990E+02     -0.990E+02
      0.115E+02      0.000E+00      0.000E+00      0.000E+00     -0.990E+02     -0.990E+02
      0.118E+02      0.000E+00      0.000E+00      0.000E+00     -0.990E+02     -0.990E+02
      0.120E+02      0.000E+00      0.000E+00      0.000E+00     -0.990E+02     -0.990E+02
      0.122E+02      0.000E+00      0.000E+00      0.000E+00     -0.990E+02     -0.990E+02
      0.125E+02      0.000E+00      0.000E+00      0.000E+00     -0.990E+02     -0.990E+02
      0.128E+02      0.000E+00      0.000E+00      0.000E+00     -0.990E+02     -0.990E+02
      0.130E+02      0.000E+00      0.000E+00      0.000E+00     -0.990E+02     -0.990E+02
      0.132E+02      0.000E+00      0.000E+00      0.000E+00     -0.990E+02     -0.990E+02
      0.135E+02      0.000E+00      0.000E+00      0.000E+00     -0.990E+02     -0.990E+02
      0.138E+02      0.000E+00      0.000E+00      0.000E+00     -0.990E+02     -0.990E+02
      0.140E+02      0.000E+00      0.000E+00      0.000E+00     -0.990E+02     -0.990E+02
      0.142E+02      0.000E+00      0.000E+00      0.000E+00     -0.990E+02     -0.990E+02
      0.145E+02      0.000E+00      0.000E+00      0.000E+00     -0.990E+02     -0.990E+02
      0.148E+02      0.000E+00      0.000E+00      0.000E+00     -0.990E+02     -0.990E+02
      0.150E+02      0.000E+00      0.000E+00      0.000E+00     -0.990E+02     -0.990E+02
      0.152E+02      0.000E+00      0.000E+00      0.000E+00     -0.990E+02     -0.990E+02
      0.155E+02      0.000E+00      0.000E+00      0.000E+00     -0.990E+02     -0.990E+02
      0.158E+02      0.000E+00      0.000E+00      0.000E+00     -0.990E+02     -0.990E+02
      0.160E+02      0.000E+00      0.000E+00      0.000E+00     -0.990E+02     -0.990E+02
      0.162E+02      0.000E+00      0.000E+00      0.000E+00     -0.990E+02     -0.990E+02
      0.165E+02      0.000E+00      0.000E+00      0.000E+00     -0.990E+02     -0.990E+02
      0.168E+02      0.000E+00      0.000E+00      0.000E+00     -0.990E+02     -0.990E+02
      0.170E+02      0.000E+00      0.000E+00      0.000E+00     -0.990E+02     -0.990E+02
      0.172E+02      0.000E+00      0.000E+00      0.000E+00     -0.990E+02     -0.990E+02
      0.175E+02      0.000E+00      0.000E+00      0.000E+00     -0.990E+02     -0.990E+02
      0.178E+02      0.000E+00      0.000E+00      0.000E+00     -0.990E+02     -0.990E+02
      0.180E+02      0.000E+00      0.000E+00      0.000E+00     -0.990E+02     -0.990E+02
      0.182E+02      0.000E+00      0.000E+00      0.000E+00     -0.990E+02     -0.990E+02
      0.185E+02      0.000E+00      0.000E+00      0.000E+00     -0.990E+02     -0.990E+02
      0.188E+02      0.000E+00      0.000E+00      0.000E+00     -0.990E+02     -0.990E+02
      0.190E+02      0.000E+00      0.000E+00      0.000E+00     -0.990E+02     -0.990E+02
      0.192E+02      0.000E+00      0.000E+00      0.000E+00     -0.990E+02     -0.990E+02
      0.195E+02      0.000E+00      0.000E+00      0.000E+00     -0.990E+02     -0.990E+02
      0.198E+02      0.000E+00      0.000E+00      0.000E+00     -0.990E+02     -0.990E+02
      0.200E+02      0.000E+00      0.000E+00      0.000E+00     -0.990E+02     -0.990E+02
