      0.000E+00      0.313E+01      0.847E+00      0.129E+12     -0.990E+02     -0.990E+02
      0.100E-03      0.313E+01      0.847E+00      0.129E+12     -0.990E+02     -0.990E+02
      0.140E-03      0.313E+01      0.847E+00      0.129E+12     -0.990E+02     -0.990E+02
      0.160E-03      0.313E+01      0.847E+00      0.129E+12     -0.990E+02     -0.990E+02
      0.180E-03      0.313E+01      0.847E+00      0.129E+12     -0.990E+02     -0.990E+02
      0.200E-03      0.313E+01      0.847E+00      0.129E+12     -0.990E+02     -0.990E+02
      0.220E-03      0.313E+01      0.847E+00      0.129E+12     -0.990E+02     -0.990E+02
      0.250E-03      0.313E+01      0.847E+00      0.129E+12     -0.990E+02     -0.990E+02
      0.280E-03      0.313E+01      0.847E+00      0.129E+12     -0.990E+02     -0.990E+02
      0.320E-03      0.313E+01      0.847E+00      0.129E+12     -0.990E+02     -0.990E+02
      0.350E-03      0.313E+01      0.847E+00      0.129E+12     -0.990E+02     -0.990E+02
      0.400E-03      0.313E+01      0.847E+00      0.129E+12     -0.990E+02     -0.990E+02
      0.450E-03      0.313E+01      0.847E+00      0.129E+12     -0.990E+02     -0.990E+02
      0.500E-03      0.313E+01      0.847E+00      0.129E+12     -0.990E+02     -0.990E+02
      0.560E-03      0.313E+01      0.847E+00      0.129E+12     -0.990E+02     -0.990E+02
      0.630E-03      0.313E+01      0.847E+00      0.129E+12     -0.990E+02     -0.990E+02
      0.710E-03      0.313E+01      0.847E+00      0.129E+12     -0.990E+02     -0.990E+02
      0.790E-03      0.313E+01      0.847E+00      0.129E+12     -0.990E+02     -0.990E+02
      0.890E-03      0.313E+01      0.847E+00      0.129E+12     -0.990E+02     -0.990E+02
      0.100E-02      0.313E+01      0.847E+00      0.129E+12     -0.990E+02     -0.990E+02
      0.105E-02      0.313E+01      0.847E+00      0.129E+12     -0.990E+02     -0.990E+02
      0.110E-02      0.313E+01      0.847E+00      0.129E+12     -0.990E+02     -0.990E+02
      0.115E-02      0.313E+01      0.847E+00      0.129E+12     -0.990E+02     -0.990E+02
      0.120E-02      0.313E+01      0.847E+00      0.129E+12     -0.990E+02     -0.990E+02
      0.126E-02      0.313E+01      0.847E+00      0.129E+12     -0.990E+02     -0.990E+02
      0.132E-02      0.313E+01      0.847E+00      0.129E+12     -0.990E+02     -0.990E+02
      0.138E-02      0.313E+01      0.847E+00      0.129E+12     -0.990E+02     -0.990E+02
      0.145E-02      0.313E+01      0.847E+00      0.129E+12     -0.990E+02     -0.990E+02
      0.151E-02      0.313E+01      0.847E+00      0.129E+12     -0.990E+02     -0.990E+02
      0.158E-02      0.313E+01      0.847E+00      0.129E+12     -0.990E+02     -0.990E+02
      0.166E-02      0.313E+01      0.847E+00      0.129E+12     -0.990E+02     -0.990E+02
      0.174E-02      0.313E+01      0.847E+00      0.129E+12     -0.990E+02     -0.990E+02
      0.182E-02      0.313E+01      0.847E+00      0.129E+12     -0.990E+02     -0.990E+02
      0.191E-02      0.313E+01      0.847E+00      0.129E+12     -0.990E+02     -0.990E+02
      0.200E-02      0.313E+01      0.847E+00      0.129E+12     -0.990E+02     -0.990E+02
      0.209E-02      0.313E+01      0.847E+00      0.129E+12     -0.990E+02     -0.990E+02
      0.219E-02      0.313E+01      0.847E+00      0.129E+12     -0.990E+02     -0.990E+02
      0.229E-02      0.313E+01      0.847E+00      0.129E+12     -0.990E+02     -0.990E+02
      0.240E-02      0.313E+01      0.847E+00      0.129E+12     -0.990E+02     -0.990E+02
      0.251E-02      0.313E+01      0.847E+00      0.129E+12     -0.990E+02     -0.990E+02
      0.263E-02      0.313E+01      0.847E+00      0.129E+12     -0.990E+02     -0.990E+02
      0.275E-02      0.313E+01      0.847E+00      0.129E+12     -0.990E+02     -0.990E+02
      0.288E-02      0.313E+01      0.847E+00      0.129E+12     -0.990E+02     -0.990E+02
      0.302E-02      0.313E+01      0.847E+00      0.129E+12     -0.990E+02     -0.990E+02
      0.316E-02      0.313E+01      0.847E+00      0.129E+12     -0.990E+02     -0.990E+02
      0.331E-02      0.313E+01      0.847E+00      0.129E+12     -0.990E+02     -0.990E+02
      0.347E-02      0.313E+01      0.847E+00      0.129E+12     -0.990E+02     -0.990E+02
      0.363E-02      0.313E+01      0.847E+00      0.129E+12     -0.990E+02     -0.990E+02
      0.380E-02      0.313E+01      0.847E+00      0.129E+12     -0.990E+02     -0.990E+02
      0.398E-02      0.313E+01      0.847E+00      0.129E+12     -0.990E+02     -0.990E+02
      0.417E-02      0.313E+01      0.847E+00      0.129E+12     -0.990E+02     -0.990E+02
      0.437E-02      0.313E+01      0.847E+00      0.129E+12     -0.990E+02     -0.990E+02
      0.457E-02      0.313E+01      0.847E+00      0.129E+12     -0.990E+02     -0.990E+02
      0.479E-02      0.313E+01      0.847E+00      0.129E+12     -0.990E+02     -0.990E+02
      0.501E-02      0.313E+01      0.847E+00      0.129E+12     -0.990E+02     -0.990E+02
      0.525E-02      0.313E+01      0.847E+00      0.129E+12     -0.990E+02     -0.990E+02
      0.550E-02      0.313E+01      0.847E+00      0.129E+12     -0.990E+02     -0.990E+02
      0.575E-02      0.313E+01      0.847E+00      0.129E+12     -0.990E+02     -0.990E+02
      0.603E-02      0.313E+01      0.847E+00      0.129E+12     -0.990E+02     -0.990E+02
      0.631E-02      0.313E+01      0.847E+00      0.129E+12     -0.990E+02     -0.990E+02
      0.661E-02      0.313E+01      0.847E+00      0.129E+12     -0.990E+02     -0.990E+02
      0.692E-02      0.313E+01      0.847E+00      0.129E+12     -0.990E+02     -0.990E+02
      0.724E-02      0.313E+01      0.847E+00      0.129E+12     -0.990E+02     -0.990E+02
      0.759E-02      0.313E+01      0.847E+00      0.129E+12     -0.990E+02     -0.990E+02
      0.794E-02      0.313E+01      0.847E+00      0.129E+12     -0.990E+02     -0.990E+02
      0.832E-02      0.313E+01      0.847E+00      0.129E+12     -0.990E+02     -0.990E+02
      0.871E-02      0.313E+01      0.847E+00      0.129E+12     -0.990E+02     -0.990E+02
      0.912E-02      0.313E+01      0.847E+00      0.129E+12     -0.990E+02     -0.990E+02
      0.955E-02      0.313E+01      0.847E+00      0.129E+12     -0.990E+02     -0.990E+02
      0.100E-01      0.313E+01      0.847E+00      0.129E+12      0.547E-01      0.219E+00
      0.105E-01      0.312E+02      0.163E+02      0.129E+12      0.548E-01      0.219E+00
      0.110E-01      0.311E+02      0.162E+02      0.129E+12      0.552E-01      0.218E+00
      0.115E-01      0.311E+02      0.162E+02      0.129E+12      0.554E-01      0.218E+00
      0.120E-01      0.311E+02      0.161E+02      0.129E+12      0.556E-01      0.218E+00
      0.126E-01      0.312E+02      0.162E+02      0.129E+12      0.556E-01      0.218E+00
      0.132E-01      0.314E+02      0.163E+02      0.129E+12      0.561E-01      0.217E+00
      0.138E-01      0.313E+02      0.162E+02      0.129E+12      0.563E-01      0.217E+00
      0.144E-01      0.311E+02      0.161E+02      0.129E+12      0.565E-01      0.217E+00
      0.151E-01      0.313E+02      0.161E+02      0.129E+12      0.568E-01      0.216E+00
      0.159E-01      0.314E+02      0.162E+02      0.129E+12      0.571E-01      0.216E+00
      0.166E-01      0.314E+02      0.162E+02      0.128E+12      0.575E-01      0.216E+00
      0.174E-01      0.315E+02      0.162E+02      0.128E+12      0.578E-01      0.215E+00
      0.182E-01      0.317E+02      0.163E+02      0.128E+12      0.579E-01      0.215E+00
      0.191E-01      0.317E+02      0.162E+02      0.128E+12      0.583E-01      0.214E+00
      0.200E-01      0.316E+02      0.162E+02      0.128E+12      0.586E-01      0.214E+00
      0.209E-01      0.316E+02      0.161E+02      0.128E+12      0.590E-01      0.214E+00
      0.219E-01      0.317E+02      0.161E+02      0.128E+12      0.594E-01      0.213E+00
      0.229E-01      0.318E+02      0.162E+02      0.128E+12      0.598E-01      0.213E+00
      0.240E-01      0.319E+02      0.162E+02      0.128E+12      0.602E-01      0.212E+00
      0.251E-01      0.320E+02      0.162E+02      0.128E+12      0.606E-01      0.212E+00
      0.263E-01      0.321E+02      0.162E+02      0.128E+12      0.610E-01      0.211E+00
      0.275E-01      0.321E+02      0.161E+02      0.128E+12      0.617E-01      0.210E+00
      0.290E-01      0.321E+02      0.161E+02      0.128E+12      0.621E-01      0.210E+00
      0.300E-01      0.322E+02      0.161E+02      0.128E+12      0.625E-01      0.210E+00
      0.310E-01      0.323E+02      0.161E+02      0.128E+12      0.629E-01      0.209E+00
      0.320E-01      0.323E+02      0.161E+02      0.128E+12      0.632E-01      0.209E+00
      0.330E-01      0.324E+02      0.161E+02      0.128E+12      0.636E-01      0.208E+00
      0.340E-01      0.325E+02      0.161E+02      0.128E+12      0.639E-01      0.208E+00
      0.350E-01      0.325E+02      0.161E+02      0.128E+12      0.644E-01      0.207E+00
      0.360E-01      0.326E+02      0.161E+02      0.128E+12      0.647E-01      0.207E+00
      0.370E-01      0.327E+02      0.161E+02      0.128E+12      0.649E-01      0.207E+00
      0.380E-01      0.327E+02      0.161E+02      0.128E+12      0.653E-01      0.206E+00
      0.390E-01      0.328E+02      0.161E+02      0.128E+12      0.657E-01      0.206E+00
      0.400E-01      0.329E+02      0.161E+02      0.128E+12      0.660E-01      0.206E+00
      0.425E-01      0.330E+02      0.161E+02      0.128E+12      0.668E-01      0.205E+00
      0.450E-01      0.332E+02      0.162E+02      0.128E+12      0.678E-01      0.204E+00
      0.475E-01      0.333E+02      0.162E+02      0.128E+12      0.686E-01      0.204E+00
      0.500E-01      0.335E+02      0.162E+02      0.128E+12      0.696E-01      0.203E+00
      0.525E-01      0.336E+02      0.162E+02      0.128E+12      0.704E-01      0.202E+00
      0.550E-01      0.338E+02      0.162E+02      0.128E+12      0.714E-01      0.201E+00
      0.571E-01      0.339E+02      0.162E+02      0.127E+12      0.720E-01      0.201E+00
      0.640E-01      0.344E+02      0.163E+02      0.127E+12      0.745E-01      0.199E+00
      0.719E-01      0.349E+02      0.164E+02      0.127E+12      0.769E-01      0.197E+00
      0.806E-01      0.355E+02      0.165E+02      0.127E+12      0.796E-01      0.195E+00
      0.905E-01      0.361E+02      0.166E+02      0.127E+12      0.828E-01      0.193E+00
      0.102E+00      0.368E+02      0.168E+02      0.126E+12      0.860E-01      0.191E+00
      0.114E+00      0.376E+02      0.170E+02      0.126E+12      0.895E-01      0.189E+00
      0.128E+00      0.385E+02      0.173E+02      0.126E+12      0.933E-01      0.188E+00
      0.143E+00      0.395E+02      0.177E+02      0.125E+12      0.973E-01      0.186E+00
      0.161E+00      0.407E+02      0.181E+02      0.125E+12      0.101E+00      0.185E+00
      0.181E+00      0.419E+02      0.186E+02      0.124E+12      0.106E+00      0.185E+00
      0.203E+00      0.434E+02      0.193E+02      0.124E+12      0.111E+00      0.184E+00
      0.227E+00      0.465E+02      0.201E+02      0.123E+12      0.111E+00      0.176E+00
      0.255E+00      0.518E+02      0.207E+02      0.122E+12      0.102E+00      0.162E+00
      0.286E+00      0.601E+02      0.214E+02      0.121E+12      0.811E-01      0.141E+00
      0.321E+00      0.693E+02      0.227E+02      0.119E+12      0.627E-01      0.122E+00
      0.360E+00      0.798E+02      0.251E+02      0.118E+12      0.471E-01      0.107E+00
      0.404E+00      0.913E+02      0.287E+02      0.115E+12      0.339E-01      0.960E-01
      0.453E+00      0.104E+03      0.334E+02      0.112E+12      0.225E-01      0.874E-01
      0.509E+00      0.126E+03      0.346E+02      0.108E+12      0.158E-02      0.735E-01
      0.571E+00      0.140E+03      0.318E+02      0.103E+12     -0.120E-01      0.652E-01
      0.641E+00      0.156E+03      0.358E+02      0.971E+11     -0.240E-01      0.626E-01
      0.719E+00      0.170E+03      0.452E+02      0.892E+11     -0.351E-01      0.662E-01
      0.806E+00      0.151E+03      0.411E+02      0.797E+11     -0.560E-01      0.766E-01
      0.905E+00      0.132E+03      0.384E+02      0.703E+11     -0.933E-01      0.948E-01
      0.102E+01      0.119E+03      0.395E+02      0.612E+11     -0.135E+00      0.116E+00
      0.114E+01      0.103E+03      0.337E+02      0.520E+11     -0.154E+00      0.121E+00
      0.128E+01      0.837E+02      0.288E+02      0.431E+11     -0.180E+00      0.143E+00
      0.143E+01      0.699E+02      0.222E+02      0.352E+11     -0.239E+00      0.158E+00
      0.161E+01      0.575E+02      0.237E+02      0.278E+11     -0.300E+00      0.223E+00
      0.168E+01      0.514E+02      0.266E+02      0.233E+11     -0.332E+00      0.304E+00
      0.170E+01      0.497E+02      0.279E+02      0.218E+11     -0.341E+00      0.334E+00
      0.180E+01      0.526E+02      0.273E+02      0.200E+11     -0.308E+00      0.298E+00
      0.190E+01      0.569E+02      0.248E+02      0.167E+11     -0.242E+00      0.215E+00
      0.200E+01      0.531E+02      0.237E+02      0.131E+11     -0.194E+00      0.186E+00
      0.210E+01      0.421E+02      0.193E+02      0.983E+10     -0.231E+00      0.222E+00
      0.220E+01      0.312E+02      0.222E+02      0.723E+10     -0.296E+00      0.462E+00
      0.230E+01      0.279E+02      0.238E+02      0.531E+10     -0.332E+00      0.608E+00
      0.240E+01      0.241E+02      0.176E+02      0.361E+10     -0.339E+00      0.545E+00
      0.250E+01      0.183E+02      0.121E+02      0.214E+10     -0.348E+00      0.539E+00
      0.260E+01      0.105E+02      0.823E+01      0.103E+10     -0.405E+00      0.688E+00
      0.275E+01      0.167E+01      0.446E+01      0.238E+09     -0.108E+01      0.396E+01
      0.300E+01      0.228E+00      0.106E+01      0.394E+08     -0.866E+00      0.492E+01
      0.325E+01      0.379E-01      0.264E+00      0.557E+07     -0.794E+00      0.744E+01
      0.350E+01      0.102E-03      0.260E-02      0.147E+05     -0.370E+01      0.103E+03
      0.375E+01      0.000E+00      0.000E+00      0.000E+00     -0.990E+02     -0.990E+02
      0.400E+01      0.000E+00      0.000E+00      0.000E+00     -0.990E+02     -0.990E+02
      0.425E+01      0.000E+00      0.000E+00      0.000E+00     -0.990E+02     -0.990E+02
      0.450E+01      0.000E+00      0.000E+00      0.000E+00     -0.990E+02     -0.990E+02
      0.475E+01      0.000E+00      0.000E+00      0.000E+00     -0.990E+02     -0.990E+02
      0.500E+01      0.000E+00      0.000E+00      0.000E+00     -0.990E+02     -0.990E+02
      0.525E+01      0.000E+00      0.000E+00      0.000E+00     -0.990E+02     -0.990E+02
      0.550E+01      0.000E+00      0.000E+00      0.000E+00     -0.990E+02     -0.990E+02
      0.575E+01      0.000E+00      0.000E+00      0.000E+00     -0.990E+02     -0.990E+02
      0.600E+01      0.000E+00      0.000E+00      0.000E+00     -0.990E+02     -0.990E+02
      0.625E+01      0.000E+00      0.000E+00      0.000E+00     -0.990E+02     -0.990E+02
      0.650E+01      0.000E+00      0.000E+00      0.000E+00     -0.990E+02     -0.990E+02
      0.675E+01      0.000E+00      0.000E+00      0.000E+00     -0.990E+02     -0.990E+02
      0.700E+01      0.000E+00      0.000E+00      0.000E+00     -0.990E+02     -0.990E+02
      0.725E+01      0.000E+00      0.000E+00      0.000E+00     -0.990E+02     -0.990E+02
      0.750E+01      0.000E+00      0.000E+00      0.000E+00     -0.990E+02     -0.990E+02
      0.775E+01      0.000E+00      0.000E+00      0.000E+00     -0.990E+02     -0.990E+02
      0.800E+01      0.000E+00      0.000E+00      0.000E+00     -0.990E+02     -0.990E+02
      0.825E+01      0.000E+00      0.000E+00      0.000E+00     -0.990E+02     -0.990E+02
      0.850E+01      0.000E+00      0.000E+00      0.000E+00     -0.990E+02     -0.990E+02
      0.875E+01      0.000E+00      0.000E+00      0.000E+00     -0.990E+02     -0.990E+02
      0.900E+01      0.000E+00      0.000E+00      0.000E+00     -0.990E+02     -0.990E+02
      0.925E+01      0.000E+00      0.000E+00      0.000E+00     -0.990E+02     -0.990E+02
      0.950E+01      0.000E+00      0.000E+00      0.000E+00     -0.990E+02     -0.990E+02
      0.975E+01      0.000E+00      0.000E+00      0.000E+00     -0.990E+02     -0.990E+02
      0.100E+02      0.000E+00      0.000E+00      0.000E+00     -0.990E+02     -0.990E+02
      0.102E+02      0.000E+00      0.000E+00      0.000E+00     -0.990E+02     -0.990E+02
      0.105E+02      0.000E+00      0.000E+00      0.000E+00     -0.990E+02     -0.990E+02
      0.108E+02      0.000E+00      0.000E+00      0.000E+00     -0.990E+02     -0.990E+02
      0.110E+02      0.000E+00      0.000E+00      0.000E+00     -0.990E+02     -0.990E+02
      0.112E+02      0.000E+00      0.000E+00      0.000E+00     -0.990E+02     -0.990E+02
      0.115E+02      0.000E+00      0.000E+00      0.000E+00     -0.990E+02     -0.990E+02
      0.118E+02      0.000E+00      0.000E+00      0.000E+00     -0.990E+02     -0.990E+02
      0.120E+02      0.000E+00      0.000E+00      0.000E+00     -0.990E+02     -0.990E+02
      0.122E+02      0.000E+00      0.000E+00      0.000E+00     -0.990E+02     -0.990E+02
      0.125E+02      0.000E+00      0.000E+00      0.000E+00     -0.990E+02     -0.990E+02
      0.128E+02      0.000E+00      0.000E+00      0.000E+00     -0.990E+02     -0.990E+02
      0.130E+02      0.000E+00      0.000E+00      0.000E+00     -0.990E+02     -0.990E+02
      0.132E+02      0.000E+00      0.000E+00      0.000E+00     -0.990E+02     -0.990E+02
      0.135E+02      0.000E+00      0.000E+00      0.000E+00     -0.990E+02     -0.990E+02
      0.138E+02      0.000E+00      0.000E+00      0.000E+00     -0.990E+02     -0.990E+02
      0.140E+02      0.000E+00      0.000E+00      0.000E+00     -0.990E+02     -0.990E+02
      0.142E+02      0.000E+00      0.000E+00      0.000E+00     -0.990E+02     -0.990E+02
      0.145E+02      0.000E+00      0.000E+00      0.000E+00     -0.990E+02     -0.990E+02
      0.148E+02      0.000E+00      0.000E+00      0.000E+00     -0.990E+02     -0.990E+02
      0.150E+02      0.000E+00      0.000E+00      0.000E+00     -0.990E+02     -0.990E+02
      0.152E+02      0.000E+00      0.000E+00      0.000E+00     -0.990E+02     -0.990E+02
      0.155E+02      0.000E+00      0.000E+00      0.000E+00     -0.990E+02     -0.990E+02
      0.158E+02      0.000E+00      0.000E+00      0.000E+00     -0.990E+02     -0.990E+02
      0.160E+02      0.000E+00      0.000E+00      0.000E+00     -0.990E+02     -0.990E+02
      0.162E+02      0.000E+00      0.000E+00      0.000E+00     -0.990E+02     -0.990E+02
      0.165E+02      0.000E+00      0.000E+00      0.000E+00     -0.990E+02     -0.990E+02
      0.168E+02      0.000E+00      0.000E+00      0.000E+00     -0.990E+02     -0.990E+02
      0.170E+02      0.000E+00      0.000E+00      0.000E+00     -0.990E+02     -0.990E+02
      0.172E+02      0.000E+00      0.000E+00      0.000E+00     -0.990E+02     -0.990E+02
      0.175E+02      0.000E+00      0.000E+00      0.000E+00     -0.990E+02     -0.990E+02
      0.178E+02      0.000E+00      0.000E+00      0.000E+00     -0.990E+02     -0.990E+02
      0.180E+02      0.000E+00      0.000E+00      0.000E+00     -0.990E+02     -0.990E+02
      0.182E+02      0.000E+00      0.000E+00      0.000E+00     -0.990E+02     -0.990E+02
      0.185E+02      0.000E+00      0.000E+00      0.000E+00     -0.990E+02     -0.990E+02
      0.188E+02      0.000E+00      0.000E+00      0.000E+00     -0.990E+02     -0.990E+02
      0.190E+02      0.000E+00      0.000E+00      0.000E+00     -0.990E+02     -0.990E+02
      0.192E+02      0.000E+00      0.000E+00      0.000E+00     -0.990E+02     -0.990E+02
      0.195E+02      0.000E+00      0.000E+00      0.000E+00     -0.990E+02     -0.990E+02
      0.198E+02      0.000E+00      0.000E+00      0.000E+00     -0.990E+02     -0.990E+02
      0.200E+02      0.000E+00      0.000E+00      0.000E+00     -0.990E+02     -0.990E+02
