      0.000E+00      0.244E-02      0.325E-02      0.180E+10     -0.990E+02     -0.990E+02
      0.100E-03      0.244E-02      0.325E-02      0.180E+10     -0.990E+02     -0.990E+02
      0.140E-03      0.244E-02      0.325E-02      0.180E+10     -0.990E+02     -0.990E+02
      0.160E-03      0.244E-02      0.325E-02      0.180E+10     -0.990E+02     -0.990E+02
      0.180E-03      0.244E-02      0.325E-02      0.180E+10     -0.990E+02     -0.990E+02
      0.200E-03      0.244E-02      0.325E-02      0.180E+10     -0.990E+02     -0.990E+02
      0.220E-03      0.244E-02      0.325E-02      0.180E+10     -0.990E+02     -0.990E+02
      0.250E-03      0.244E-02      0.325E-02      0.180E+10     -0.990E+02     -0.990E+02
      0.280E-03      0.244E-02      0.325E-02      0.180E+10     -0.990E+02     -0.990E+02
      0.320E-03      0.244E-02      0.325E-02      0.180E+10     -0.990E+02     -0.990E+02
      0.350E-03      0.244E-02      0.325E-02      0.180E+10     -0.990E+02     -0.990E+02
      0.400E-03      0.244E-02      0.325E-02      0.180E+10     -0.990E+02     -0.990E+02
      0.450E-03      0.244E-02      0.325E-02      0.180E+10     -0.990E+02     -0.990E+02
      0.500E-03      0.244E-02      0.325E-02      0.180E+10     -0.990E+02     -0.990E+02
      0.560E-03      0.244E-02      0.325E-02      0.180E+10     -0.990E+02     -0.990E+02
      0.630E-03      0.244E-02      0.325E-02      0.180E+10     -0.990E+02     -0.990E+02
      0.710E-03      0.244E-02      0.325E-02      0.180E+10     -0.990E+02     -0.990E+02
      0.790E-03      0.244E-02      0.325E-02      0.180E+10     -0.990E+02     -0.990E+02
      0.890E-03      0.244E-02      0.325E-02      0.180E+10     -0.990E+02     -0.990E+02
      0.100E-02      0.244E-02      0.325E-02      0.180E+10     -0.990E+02     -0.990E+02
      0.105E-02      0.244E-02      0.325E-02      0.180E+10     -0.990E+02     -0.990E+02
      0.110E-02      0.244E-02      0.325E-02      0.180E+10     -0.990E+02     -0.990E+02
      0.115E-02      0.244E-02      0.325E-02      0.180E+10     -0.990E+02     -0.990E+02
      0.120E-02      0.244E-02      0.325E-02      0.180E+10     -0.990E+02     -0.990E+02
      0.126E-02      0.244E-02      0.325E-02      0.180E+10     -0.990E+02     -0.990E+02
      0.132E-02      0.244E-02      0.325E-02      0.180E+10     -0.990E+02     -0.990E+02
      0.138E-02      0.244E-02      0.325E-02      0.180E+10     -0.990E+02     -0.990E+02
      0.145E-02      0.244E-02      0.325E-02      0.180E+10     -0.990E+02     -0.990E+02
      0.151E-02      0.244E-02      0.325E-02      0.180E+10     -0.990E+02     -0.990E+02
      0.158E-02      0.244E-02      0.325E-02      0.180E+10     -0.990E+02     -0.990E+02
      0.166E-02      0.244E-02      0.325E-02      0.180E+10     -0.990E+02     -0.990E+02
      0.174E-02      0.244E-02      0.325E-02      0.180E+10     -0.990E+02     -0.990E+02
      0.182E-02      0.244E-02      0.325E-02      0.180E+10     -0.990E+02     -0.990E+02
      0.191E-02      0.244E-02      0.325E-02      0.180E+10     -0.990E+02     -0.990E+02
      0.200E-02      0.244E-02      0.325E-02      0.180E+10     -0.990E+02     -0.990E+02
      0.209E-02      0.244E-02      0.325E-02      0.180E+10     -0.990E+02     -0.990E+02
      0.219E-02      0.244E-02      0.325E-02      0.180E+10     -0.990E+02     -0.990E+02
      0.229E-02      0.244E-02      0.325E-02      0.180E+10     -0.990E+02     -0.990E+02
      0.240E-02      0.244E-02      0.325E-02      0.180E+10     -0.990E+02     -0.990E+02
      0.251E-02      0.244E-02      0.325E-02      0.180E+10     -0.990E+02     -0.990E+02
      0.263E-02      0.244E-02      0.325E-02      0.180E+10     -0.990E+02     -0.990E+02
      0.275E-02      0.244E-02      0.325E-02      0.180E+10     -0.990E+02     -0.990E+02
      0.288E-02      0.244E-02      0.325E-02      0.180E+10     -0.990E+02     -0.990E+02
      0.302E-02      0.244E-02      0.325E-02      0.180E+10     -0.990E+02     -0.990E+02
      0.316E-02      0.244E-02      0.325E-02      0.180E+10     -0.990E+02     -0.990E+02
      0.331E-02      0.244E-02      0.325E-02      0.180E+10     -0.990E+02     -0.990E+02
      0.347E-02      0.244E-02      0.325E-02      0.180E+10     -0.990E+02     -0.990E+02
      0.363E-02      0.244E-02      0.325E-02      0.180E+10     -0.990E+02     -0.990E+02
      0.380E-02      0.244E-02      0.325E-02      0.180E+10     -0.990E+02     -0.990E+02
      0.398E-02      0.244E-02      0.325E-02      0.180E+10     -0.990E+02     -0.990E+02
      0.417E-02      0.244E-02      0.325E-02      0.180E+10     -0.990E+02     -0.990E+02
      0.437E-02      0.244E-02      0.325E-02      0.180E+10     -0.990E+02     -0.990E+02
      0.457E-02      0.244E-02      0.325E-02      0.180E+10     -0.990E+02     -0.990E+02
      0.479E-02      0.244E-02      0.325E-02      0.180E+10     -0.990E+02     -0.990E+02
      0.501E-02      0.244E-02      0.325E-02      0.180E+10     -0.990E+02     -0.990E+02
      0.525E-02      0.244E-02      0.325E-02      0.180E+10     -0.990E+02     -0.990E+02
      0.550E-02      0.244E-02      0.325E-02      0.180E+10     -0.990E+02     -0.990E+02
      0.575E-02      0.244E-02      0.325E-02      0.180E+10     -0.990E+02     -0.990E+02
      0.603E-02      0.244E-02      0.325E-02      0.180E+10     -0.990E+02     -0.990E+02
      0.631E-02      0.244E-02      0.325E-02      0.180E+10     -0.990E+02     -0.990E+02
      0.661E-02      0.244E-02      0.325E-02      0.180E+10     -0.990E+02     -0.990E+02
      0.692E-02      0.244E-02      0.325E-02      0.180E+10     -0.990E+02     -0.990E+02
      0.724E-02      0.244E-02      0.325E-02      0.180E+10     -0.990E+02     -0.990E+02
      0.759E-02      0.244E-02      0.325E-02      0.180E+10     -0.990E+02     -0.990E+02
      0.794E-02      0.244E-02      0.325E-02      0.180E+10     -0.990E+02     -0.990E+02
      0.832E-02      0.244E-02      0.325E-02      0.180E+10     -0.990E+02     -0.990E+02
      0.871E-02      0.244E-02      0.325E-02      0.180E+10     -0.990E+02     -0.990E+02
      0.912E-02      0.244E-02      0.325E-02      0.180E+10     -0.990E+02     -0.990E+02
      0.955E-02      0.244E-02      0.325E-02      0.180E+10     -0.990E+02     -0.990E+02
      0.100E-01      0.244E-02      0.325E-02      0.180E+10     -0.148E+00      0.554E+00
      0.105E-01      0.874E-02      0.150E-01      0.180E+10     -0.148E+00      0.554E+00
      0.110E-01      0.870E-02      0.149E-01      0.180E+10     -0.148E+00      0.554E+00
      0.115E-01      0.869E-02      0.148E-01      0.180E+10     -0.148E+00      0.553E+00
      0.120E-01      0.869E-02      0.149E-01      0.180E+10     -0.147E+00      0.554E+00
      0.126E-01      0.873E-02      0.149E-01      0.180E+10     -0.147E+00      0.553E+00
      0.132E-01      0.877E-02      0.150E-01      0.180E+10     -0.148E+00      0.554E+00
      0.138E-01      0.877E-02      0.150E-01      0.180E+10     -0.147E+00      0.553E+00
      0.144E-01      0.871E-02      0.149E-01      0.180E+10     -0.148E+00      0.553E+00
      0.151E-01      0.875E-02      0.149E-01      0.180E+10     -0.147E+00      0.553E+00
      0.159E-01      0.880E-02      0.150E-01      0.180E+10     -0.147E+00      0.553E+00
      0.166E-01      0.881E-02      0.150E-01      0.180E+10     -0.147E+00      0.552E+00
      0.174E-01      0.883E-02      0.150E-01      0.180E+10     -0.147E+00      0.552E+00
      0.182E-01      0.888E-02      0.151E-01      0.180E+10     -0.147E+00      0.553E+00
      0.191E-01      0.889E-02      0.151E-01      0.180E+10     -0.147E+00      0.552E+00
      0.200E-01      0.887E-02      0.151E-01      0.180E+10     -0.147E+00      0.552E+00
      0.209E-01      0.887E-02      0.151E-01      0.180E+10     -0.147E+00      0.553E+00
      0.219E-01      0.890E-02      0.151E-01      0.180E+10     -0.147E+00      0.552E+00
      0.229E-01      0.894E-02      0.152E-01      0.180E+10     -0.147E+00      0.552E+00
      0.240E-01      0.897E-02      0.152E-01      0.180E+10     -0.147E+00      0.552E+00
      0.251E-01      0.900E-02      0.153E-01      0.180E+10     -0.147E+00      0.552E+00
      0.263E-01      0.903E-02      0.153E-01      0.180E+10     -0.147E+00      0.551E+00
      0.275E-01      0.903E-02      0.153E-01      0.180E+10     -0.147E+00      0.552E+00
      0.290E-01      0.907E-02      0.153E-01      0.180E+10     -0.147E+00      0.551E+00
      0.300E-01      0.910E-02      0.154E-01      0.180E+10     -0.147E+00      0.551E+00
      0.310E-01      0.912E-02      0.154E-01      0.180E+10     -0.147E+00      0.551E+00
      0.320E-01      0.914E-02      0.154E-01      0.180E+10     -0.147E+00      0.551E+00
      0.330E-01      0.916E-02      0.155E-01      0.180E+10     -0.147E+00      0.551E+00
      0.340E-01      0.919E-02      0.155E-01      0.180E+10     -0.147E+00      0.551E+00
      0.350E-01      0.921E-02      0.155E-01      0.180E+10     -0.147E+00      0.551E+00
      0.360E-01      0.923E-02      0.155E-01      0.180E+10     -0.147E+00      0.550E+00
      0.370E-01      0.925E-02      0.156E-01      0.180E+10     -0.147E+00      0.550E+00
      0.380E-01      0.927E-02      0.156E-01      0.180E+10     -0.147E+00      0.551E+00
      0.390E-01      0.930E-02      0.156E-01      0.180E+10     -0.147E+00      0.550E+00
      0.400E-01      0.932E-02      0.157E-01      0.180E+10     -0.147E+00      0.550E+00
      0.425E-01      0.938E-02      0.158E-01      0.180E+10     -0.147E+00      0.550E+00
      0.450E-01      0.944E-02      0.158E-01      0.180E+10     -0.147E+00      0.549E+00
      0.475E-01      0.950E-02      0.159E-01      0.180E+10     -0.147E+00      0.550E+00
      0.500E-01      0.955E-02      0.160E-01      0.180E+10     -0.147E+00      0.549E+00
      0.525E-01      0.960E-02      0.160E-01      0.180E+10     -0.147E+00      0.549E+00
      0.550E-01      0.966E-02      0.161E-01      0.180E+10     -0.147E+00      0.549E+00
      0.571E-01      0.971E-02      0.162E-01      0.180E+10     -0.147E+00      0.550E+00
      0.640E-01      0.987E-02      0.164E-01      0.180E+10     -0.147E+00      0.549E+00
      0.719E-01      0.101E-01      0.166E-01      0.180E+10     -0.147E+00      0.550E+00
      0.806E-01      0.103E-01      0.169E-01      0.180E+10     -0.147E+00      0.550E+00
      0.905E-01      0.105E-01      0.172E-01      0.180E+10     -0.147E+00      0.551E+00
      0.102E+00      0.108E-01      0.176E-01      0.180E+10     -0.147E+00      0.551E+00
      0.114E+00      0.111E-01      0.180E-01      0.180E+10     -0.146E+00      0.551E+00
      0.128E+00      0.115E-01      0.185E-01      0.180E+10     -0.146E+00      0.550E+00
      0.143E+00      0.119E-01      0.191E-01      0.180E+10     -0.145E+00      0.550E+00
      0.161E+00      0.126E-01      0.197E-01      0.180E+10     -0.144E+00      0.539E+00
      0.181E+00      0.137E-01      0.203E-01      0.180E+10     -0.142E+00      0.516E+00
      0.203E+00      0.152E-01      0.210E-01      0.180E+10     -0.144E+00      0.528E+00
      0.227E+00      0.170E-01      0.220E-01      0.180E+10     -0.145E+00      0.540E+00
      0.255E+00      0.197E-01      0.237E-01      0.180E+10     -0.160E+00      0.553E+00
      0.286E+00      0.231E-01      0.265E-01      0.180E+10     -0.174E+00      0.572E+00
      0.321E+00      0.268E-01      0.303E-01      0.180E+10     -0.185E+00      0.596E+00
      0.360E+00      0.311E-01      0.351E-01      0.180E+10     -0.195E+00      0.621E+00
      0.404E+00      0.358E-01      0.410E-01      0.180E+10     -0.205E+00      0.648E+00
      0.453E+00      0.411E-01      0.490E-01      0.180E+10     -0.226E+00      0.704E+00
      0.509E+00      0.480E-01      0.628E-01      0.180E+10     -0.240E+00      0.845E+00
      0.571E+00      0.539E-01      0.821E-01      0.179E+10     -0.245E+00      0.106E+01
      0.641E+00      0.606E-01      0.107E+00      0.179E+10     -0.248E+00      0.129E+01
      0.719E+00      0.657E-01      0.113E+00      0.179E+10     -0.245E+00      0.125E+01
      0.806E+00      0.693E-01      0.991E-01      0.178E+10     -0.258E+00      0.964E+00
      0.905E+00      0.755E-01      0.101E+00      0.178E+10     -0.281E+00      0.776E+00
      0.102E+01      0.866E-01      0.100E+00      0.178E+10     -0.330E+00      0.753E+00
      0.114E+01      0.114E+00      0.131E+00      0.177E+10     -0.362E+00      0.754E+00
      0.128E+01      0.160E+00      0.183E+00      0.176E+10     -0.415E+00      0.798E+00
      0.143E+01      0.200E+00      0.242E+00      0.174E+10     -0.481E+00      0.103E+01
      0.161E+01      0.197E+00      0.223E+00      0.172E+10     -0.491E+00      0.959E+00
      0.168E+01      0.200E+00      0.220E+00      0.171E+10     -0.489E+00      0.939E+00
      0.170E+01      0.204E+00      0.221E+00      0.170E+10     -0.488E+00      0.922E+00
      0.180E+01      0.231E+00      0.218E+00      0.169E+10     -0.488E+00      0.803E+00
      0.190E+01      0.265E+00      0.224E+00      0.168E+10     -0.495E+00      0.726E+00
      0.200E+01      0.298E+00      0.240E+00      0.166E+10     -0.528E+00      0.719E+00
      0.210E+01      0.346E+00      0.292E+00      0.165E+10     -0.552E+00      0.765E+00
      0.220E+01      0.422E+00      0.343E+00      0.162E+10     -0.575E+00      0.747E+00
      0.230E+01      0.509E+00      0.338E+00      0.160E+10     -0.603E+00      0.625E+00
      0.240E+01      0.596E+00      0.409E+00      0.157E+10     -0.626E+00      0.641E+00
      0.250E+01      0.591E+00      0.400E+00      0.153E+10     -0.655E+00      0.666E+00
      0.260E+01      0.584E+00      0.411E+00      0.150E+10     -0.690E+00      0.755E+00
      0.275E+01      0.622E+00      0.401E+00      0.145E+10     -0.717E+00      0.719E+00
      0.300E+01      0.673E+00      0.367E+00      0.138E+10     -0.745E+00      0.620E+00
      0.325E+01      0.722E+00      0.441E+00      0.128E+10     -0.803E+00      0.760E+00
      0.350E+01      0.763E+00      0.414E+00      0.117E+10     -0.851E+00      0.681E+00
      0.375E+01      0.732E+00      0.408E+00      0.106E+10     -0.870E+00      0.692E+00
      0.400E+01      0.693E+00      0.370E+00      0.957E+09     -0.892E+00      0.694E+00
      0.425E+01      0.673E+00      0.367E+00      0.858E+09     -0.909E+00      0.733E+00
      0.450E+01      0.687E+00      0.346E+00      0.761E+09     -0.911E+00      0.647E+00
      0.475E+01      0.825E+00      0.419E+00      0.663E+09     -0.927E+00      0.681E+00
      0.500E+01      0.795E+00      0.330E+00      0.545E+09     -0.943E+00      0.557E+00
      0.525E+01      0.730E+00      0.341E+00      0.433E+09     -0.994E+00      0.656E+00
      0.550E+01      0.656E+00      0.330E+00      0.329E+09     -0.102E+01      0.737E+00
      0.575E+01      0.567E+00      0.291E+00      0.237E+09     -0.105E+01      0.753E+00
      0.600E+01      0.416E+00      0.259E+00      0.157E+09     -0.108E+01      0.922E+00
      0.625E+01      0.307E+00      0.194E+00      0.988E+08     -0.113E+01      0.996E+00
      0.650E+01      0.239E+00      0.172E+00      0.559E+08     -0.127E+01      0.123E+01
      0.675E+01      0.120E+00      0.120E+00      0.224E+08     -0.149E+01      0.189E+01
      0.700E+01      0.312E-01      0.678E-01      0.552E+07     -0.169E+01      0.448E+01
      0.725E+01      0.633E-02      0.311E-01      0.117E+07     -0.143E+01      0.917E+01
      0.750E+01      0.164E-02      0.146E-01      0.287E+06     -0.131E+01      0.158E+02
      0.775E+01      0.379E-03      0.455E-02      0.583E+05     -0.138E+01      0.220E+02
      0.800E+01      0.395E-04      0.603E-03      0.556E+04     -0.159E+01      0.330E+02
      0.825E+01      0.278E-06      0.119E-04      0.390E+02     -0.204E+01      0.122E+03
      0.850E+01      0.000E+00      0.000E+00      0.000E+00     -0.990E+02     -0.990E+02
      0.875E+01      0.000E+00      0.000E+00      0.000E+00     -0.990E+02     -0.990E+02
      0.900E+01      0.000E+00      0.000E+00      0.000E+00     -0.990E+02     -0.990E+02
      0.925E+01      0.000E+00      0.000E+00      0.000E+00     -0.990E+02     -0.990E+02
      0.950E+01      0.000E+00      0.000E+00      0.000E+00     -0.990E+02     -0.990E+02
      0.975E+01      0.000E+00      0.000E+00      0.000E+00     -0.990E+02     -0.990E+02
      0.100E+02      0.000E+00      0.000E+00      0.000E+00     -0.990E+02     -0.990E+02
      0.102E+02      0.000E+00      0.000E+00      0.000E+00     -0.990E+02     -0.990E+02
      0.105E+02      0.000E+00      0.000E+00      0.000E+00     -0.990E+02     -0.990E+02
      0.108E+02      0.000E+00      0.000E+00      0.000E+00     -0.990E+02     -0.990E+02
      0.110E+02      0.000E+00      0.000E+00      0.000E+00     -0.990E+02     -0.990E+02
      0.112E+02      0.000E+00      0.000E+00      0.000E+00     -0.990E+02     -0.990E+02
      0.115E+02      0.000E+00      0.000E+00      0.000E+00     -0.990E+02     -0.990E+02
      0.118E+02      0.000E+00      0.000E+00      0.000E+00     -0.990E+02     -0.990E+02
      0.120E+02      0.000E+00      0.000E+00      0.000E+00     -0.990E+02     -0.990E+02
      0.122E+02      0.000E+00      0.000E+00      0.000E+00     -0.990E+02     -0.990E+02
      0.125E+02      0.000E+00      0.000E+00      0.000E+00     -0.990E+02     -0.990E+02
      0.128E+02      0.000E+00      0.000E+00      0.000E+00     -0.990E+02     -0.990E+02
      0.130E+02      0.000E+00      0.000E+00      0.000E+00     -0.990E+02     -0.990E+02
      0.132E+02      0.000E+00      0.000E+00      0.000E+00     -0.990E+02     -0.990E+02
      0.135E+02      0.000E+00      0.000E+00      0.000E+00     -0.990E+02     -0.990E+02
      0.138E+02      0.000E+00      0.000E+00      0.000E+00     -0.990E+02     -0.990E+02
      0.140E+02      0.000E+00      0.000E+00      0.000E+00     -0.990E+02     -0.990E+02
      0.142E+02      0.000E+00      0.000E+00      0.000E+00     -0.990E+02     -0.990E+02
      0.145E+02      0.000E+00      0.000E+00      0.000E+00     -0.990E+02     -0.990E+02
      0.148E+02      0.000E+00      0.000E+00      0.000E+00     -0.990E+02     -0.990E+02
      0.150E+02      0.000E+00      0.000E+00      0.000E+00     -0.990E+02     -0.990E+02
      0.152E+02      0.000E+00      0.000E+00      0.000E+00     -0.990E+02     -0.990E+02
      0.155E+02      0.000E+00      0.000E+00      0.000E+00     -0.990E+02     -0.990E+02
      0.158E+02      0.000E+00      0.000E+00      0.000E+00     -0.990E+02     -0.990E+02
      0.160E+02      0.000E+00      0.000E+00      0.000E+00     -0.990E+02     -0.990E+02
      0.162E+02      0.000E+00      0.000E+00      0.000E+00     -0.990E+02     -0.990E+02
      0.165E+02      0.000E+00      0.000E+00      0.000E+00     -0.990E+02     -0.990E+02
      0.168E+02      0.000E+00      0.000E+00      0.000E+00     -0.990E+02     -0.990E+02
      0.170E+02      0.000E+00      0.000E+00      0.000E+00     -0.990E+02     -0.990E+02
      0.172E+02      0.000E+00      0.000E+00      0.000E+00     -0.990E+02     -0.990E+02
      0.175E+02      0.000E+00      0.000E+00      0.000E+00     -0.990E+02     -0.990E+02
      0.178E+02      0.000E+00      0.000E+00      0.000E+00     -0.990E+02     -0.990E+02
      0.180E+02      0.000E+00      0.000E+00      0.000E+00     -0.990E+02     -0.990E+02
      0.182E+02      0.000E+00      0.000E+00      0.000E+00     -0.990E+02     -0.990E+02
      0.185E+02      0.000E+00      0.000E+00      0.000E+00     -0.990E+02     -0.990E+02
      0.188E+02      0.000E+00      0.000E+00      0.000E+00     -0.990E+02     -0.990E+02
      0.190E+02      0.000E+00      0.000E+00      0.000E+00     -0.990E+02     -0.990E+02
      0.192E+02      0.000E+00      0.000E+00      0.000E+00     -0.990E+02     -0.990E+02
      0.195E+02      0.000E+00      0.000E+00      0.000E+00     -0.990E+02     -0.990E+02
      0.198E+02      0.000E+00      0.000E+00      0.000E+00     -0.990E+02     -0.990E+02
      0.200E+02      0.000E+00      0.000E+00      0.000E+00     -0.990E+02     -0.990E+02
