      0.000E+00      0.119E+00      0.118E+00      0.329E+09     -0.990E+02     -0.990E+02
      0.100E-03      0.119E+00      0.118E+00      0.329E+09     -0.990E+02     -0.990E+02
      0.140E-03      0.119E+00      0.118E+00      0.329E+09     -0.990E+02     -0.990E+02
      0.160E-03      0.119E+00      0.118E+00      0.329E+09     -0.990E+02     -0.990E+02
      0.180E-03      0.119E+00      0.118E+00      0.329E+09     -0.990E+02     -0.990E+02
      0.200E-03      0.119E+00      0.118E+00      0.329E+09     -0.990E+02     -0.990E+02
      0.220E-03      0.119E+00      0.118E+00      0.329E+09     -0.990E+02     -0.990E+02
      0.250E-03      0.119E+00      0.118E+00      0.329E+09     -0.990E+02     -0.990E+02
      0.280E-03      0.119E+00      0.118E+00      0.329E+09     -0.990E+02     -0.990E+02
      0.320E-03      0.119E+00      0.118E+00      0.329E+09     -0.990E+02     -0.990E+02
      0.350E-03      0.119E+00      0.118E+00      0.329E+09     -0.990E+02     -0.990E+02
      0.400E-03      0.119E+00      0.118E+00      0.329E+09     -0.990E+02     -0.990E+02
      0.450E-03      0.119E+00      0.118E+00      0.329E+09     -0.990E+02     -0.990E+02
      0.500E-03      0.119E+00      0.118E+00      0.329E+09     -0.990E+02     -0.990E+02
      0.560E-03      0.119E+00      0.118E+00      0.329E+09     -0.990E+02     -0.990E+02
      0.630E-03      0.119E+00      0.118E+00      0.329E+09     -0.990E+02     -0.990E+02
      0.710E-03      0.119E+00      0.118E+00      0.329E+09     -0.990E+02     -0.990E+02
      0.790E-03      0.119E+00      0.118E+00      0.329E+09     -0.990E+02     -0.990E+02
      0.890E-03      0.119E+00      0.118E+00      0.329E+09     -0.990E+02     -0.990E+02
      0.100E-02      0.119E+00      0.118E+00      0.329E+09     -0.990E+02     -0.990E+02
      0.105E-02      0.119E+00      0.118E+00      0.329E+09     -0.990E+02     -0.990E+02
      0.110E-02      0.119E+00      0.118E+00      0.329E+09     -0.990E+02     -0.990E+02
      0.115E-02      0.119E+00      0.118E+00      0.329E+09     -0.990E+02     -0.990E+02
      0.120E-02      0.119E+00      0.118E+00      0.329E+09     -0.990E+02     -0.990E+02
      0.126E-02      0.119E+00      0.118E+00      0.329E+09     -0.990E+02     -0.990E+02
      0.132E-02      0.119E+00      0.118E+00      0.329E+09     -0.990E+02     -0.990E+02
      0.138E-02      0.119E+00      0.118E+00      0.329E+09     -0.990E+02     -0.990E+02
      0.145E-02      0.119E+00      0.118E+00      0.329E+09     -0.990E+02     -0.990E+02
      0.151E-02      0.119E+00      0.118E+00      0.329E+09     -0.990E+02     -0.990E+02
      0.158E-02      0.119E+00      0.118E+00      0.329E+09     -0.990E+02     -0.990E+02
      0.166E-02      0.119E+00      0.118E+00      0.329E+09     -0.990E+02     -0.990E+02
      0.174E-02      0.119E+00      0.118E+00      0.329E+09     -0.990E+02     -0.990E+02
      0.182E-02      0.119E+00      0.118E+00      0.329E+09     -0.990E+02     -0.990E+02
      0.191E-02      0.119E+00      0.118E+00      0.329E+09     -0.990E+02     -0.990E+02
      0.200E-02      0.119E+00      0.118E+00      0.329E+09     -0.990E+02     -0.990E+02
      0.209E-02      0.119E+00      0.118E+00      0.329E+09     -0.990E+02     -0.990E+02
      0.219E-02      0.119E+00      0.118E+00      0.329E+09     -0.990E+02     -0.990E+02
      0.229E-02      0.119E+00      0.118E+00      0.329E+09     -0.990E+02     -0.990E+02
      0.240E-02      0.119E+00      0.118E+00      0.329E+09     -0.990E+02     -0.990E+02
      0.251E-02      0.119E+00      0.118E+00      0.329E+09     -0.990E+02     -0.990E+02
      0.263E-02      0.119E+00      0.118E+00      0.329E+09     -0.990E+02     -0.990E+02
      0.275E-02      0.119E+00      0.118E+00      0.329E+09     -0.990E+02     -0.990E+02
      0.288E-02      0.119E+00      0.118E+00      0.329E+09     -0.990E+02     -0.990E+02
      0.302E-02      0.119E+00      0.118E+00      0.329E+09     -0.990E+02     -0.990E+02
      0.316E-02      0.119E+00      0.118E+00      0.329E+09     -0.990E+02     -0.990E+02
      0.331E-02      0.119E+00      0.118E+00      0.329E+09     -0.990E+02     -0.990E+02
      0.347E-02      0.119E+00      0.118E+00      0.329E+09     -0.990E+02     -0.990E+02
      0.363E-02      0.119E+00      0.118E+00      0.329E+09     -0.990E+02     -0.990E+02
      0.380E-02      0.119E+00      0.118E+00      0.329E+09     -0.990E+02     -0.990E+02
      0.398E-02      0.119E+00      0.118E+00      0.329E+09     -0.990E+02     -0.990E+02
      0.417E-02      0.119E+00      0.118E+00      0.329E+09     -0.990E+02     -0.990E+02
      0.437E-02      0.119E+00      0.118E+00      0.329E+09     -0.990E+02     -0.990E+02
      0.457E-02      0.119E+00      0.118E+00      0.329E+09     -0.990E+02     -0.990E+02
      0.479E-02      0.119E+00      0.118E+00      0.329E+09     -0.990E+02     -0.990E+02
      0.501E-02      0.119E+00      0.118E+00      0.329E+09     -0.990E+02     -0.990E+02
      0.525E-02      0.119E+00      0.118E+00      0.329E+09     -0.990E+02     -0.990E+02
      0.550E-02      0.119E+00      0.118E+00      0.329E+09     -0.990E+02     -0.990E+02
      0.575E-02      0.119E+00      0.118E+00      0.329E+09     -0.990E+02     -0.990E+02
      0.603E-02      0.119E+00      0.118E+00      0.329E+09     -0.990E+02     -0.990E+02
      0.631E-02      0.119E+00      0.118E+00      0.329E+09     -0.990E+02     -0.990E+02
      0.661E-02      0.119E+00      0.118E+00      0.329E+09     -0.990E+02     -0.990E+02
      0.692E-02      0.119E+00      0.118E+00      0.329E+09     -0.990E+02     -0.990E+02
      0.724E-02      0.119E+00      0.118E+00      0.329E+09     -0.990E+02     -0.990E+02
      0.759E-02      0.119E+00      0.118E+00      0.329E+09     -0.990E+02     -0.990E+02
      0.794E-02      0.119E+00      0.118E+00      0.329E+09     -0.990E+02     -0.990E+02
      0.832E-02      0.119E+00      0.118E+00      0.329E+09     -0.990E+02     -0.990E+02
      0.871E-02      0.119E+00      0.118E+00      0.329E+09     -0.990E+02     -0.990E+02
      0.912E-02      0.119E+00      0.118E+00      0.329E+09     -0.990E+02     -0.990E+02
      0.955E-02      0.119E+00      0.118E+00      0.329E+09     -0.990E+02     -0.990E+02
      0.100E-01      0.119E+00      0.118E+00      0.329E+09     -0.392E+00      0.538E+00
      0.105E-01      0.239E+00      0.165E+00      0.327E+09     -0.392E+00      0.538E+00
      0.110E-01      0.238E+00      0.164E+00      0.327E+09     -0.392E+00      0.538E+00
      0.115E-01      0.237E+00      0.164E+00      0.327E+09     -0.392E+00      0.538E+00
      0.120E-01      0.237E+00      0.163E+00      0.327E+09     -0.392E+00      0.537E+00
      0.126E-01      0.238E+00      0.164E+00      0.327E+09     -0.392E+00      0.537E+00
      0.132E-01      0.239E+00      0.164E+00      0.327E+09     -0.392E+00      0.537E+00
      0.138E-01      0.238E+00      0.164E+00      0.327E+09     -0.392E+00      0.536E+00
      0.144E-01      0.236E+00      0.163E+00      0.326E+09     -0.393E+00      0.536E+00
      0.151E-01      0.237E+00      0.163E+00      0.326E+09     -0.393E+00      0.536E+00
      0.159E-01      0.238E+00      0.164E+00      0.326E+09     -0.393E+00      0.536E+00
      0.166E-01      0.238E+00      0.163E+00      0.326E+09     -0.393E+00      0.535E+00
      0.174E-01      0.238E+00      0.164E+00      0.326E+09     -0.393E+00      0.535E+00
      0.182E-01      0.239E+00      0.164E+00      0.326E+09     -0.393E+00      0.535E+00
      0.191E-01      0.239E+00      0.164E+00      0.326E+09     -0.393E+00      0.534E+00
      0.200E-01      0.238E+00      0.163E+00      0.325E+09     -0.394E+00      0.534E+00
      0.209E-01      0.238E+00      0.163E+00      0.325E+09     -0.394E+00      0.534E+00
      0.219E-01      0.238E+00      0.163E+00      0.325E+09     -0.394E+00      0.534E+00
      0.229E-01      0.239E+00      0.163E+00      0.325E+09     -0.394E+00      0.533E+00
      0.240E-01      0.239E+00      0.163E+00      0.325E+09     -0.394E+00      0.533E+00
      0.251E-01      0.239E+00      0.163E+00      0.324E+09     -0.394E+00      0.532E+00
      0.263E-01      0.239E+00      0.163E+00      0.324E+09     -0.395E+00      0.532E+00
      0.275E-01      0.239E+00      0.163E+00      0.324E+09     -0.395E+00      0.532E+00
      0.290E-01      0.239E+00      0.163E+00      0.324E+09     -0.395E+00      0.531E+00
      0.300E-01      0.239E+00      0.163E+00      0.323E+09     -0.395E+00      0.531E+00
      0.310E-01      0.239E+00      0.163E+00      0.323E+09     -0.396E+00      0.531E+00
      0.320E-01      0.239E+00      0.163E+00      0.323E+09     -0.396E+00      0.530E+00
      0.330E-01      0.240E+00      0.163E+00      0.323E+09     -0.396E+00      0.530E+00
      0.340E-01      0.240E+00      0.163E+00      0.323E+09     -0.396E+00      0.530E+00
      0.350E-01      0.240E+00      0.163E+00      0.322E+09     -0.396E+00      0.530E+00
      0.360E-01      0.240E+00      0.163E+00      0.322E+09     -0.396E+00      0.530E+00
      0.370E-01      0.240E+00      0.163E+00      0.322E+09     -0.397E+00      0.530E+00
      0.380E-01      0.240E+00      0.163E+00      0.322E+09     -0.397E+00      0.529E+00
      0.390E-01      0.240E+00      0.163E+00      0.322E+09     -0.397E+00      0.529E+00
      0.400E-01      0.240E+00      0.163E+00      0.321E+09     -0.397E+00      0.529E+00
      0.425E-01      0.240E+00      0.163E+00      0.321E+09     -0.398E+00      0.529E+00
      0.450E-01      0.240E+00      0.162E+00      0.321E+09     -0.398E+00      0.528E+00
      0.475E-01      0.240E+00      0.162E+00      0.320E+09     -0.399E+00      0.528E+00
      0.500E-01      0.240E+00      0.162E+00      0.320E+09     -0.400E+00      0.528E+00
      0.525E-01      0.241E+00      0.162E+00      0.319E+09     -0.400E+00      0.528E+00
      0.550E-01      0.240E+00      0.161E+00      0.319E+09     -0.401E+00      0.528E+00
      0.571E-01      0.241E+00      0.161E+00      0.318E+09     -0.402E+00      0.528E+00
      0.640E-01      0.240E+00      0.160E+00      0.317E+09     -0.404E+00      0.530E+00
      0.719E-01      0.240E+00      0.159E+00      0.316E+09     -0.408E+00      0.531E+00
      0.806E-01      0.240E+00      0.158E+00      0.314E+09     -0.412E+00      0.534E+00
      0.905E-01      0.240E+00      0.156E+00      0.313E+09     -0.417E+00      0.538E+00
      0.102E+00      0.239E+00      0.155E+00      0.311E+09     -0.422E+00      0.542E+00
      0.114E+00      0.238E+00      0.153E+00      0.309E+09     -0.427E+00      0.546E+00
      0.128E+00      0.238E+00      0.152E+00      0.306E+09     -0.434E+00      0.554E+00
      0.143E+00      0.237E+00      0.151E+00      0.304E+09     -0.440E+00      0.564E+00
      0.161E+00      0.236E+00      0.151E+00      0.301E+09     -0.448E+00      0.579E+00
      0.181E+00      0.235E+00      0.153E+00      0.297E+09     -0.457E+00      0.600E+00
      0.203E+00      0.233E+00      0.151E+00      0.294E+09     -0.462E+00      0.589E+00
      0.227E+00      0.230E+00      0.149E+00      0.290E+09     -0.464E+00      0.576E+00
      0.255E+00      0.226E+00      0.147E+00      0.286E+09     -0.467E+00      0.562E+00
      0.286E+00      0.223E+00      0.146E+00      0.281E+09     -0.466E+00      0.545E+00
      0.321E+00      0.215E+00      0.142E+00      0.276E+09     -0.462E+00      0.526E+00
      0.360E+00      0.199E+00      0.130E+00      0.270E+09     -0.457E+00      0.523E+00
      0.404E+00      0.182E+00      0.121E+00      0.264E+09     -0.453E+00      0.550E+00
      0.453E+00      0.164E+00      0.115E+00      0.258E+09     -0.457E+00      0.623E+00
      0.509E+00      0.149E+00      0.108E+00      0.252E+09     -0.469E+00      0.670E+00
      0.571E+00      0.132E+00      0.969E-01      0.246E+09     -0.471E+00      0.652E+00
      0.641E+00      0.121E+00      0.855E-01      0.240E+09     -0.449E+00      0.574E+00
      0.719E+00      0.111E+00      0.787E-01      0.234E+09     -0.418E+00      0.515E+00
      0.806E+00      0.105E+00      0.793E-01      0.228E+09     -0.395E+00      0.522E+00
      0.905E+00      0.101E+00      0.753E-01      0.222E+09     -0.383E+00      0.501E+00
      0.102E+01      0.987E-01      0.711E-01      0.215E+09     -0.374E+00      0.475E+00
      0.114E+01      0.926E-01      0.656E-01      0.207E+09     -0.388E+00      0.490E+00
      0.128E+01      0.830E-01      0.633E-01      0.199E+09     -0.436E+00      0.594E+00
      0.143E+01      0.785E-01      0.632E-01      0.192E+09     -0.488E+00      0.686E+00
      0.161E+01      0.742E-01      0.557E-01      0.183E+09     -0.454E+00      0.607E+00
      0.168E+01      0.765E-01      0.538E-01      0.178E+09     -0.422E+00      0.538E+00
      0.170E+01      0.776E-01      0.541E-01      0.175E+09     -0.416E+00      0.526E+00
      0.180E+01      0.831E-01      0.589E-01      0.173E+09     -0.394E+00      0.509E+00
      0.190E+01      0.837E-01      0.627E-01      0.167E+09     -0.414E+00      0.582E+00
      0.200E+01      0.804E-01      0.611E-01      0.162E+09     -0.439E+00      0.620E+00
      0.210E+01      0.782E-01      0.579E-01      0.157E+09     -0.444E+00      0.639E+00
      0.220E+01      0.785E-01      0.574E-01      0.152E+09     -0.425E+00      0.634E+00
      0.230E+01      0.771E-01      0.534E-01      0.148E+09     -0.387E+00      0.514E+00
      0.240E+01      0.772E-01      0.498E-01      0.143E+09     -0.336E+00      0.415E+00
      0.250E+01      0.840E-01      0.538E-01      0.138E+09     -0.308E+00      0.377E+00
      0.260E+01      0.933E-01      0.628E-01      0.133E+09     -0.306E+00      0.379E+00
      0.275E+01      0.936E-01      0.675E-01      0.126E+09     -0.339E+00      0.413E+00
      0.300E+01      0.798E-01      0.559E-01      0.115E+09     -0.421E+00      0.520E+00
      0.325E+01      0.848E-01      0.498E-01      0.103E+09     -0.432E+00      0.443E+00
      0.350E+01      0.892E-01      0.572E-01      0.903E+08     -0.464E+00      0.476E+00
      0.375E+01      0.832E-01      0.548E-01      0.772E+08     -0.497E+00      0.533E+00
      0.400E+01      0.681E-01      0.436E-01      0.650E+08     -0.491E+00      0.537E+00
      0.425E+01      0.688E-01      0.435E-01      0.551E+08     -0.495E+00      0.517E+00
      0.450E+01      0.675E-01      0.406E-01      0.451E+08     -0.581E+00      0.538E+00
      0.475E+01      0.576E-01      0.385E-01      0.353E+08     -0.525E+00      0.525E+00
      0.500E+01      0.541E-01      0.370E-01      0.270E+08     -0.586E+00      0.606E+00
      0.525E+01      0.488E-01      0.332E-01      0.192E+08     -0.654E+00      0.633E+00
      0.550E+01      0.322E-01      0.330E-01      0.122E+08     -0.684E+00      0.104E+01
      0.575E+01      0.190E-01      0.202E-01      0.764E+07     -0.639E+00      0.100E+01
      0.600E+01      0.161E-01      0.169E-01      0.494E+07     -0.737E+00      0.106E+01
      0.625E+01      0.964E-02      0.150E-01      0.266E+07     -0.928E+00      0.205E+01
      0.650E+01      0.449E-02      0.876E-02      0.130E+07     -0.911E+00      0.249E+01
      0.675E+01      0.337E-02      0.650E-02      0.671E+06     -0.121E+01      0.319E+01
      0.700E+01      0.115E-02      0.430E-02      0.197E+06     -0.929E+00      0.433E+01
      0.725E+01      0.192E-03      0.321E-02      0.341E+05     -0.530E+00      0.107E+02
      0.750E+01      0.489E-04      0.603E-03      0.688E+04     -0.843E+00      0.140E+02
      0.775E+01      0.114E-06      0.136E-04      0.160E+02     -0.111E+01      0.154E+03
      0.800E+01      0.000E+00      0.000E+00      0.000E+00     -0.990E+02     -0.990E+02
      0.825E+01      0.000E+00      0.000E+00      0.000E+00     -0.990E+02     -0.990E+02
      0.850E+01      0.000E+00      0.000E+00      0.000E+00     -0.990E+02     -0.990E+02
      0.875E+01      0.000E+00      0.000E+00      0.000E+00     -0.990E+02     -0.990E+02
      0.900E+01      0.000E+00      0.000E+00      0.000E+00     -0.990E+02     -0.990E+02
      0.925E+01      0.000E+00      0.000E+00      0.000E+00     -0.990E+02     -0.990E+02
      0.950E+01      0.000E+00      0.000E+00      0.000E+00     -0.990E+02     -0.990E+02
      0.975E+01      0.000E+00      0.000E+00      0.000E+00     -0.990E+02     -0.990E+02
      0.100E+02      0.000E+00      0.000E+00      0.000E+00     -0.990E+02     -0.990E+02
      0.102E+02      0.000E+00      0.000E+00      0.000E+00     -0.990E+02     -0.990E+02
      0.105E+02      0.000E+00      0.000E+00      0.000E+00     -0.990E+02     -0.990E+02
      0.108E+02      0.000E+00      0.000E+00      0.000E+00     -0.990E+02     -0.990E+02
      0.110E+02      0.000E+00      0.000E+00      0.000E+00     -0.990E+02     -0.990E+02
      0.112E+02      0.000E+00      0.000E+00      0.000E+00     -0.990E+02     -0.990E+02
      0.115E+02      0.000E+00      0.000E+00      0.000E+00     -0.990E+02     -0.990E+02
      0.118E+02      0.000E+00      0.000E+00      0.000E+00     -0.990E+02     -0.990E+02
      0.120E+02      0.000E+00      0.000E+00      0.000E+00     -0.990E+02     -0.990E+02
      0.122E+02      0.000E+00      0.000E+00      0.000E+00     -0.990E+02     -0.990E+02
      0.125E+02      0.000E+00      0.000E+00      0.000E+00     -0.990E+02     -0.990E+02
      0.128E+02      0.000E+00      0.000E+00      0.000E+00     -0.990E+02     -0.990E+02
      0.130E+02      0.000E+00      0.000E+00      0.000E+00     -0.990E+02     -0.990E+02
      0.132E+02      0.000E+00      0.000E+00      0.000E+00     -0.990E+02     -0.990E+02
      0.135E+02      0.000E+00      0.000E+00      0.000E+00     -0.990E+02     -0.990E+02
      0.138E+02      0.000E+00      0.000E+00      0.000E+00     -0.990E+02     -0.990E+02
      0.140E+02      0.000E+00      0.000E+00      0.000E+00     -0.990E+02     -0.990E+02
      0.142E+02      0.000E+00      0.000E+00      0.000E+00     -0.990E+02     -0.990E+02
      0.145E+02      0.000E+00      0.000E+00      0.000E+00     -0.990E+02     -0.990E+02
      0.148E+02      0.000E+00      0.000E+00      0.000E+00     -0.990E+02     -0.990E+02
      0.150E+02      0.000E+00      0.000E+00      0.000E+00     -0.990E+02     -0.990E+02
      0.152E+02      0.000E+00      0.000E+00      0.000E+00     -0.990E+02     -0.990E+02
      0.155E+02      0.000E+00      0.000E+00      0.000E+00     -0.990E+02     -0.990E+02
      0.158E+02      0.000E+00      0.000E+00      0.000E+00     -0.990E+02     -0.990E+02
      0.160E+02      0.000E+00      0.000E+00      0.000E+00     -0.990E+02     -0.990E+02
      0.162E+02      0.000E+00      0.000E+00      0.000E+00     -0.990E+02     -0.990E+02
      0.165E+02      0.000E+00      0.000E+00      0.000E+00     -0.990E+02     -0.990E+02
      0.168E+02      0.000E+00      0.000E+00      0.000E+00     -0.990E+02     -0.990E+02
      0.170E+02      0.000E+00      0.000E+00      0.000E+00     -0.990E+02     -0.990E+02
      0.172E+02      0.000E+00      0.000E+00      0.000E+00     -0.990E+02     -0.990E+02
      0.175E+02      0.000E+00      0.000E+00      0.000E+00     -0.990E+02     -0.990E+02
      0.178E+02      0.000E+00      0.000E+00      0.000E+00     -0.990E+02     -0.990E+02
      0.180E+02      0.000E+00      0.000E+00      0.000E+00     -0.990E+02     -0.990E+02
      0.182E+02      0.000E+00      0.000E+00      0.000E+00     -0.990E+02     -0.990E+02
      0.185E+02      0.000E+00      0.000E+00      0.000E+00     -0.990E+02     -0.990E+02
      0.188E+02      0.000E+00      0.000E+00      0.000E+00     -0.990E+02     -0.990E+02
      0.190E+02      0.000E+00      0.000E+00      0.000E+00     -0.990E+02     -0.990E+02
      0.192E+02      0.000E+00      0.000E+00      0.000E+00     -0.990E+02     -0.990E+02
      0.195E+02      0.000E+00      0.000E+00      0.000E+00     -0.990E+02     -0.990E+02
      0.198E+02      0.000E+00      0.000E+00      0.000E+00     -0.990E+02     -0.990E+02
      0.200E+02      0.000E+00      0.000E+00      0.000E+00     -0.990E+02     -0.990E+02
