      0.000E+00      0.301E-01      0.346E-01      0.842E+09     -0.990E+02     -0.990E+02
      0.100E-03      0.301E-01      0.346E-01      0.842E+09     -0.990E+02     -0.990E+02
      0.140E-03      0.301E-01      0.346E-01      0.842E+09     -0.990E+02     -0.990E+02
      0.160E-03      0.301E-01      0.346E-01      0.842E+09     -0.990E+02     -0.990E+02
      0.180E-03      0.301E-01      0.346E-01      0.842E+09     -0.990E+02     -0.990E+02
      0.200E-03      0.301E-01      0.346E-01      0.842E+09     -0.990E+02     -0.990E+02
      0.220E-03      0.301E-01      0.346E-01      0.842E+09     -0.990E+02     -0.990E+02
      0.250E-03      0.301E-01      0.346E-01      0.842E+09     -0.990E+02     -0.990E+02
      0.280E-03      0.301E-01      0.346E-01      0.842E+09     -0.990E+02     -0.990E+02
      0.320E-03      0.301E-01      0.346E-01      0.842E+09     -0.990E+02     -0.990E+02
      0.350E-03      0.301E-01      0.346E-01      0.842E+09     -0.990E+02     -0.990E+02
      0.400E-03      0.301E-01      0.346E-01      0.842E+09     -0.990E+02     -0.990E+02
      0.450E-03      0.301E-01      0.346E-01      0.842E+09     -0.990E+02     -0.990E+02
      0.500E-03      0.301E-01      0.346E-01      0.842E+09     -0.990E+02     -0.990E+02
      0.560E-03      0.301E-01      0.346E-01      0.842E+09     -0.990E+02     -0.990E+02
      0.630E-03      0.301E-01      0.346E-01      0.842E+09     -0.990E+02     -0.990E+02
      0.710E-03      0.301E-01      0.346E-01      0.842E+09     -0.990E+02     -0.990E+02
      0.790E-03      0.301E-01      0.346E-01      0.842E+09     -0.990E+02     -0.990E+02
      0.890E-03      0.301E-01      0.346E-01      0.842E+09     -0.990E+02     -0.990E+02
      0.100E-02      0.301E-01      0.346E-01      0.842E+09     -0.990E+02     -0.990E+02
      0.105E-02      0.301E-01      0.346E-01      0.842E+09     -0.990E+02     -0.990E+02
      0.110E-02      0.301E-01      0.346E-01      0.842E+09     -0.990E+02     -0.990E+02
      0.115E-02      0.301E-01      0.346E-01      0.842E+09     -0.990E+02     -0.990E+02
      0.120E-02      0.301E-01      0.346E-01      0.842E+09     -0.990E+02     -0.990E+02
      0.126E-02      0.301E-01      0.346E-01      0.842E+09     -0.990E+02     -0.990E+02
      0.132E-02      0.301E-01      0.346E-01      0.842E+09     -0.990E+02     -0.990E+02
      0.138E-02      0.301E-01      0.346E-01      0.842E+09     -0.990E+02     -0.990E+02
      0.145E-02      0.301E-01      0.346E-01      0.842E+09     -0.990E+02     -0.990E+02
      0.151E-02      0.301E-01      0.346E-01      0.842E+09     -0.990E+02     -0.990E+02
      0.158E-02      0.301E-01      0.346E-01      0.842E+09     -0.990E+02     -0.990E+02
      0.166E-02      0.301E-01      0.346E-01      0.842E+09     -0.990E+02     -0.990E+02
      0.174E-02      0.301E-01      0.346E-01      0.842E+09     -0.990E+02     -0.990E+02
      0.182E-02      0.301E-01      0.346E-01      0.842E+09     -0.990E+02     -0.990E+02
      0.191E-02      0.301E-01      0.346E-01      0.842E+09     -0.990E+02     -0.990E+02
      0.200E-02      0.301E-01      0.346E-01      0.842E+09     -0.990E+02     -0.990E+02
      0.209E-02      0.301E-01      0.346E-01      0.842E+09     -0.990E+02     -0.990E+02
      0.219E-02      0.301E-01      0.346E-01      0.842E+09     -0.990E+02     -0.990E+02
      0.229E-02      0.301E-01      0.346E-01      0.842E+09     -0.990E+02     -0.990E+02
      0.240E-02      0.301E-01      0.346E-01      0.842E+09     -0.990E+02     -0.990E+02
      0.251E-02      0.301E-01      0.346E-01      0.842E+09     -0.990E+02     -0.990E+02
      0.263E-02      0.301E-01      0.346E-01      0.842E+09     -0.990E+02     -0.990E+02
      0.275E-02      0.301E-01      0.346E-01      0.842E+09     -0.990E+02     -0.990E+02
      0.288E-02      0.301E-01      0.346E-01      0.842E+09     -0.990E+02     -0.990E+02
      0.302E-02      0.301E-01      0.346E-01      0.842E+09     -0.990E+02     -0.990E+02
      0.316E-02      0.301E-01      0.346E-01      0.842E+09     -0.990E+02     -0.990E+02
      0.331E-02      0.301E-01      0.346E-01      0.842E+09     -0.990E+02     -0.990E+02
      0.347E-02      0.301E-01      0.346E-01      0.842E+09     -0.990E+02     -0.990E+02
      0.363E-02      0.301E-01      0.346E-01      0.842E+09     -0.990E+02     -0.990E+02
      0.380E-02      0.301E-01      0.346E-01      0.842E+09     -0.990E+02     -0.990E+02
      0.398E-02      0.301E-01      0.346E-01      0.842E+09     -0.990E+02     -0.990E+02
      0.417E-02      0.301E-01      0.346E-01      0.842E+09     -0.990E+02     -0.990E+02
      0.437E-02      0.301E-01      0.346E-01      0.842E+09     -0.990E+02     -0.990E+02
      0.457E-02      0.301E-01      0.346E-01      0.842E+09     -0.990E+02     -0.990E+02
      0.479E-02      0.301E-01      0.346E-01      0.842E+09     -0.990E+02     -0.990E+02
      0.501E-02      0.301E-01      0.346E-01      0.842E+09     -0.990E+02     -0.990E+02
      0.525E-02      0.301E-01      0.346E-01      0.842E+09     -0.990E+02     -0.990E+02
      0.550E-02      0.301E-01      0.346E-01      0.842E+09     -0.990E+02     -0.990E+02
      0.575E-02      0.301E-01      0.346E-01      0.842E+09     -0.990E+02     -0.990E+02
      0.603E-02      0.301E-01      0.346E-01      0.842E+09     -0.990E+02     -0.990E+02
      0.631E-02      0.301E-01      0.346E-01      0.842E+09     -0.990E+02     -0.990E+02
      0.661E-02      0.301E-01      0.346E-01      0.842E+09     -0.990E+02     -0.990E+02
      0.692E-02      0.301E-01      0.346E-01      0.842E+09     -0.990E+02     -0.990E+02
      0.724E-02      0.301E-01      0.346E-01      0.842E+09     -0.990E+02     -0.990E+02
      0.759E-02      0.301E-01      0.346E-01      0.842E+09     -0.990E+02     -0.990E+02
      0.794E-02      0.301E-01      0.346E-01      0.842E+09     -0.990E+02     -0.990E+02
      0.832E-02      0.301E-01      0.346E-01      0.842E+09     -0.990E+02     -0.990E+02
      0.871E-02      0.301E-01      0.346E-01      0.842E+09     -0.990E+02     -0.990E+02
      0.912E-02      0.301E-01      0.346E-01      0.842E+09     -0.990E+02     -0.990E+02
      0.955E-02      0.301E-01      0.346E-01      0.842E+09     -0.990E+02     -0.990E+02
      0.100E-01      0.301E-01      0.346E-01      0.842E+09     -0.984E+00      0.593E+00
      0.105E-01      0.200E+01      0.879E+00      0.841E+09     -0.984E+00      0.592E+00
      0.110E-01      0.199E+01      0.877E+00      0.840E+09     -0.984E+00      0.593E+00
      0.115E-01      0.198E+01      0.872E+00      0.839E+09     -0.984E+00      0.593E+00
      0.120E-01      0.198E+01      0.872E+00      0.838E+09     -0.984E+00      0.593E+00
      0.126E-01      0.198E+01      0.869E+00      0.837E+09     -0.985E+00      0.592E+00
      0.132E-01      0.199E+01      0.875E+00      0.836E+09     -0.985E+00      0.593E+00
      0.138E-01      0.198E+01      0.871E+00      0.835E+09     -0.985E+00      0.593E+00
      0.144E-01      0.196E+01      0.864E+00      0.834E+09     -0.985E+00      0.593E+00
      0.151E-01      0.197E+01      0.865E+00      0.833E+09     -0.985E+00      0.593E+00
      0.159E-01      0.197E+01      0.865E+00      0.831E+09     -0.986E+00      0.593E+00
      0.166E-01      0.196E+01      0.862E+00      0.830E+09     -0.986E+00      0.592E+00
      0.174E-01      0.196E+01      0.862E+00      0.829E+09     -0.987E+00      0.593E+00
      0.182E-01      0.197E+01      0.862E+00      0.828E+09     -0.987E+00      0.592E+00
      0.191E-01      0.196E+01      0.859E+00      0.826E+09     -0.988E+00      0.592E+00
      0.200E-01      0.195E+01      0.854E+00      0.825E+09     -0.988E+00      0.593E+00
      0.209E-01      0.194E+01      0.848E+00      0.823E+09     -0.989E+00      0.592E+00
      0.219E-01      0.194E+01      0.847E+00      0.822E+09     -0.990E+00      0.593E+00
      0.229E-01      0.193E+01      0.846E+00      0.820E+09     -0.990E+00      0.593E+00
      0.240E-01      0.193E+01      0.844E+00      0.818E+09     -0.991E+00      0.593E+00
      0.251E-01      0.193E+01      0.842E+00      0.816E+09     -0.991E+00      0.593E+00
      0.263E-01      0.192E+01      0.838E+00      0.815E+09     -0.992E+00      0.593E+00
      0.275E-01      0.191E+01      0.832E+00      0.813E+09     -0.993E+00      0.594E+00
      0.290E-01      0.191E+01      0.829E+00      0.811E+09     -0.994E+00      0.593E+00
      0.300E-01      0.190E+01      0.827E+00      0.809E+09     -0.995E+00      0.594E+00
      0.310E-01      0.190E+01      0.826E+00      0.807E+09     -0.995E+00      0.594E+00
      0.320E-01      0.189E+01      0.822E+00      0.805E+09     -0.996E+00      0.594E+00
      0.330E-01      0.189E+01      0.820E+00      0.804E+09     -0.996E+00      0.595E+00
      0.340E-01      0.188E+01      0.816E+00      0.802E+09     -0.997E+00      0.594E+00
      0.350E-01      0.188E+01      0.815E+00      0.801E+09     -0.998E+00      0.595E+00
      0.360E-01      0.187E+01      0.810E+00      0.799E+09     -0.998E+00      0.594E+00
      0.370E-01      0.186E+01      0.807E+00      0.798E+09     -0.999E+00      0.595E+00
      0.380E-01      0.185E+01      0.802E+00      0.796E+09     -0.999E+00      0.594E+00
      0.390E-01      0.185E+01      0.799E+00      0.795E+09     -0.999E+00      0.594E+00
      0.400E-01      0.184E+01      0.795E+00      0.793E+09     -0.999E+00      0.594E+00
      0.425E-01      0.182E+01      0.785E+00      0.791E+09     -0.100E+01      0.594E+00
      0.450E-01      0.180E+01      0.776E+00      0.787E+09     -0.100E+01      0.594E+00
      0.475E-01      0.178E+01      0.767E+00      0.783E+09     -0.100E+01      0.594E+00
      0.500E-01      0.175E+01      0.757E+00      0.780E+09     -0.100E+01      0.594E+00
      0.525E-01      0.173E+01      0.747E+00      0.776E+09     -0.100E+01      0.593E+00
      0.550E-01      0.172E+01      0.738E+00      0.773E+09     -0.100E+01      0.592E+00
      0.571E-01      0.170E+01      0.731E+00      0.770E+09     -0.101E+01      0.591E+00
      0.640E-01      0.165E+01      0.703E+00      0.764E+09     -0.101E+01      0.587E+00
      0.719E-01      0.160E+01      0.673E+00      0.754E+09     -0.101E+01      0.583E+00
      0.806E-01      0.153E+01      0.638E+00      0.744E+09     -0.102E+01      0.578E+00
      0.905E-01      0.146E+01      0.602E+00      0.733E+09     -0.102E+01      0.573E+00
      0.102E+00      0.138E+01      0.562E+00      0.721E+09     -0.103E+01      0.568E+00
      0.114E+00      0.129E+01      0.521E+00      0.709E+09     -0.103E+01      0.565E+00
      0.128E+00      0.123E+01      0.493E+00      0.696E+09     -0.104E+01      0.563E+00
      0.143E+00      0.118E+01      0.470E+00      0.683E+09     -0.104E+01      0.562E+00
      0.161E+00      0.112E+01      0.444E+00      0.668E+09     -0.104E+01      0.563E+00
      0.181E+00      0.105E+01      0.417E+00      0.653E+09     -0.104E+01      0.565E+00
      0.203E+00      0.976E+00      0.389E+00      0.637E+09     -0.105E+01      0.571E+00
      0.227E+00      0.890E+00      0.360E+00      0.621E+09     -0.105E+01      0.584E+00
      0.255E+00      0.797E+00      0.333E+00      0.604E+09     -0.106E+01      0.607E+00
      0.286E+00      0.704E+00      0.312E+00      0.587E+09     -0.106E+01      0.644E+00
      0.321E+00      0.663E+00      0.292E+00      0.571E+09     -0.106E+01      0.641E+00
      0.360E+00      0.617E+00      0.271E+00      0.554E+09     -0.106E+01      0.642E+00
      0.404E+00      0.575E+00      0.250E+00      0.536E+09     -0.106E+01      0.638E+00
      0.453E+00      0.529E+00      0.231E+00      0.518E+09     -0.106E+01      0.642E+00
      0.509E+00      0.479E+00      0.218E+00      0.499E+09     -0.106E+01      0.669E+00
      0.571E+00      0.436E+00      0.203E+00      0.480E+09     -0.106E+01      0.698E+00
      0.641E+00      0.421E+00      0.202E+00      0.461E+09     -0.108E+01      0.745E+00
      0.719E+00      0.441E+00      0.211E+00      0.440E+09     -0.110E+01      0.764E+00
      0.806E+00      0.449E+00      0.215E+00      0.416E+09     -0.110E+01      0.771E+00
      0.905E+00      0.427E+00      0.190E+00      0.389E+09     -0.106E+01      0.655E+00
      0.102E+01      0.409E+00      0.207E+00      0.359E+09     -0.101E+01      0.706E+00
      0.114E+01      0.478E+00      0.205E+00      0.328E+09     -0.109E+01      0.642E+00
      0.128E+01      0.508E+00      0.240E+00      0.288E+09     -0.117E+01      0.817E+00
      0.143E+01      0.535E+00      0.177E+00      0.241E+09     -0.115E+01      0.559E+00
      0.161E+01      0.628E+00      0.174E+00      0.186E+09     -0.118E+01      0.457E+00
      0.168E+01      0.549E+00      0.148E+00      0.138E+09     -0.130E+01      0.494E+00
      0.170E+01      0.524E+00      0.144E+00      0.122E+09     -0.134E+01      0.526E+00
      0.180E+01      0.404E+00      0.155E+00      0.103E+09     -0.162E+01      0.885E+00
      0.190E+01      0.321E+00      0.128E+00      0.781E+08     -0.176E+01      0.934E+00
      0.200E+01      0.251E+00      0.128E+00      0.584E+08     -0.176E+01      0.116E+01
      0.210E+01      0.182E+00      0.121E+00      0.430E+08     -0.181E+01      0.154E+01
      0.220E+01      0.147E+00      0.115E+00      0.319E+08     -0.187E+01      0.183E+01
      0.230E+01      0.113E+00      0.116E+00      0.230E+08     -0.196E+01      0.252E+01
      0.240E+01      0.838E-01      0.860E-01      0.161E+08     -0.201E+01      0.257E+01
      0.250E+01      0.596E-01      0.735E-01      0.111E+08     -0.219E+01      0.335E+01
      0.260E+01      0.427E-01      0.595E-01      0.754E+07     -0.216E+01      0.374E+01
      0.275E+01      0.227E-01      0.486E-01      0.436E+07     -0.169E+01      0.456E+01
      0.300E+01      0.601E-02      0.257E-01      0.167E+07     -0.158E+01      0.898E+01
      0.325E+01      0.275E-02      0.204E-01      0.780E+06     -0.102E+01      0.104E+02
      0.350E+01      0.162E-02      0.123E-01      0.378E+06     -0.108E+01      0.116E+02
      0.375E+01      0.850E-03      0.604E-02      0.143E+06     -0.130E+01      0.121E+02
      0.400E+01      0.129E-03      0.138E-02      0.195E+05     -0.116E+01      0.153E+02
      0.425E+01      0.551E-05      0.132E-03      0.803E+03     -0.676E+00      0.235E+02
      0.450E+01      0.142E-08      0.349E-05      0.205E+00     -0.700E+00      0.238E+04
      0.475E+01      0.189E-12      0.221E-07      0.270E-04     -0.129E+01      0.201E+06
      0.500E+01      0.324E-18      0.554E-10      0.463E-10     -0.182E+01      0.407E+09
      0.525E+01      0.000E+00      0.000E+00      0.000E+00     -0.990E+02     -0.990E+02
      0.550E+01      0.000E+00      0.000E+00      0.000E+00     -0.990E+02     -0.990E+02
      0.575E+01      0.000E+00      0.000E+00      0.000E+00     -0.990E+02     -0.990E+02
      0.600E+01      0.000E+00      0.000E+00      0.000E+00     -0.990E+02     -0.990E+02
      0.625E+01      0.000E+00      0.000E+00      0.000E+00     -0.990E+02     -0.990E+02
      0.650E+01      0.000E+00      0.000E+00      0.000E+00     -0.990E+02     -0.990E+02
      0.675E+01      0.000E+00      0.000E+00      0.000E+00     -0.990E+02     -0.990E+02
      0.700E+01      0.000E+00      0.000E+00      0.000E+00     -0.990E+02     -0.990E+02
      0.725E+01      0.000E+00      0.000E+00      0.000E+00     -0.990E+02     -0.990E+02
      0.750E+01      0.000E+00      0.000E+00      0.000E+00     -0.990E+02     -0.990E+02
      0.775E+01      0.000E+00      0.000E+00      0.000E+00     -0.990E+02     -0.990E+02
      0.800E+01      0.000E+00      0.000E+00      0.000E+00     -0.990E+02     -0.990E+02
      0.825E+01      0.000E+00      0.000E+00      0.000E+00     -0.990E+02     -0.990E+02
      0.850E+01      0.000E+00      0.000E+00      0.000E+00     -0.990E+02     -0.990E+02
      0.875E+01      0.000E+00      0.000E+00      0.000E+00     -0.990E+02     -0.990E+02
      0.900E+01      0.000E+00      0.000E+00      0.000E+00     -0.990E+02     -0.990E+02
      0.925E+01      0.000E+00      0.000E+00      0.000E+00     -0.990E+02     -0.990E+02
      0.950E+01      0.000E+00      0.000E+00      0.000E+00     -0.990E+02     -0.990E+02
      0.975E+01      0.000E+00      0.000E+00      0.000E+00     -0.990E+02     -0.990E+02
      0.100E+02      0.000E+00      0.000E+00      0.000E+00     -0.990E+02     -0.990E+02
      0.102E+02      0.000E+00      0.000E+00      0.000E+00     -0.990E+02     -0.990E+02
      0.105E+02      0.000E+00      0.000E+00      0.000E+00     -0.990E+02     -0.990E+02
      0.108E+02      0.000E+00      0.000E+00      0.000E+00     -0.990E+02     -0.990E+02
      0.110E+02      0.000E+00      0.000E+00      0.000E+00     -0.990E+02     -0.990E+02
      0.112E+02      0.000E+00      0.000E+00      0.000E+00     -0.990E+02     -0.990E+02
      0.115E+02      0.000E+00      0.000E+00      0.000E+00     -0.990E+02     -0.990E+02
      0.118E+02      0.000E+00      0.000E+00      0.000E+00     -0.990E+02     -0.990E+02
      0.120E+02      0.000E+00      0.000E+00      0.000E+00     -0.990E+02     -0.990E+02
      0.122E+02      0.000E+00      0.000E+00      0.000E+00     -0.990E+02     -0.990E+02
      0.125E+02      0.000E+00      0.000E+00      0.000E+00     -0.990E+02     -0.990E+02
      0.128E+02      0.000E+00      0.000E+00      0.000E+00     -0.990E+02     -0.990E+02
      0.130E+02      0.000E+00      0.000E+00      0.000E+00     -0.990E+02     -0.990E+02
      0.132E+02      0.000E+00      0.000E+00      0.000E+00     -0.990E+02     -0.990E+02
      0.135E+02      0.000E+00      0.000E+00      0.000E+00     -0.990E+02     -0.990E+02
      0.138E+02      0.000E+00      0.000E+00      0.000E+00     -0.990E+02     -0.990E+02
      0.140E+02      0.000E+00      0.000E+00      0.000E+00     -0.990E+02     -0.990E+02
      0.142E+02      0.000E+00      0.000E+00      0.000E+00     -0.990E+02     -0.990E+02
      0.145E+02      0.000E+00      0.000E+00      0.000E+00     -0.990E+02     -0.990E+02
      0.148E+02      0.000E+00      0.000E+00      0.000E+00     -0.990E+02     -0.990E+02
      0.150E+02      0.000E+00      0.000E+00      0.000E+00     -0.990E+02     -0.990E+02
      0.152E+02      0.000E+00      0.000E+00      0.000E+00     -0.990E+02     -0.990E+02
      0.155E+02      0.000E+00      0.000E+00      0.000E+00     -0.990E+02     -0.990E+02
      0.158E+02      0.000E+00      0.000E+00      0.000E+00     -0.990E+02     -0.990E+02
      0.160E+02      0.000E+00      0.000E+00      0.000E+00     -0.990E+02     -0.990E+02
      0.162E+02      0.000E+00      0.000E+00      0.000E+00     -0.990E+02     -0.990E+02
      0.165E+02      0.000E+00      0.000E+00      0.000E+00     -0.990E+02     -0.990E+02
      0.168E+02      0.000E+00      0.000E+00      0.000E+00     -0.990E+02     -0.990E+02
      0.170E+02      0.000E+00      0.000E+00      0.000E+00     -0.990E+02     -0.990E+02
      0.172E+02      0.000E+00      0.000E+00      0.000E+00     -0.990E+02     -0.990E+02
      0.175E+02      0.000E+00      0.000E+00      0.000E+00     -0.990E+02     -0.990E+02
      0.178E+02      0.000E+00      0.000E+00      0.000E+00     -0.990E+02     -0.990E+02
      0.180E+02      0.000E+00      0.000E+00      0.000E+00     -0.990E+02     -0.990E+02
      0.182E+02      0.000E+00      0.000E+00      0.000E+00     -0.990E+02     -0.990E+02
      0.185E+02      0.000E+00      0.000E+00      0.000E+00     -0.990E+02     -0.990E+02
      0.188E+02      0.000E+00      0.000E+00      0.000E+00     -0.990E+02     -0.990E+02
      0.190E+02      0.000E+00      0.000E+00      0.000E+00     -0.990E+02     -0.990E+02
      0.192E+02      0.000E+00      0.000E+00      0.000E+00     -0.990E+02     -0.990E+02
      0.195E+02      0.000E+00      0.000E+00      0.000E+00     -0.990E+02     -0.990E+02
      0.198E+02      0.000E+00      0.000E+00      0.000E+00     -0.990E+02     -0.990E+02
      0.200E+02      0.000E+00      0.000E+00      0.000E+00     -0.990E+02     -0.990E+02
