      0.000E+00      0.131E+02      0.429E+00      0.678E+10     -0.990E+02     -0.990E+02
      0.100E-03      0.131E+02      0.429E+00      0.678E+10     -0.990E+02     -0.990E+02
      0.140E-03      0.131E+02      0.429E+00      0.678E+10     -0.990E+02     -0.990E+02
      0.160E-03      0.131E+02      0.429E+00      0.678E+10     -0.990E+02     -0.990E+02
      0.180E-03      0.131E+02      0.429E+00      0.678E+10     -0.990E+02     -0.990E+02
      0.200E-03      0.131E+02      0.429E+00      0.678E+10     -0.990E+02     -0.990E+02
      0.220E-03      0.131E+02      0.429E+00      0.678E+10     -0.990E+02     -0.990E+02
      0.250E-03      0.131E+02      0.429E+00      0.678E+10     -0.990E+02     -0.990E+02
      0.280E-03      0.131E+02      0.429E+00      0.678E+10     -0.990E+02     -0.990E+02
      0.320E-03      0.131E+02      0.429E+00      0.678E+10     -0.990E+02     -0.990E+02
      0.350E-03      0.131E+02      0.429E+00      0.678E+10     -0.990E+02     -0.990E+02
      0.400E-03      0.131E+02      0.429E+00      0.678E+10     -0.990E+02     -0.990E+02
      0.450E-03      0.131E+02      0.429E+00      0.678E+10     -0.990E+02     -0.990E+02
      0.500E-03      0.131E+02      0.429E+00      0.678E+10     -0.990E+02     -0.990E+02
      0.560E-03      0.131E+02      0.429E+00      0.678E+10     -0.990E+02     -0.990E+02
      0.630E-03      0.131E+02      0.429E+00      0.678E+10     -0.990E+02     -0.990E+02
      0.710E-03      0.131E+02      0.429E+00      0.678E+10     -0.990E+02     -0.990E+02
      0.790E-03      0.131E+02      0.429E+00      0.678E+10     -0.990E+02     -0.990E+02
      0.890E-03      0.131E+02      0.429E+00      0.678E+10     -0.990E+02     -0.990E+02
      0.100E-02      0.131E+02      0.429E+00      0.678E+10     -0.990E+02     -0.990E+02
      0.105E-02      0.131E+02      0.429E+00      0.678E+10     -0.990E+02     -0.990E+02
      0.110E-02      0.131E+02      0.429E+00      0.678E+10     -0.990E+02     -0.990E+02
      0.115E-02      0.131E+02      0.429E+00      0.678E+10     -0.990E+02     -0.990E+02
      0.120E-02      0.131E+02      0.429E+00      0.678E+10     -0.990E+02     -0.990E+02
      0.126E-02      0.131E+02      0.429E+00      0.678E+10     -0.990E+02     -0.990E+02
      0.132E-02      0.131E+02      0.429E+00      0.678E+10     -0.990E+02     -0.990E+02
      0.138E-02      0.131E+02      0.429E+00      0.678E+10     -0.990E+02     -0.990E+02
      0.145E-02      0.131E+02      0.429E+00      0.678E+10     -0.990E+02     -0.990E+02
      0.151E-02      0.131E+02      0.429E+00      0.678E+10     -0.990E+02     -0.990E+02
      0.158E-02      0.131E+02      0.429E+00      0.678E+10     -0.990E+02     -0.990E+02
      0.166E-02      0.131E+02      0.429E+00      0.678E+10     -0.990E+02     -0.990E+02
      0.174E-02      0.131E+02      0.429E+00      0.678E+10     -0.990E+02     -0.990E+02
      0.182E-02      0.131E+02      0.429E+00      0.678E+10     -0.990E+02     -0.990E+02
      0.191E-02      0.131E+02      0.429E+00      0.678E+10     -0.990E+02     -0.990E+02
      0.200E-02      0.131E+02      0.429E+00      0.678E+10     -0.990E+02     -0.990E+02
      0.209E-02      0.131E+02      0.429E+00      0.678E+10     -0.990E+02     -0.990E+02
      0.219E-02      0.131E+02      0.429E+00      0.678E+10     -0.990E+02     -0.990E+02
      0.229E-02      0.131E+02      0.429E+00      0.678E+10     -0.990E+02     -0.990E+02
      0.240E-02      0.131E+02      0.429E+00      0.678E+10     -0.990E+02     -0.990E+02
      0.251E-02      0.131E+02      0.429E+00      0.678E+10     -0.990E+02     -0.990E+02
      0.263E-02      0.131E+02      0.429E+00      0.678E+10     -0.990E+02     -0.990E+02
      0.275E-02      0.131E+02      0.429E+00      0.678E+10     -0.990E+02     -0.990E+02
      0.288E-02      0.131E+02      0.429E+00      0.678E+10     -0.990E+02     -0.990E+02
      0.302E-02      0.131E+02      0.429E+00      0.678E+10     -0.990E+02     -0.990E+02
      0.316E-02      0.131E+02      0.429E+00      0.678E+10     -0.990E+02     -0.990E+02
      0.331E-02      0.131E+02      0.429E+00      0.678E+10     -0.990E+02     -0.990E+02
      0.347E-02      0.131E+02      0.429E+00      0.678E+10     -0.990E+02     -0.990E+02
      0.363E-02      0.131E+02      0.429E+00      0.678E+10     -0.990E+02     -0.990E+02
      0.380E-02      0.131E+02      0.429E+00      0.678E+10     -0.990E+02     -0.990E+02
      0.398E-02      0.131E+02      0.429E+00      0.678E+10     -0.990E+02     -0.990E+02
      0.417E-02      0.131E+02      0.429E+00      0.678E+10     -0.990E+02     -0.990E+02
      0.437E-02      0.131E+02      0.429E+00      0.678E+10     -0.990E+02     -0.990E+02
      0.457E-02      0.131E+02      0.429E+00      0.678E+10     -0.990E+02     -0.990E+02
      0.479E-02      0.131E+02      0.429E+00      0.678E+10     -0.990E+02     -0.990E+02
      0.501E-02      0.131E+02      0.429E+00      0.678E+10     -0.990E+02     -0.990E+02
      0.525E-02      0.131E+02      0.429E+00      0.678E+10     -0.990E+02     -0.990E+02
      0.550E-02      0.131E+02      0.429E+00      0.678E+10     -0.990E+02     -0.990E+02
      0.575E-02      0.131E+02      0.429E+00      0.678E+10     -0.990E+02     -0.990E+02
      0.603E-02      0.131E+02      0.429E+00      0.678E+10     -0.990E+02     -0.990E+02
      0.631E-02      0.131E+02      0.429E+00      0.678E+10     -0.990E+02     -0.990E+02
      0.661E-02      0.131E+02      0.429E+00      0.678E+10     -0.990E+02     -0.990E+02
      0.692E-02      0.131E+02      0.429E+00      0.678E+10     -0.990E+02     -0.990E+02
      0.724E-02      0.131E+02      0.429E+00      0.678E+10     -0.990E+02     -0.990E+02
      0.759E-02      0.131E+02      0.429E+00      0.678E+10     -0.990E+02     -0.990E+02
      0.794E-02      0.131E+02      0.429E+00      0.678E+10     -0.990E+02     -0.990E+02
      0.832E-02      0.131E+02      0.429E+00      0.678E+10     -0.990E+02     -0.990E+02
      0.871E-02      0.131E+02      0.429E+00      0.678E+10     -0.990E+02     -0.990E+02
      0.912E-02      0.131E+02      0.429E+00      0.678E+10     -0.990E+02     -0.990E+02
      0.955E-02      0.131E+02      0.429E+00      0.678E+10     -0.990E+02     -0.990E+02
      0.100E-01      0.131E+02      0.429E+00      0.678E+10     -0.537E+00      0.249E+00
      0.105E-01      0.712E+01      0.228E+01      0.664E+10     -0.537E+00      0.249E+00
      0.110E-01      0.707E+01      0.227E+01      0.664E+10     -0.537E+00      0.249E+00
      0.115E-01      0.706E+01      0.226E+01      0.663E+10     -0.537E+00      0.248E+00
      0.120E-01      0.705E+01      0.226E+01      0.663E+10     -0.536E+00      0.248E+00
      0.126E-01      0.706E+01      0.226E+01      0.663E+10     -0.536E+00      0.248E+00
      0.132E-01      0.710E+01      0.227E+01      0.662E+10     -0.536E+00      0.247E+00
      0.138E-01      0.707E+01      0.226E+01      0.662E+10     -0.536E+00      0.247E+00
      0.144E-01      0.702E+01      0.224E+01      0.662E+10     -0.535E+00      0.247E+00
      0.151E-01      0.703E+01      0.224E+01      0.661E+10     -0.535E+00      0.247E+00
      0.159E-01      0.705E+01      0.224E+01      0.661E+10     -0.535E+00      0.246E+00
      0.166E-01      0.704E+01      0.224E+01      0.660E+10     -0.534E+00      0.246E+00
      0.174E-01      0.706E+01      0.224E+01      0.660E+10     -0.534E+00      0.246E+00
      0.182E-01      0.707E+01      0.224E+01      0.659E+10     -0.534E+00      0.245E+00
      0.191E-01      0.706E+01      0.223E+01      0.659E+10     -0.533E+00      0.245E+00
      0.200E-01      0.703E+01      0.222E+01      0.658E+10     -0.533E+00      0.244E+00
      0.209E-01      0.702E+01      0.221E+01      0.658E+10     -0.533E+00      0.244E+00
      0.219E-01      0.702E+01      0.221E+01      0.657E+10     -0.532E+00      0.243E+00
      0.229E-01      0.703E+01      0.221E+01      0.657E+10     -0.532E+00      0.243E+00
      0.240E-01      0.703E+01      0.220E+01      0.656E+10     -0.531E+00      0.242E+00
      0.251E-01      0.703E+01      0.220E+01      0.655E+10     -0.531E+00      0.242E+00
      0.263E-01      0.702E+01      0.220E+01      0.655E+10     -0.530E+00      0.242E+00
      0.275E-01      0.701E+01      0.218E+01      0.654E+10     -0.529E+00      0.241E+00
      0.290E-01      0.700E+01      0.217E+01      0.653E+10     -0.529E+00      0.240E+00
      0.300E-01      0.701E+01      0.218E+01      0.653E+10     -0.529E+00      0.240E+00
      0.310E-01      0.701E+01      0.217E+01      0.652E+10     -0.528E+00      0.239E+00
      0.320E-01      0.700E+01      0.216E+01      0.651E+10     -0.528E+00      0.239E+00
      0.330E-01      0.700E+01      0.216E+01      0.651E+10     -0.527E+00      0.238E+00
      0.340E-01      0.700E+01      0.215E+01      0.650E+10     -0.527E+00      0.238E+00
      0.350E-01      0.698E+01      0.215E+01      0.650E+10     -0.526E+00      0.237E+00
      0.360E-01      0.698E+01      0.214E+01      0.649E+10     -0.526E+00      0.237E+00
      0.370E-01      0.697E+01      0.214E+01      0.648E+10     -0.526E+00      0.237E+00
      0.380E-01      0.697E+01      0.213E+01      0.648E+10     -0.525E+00      0.236E+00
      0.390E-01      0.697E+01      0.213E+01      0.647E+10     -0.524E+00      0.235E+00
      0.400E-01      0.697E+01      0.212E+01      0.647E+10     -0.524E+00      0.235E+00
      0.425E-01      0.696E+01      0.211E+01      0.646E+10     -0.523E+00      0.234E+00
      0.450E-01      0.693E+01      0.209E+01      0.644E+10     -0.522E+00      0.233E+00
      0.475E-01      0.695E+01      0.209E+01      0.643E+10     -0.521E+00      0.232E+00
      0.500E-01      0.692E+01      0.207E+01      0.642E+10     -0.519E+00      0.230E+00
      0.525E-01      0.693E+01      0.207E+01      0.640E+10     -0.519E+00      0.230E+00
      0.550E-01      0.689E+01      0.204E+01      0.639E+10     -0.517E+00      0.228E+00
      0.571E-01      0.690E+01      0.204E+01      0.638E+10     -0.516E+00      0.227E+00
      0.640E-01      0.688E+01      0.201E+01      0.635E+10     -0.513E+00      0.224E+00
      0.719E-01      0.685E+01      0.197E+01      0.631E+10     -0.510E+00      0.221E+00
      0.806E-01      0.681E+01      0.193E+01      0.627E+10     -0.506E+00      0.217E+00
      0.905E-01      0.678E+01      0.189E+01      0.622E+10     -0.501E+00      0.213E+00
      0.102E+00      0.675E+01      0.184E+01      0.616E+10     -0.496E+00      0.208E+00
      0.114E+00      0.670E+01      0.179E+01      0.610E+10     -0.490E+00      0.203E+00
      0.128E+00      0.665E+01      0.173E+01      0.604E+10     -0.484E+00      0.197E+00
      0.143E+00      0.659E+01      0.166E+01      0.596E+10     -0.476E+00      0.191E+00
      0.161E+00      0.653E+01      0.159E+01      0.588E+10     -0.467E+00      0.184E+00
      0.181E+00      0.646E+01      0.152E+01      0.579E+10     -0.457E+00      0.176E+00
      0.203E+00      0.638E+01      0.144E+01      0.569E+10     -0.446E+00      0.167E+00
      0.227E+00      0.629E+01      0.136E+01      0.559E+10     -0.433E+00      0.158E+00
      0.255E+00      0.618E+01      0.128E+01      0.547E+10     -0.418E+00      0.148E+00
      0.286E+00      0.709E+01      0.139E+01      0.534E+10     -0.474E+00      0.148E+00
      0.321E+00      0.822E+01      0.157E+01      0.517E+10     -0.527E+00      0.154E+00
      0.360E+00      0.947E+01      0.179E+01      0.496E+10     -0.571E+00      0.163E+00
      0.404E+00      0.109E+02      0.207E+01      0.468E+10     -0.608E+00      0.173E+00
      0.453E+00      0.125E+02      0.241E+01      0.433E+10     -0.640E+00      0.185E+00
      0.509E+00      0.141E+02      0.277E+01      0.388E+10     -0.666E+00      0.194E+00
      0.571E+00      0.113E+02      0.220E+01      0.332E+10     -0.656E+00      0.189E+00
      0.641E+00      0.822E+01      0.166E+01      0.282E+10     -0.636E+00      0.186E+00
      0.719E+00      0.471E+01      0.134E+01      0.241E+10     -0.583E+00      0.212E+00
      0.806E+00      0.384E+01      0.137E+01      0.215E+10     -0.622E+00      0.268E+00
      0.905E+00      0.553E+01      0.147E+01      0.191E+10     -0.742E+00      0.254E+00
      0.102E+01      0.714E+01      0.168E+01      0.154E+10     -0.816E+00      0.256E+00
      0.114E+01      0.468E+01      0.107E+01      0.996E+09     -0.101E+01      0.279E+00
      0.128E+01      0.223E+01      0.107E+01      0.600E+09     -0.154E+01      0.813E+00
      0.143E+01      0.129E+01      0.123E+01      0.391E+09     -0.950E+00      0.956E+00
      0.161E+01      0.753E+00      0.114E+01      0.255E+09     -0.291E+00      0.631E+00
      0.168E+01      0.684E+00      0.102E+01      0.196E+09     -0.343E+00      0.738E+00
      0.170E+01      0.665E+00      0.996E+00      0.177E+09     -0.359E+00      0.772E+00
      0.180E+01      0.568E+00      0.869E+00      0.152E+09     -0.415E+00      0.907E+00
      0.190E+01      0.476E+00      0.713E+00      0.116E+09     -0.429E+00      0.920E+00
      0.200E+01      0.384E+00      0.564E+00      0.869E+08     -0.450E+00      0.956E+00
      0.210E+01      0.328E+00      0.445E+00      0.633E+08     -0.522E+00      0.103E+01
      0.220E+01      0.272E+00      0.348E+00      0.433E+08     -0.624E+00      0.116E+01
      0.230E+01      0.207E+00      0.261E+00      0.268E+08     -0.712E+00      0.128E+01
      0.240E+01      0.122E+00      0.168E+00      0.143E+08     -0.766E+00      0.149E+01
      0.250E+01      0.394E-01      0.112E+00      0.697E+07     -0.107E+01      0.391E+01
      0.260E+01      0.262E-01      0.919E-01      0.461E+07     -0.117E+01      0.506E+01
      0.275E+01      0.147E-01      0.696E-01      0.266E+07     -0.117E+01      0.723E+01
      0.300E+01      0.405E-02      0.467E-01      0.917E+06     -0.103E+01      0.145E+02
      0.325E+01      0.122E-02      0.382E-01      0.320E+06     -0.798E+00      0.329E+02
      0.350E+01      0.556E-03      0.210E-01      0.140E+06     -0.798E+00      0.437E+02
      0.375E+01      0.263E-03      0.120E-01      0.589E+05     -0.772E+00      0.470E+02
      0.400E+01      0.109E-03      0.669E-02      0.203E+05     -0.502E+00      0.366E+02
      0.425E+01      0.264E-04      0.149E-02      0.425E+04     -0.286E+00      0.245E+02
      0.450E+01      0.271E-05      0.175E-03      0.393E+03     -0.491E+00      0.446E+02
      0.475E+01      0.000E+00      0.228E-22      0.931E-34     -0.102E+01            NaN
      0.500E+01      0.000E+00      0.000E+00      0.000E+00     -0.990E+02     -0.990E+02
      0.525E+01      0.000E+00      0.000E+00      0.000E+00     -0.990E+02     -0.990E+02
      0.550E+01      0.000E+00      0.000E+00      0.000E+00     -0.990E+02     -0.990E+02
      0.575E+01      0.000E+00      0.000E+00      0.000E+00     -0.990E+02     -0.990E+02
      0.600E+01      0.000E+00      0.000E+00      0.000E+00     -0.990E+02     -0.990E+02
      0.625E+01      0.000E+00      0.000E+00      0.000E+00     -0.990E+02     -0.990E+02
      0.650E+01      0.000E+00      0.000E+00      0.000E+00     -0.990E+02     -0.990E+02
      0.675E+01      0.000E+00      0.000E+00      0.000E+00     -0.990E+02     -0.990E+02
      0.700E+01      0.000E+00      0.000E+00      0.000E+00     -0.990E+02     -0.990E+02
      0.725E+01      0.000E+00      0.000E+00      0.000E+00     -0.990E+02     -0.990E+02
      0.750E+01      0.000E+00      0.000E+00      0.000E+00     -0.990E+02     -0.990E+02
      0.775E+01      0.000E+00      0.000E+00      0.000E+00     -0.990E+02     -0.990E+02
      0.800E+01      0.000E+00      0.000E+00      0.000E+00     -0.990E+02     -0.990E+02
      0.825E+01      0.000E+00      0.000E+00      0.000E+00     -0.990E+02     -0.990E+02
      0.850E+01      0.000E+00      0.000E+00      0.000E+00     -0.990E+02     -0.990E+02
      0.875E+01      0.000E+00      0.000E+00      0.000E+00     -0.990E+02     -0.990E+02
      0.900E+01      0.000E+00      0.000E+00      0.000E+00     -0.990E+02     -0.990E+02
      0.925E+01      0.000E+00      0.000E+00      0.000E+00     -0.990E+02     -0.990E+02
      0.950E+01      0.000E+00      0.000E+00      0.000E+00     -0.990E+02     -0.990E+02
      0.975E+01      0.000E+00      0.000E+00      0.000E+00     -0.990E+02     -0.990E+02
      0.100E+02      0.000E+00      0.000E+00      0.000E+00     -0.990E+02     -0.990E+02
      0.102E+02      0.000E+00      0.000E+00      0.000E+00     -0.990E+02     -0.990E+02
      0.105E+02      0.000E+00      0.000E+00      0.000E+00     -0.990E+02     -0.990E+02
      0.108E+02      0.000E+00      0.000E+00      0.000E+00     -0.990E+02     -0.990E+02
      0.110E+02      0.000E+00      0.000E+00      0.000E+00     -0.990E+02     -0.990E+02
      0.112E+02      0.000E+00      0.000E+00      0.000E+00     -0.990E+02     -0.990E+02
      0.115E+02      0.000E+00      0.000E+00      0.000E+00     -0.990E+02     -0.990E+02
      0.118E+02      0.000E+00      0.000E+00      0.000E+00     -0.990E+02     -0.990E+02
      0.120E+02      0.000E+00      0.000E+00      0.000E+00     -0.990E+02     -0.990E+02
      0.122E+02      0.000E+00      0.000E+00      0.000E+00     -0.990E+02     -0.990E+02
      0.125E+02      0.000E+00      0.000E+00      0.000E+00     -0.990E+02     -0.990E+02
      0.128E+02      0.000E+00      0.000E+00      0.000E+00     -0.990E+02     -0.990E+02
      0.130E+02      0.000E+00      0.000E+00      0.000E+00     -0.990E+02     -0.990E+02
      0.132E+02      0.000E+00      0.000E+00      0.000E+00     -0.990E+02     -0.990E+02
      0.135E+02      0.000E+00      0.000E+00      0.000E+00     -0.990E+02     -0.990E+02
      0.138E+02      0.000E+00      0.000E+00      0.000E+00     -0.990E+02     -0.990E+02
      0.140E+02      0.000E+00      0.000E+00      0.000E+00     -0.990E+02     -0.990E+02
      0.142E+02      0.000E+00      0.000E+00      0.000E+00     -0.990E+02     -0.990E+02
      0.145E+02      0.000E+00      0.000E+00      0.000E+00     -0.990E+02     -0.990E+02
      0.148E+02      0.000E+00      0.000E+00      0.000E+00     -0.990E+02     -0.990E+02
      0.150E+02      0.000E+00      0.000E+00      0.000E+00     -0.990E+02     -0.990E+02
      0.152E+02      0.000E+00      0.000E+00      0.000E+00     -0.990E+02     -0.990E+02
      0.155E+02      0.000E+00      0.000E+00      0.000E+00     -0.990E+02     -0.990E+02
      0.158E+02      0.000E+00      0.000E+00      0.000E+00     -0.990E+02     -0.990E+02
      0.160E+02      0.000E+00      0.000E+00      0.000E+00     -0.990E+02     -0.990E+02
      0.162E+02      0.000E+00      0.000E+00      0.000E+00     -0.990E+02     -0.990E+02
      0.165E+02      0.000E+00      0.000E+00      0.000E+00     -0.990E+02     -0.990E+02
      0.168E+02      0.000E+00      0.000E+00      0.000E+00     -0.990E+02     -0.990E+02
      0.170E+02      0.000E+00      0.000E+00      0.000E+00     -0.990E+02     -0.990E+02
      0.172E+02      0.000E+00      0.000E+00      0.000E+00     -0.990E+02     -0.990E+02
      0.175E+02      0.000E+00      0.000E+00      0.000E+00     -0.990E+02     -0.990E+02
      0.178E+02      0.000E+00      0.000E+00      0.000E+00     -0.990E+02     -0.990E+02
      0.180E+02      0.000E+00      0.000E+00      0.000E+00     -0.990E+02     -0.990E+02
      0.182E+02      0.000E+00      0.000E+00      0.000E+00     -0.990E+02     -0.990E+02
      0.185E+02      0.000E+00      0.000E+00      0.000E+00     -0.990E+02     -0.990E+02
      0.188E+02      0.000E+00      0.000E+00      0.000E+00     -0.990E+02     -0.990E+02
      0.190E+02      0.000E+00      0.000E+00      0.000E+00     -0.990E+02     -0.990E+02
      0.192E+02      0.000E+00      0.000E+00      0.000E+00     -0.990E+02     -0.990E+02
      0.195E+02      0.000E+00      0.000E+00      0.000E+00     -0.990E+02     -0.990E+02
      0.198E+02      0.000E+00      0.000E+00      0.000E+00     -0.990E+02     -0.990E+02
      0.200E+02      0.000E+00      0.000E+00      0.000E+00     -0.990E+02     -0.990E+02
