      0.000E+00      0.293E+02      0.834E+00      0.212E+10     -0.990E+02     -0.990E+02
      0.100E-03      0.293E+02      0.834E+00      0.212E+10     -0.990E+02     -0.990E+02
      0.140E-03      0.293E+02      0.834E+00      0.212E+10     -0.990E+02     -0.990E+02
      0.160E-03      0.293E+02      0.834E+00      0.212E+10     -0.990E+02     -0.990E+02
      0.180E-03      0.293E+02      0.834E+00      0.212E+10     -0.990E+02     -0.990E+02
      0.200E-03      0.293E+02      0.834E+00      0.212E+10     -0.990E+02     -0.990E+02
      0.220E-03      0.293E+02      0.834E+00      0.212E+10     -0.990E+02     -0.990E+02
      0.250E-03      0.293E+02      0.834E+00      0.212E+10     -0.990E+02     -0.990E+02
      0.280E-03      0.293E+02      0.834E+00      0.212E+10     -0.990E+02     -0.990E+02
      0.320E-03      0.293E+02      0.834E+00      0.212E+10     -0.990E+02     -0.990E+02
      0.350E-03      0.293E+02      0.834E+00      0.212E+10     -0.990E+02     -0.990E+02
      0.400E-03      0.293E+02      0.834E+00      0.212E+10     -0.990E+02     -0.990E+02
      0.450E-03      0.293E+02      0.834E+00      0.212E+10     -0.990E+02     -0.990E+02
      0.500E-03      0.293E+02      0.834E+00      0.212E+10     -0.990E+02     -0.990E+02
      0.560E-03      0.293E+02      0.834E+00      0.212E+10     -0.990E+02     -0.990E+02
      0.630E-03      0.293E+02      0.834E+00      0.212E+10     -0.990E+02     -0.990E+02
      0.710E-03      0.293E+02      0.834E+00      0.212E+10     -0.990E+02     -0.990E+02
      0.790E-03      0.293E+02      0.834E+00      0.212E+10     -0.990E+02     -0.990E+02
      0.890E-03      0.293E+02      0.834E+00      0.212E+10     -0.990E+02     -0.990E+02
      0.100E-02      0.293E+02      0.834E+00      0.212E+10     -0.990E+02     -0.990E+02
      0.105E-02      0.293E+02      0.834E+00      0.212E+10     -0.990E+02     -0.990E+02
      0.110E-02      0.293E+02      0.834E+00      0.212E+10     -0.990E+02     -0.990E+02
      0.115E-02      0.293E+02      0.834E+00      0.212E+10     -0.990E+02     -0.990E+02
      0.120E-02      0.293E+02      0.834E+00      0.212E+10     -0.990E+02     -0.990E+02
      0.126E-02      0.293E+02      0.834E+00      0.212E+10     -0.990E+02     -0.990E+02
      0.132E-02      0.293E+02      0.834E+00      0.212E+10     -0.990E+02     -0.990E+02
      0.138E-02      0.293E+02      0.834E+00      0.212E+10     -0.990E+02     -0.990E+02
      0.145E-02      0.293E+02      0.834E+00      0.212E+10     -0.990E+02     -0.990E+02
      0.151E-02      0.293E+02      0.834E+00      0.212E+10     -0.990E+02     -0.990E+02
      0.158E-02      0.293E+02      0.834E+00      0.212E+10     -0.990E+02     -0.990E+02
      0.166E-02      0.293E+02      0.834E+00      0.212E+10     -0.990E+02     -0.990E+02
      0.174E-02      0.293E+02      0.834E+00      0.212E+10     -0.990E+02     -0.990E+02
      0.182E-02      0.293E+02      0.834E+00      0.212E+10     -0.990E+02     -0.990E+02
      0.191E-02      0.293E+02      0.834E+00      0.212E+10     -0.990E+02     -0.990E+02
      0.200E-02      0.293E+02      0.834E+00      0.212E+10     -0.990E+02     -0.990E+02
      0.209E-02      0.293E+02      0.834E+00      0.212E+10     -0.990E+02     -0.990E+02
      0.219E-02      0.293E+02      0.834E+00      0.212E+10     -0.990E+02     -0.990E+02
      0.229E-02      0.293E+02      0.834E+00      0.212E+10     -0.990E+02     -0.990E+02
      0.240E-02      0.293E+02      0.834E+00      0.212E+10     -0.990E+02     -0.990E+02
      0.251E-02      0.293E+02      0.834E+00      0.212E+10     -0.990E+02     -0.990E+02
      0.263E-02      0.293E+02      0.834E+00      0.212E+10     -0.990E+02     -0.990E+02
      0.275E-02      0.293E+02      0.834E+00      0.212E+10     -0.990E+02     -0.990E+02
      0.288E-02      0.293E+02      0.834E+00      0.212E+10     -0.990E+02     -0.990E+02
      0.302E-02      0.293E+02      0.834E+00      0.212E+10     -0.990E+02     -0.990E+02
      0.316E-02      0.293E+02      0.834E+00      0.212E+10     -0.990E+02     -0.990E+02
      0.331E-02      0.293E+02      0.834E+00      0.212E+10     -0.990E+02     -0.990E+02
      0.347E-02      0.293E+02      0.834E+00      0.212E+10     -0.990E+02     -0.990E+02
      0.363E-02      0.293E+02      0.834E+00      0.212E+10     -0.990E+02     -0.990E+02
      0.380E-02      0.293E+02      0.834E+00      0.212E+10     -0.990E+02     -0.990E+02
      0.398E-02      0.293E+02      0.834E+00      0.212E+10     -0.990E+02     -0.990E+02
      0.417E-02      0.293E+02      0.834E+00      0.212E+10     -0.990E+02     -0.990E+02
      0.437E-02      0.293E+02      0.834E+00      0.212E+10     -0.990E+02     -0.990E+02
      0.457E-02      0.293E+02      0.834E+00      0.212E+10     -0.990E+02     -0.990E+02
      0.479E-02      0.293E+02      0.834E+00      0.212E+10     -0.990E+02     -0.990E+02
      0.501E-02      0.293E+02      0.834E+00      0.212E+10     -0.990E+02     -0.990E+02
      0.525E-02      0.293E+02      0.834E+00      0.212E+10     -0.990E+02     -0.990E+02
      0.550E-02      0.293E+02      0.834E+00      0.212E+10     -0.990E+02     -0.990E+02
      0.575E-02      0.293E+02      0.834E+00      0.212E+10     -0.990E+02     -0.990E+02
      0.603E-02      0.293E+02      0.834E+00      0.212E+10     -0.990E+02     -0.990E+02
      0.631E-02      0.293E+02      0.834E+00      0.212E+10     -0.990E+02     -0.990E+02
      0.661E-02      0.293E+02      0.834E+00      0.212E+10     -0.990E+02     -0.990E+02
      0.692E-02      0.293E+02      0.834E+00      0.212E+10     -0.990E+02     -0.990E+02
      0.724E-02      0.293E+02      0.834E+00      0.212E+10     -0.990E+02     -0.990E+02
      0.759E-02      0.293E+02      0.834E+00      0.212E+10     -0.990E+02     -0.990E+02
      0.794E-02      0.293E+02      0.834E+00      0.212E+10     -0.990E+02     -0.990E+02
      0.832E-02      0.293E+02      0.834E+00      0.212E+10     -0.990E+02     -0.990E+02
      0.871E-02      0.293E+02      0.834E+00      0.212E+10     -0.990E+02     -0.990E+02
      0.912E-02      0.293E+02      0.834E+00      0.212E+10     -0.990E+02     -0.990E+02
      0.955E-02      0.293E+02      0.834E+00      0.212E+10     -0.990E+02     -0.990E+02
      0.100E-01      0.293E+02      0.834E+00      0.212E+10     -0.766E-01      0.634E-01
      0.105E-01      0.288E+00      0.495E-01      0.183E+10     -0.765E-01      0.633E-01
      0.110E-01      0.287E+00      0.493E-01      0.183E+10     -0.765E-01      0.632E-01
      0.115E-01      0.286E+00      0.491E-01      0.183E+10     -0.765E-01      0.632E-01
      0.120E-01      0.285E+00      0.491E-01      0.183E+10     -0.764E-01      0.633E-01
      0.126E-01      0.286E+00      0.492E-01      0.183E+10     -0.765E-01      0.632E-01
      0.132E-01      0.287E+00      0.494E-01      0.183E+10     -0.765E-01      0.632E-01
      0.138E-01      0.287E+00      0.493E-01      0.183E+10     -0.764E-01      0.631E-01
      0.144E-01      0.285E+00      0.489E-01      0.183E+10     -0.765E-01      0.631E-01
      0.151E-01      0.286E+00      0.490E-01      0.183E+10     -0.766E-01      0.630E-01
      0.159E-01      0.287E+00      0.492E-01      0.183E+10     -0.766E-01      0.629E-01
      0.166E-01      0.287E+00      0.491E-01      0.183E+10     -0.765E-01      0.629E-01
      0.174E-01      0.287E+00      0.492E-01      0.183E+10     -0.764E-01      0.629E-01
      0.182E-01      0.288E+00      0.493E-01      0.183E+10     -0.764E-01      0.629E-01
      0.191E-01      0.288E+00      0.493E-01      0.183E+10     -0.765E-01      0.628E-01
      0.200E-01      0.287E+00      0.491E-01      0.183E+10     -0.764E-01      0.627E-01
      0.209E-01      0.286E+00      0.489E-01      0.183E+10     -0.765E-01      0.628E-01
      0.219E-01      0.287E+00      0.490E-01      0.183E+10     -0.764E-01      0.627E-01
      0.229E-01      0.287E+00      0.490E-01      0.183E+10     -0.764E-01      0.626E-01
      0.240E-01      0.288E+00      0.491E-01      0.183E+10     -0.763E-01      0.625E-01
      0.251E-01      0.288E+00      0.491E-01      0.183E+10     -0.764E-01      0.625E-01
      0.263E-01      0.288E+00      0.491E-01      0.183E+10     -0.763E-01      0.624E-01
      0.275E-01      0.287E+00      0.489E-01      0.183E+10     -0.764E-01      0.625E-01
      0.290E-01      0.288E+00      0.489E-01      0.183E+10     -0.763E-01      0.623E-01
      0.300E-01      0.288E+00      0.490E-01      0.183E+10     -0.763E-01      0.622E-01
      0.310E-01      0.288E+00      0.490E-01      0.183E+10     -0.763E-01      0.622E-01
      0.320E-01      0.288E+00      0.490E-01      0.182E+10     -0.762E-01      0.621E-01
      0.330E-01      0.288E+00      0.489E-01      0.182E+10     -0.762E-01      0.621E-01
      0.340E-01      0.288E+00      0.489E-01      0.182E+10     -0.762E-01      0.620E-01
      0.350E-01      0.288E+00      0.489E-01      0.182E+10     -0.762E-01      0.620E-01
      0.360E-01      0.288E+00      0.489E-01      0.182E+10     -0.762E-01      0.619E-01
      0.370E-01      0.288E+00      0.489E-01      0.182E+10     -0.762E-01      0.620E-01
      0.380E-01      0.288E+00      0.487E-01      0.182E+10     -0.763E-01      0.619E-01
      0.390E-01      0.288E+00      0.487E-01      0.182E+10     -0.763E-01      0.620E-01
      0.400E-01      0.288E+00      0.487E-01      0.182E+10     -0.764E-01      0.621E-01
      0.425E-01      0.287E+00      0.484E-01      0.182E+10     -0.765E-01      0.618E-01
      0.450E-01      0.287E+00      0.483E-01      0.182E+10     -0.766E-01      0.617E-01
      0.475E-01      0.286E+00      0.480E-01      0.182E+10     -0.767E-01      0.613E-01
      0.500E-01      0.285E+00      0.479E-01      0.182E+10     -0.767E-01      0.614E-01
      0.525E-01      0.284E+00      0.476E-01      0.182E+10     -0.768E-01      0.611E-01
      0.550E-01      0.284E+00      0.475E-01      0.182E+10     -0.768E-01      0.608E-01
      0.571E-01      0.284E+00      0.474E-01      0.182E+10     -0.769E-01      0.606E-01
      0.640E-01      0.281E+00      0.468E-01      0.182E+10     -0.771E-01      0.601E-01
      0.719E-01      0.280E+00      0.463E-01      0.182E+10     -0.774E-01      0.593E-01
      0.806E-01      0.278E+00      0.457E-01      0.181E+10     -0.776E-01      0.585E-01
      0.905E-01      0.275E+00      0.450E-01      0.181E+10     -0.779E-01      0.577E-01
      0.102E+00      0.272E+00      0.443E-01      0.181E+10     -0.783E-01      0.568E-01
      0.114E+00      0.270E+00      0.436E-01      0.181E+10     -0.787E-01      0.558E-01
      0.128E+00      0.266E+00      0.428E-01      0.181E+10     -0.792E-01      0.548E-01
      0.143E+00      0.263E+00      0.420E-01      0.180E+10     -0.797E-01      0.537E-01
      0.161E+00      0.258E+00      0.413E-01      0.180E+10     -0.803E-01      0.526E-01
      0.181E+00      0.254E+00      0.406E-01      0.180E+10     -0.810E-01      0.514E-01
      0.203E+00      0.249E+00      0.401E-01      0.179E+10     -0.818E-01      0.505E-01
      0.227E+00      0.242E+00      0.397E-01      0.179E+10     -0.829E-01      0.500E-01
      0.255E+00      0.236E+00      0.396E-01      0.178E+10     -0.840E-01      0.493E-01
      0.286E+00      0.229E+00      0.398E-01      0.178E+10     -0.858E-01      0.489E-01
      0.321E+00      0.242E+00      0.429E-01      0.177E+10     -0.838E-01      0.463E-01
      0.360E+00      0.256E+00      0.469E-01      0.177E+10     -0.820E-01      0.433E-01
      0.404E+00      0.272E+00      0.525E-01      0.176E+10     -0.801E-01      0.410E-01
      0.453E+00      0.291E+00      0.596E-01      0.175E+10     -0.785E-01      0.393E-01
      0.509E+00      0.311E+00      0.675E-01      0.174E+10     -0.768E-01      0.385E-01
      0.571E+00      0.441E+00      0.730E-01      0.173E+10     -0.115E+00      0.358E-01
      0.641E+00      0.681E+00      0.986E-01      0.171E+10     -0.151E+00      0.384E-01
      0.719E+00      0.952E+00      0.142E+00      0.167E+10     -0.170E+00      0.427E-01
      0.806E+00      0.112E+01      0.172E+00      0.162E+10     -0.178E+00      0.452E-01
      0.905E+00      0.832E+00      0.123E+00      0.155E+10     -0.175E+00      0.464E-01
      0.102E+01      0.507E+00      0.927E-01      0.149E+10     -0.167E+00      0.655E-01
      0.114E+01      0.496E+00      0.793E-01      0.145E+10     -0.176E+00      0.593E-01
      0.128E+01      0.560E+00      0.638E-01      0.141E+10     -0.188E+00      0.408E-01
      0.143E+01      0.531E+00      0.697E-01      0.136E+10     -0.204E+00      0.508E-01
      0.161E+01      0.468E+00      0.674E-01      0.130E+10     -0.215E+00      0.636E-01
      0.168E+01      0.427E+00      0.632E-01      0.126E+10     -0.214E+00      0.658E-01
      0.170E+01      0.415E+00      0.627E-01      0.125E+10     -0.213E+00      0.671E-01
      0.180E+01      0.363E+00      0.624E-01      0.124E+10     -0.209E+00      0.741E-01
      0.190E+01      0.340E+00      0.553E-01      0.121E+10     -0.193E+00      0.637E-01
      0.200E+01      0.318E+00      0.571E-01      0.119E+10     -0.175E+00      0.634E-01
      0.210E+01      0.302E+00      0.496E-01      0.117E+10     -0.155E+00      0.561E-01
      0.220E+01      0.292E+00      0.436E-01      0.115E+10     -0.137E+00      0.498E-01
      0.230E+01      0.294E+00      0.396E-01      0.114E+10     -0.121E+00      0.469E-01
      0.240E+01      0.362E+00      0.396E-01      0.112E+10     -0.112E+00      0.422E-01
      0.250E+01      0.427E+00      0.510E-01      0.110E+10     -0.106E+00      0.483E-01
      0.260E+01      0.464E+00      0.547E-01      0.107E+10     -0.119E+00      0.564E-01
      0.275E+01      0.493E+00      0.648E-01      0.103E+10     -0.148E+00      0.853E-01
      0.300E+01      0.394E+00      0.564E-01      0.974E+09     -0.165E+00      0.735E-01
      0.325E+01      0.406E+00      0.644E-01      0.915E+09     -0.165E+00      0.783E-01
      0.350E+01      0.562E+00      0.815E-01      0.854E+09     -0.176E+00      0.575E-01
      0.375E+01      0.137E+01      0.162E+00      0.771E+09     -0.339E+00      0.591E-01
      0.400E+01      0.111E+01      0.155E+00      0.570E+09     -0.499E+00      0.110E+00
      0.425E+01      0.696E+00      0.120E+00      0.408E+09     -0.614E+00      0.148E+00
      0.450E+01      0.265E+00      0.893E-01      0.307E+09     -0.488E+00      0.203E+00
      0.475E+01      0.125E+00      0.905E-01      0.269E+09     -0.336E+00      0.415E+00
      0.500E+01      0.249E+00      0.881E-01      0.251E+09     -0.228E+00      0.230E+00
      0.525E+01      0.291E+00      0.816E-01      0.215E+09     -0.147E+00      0.155E+00
      0.550E+01      0.503E+00      0.714E-01      0.173E+09     -0.350E+00      0.962E-01
      0.575E+01      0.525E+00      0.439E-01      0.100E+09     -0.624E+00      0.830E-01
      0.600E+01      0.168E+00      0.283E-01      0.260E+08     -0.890E+00      0.184E+00
      0.625E+01      0.159E-01      0.957E-02      0.228E+07     -0.106E+01      0.775E+00
      0.650E+01      0.166E-03      0.325E-02      0.296E+05     -0.811E+00      0.248E+02
      0.675E+01      0.349E-04      0.156E-02      0.617E+04     -0.906E+00      0.622E+02
      0.700E+01      0.843E-05      0.584E-03      0.126E+04     -0.156E+01      0.145E+03
      0.725E+01      0.524E-06      0.739E-04      0.737E+02     -0.188E+01      0.358E+03
      0.750E+01      0.263E-24      0.427E-14      0.368E-16     -0.985E+00       Infinity
      0.775E+01      0.000E+00      0.000E+00      0.000E+00     -0.990E+02     -0.990E+02
      0.800E+01      0.000E+00      0.000E+00      0.000E+00     -0.990E+02     -0.990E+02
      0.825E+01      0.000E+00      0.000E+00      0.000E+00     -0.990E+02     -0.990E+02
      0.850E+01      0.000E+00      0.000E+00      0.000E+00     -0.990E+02     -0.990E+02
      0.875E+01      0.000E+00      0.000E+00      0.000E+00     -0.990E+02     -0.990E+02
      0.900E+01      0.000E+00      0.000E+00      0.000E+00     -0.990E+02     -0.990E+02
      0.925E+01      0.000E+00      0.000E+00      0.000E+00     -0.990E+02     -0.990E+02
      0.950E+01      0.000E+00      0.000E+00      0.000E+00     -0.990E+02     -0.990E+02
      0.975E+01      0.000E+00      0.000E+00      0.000E+00     -0.990E+02     -0.990E+02
      0.100E+02      0.000E+00      0.000E+00      0.000E+00     -0.990E+02     -0.990E+02
      0.102E+02      0.000E+00      0.000E+00      0.000E+00     -0.990E+02     -0.990E+02
      0.105E+02      0.000E+00      0.000E+00      0.000E+00     -0.990E+02     -0.990E+02
      0.108E+02      0.000E+00      0.000E+00      0.000E+00     -0.990E+02     -0.990E+02
      0.110E+02      0.000E+00      0.000E+00      0.000E+00     -0.990E+02     -0.990E+02
      0.112E+02      0.000E+00      0.000E+00      0.000E+00     -0.990E+02     -0.990E+02
      0.115E+02      0.000E+00      0.000E+00      0.000E+00     -0.990E+02     -0.990E+02
      0.118E+02      0.000E+00      0.000E+00      0.000E+00     -0.990E+02     -0.990E+02
      0.120E+02      0.000E+00      0.000E+00      0.000E+00     -0.990E+02     -0.990E+02
      0.122E+02      0.000E+00      0.000E+00      0.000E+00     -0.990E+02     -0.990E+02
      0.125E+02      0.000E+00      0.000E+00      0.000E+00     -0.990E+02     -0.990E+02
      0.128E+02      0.000E+00      0.000E+00      0.000E+00     -0.990E+02     -0.990E+02
      0.130E+02      0.000E+00      0.000E+00      0.000E+00     -0.990E+02     -0.990E+02
      0.132E+02      0.000E+00      0.000E+00      0.000E+00     -0.990E+02     -0.990E+02
      0.135E+02      0.000E+00      0.000E+00      0.000E+00     -0.990E+02     -0.990E+02
      0.138E+02      0.000E+00      0.000E+00      0.000E+00     -0.990E+02     -0.990E+02
      0.140E+02      0.000E+00      0.000E+00      0.000E+00     -0.990E+02     -0.990E+02
      0.142E+02      0.000E+00      0.000E+00      0.000E+00     -0.990E+02     -0.990E+02
      0.145E+02      0.000E+00      0.000E+00      0.000E+00     -0.990E+02     -0.990E+02
      0.148E+02      0.000E+00      0.000E+00      0.000E+00     -0.990E+02     -0.990E+02
      0.150E+02      0.000E+00      0.000E+00      0.000E+00     -0.990E+02     -0.990E+02
      0.152E+02      0.000E+00      0.000E+00      0.000E+00     -0.990E+02     -0.990E+02
      0.155E+02      0.000E+00      0.000E+00      0.000E+00     -0.990E+02     -0.990E+02
      0.158E+02      0.000E+00      0.000E+00      0.000E+00     -0.990E+02     -0.990E+02
      0.160E+02      0.000E+00      0.000E+00      0.000E+00     -0.990E+02     -0.990E+02
      0.162E+02      0.000E+00      0.000E+00      0.000E+00     -0.990E+02     -0.990E+02
      0.165E+02      0.000E+00      0.000E+00      0.000E+00     -0.990E+02     -0.990E+02
      0.168E+02      0.000E+00      0.000E+00      0.000E+00     -0.990E+02     -0.990E+02
      0.170E+02      0.000E+00      0.000E+00      0.000E+00     -0.990E+02     -0.990E+02
      0.172E+02      0.000E+00      0.000E+00      0.000E+00     -0.990E+02     -0.990E+02
      0.175E+02      0.000E+00      0.000E+00      0.000E+00     -0.990E+02     -0.990E+02
      0.178E+02      0.000E+00      0.000E+00      0.000E+00     -0.990E+02     -0.990E+02
      0.180E+02      0.000E+00      0.000E+00      0.000E+00     -0.990E+02     -0.990E+02
      0.182E+02      0.000E+00      0.000E+00      0.000E+00     -0.990E+02     -0.990E+02
      0.185E+02      0.000E+00      0.000E+00      0.000E+00     -0.990E+02     -0.990E+02
      0.188E+02      0.000E+00      0.000E+00      0.000E+00     -0.990E+02     -0.990E+02
      0.190E+02      0.000E+00      0.000E+00      0.000E+00     -0.990E+02     -0.990E+02
      0.192E+02      0.000E+00      0.000E+00      0.000E+00     -0.990E+02     -0.990E+02
      0.195E+02      0.000E+00      0.000E+00      0.000E+00     -0.990E+02     -0.990E+02
      0.198E+02      0.000E+00      0.000E+00      0.000E+00     -0.990E+02     -0.990E+02
      0.200E+02      0.000E+00      0.000E+00      0.000E+00     -0.990E+02     -0.990E+02
