      0.000E+00      0.451E+00      0.272E-01      0.296E+09     -0.990E+02     -0.990E+02
      0.100E-03      0.451E+00      0.272E-01      0.296E+09     -0.990E+02     -0.990E+02
      0.140E-03      0.451E+00      0.272E-01      0.296E+09     -0.990E+02     -0.990E+02
      0.160E-03      0.451E+00      0.272E-01      0.296E+09     -0.990E+02     -0.990E+02
      0.180E-03      0.451E+00      0.272E-01      0.296E+09     -0.990E+02     -0.990E+02
      0.200E-03      0.451E+00      0.272E-01      0.296E+09     -0.990E+02     -0.990E+02
      0.220E-03      0.451E+00      0.272E-01      0.296E+09     -0.990E+02     -0.990E+02
      0.250E-03      0.451E+00      0.272E-01      0.296E+09     -0.990E+02     -0.990E+02
      0.280E-03      0.451E+00      0.272E-01      0.296E+09     -0.990E+02     -0.990E+02
      0.320E-03      0.451E+00      0.272E-01      0.296E+09     -0.990E+02     -0.990E+02
      0.350E-03      0.451E+00      0.272E-01      0.296E+09     -0.990E+02     -0.990E+02
      0.400E-03      0.451E+00      0.272E-01      0.296E+09     -0.990E+02     -0.990E+02
      0.450E-03      0.451E+00      0.272E-01      0.296E+09     -0.990E+02     -0.990E+02
      0.500E-03      0.451E+00      0.272E-01      0.296E+09     -0.990E+02     -0.990E+02
      0.560E-03      0.451E+00      0.272E-01      0.296E+09     -0.990E+02     -0.990E+02
      0.630E-03      0.451E+00      0.272E-01      0.296E+09     -0.990E+02     -0.990E+02
      0.710E-03      0.451E+00      0.272E-01      0.296E+09     -0.990E+02     -0.990E+02
      0.790E-03      0.451E+00      0.272E-01      0.296E+09     -0.990E+02     -0.990E+02
      0.890E-03      0.451E+00      0.272E-01      0.296E+09     -0.990E+02     -0.990E+02
      0.100E-02      0.451E+00      0.272E-01      0.296E+09     -0.990E+02     -0.990E+02
      0.105E-02      0.451E+00      0.272E-01      0.296E+09     -0.990E+02     -0.990E+02
      0.110E-02      0.451E+00      0.272E-01      0.296E+09     -0.990E+02     -0.990E+02
      0.115E-02      0.451E+00      0.272E-01      0.296E+09     -0.990E+02     -0.990E+02
      0.120E-02      0.451E+00      0.272E-01      0.296E+09     -0.990E+02     -0.990E+02
      0.126E-02      0.451E+00      0.272E-01      0.296E+09     -0.990E+02     -0.990E+02
      0.132E-02      0.451E+00      0.272E-01      0.296E+09     -0.990E+02     -0.990E+02
      0.138E-02      0.451E+00      0.272E-01      0.296E+09     -0.990E+02     -0.990E+02
      0.145E-02      0.451E+00      0.272E-01      0.296E+09     -0.990E+02     -0.990E+02
      0.151E-02      0.451E+00      0.272E-01      0.296E+09     -0.990E+02     -0.990E+02
      0.158E-02      0.451E+00      0.272E-01      0.296E+09     -0.990E+02     -0.990E+02
      0.166E-02      0.451E+00      0.272E-01      0.296E+09     -0.990E+02     -0.990E+02
      0.174E-02      0.451E+00      0.272E-01      0.296E+09     -0.990E+02     -0.990E+02
      0.182E-02      0.451E+00      0.272E-01      0.296E+09     -0.990E+02     -0.990E+02
      0.191E-02      0.451E+00      0.272E-01      0.296E+09     -0.990E+02     -0.990E+02
      0.200E-02      0.451E+00      0.272E-01      0.296E+09     -0.990E+02     -0.990E+02
      0.209E-02      0.451E+00      0.272E-01      0.296E+09     -0.990E+02     -0.990E+02
      0.219E-02      0.451E+00      0.272E-01      0.296E+09     -0.990E+02     -0.990E+02
      0.229E-02      0.451E+00      0.272E-01      0.296E+09     -0.990E+02     -0.990E+02
      0.240E-02      0.451E+00      0.272E-01      0.296E+09     -0.990E+02     -0.990E+02
      0.251E-02      0.451E+00      0.272E-01      0.296E+09     -0.990E+02     -0.990E+02
      0.263E-02      0.451E+00      0.272E-01      0.296E+09     -0.990E+02     -0.990E+02
      0.275E-02      0.451E+00      0.272E-01      0.296E+09     -0.990E+02     -0.990E+02
      0.288E-02      0.451E+00      0.272E-01      0.296E+09     -0.990E+02     -0.990E+02
      0.302E-02      0.451E+00      0.272E-01      0.296E+09     -0.990E+02     -0.990E+02
      0.316E-02      0.451E+00      0.272E-01      0.296E+09     -0.990E+02     -0.990E+02
      0.331E-02      0.451E+00      0.272E-01      0.296E+09     -0.990E+02     -0.990E+02
      0.347E-02      0.451E+00      0.272E-01      0.296E+09     -0.990E+02     -0.990E+02
      0.363E-02      0.451E+00      0.272E-01      0.296E+09     -0.990E+02     -0.990E+02
      0.380E-02      0.451E+00      0.272E-01      0.296E+09     -0.990E+02     -0.990E+02
      0.398E-02      0.451E+00      0.272E-01      0.296E+09     -0.990E+02     -0.990E+02
      0.417E-02      0.451E+00      0.272E-01      0.296E+09     -0.990E+02     -0.990E+02
      0.437E-02      0.451E+00      0.272E-01      0.296E+09     -0.990E+02     -0.990E+02
      0.457E-02      0.451E+00      0.272E-01      0.296E+09     -0.990E+02     -0.990E+02
      0.479E-02      0.451E+00      0.272E-01      0.296E+09     -0.990E+02     -0.990E+02
      0.501E-02      0.451E+00      0.272E-01      0.296E+09     -0.990E+02     -0.990E+02
      0.525E-02      0.451E+00      0.272E-01      0.296E+09     -0.990E+02     -0.990E+02
      0.550E-02      0.451E+00      0.272E-01      0.296E+09     -0.990E+02     -0.990E+02
      0.575E-02      0.451E+00      0.272E-01      0.296E+09     -0.990E+02     -0.990E+02
      0.603E-02      0.451E+00      0.272E-01      0.296E+09     -0.990E+02     -0.990E+02
      0.631E-02      0.451E+00      0.272E-01      0.296E+09     -0.990E+02     -0.990E+02
      0.661E-02      0.451E+00      0.272E-01      0.296E+09     -0.990E+02     -0.990E+02
      0.692E-02      0.451E+00      0.272E-01      0.296E+09     -0.990E+02     -0.990E+02
      0.724E-02      0.451E+00      0.272E-01      0.296E+09     -0.990E+02     -0.990E+02
      0.759E-02      0.451E+00      0.272E-01      0.296E+09     -0.990E+02     -0.990E+02
      0.794E-02      0.451E+00      0.272E-01      0.296E+09     -0.990E+02     -0.990E+02
      0.832E-02      0.451E+00      0.272E-01      0.296E+09     -0.990E+02     -0.990E+02
      0.871E-02      0.451E+00      0.272E-01      0.296E+09     -0.990E+02     -0.990E+02
      0.912E-02      0.451E+00      0.272E-01      0.296E+09     -0.990E+02     -0.990E+02
      0.955E-02      0.451E+00      0.272E-01      0.296E+09     -0.990E+02     -0.990E+02
      0.100E-01      0.451E+00      0.272E-01      0.296E+09     -0.899E+00      0.499E+00
      0.105E-01      0.432E+00      0.170E+00      0.291E+09     -0.899E+00      0.498E+00
      0.110E-01      0.430E+00      0.169E+00      0.291E+09     -0.899E+00      0.498E+00
      0.115E-01      0.428E+00      0.168E+00      0.291E+09     -0.899E+00      0.498E+00
      0.120E-01      0.427E+00      0.167E+00      0.291E+09     -0.899E+00      0.497E+00
      0.126E-01      0.428E+00      0.167E+00      0.291E+09     -0.899E+00      0.496E+00
      0.132E-01      0.428E+00      0.167E+00      0.290E+09     -0.899E+00      0.496E+00
      0.138E-01      0.427E+00      0.167E+00      0.290E+09     -0.899E+00      0.496E+00
      0.144E-01      0.422E+00      0.165E+00      0.290E+09     -0.899E+00      0.494E+00
      0.151E-01      0.423E+00      0.165E+00      0.290E+09     -0.899E+00      0.494E+00
      0.159E-01      0.424E+00      0.165E+00      0.289E+09     -0.899E+00      0.494E+00
      0.166E-01      0.422E+00      0.164E+00      0.289E+09     -0.899E+00      0.493E+00
      0.174E-01      0.422E+00      0.164E+00      0.289E+09     -0.898E+00      0.492E+00
      0.182E-01      0.422E+00      0.164E+00      0.288E+09     -0.898E+00      0.491E+00
      0.191E-01      0.421E+00      0.163E+00      0.288E+09     -0.898E+00      0.490E+00
      0.200E-01      0.418E+00      0.161E+00      0.288E+09     -0.898E+00      0.489E+00
      0.209E-01      0.416E+00      0.160E+00      0.288E+09     -0.898E+00      0.488E+00
      0.219E-01      0.415E+00      0.160E+00      0.287E+09     -0.898E+00      0.488E+00
      0.229E-01      0.414E+00      0.159E+00      0.287E+09     -0.898E+00      0.486E+00
      0.240E-01      0.413E+00      0.158E+00      0.286E+09     -0.898E+00      0.486E+00
      0.251E-01      0.412E+00      0.158E+00      0.286E+09     -0.898E+00      0.484E+00
      0.263E-01      0.411E+00      0.157E+00      0.286E+09     -0.897E+00      0.483E+00
      0.275E-01      0.408E+00      0.156E+00      0.285E+09     -0.897E+00      0.482E+00
      0.290E-01      0.407E+00      0.155E+00      0.285E+09     -0.897E+00      0.480E+00
      0.300E-01      0.406E+00      0.154E+00      0.284E+09     -0.897E+00      0.480E+00
      0.310E-01      0.404E+00      0.153E+00      0.284E+09     -0.897E+00      0.479E+00
      0.320E-01      0.403E+00      0.152E+00      0.284E+09     -0.897E+00      0.478E+00
      0.330E-01      0.401E+00      0.152E+00      0.283E+09     -0.897E+00      0.477E+00
      0.340E-01      0.401E+00      0.151E+00      0.283E+09     -0.897E+00      0.476E+00
      0.350E-01      0.399E+00      0.150E+00      0.283E+09     -0.897E+00      0.474E+00
      0.360E-01      0.398E+00      0.149E+00      0.282E+09     -0.896E+00      0.473E+00
      0.370E-01      0.396E+00      0.148E+00      0.282E+09     -0.896E+00      0.472E+00
      0.380E-01      0.395E+00      0.148E+00      0.282E+09     -0.896E+00      0.471E+00
      0.390E-01      0.394E+00      0.147E+00      0.281E+09     -0.896E+00      0.470E+00
      0.400E-01      0.393E+00      0.146E+00      0.281E+09     -0.896E+00      0.469E+00
      0.425E-01      0.390E+00      0.144E+00      0.281E+09     -0.895E+00      0.467E+00
      0.450E-01      0.386E+00      0.143E+00      0.280E+09     -0.895E+00      0.464E+00
      0.475E-01      0.383E+00      0.141E+00      0.279E+09     -0.895E+00      0.461E+00
      0.500E-01      0.380E+00      0.139E+00      0.278E+09     -0.895E+00      0.458E+00
      0.525E-01      0.377E+00      0.137E+00      0.278E+09     -0.894E+00      0.456E+00
      0.550E-01      0.373E+00      0.135E+00      0.277E+09     -0.894E+00      0.453E+00
      0.571E-01      0.371E+00      0.134E+00      0.276E+09     -0.894E+00      0.451E+00
      0.640E-01      0.362E+00      0.128E+00      0.275E+09     -0.893E+00      0.443E+00
      0.719E-01      0.352E+00      0.123E+00      0.273E+09     -0.892E+00      0.434E+00
      0.806E-01      0.341E+00      0.116E+00      0.270E+09     -0.890E+00      0.423E+00
      0.905E-01      0.328E+00      0.110E+00      0.268E+09     -0.888E+00      0.412E+00
      0.102E+00      0.314E+00      0.102E+00      0.265E+09     -0.887E+00      0.399E+00
      0.114E+00      0.298E+00      0.945E-01      0.263E+09     -0.884E+00      0.384E+00
      0.128E+00      0.280E+00      0.864E-01      0.260E+09     -0.881E+00      0.369E+00
      0.143E+00      0.260E+00      0.785E-01      0.257E+09     -0.877E+00      0.355E+00
      0.161E+00      0.238E+00      0.714E-01      0.253E+09     -0.872E+00      0.347E+00
      0.181E+00      0.213E+00      0.667E-01      0.250E+09     -0.865E+00      0.356E+00
      0.203E+00      0.202E+00      0.650E-01      0.247E+09     -0.864E+00      0.366E+00
      0.227E+00      0.197E+00      0.636E-01      0.243E+09     -0.867E+00      0.370E+00
      0.255E+00      0.191E+00      0.622E-01      0.240E+09     -0.870E+00      0.378E+00
      0.286E+00      0.183E+00      0.606E-01      0.236E+09     -0.873E+00      0.388E+00
      0.321E+00      0.174E+00      0.591E-01      0.232E+09     -0.876E+00      0.403E+00
      0.360E+00      0.164E+00      0.579E-01      0.227E+09     -0.879E+00      0.425E+00
      0.404E+00      0.153E+00      0.572E-01      0.222E+09     -0.883E+00      0.458E+00
      0.453E+00      0.145E+00      0.572E-01      0.217E+09     -0.895E+00      0.497E+00
      0.509E+00      0.146E+00      0.586E-01      0.212E+09     -0.921E+00      0.529E+00
      0.571E+00      0.150E+00      0.607E-01      0.206E+09     -0.941E+00      0.554E+00
      0.641E+00      0.154E+00      0.648E-01      0.200E+09     -0.962E+00      0.595E+00
      0.719E+00      0.154E+00      0.678E-01      0.192E+09     -0.976E+00      0.636E+00
      0.806E+00      0.148E+00      0.657E-01      0.184E+09     -0.973E+00      0.639E+00
      0.905E+00      0.142E+00      0.689E-01      0.175E+09     -0.972E+00      0.679E+00
      0.102E+01      0.124E+00      0.686E-01      0.165E+09     -0.940E+00      0.713E+00
      0.114E+01      0.890E-01      0.510E-01      0.156E+09     -0.870E+00      0.680E+00
      0.128E+01      0.837E-01      0.527E-01      0.148E+09     -0.855E+00      0.755E+00
      0.143E+01      0.112E+00      0.452E-01      0.140E+09     -0.879E+00      0.485E+00
      0.161E+01      0.139E+00      0.538E-01      0.129E+09     -0.919E+00      0.504E+00
      0.168E+01      0.150E+00      0.603E-01      0.118E+09     -0.931E+00      0.532E+00
      0.170E+01      0.151E+00      0.609E-01      0.114E+09     -0.929E+00      0.531E+00
      0.180E+01      0.145E+00      0.563E-01      0.108E+09     -0.921E+00      0.503E+00
      0.190E+01      0.135E+00      0.498E-01      0.995E+08     -0.926E+00      0.482E+00
      0.200E+01      0.129E+00      0.479E-01      0.913E+08     -0.944E+00      0.505E+00
      0.210E+01      0.111E+00      0.409E-01      0.835E+08     -0.974E+00      0.519E+00
      0.220E+01      0.919E-01      0.357E-01      0.768E+08     -0.101E+01      0.570E+00
      0.230E+01      0.777E-01      0.313E-01      0.713E+08     -0.989E+00      0.575E+00
      0.240E+01      0.745E-01      0.328E-01      0.666E+08     -0.921E+00      0.560E+00
      0.250E+01      0.825E-01      0.386E-01      0.621E+08     -0.919E+00      0.567E+00
      0.260E+01      0.866E-01      0.381E-01      0.572E+08     -0.100E+01      0.593E+00
      0.275E+01      0.834E-01      0.402E-01      0.507E+08     -0.106E+01      0.692E+00
      0.300E+01      0.615E-01      0.250E-01      0.408E+08     -0.110E+01      0.555E+00
      0.325E+01      0.454E-01      0.156E-01      0.317E+08     -0.885E+00      0.399E+00
      0.350E+01      0.375E-01      0.105E-01      0.251E+08     -0.109E+01      0.421E+00
      0.375E+01      0.332E-01      0.179E-01      0.197E+08     -0.102E+01      0.774E+00
      0.400E+01      0.577E-01      0.248E-01      0.149E+08     -0.151E+01      0.867E+00
      0.425E+01      0.446E-01      0.188E-01      0.655E+07     -0.248E+01      0.152E+01
      0.450E+01      0.224E-03      0.289E-02      0.733E+05     -0.108E+01      0.192E+02
      0.475E+01      0.164E-03      0.181E-02      0.413E+05     -0.131E+01      0.195E+02
      0.500E+01      0.126E-03      0.119E-02      0.180E+05     -0.183E+01      0.244E+02
      0.525E+01      0.484E-06      0.220E-04      0.691E+02     -0.329E+01      0.221E+03
      0.550E+01      0.424E-23      0.954E-13      0.601E-15     -0.994E+00       Infinity
      0.575E+01      0.000E+00      0.000E+00      0.000E+00     -0.990E+02     -0.990E+02
      0.600E+01      0.000E+00      0.000E+00      0.000E+00     -0.990E+02     -0.990E+02
      0.625E+01      0.000E+00      0.000E+00      0.000E+00     -0.990E+02     -0.990E+02
      0.650E+01      0.000E+00      0.000E+00      0.000E+00     -0.990E+02     -0.990E+02
      0.675E+01      0.000E+00      0.000E+00      0.000E+00     -0.990E+02     -0.990E+02
      0.700E+01      0.000E+00      0.000E+00      0.000E+00     -0.990E+02     -0.990E+02
      0.725E+01      0.000E+00      0.000E+00      0.000E+00     -0.990E+02     -0.990E+02
      0.750E+01      0.000E+00      0.000E+00      0.000E+00     -0.990E+02     -0.990E+02
      0.775E+01      0.000E+00      0.000E+00      0.000E+00     -0.990E+02     -0.990E+02
      0.800E+01      0.000E+00      0.000E+00      0.000E+00     -0.990E+02     -0.990E+02
      0.825E+01      0.000E+00      0.000E+00      0.000E+00     -0.990E+02     -0.990E+02
      0.850E+01      0.000E+00      0.000E+00      0.000E+00     -0.990E+02     -0.990E+02
      0.875E+01      0.000E+00      0.000E+00      0.000E+00     -0.990E+02     -0.990E+02
      0.900E+01      0.000E+00      0.000E+00      0.000E+00     -0.990E+02     -0.990E+02
      0.925E+01      0.000E+00      0.000E+00      0.000E+00     -0.990E+02     -0.990E+02
      0.950E+01      0.000E+00      0.000E+00      0.000E+00     -0.990E+02     -0.990E+02
      0.975E+01      0.000E+00      0.000E+00      0.000E+00     -0.990E+02     -0.990E+02
      0.100E+02      0.000E+00      0.000E+00      0.000E+00     -0.990E+02     -0.990E+02
      0.102E+02      0.000E+00      0.000E+00      0.000E+00     -0.990E+02     -0.990E+02
      0.105E+02      0.000E+00      0.000E+00      0.000E+00     -0.990E+02     -0.990E+02
      0.108E+02      0.000E+00      0.000E+00      0.000E+00     -0.990E+02     -0.990E+02
      0.110E+02      0.000E+00      0.000E+00      0.000E+00     -0.990E+02     -0.990E+02
      0.112E+02      0.000E+00      0.000E+00      0.000E+00     -0.990E+02     -0.990E+02
      0.115E+02      0.000E+00      0.000E+00      0.000E+00     -0.990E+02     -0.990E+02
      0.118E+02      0.000E+00      0.000E+00      0.000E+00     -0.990E+02     -0.990E+02
      0.120E+02      0.000E+00      0.000E+00      0.000E+00     -0.990E+02     -0.990E+02
      0.122E+02      0.000E+00      0.000E+00      0.000E+00     -0.990E+02     -0.990E+02
      0.125E+02      0.000E+00      0.000E+00      0.000E+00     -0.990E+02     -0.990E+02
      0.128E+02      0.000E+00      0.000E+00      0.000E+00     -0.990E+02     -0.990E+02
      0.130E+02      0.000E+00      0.000E+00      0.000E+00     -0.990E+02     -0.990E+02
      0.132E+02      0.000E+00      0.000E+00      0.000E+00     -0.990E+02     -0.990E+02
      0.135E+02      0.000E+00      0.000E+00      0.000E+00     -0.990E+02     -0.990E+02
      0.138E+02      0.000E+00      0.000E+00      0.000E+00     -0.990E+02     -0.990E+02
      0.140E+02      0.000E+00      0.000E+00      0.000E+00     -0.990E+02     -0.990E+02
      0.142E+02      0.000E+00      0.000E+00      0.000E+00     -0.990E+02     -0.990E+02
      0.145E+02      0.000E+00      0.000E+00      0.000E+00     -0.990E+02     -0.990E+02
      0.148E+02      0.000E+00      0.000E+00      0.000E+00     -0.990E+02     -0.990E+02
      0.150E+02      0.000E+00      0.000E+00      0.000E+00     -0.990E+02     -0.990E+02
      0.152E+02      0.000E+00      0.000E+00      0.000E+00     -0.990E+02     -0.990E+02
      0.155E+02      0.000E+00      0.000E+00      0.000E+00     -0.990E+02     -0.990E+02
      0.158E+02      0.000E+00      0.000E+00      0.000E+00     -0.990E+02     -0.990E+02
      0.160E+02      0.000E+00      0.000E+00      0.000E+00     -0.990E+02     -0.990E+02
      0.162E+02      0.000E+00      0.000E+00      0.000E+00     -0.990E+02     -0.990E+02
      0.165E+02      0.000E+00      0.000E+00      0.000E+00     -0.990E+02     -0.990E+02
      0.168E+02      0.000E+00      0.000E+00      0.000E+00     -0.990E+02     -0.990E+02
      0.170E+02      0.000E+00      0.000E+00      0.000E+00     -0.990E+02     -0.990E+02
      0.172E+02      0.000E+00      0.000E+00      0.000E+00     -0.990E+02     -0.990E+02
      0.175E+02      0.000E+00      0.000E+00      0.000E+00     -0.990E+02     -0.990E+02
      0.178E+02      0.000E+00      0.000E+00      0.000E+00     -0.990E+02     -0.990E+02
      0.180E+02      0.000E+00      0.000E+00      0.000E+00     -0.990E+02     -0.990E+02
      0.182E+02      0.000E+00      0.000E+00      0.000E+00     -0.990E+02     -0.990E+02
      0.185E+02      0.000E+00      0.000E+00      0.000E+00     -0.990E+02     -0.990E+02
      0.188E+02      0.000E+00      0.000E+00      0.000E+00     -0.990E+02     -0.990E+02
      0.190E+02      0.000E+00      0.000E+00      0.000E+00     -0.990E+02     -0.990E+02
      0.192E+02      0.000E+00      0.000E+00      0.000E+00     -0.990E+02     -0.990E+02
      0.195E+02      0.000E+00      0.000E+00      0.000E+00     -0.990E+02     -0.990E+02
      0.198E+02      0.000E+00      0.000E+00      0.000E+00     -0.990E+02     -0.990E+02
      0.200E+02      0.000E+00      0.000E+00      0.000E+00     -0.990E+02     -0.990E+02
