      0.000E+00      0.124E+02      0.444E+01      0.415E+10     -0.990E+02     -0.990E+02
      0.100E-03      0.124E+02      0.444E+01      0.415E+10     -0.990E+02     -0.990E+02
      0.140E-03      0.124E+02      0.444E+01      0.415E+10     -0.990E+02     -0.990E+02
      0.160E-03      0.124E+02      0.444E+01      0.415E+10     -0.990E+02     -0.990E+02
      0.180E-03      0.124E+02      0.444E+01      0.415E+10     -0.990E+02     -0.990E+02
      0.200E-03      0.124E+02      0.444E+01      0.415E+10     -0.990E+02     -0.990E+02
      0.220E-03      0.124E+02      0.444E+01      0.415E+10     -0.990E+02     -0.990E+02
      0.250E-03      0.124E+02      0.444E+01      0.415E+10     -0.990E+02     -0.990E+02
      0.280E-03      0.124E+02      0.444E+01      0.415E+10     -0.990E+02     -0.990E+02
      0.320E-03      0.124E+02      0.444E+01      0.415E+10     -0.990E+02     -0.990E+02
      0.350E-03      0.124E+02      0.444E+01      0.415E+10     -0.990E+02     -0.990E+02
      0.400E-03      0.124E+02      0.444E+01      0.415E+10     -0.990E+02     -0.990E+02
      0.450E-03      0.124E+02      0.444E+01      0.415E+10     -0.990E+02     -0.990E+02
      0.500E-03      0.124E+02      0.444E+01      0.415E+10     -0.990E+02     -0.990E+02
      0.560E-03      0.124E+02      0.444E+01      0.415E+10     -0.990E+02     -0.990E+02
      0.630E-03      0.124E+02      0.444E+01      0.415E+10     -0.990E+02     -0.990E+02
      0.710E-03      0.124E+02      0.444E+01      0.415E+10     -0.990E+02     -0.990E+02
      0.790E-03      0.124E+02      0.444E+01      0.415E+10     -0.990E+02     -0.990E+02
      0.890E-03      0.124E+02      0.444E+01      0.415E+10     -0.990E+02     -0.990E+02
      0.100E-02      0.124E+02      0.444E+01      0.415E+10     -0.990E+02     -0.990E+02
      0.105E-02      0.124E+02      0.444E+01      0.415E+10     -0.990E+02     -0.990E+02
      0.110E-02      0.124E+02      0.444E+01      0.415E+10     -0.990E+02     -0.990E+02
      0.115E-02      0.124E+02      0.444E+01      0.415E+10     -0.990E+02     -0.990E+02
      0.120E-02      0.124E+02      0.444E+01      0.415E+10     -0.990E+02     -0.990E+02
      0.126E-02      0.124E+02      0.444E+01      0.415E+10     -0.990E+02     -0.990E+02
      0.132E-02      0.124E+02      0.444E+01      0.415E+10     -0.990E+02     -0.990E+02
      0.138E-02      0.124E+02      0.444E+01      0.415E+10     -0.990E+02     -0.990E+02
      0.145E-02      0.124E+02      0.444E+01      0.415E+10     -0.990E+02     -0.990E+02
      0.151E-02      0.124E+02      0.444E+01      0.415E+10     -0.990E+02     -0.990E+02
      0.158E-02      0.124E+02      0.444E+01      0.415E+10     -0.990E+02     -0.990E+02
      0.166E-02      0.124E+02      0.444E+01      0.415E+10     -0.990E+02     -0.990E+02
      0.174E-02      0.124E+02      0.444E+01      0.415E+10     -0.990E+02     -0.990E+02
      0.182E-02      0.124E+02      0.444E+01      0.415E+10     -0.990E+02     -0.990E+02
      0.191E-02      0.124E+02      0.444E+01      0.415E+10     -0.990E+02     -0.990E+02
      0.200E-02      0.124E+02      0.444E+01      0.415E+10     -0.990E+02     -0.990E+02
      0.209E-02      0.124E+02      0.444E+01      0.415E+10     -0.990E+02     -0.990E+02
      0.219E-02      0.124E+02      0.444E+01      0.415E+10     -0.990E+02     -0.990E+02
      0.229E-02      0.124E+02      0.444E+01      0.415E+10     -0.990E+02     -0.990E+02
      0.240E-02      0.124E+02      0.444E+01      0.415E+10     -0.990E+02     -0.990E+02
      0.251E-02      0.124E+02      0.444E+01      0.415E+10     -0.990E+02     -0.990E+02
      0.263E-02      0.124E+02      0.444E+01      0.415E+10     -0.990E+02     -0.990E+02
      0.275E-02      0.124E+02      0.444E+01      0.415E+10     -0.990E+02     -0.990E+02
      0.288E-02      0.124E+02      0.444E+01      0.415E+10     -0.990E+02     -0.990E+02
      0.302E-02      0.124E+02      0.444E+01      0.415E+10     -0.990E+02     -0.990E+02
      0.316E-02      0.124E+02      0.444E+01      0.415E+10     -0.990E+02     -0.990E+02
      0.331E-02      0.124E+02      0.444E+01      0.415E+10     -0.990E+02     -0.990E+02
      0.347E-02      0.124E+02      0.444E+01      0.415E+10     -0.990E+02     -0.990E+02
      0.363E-02      0.124E+02      0.444E+01      0.415E+10     -0.990E+02     -0.990E+02
      0.380E-02      0.124E+02      0.444E+01      0.415E+10     -0.990E+02     -0.990E+02
      0.398E-02      0.124E+02      0.444E+01      0.415E+10     -0.990E+02     -0.990E+02
      0.417E-02      0.124E+02      0.444E+01      0.415E+10     -0.990E+02     -0.990E+02
      0.437E-02      0.124E+02      0.444E+01      0.415E+10     -0.990E+02     -0.990E+02
      0.457E-02      0.124E+02      0.444E+01      0.415E+10     -0.990E+02     -0.990E+02
      0.479E-02      0.124E+02      0.444E+01      0.415E+10     -0.990E+02     -0.990E+02
      0.501E-02      0.124E+02      0.444E+01      0.415E+10     -0.990E+02     -0.990E+02
      0.525E-02      0.124E+02      0.444E+01      0.415E+10     -0.990E+02     -0.990E+02
      0.550E-02      0.124E+02      0.444E+01      0.415E+10     -0.990E+02     -0.990E+02
      0.575E-02      0.124E+02      0.444E+01      0.415E+10     -0.990E+02     -0.990E+02
      0.603E-02      0.124E+02      0.444E+01      0.415E+10     -0.990E+02     -0.990E+02
      0.631E-02      0.124E+02      0.444E+01      0.415E+10     -0.990E+02     -0.990E+02
      0.661E-02      0.124E+02      0.444E+01      0.415E+10     -0.990E+02     -0.990E+02
      0.692E-02      0.124E+02      0.444E+01      0.415E+10     -0.990E+02     -0.990E+02
      0.724E-02      0.124E+02      0.444E+01      0.415E+10     -0.990E+02     -0.990E+02
      0.759E-02      0.124E+02      0.444E+01      0.415E+10     -0.990E+02     -0.990E+02
      0.794E-02      0.124E+02      0.444E+01      0.415E+10     -0.990E+02     -0.990E+02
      0.832E-02      0.124E+02      0.444E+01      0.415E+10     -0.990E+02     -0.990E+02
      0.871E-02      0.124E+02      0.444E+01      0.415E+10     -0.990E+02     -0.990E+02
      0.912E-02      0.124E+02      0.444E+01      0.415E+10     -0.990E+02     -0.990E+02
      0.955E-02      0.124E+02      0.444E+01      0.415E+10     -0.990E+02     -0.990E+02
      0.100E-01      0.124E+02      0.444E+01      0.415E+10     -0.794E+00      0.819E+00
      0.105E-01      0.183E+02      0.110E+02      0.401E+10     -0.795E+00      0.818E+00
      0.110E-01      0.182E+02      0.109E+02      0.401E+10     -0.795E+00      0.816E+00
      0.115E-01      0.181E+02      0.108E+02      0.400E+10     -0.795E+00      0.816E+00
      0.120E-01      0.181E+02      0.108E+02      0.399E+10     -0.795E+00      0.815E+00
      0.126E-01      0.181E+02      0.108E+02      0.398E+10     -0.795E+00      0.814E+00
      0.132E-01      0.182E+02      0.108E+02      0.397E+10     -0.795E+00      0.812E+00
      0.138E-01      0.181E+02      0.108E+02      0.396E+10     -0.795E+00      0.811E+00
      0.144E-01      0.179E+02      0.106E+02      0.395E+10     -0.796E+00      0.810E+00
      0.151E-01      0.179E+02      0.106E+02      0.394E+10     -0.796E+00      0.809E+00
      0.159E-01      0.180E+02      0.106E+02      0.393E+10     -0.796E+00      0.808E+00
      0.166E-01      0.179E+02      0.106E+02      0.392E+10     -0.796E+00      0.806E+00
      0.174E-01      0.179E+02      0.106E+02      0.391E+10     -0.796E+00      0.805E+00
      0.182E-01      0.180E+02      0.106E+02      0.390E+10     -0.796E+00      0.803E+00
      0.191E-01      0.179E+02      0.105E+02      0.388E+10     -0.797E+00      0.802E+00
      0.200E-01      0.178E+02      0.104E+02      0.387E+10     -0.797E+00      0.801E+00
      0.209E-01      0.177E+02      0.104E+02      0.386E+10     -0.797E+00      0.799E+00
      0.219E-01      0.177E+02      0.103E+02      0.384E+10     -0.798E+00      0.798E+00
      0.229E-01      0.177E+02      0.103E+02      0.383E+10     -0.798E+00      0.796E+00
      0.240E-01      0.177E+02      0.103E+02      0.381E+10     -0.798E+00      0.794E+00
      0.251E-01      0.177E+02      0.102E+02      0.379E+10     -0.798E+00      0.793E+00
      0.263E-01      0.176E+02      0.102E+02      0.378E+10     -0.799E+00      0.791E+00
      0.275E-01      0.175E+02      0.101E+02      0.376E+10     -0.799E+00      0.789E+00
      0.290E-01      0.175E+02      0.100E+02      0.374E+10     -0.800E+00      0.787E+00
      0.300E-01      0.174E+02      0.100E+02      0.372E+10     -0.800E+00      0.786E+00
      0.310E-01      0.174E+02      0.997E+01      0.371E+10     -0.800E+00      0.784E+00
      0.320E-01      0.174E+02      0.993E+01      0.369E+10     -0.801E+00      0.783E+00
      0.330E-01      0.173E+02      0.989E+01      0.368E+10     -0.801E+00      0.781E+00
      0.340E-01      0.173E+02      0.984E+01      0.367E+10     -0.801E+00      0.780E+00
      0.350E-01      0.172E+02      0.980E+01      0.365E+10     -0.802E+00      0.779E+00
      0.360E-01      0.172E+02      0.976E+01      0.364E+10     -0.802E+00      0.777E+00
      0.370E-01      0.172E+02      0.972E+01      0.362E+10     -0.802E+00      0.776E+00
      0.380E-01      0.171E+02      0.969E+01      0.361E+10     -0.802E+00      0.775E+00
      0.390E-01      0.171E+02      0.965E+01      0.360E+10     -0.803E+00      0.774E+00
      0.400E-01      0.170E+02      0.962E+01      0.358E+10     -0.803E+00      0.773E+00
      0.425E-01      0.170E+02      0.952E+01      0.356E+10     -0.803E+00      0.770E+00
      0.450E-01      0.169E+02      0.944E+01      0.352E+10     -0.804E+00      0.768E+00
      0.475E-01      0.168E+02      0.935E+01      0.349E+10     -0.805E+00      0.765E+00
      0.500E-01      0.167E+02      0.927E+01      0.346E+10     -0.806E+00      0.763E+00
      0.525E-01      0.166E+02      0.918E+01      0.342E+10     -0.807E+00      0.761E+00
      0.550E-01      0.165E+02      0.910E+01      0.339E+10     -0.807E+00      0.759E+00
      0.571E-01      0.164E+02      0.903E+01      0.336E+10     -0.808E+00      0.757E+00
      0.640E-01      0.161E+02      0.879E+01      0.330E+10     -0.810E+00      0.751E+00
      0.719E-01      0.158E+02      0.855E+01      0.321E+10     -0.813E+00      0.746E+00
      0.806E-01      0.155E+02      0.831E+01      0.311E+10     -0.817E+00      0.741E+00
      0.905E-01      0.152E+02      0.803E+01      0.299E+10     -0.820E+00      0.733E+00
      0.102E+00      0.148E+02      0.773E+01      0.287E+10     -0.825E+00      0.724E+00
      0.114E+00      0.143E+02      0.740E+01      0.274E+10     -0.830E+00      0.713E+00
      0.128E+00      0.139E+02      0.703E+01      0.260E+10     -0.836E+00      0.699E+00
      0.143E+00      0.133E+02      0.663E+01      0.245E+10     -0.844E+00      0.685E+00
      0.161E+00      0.127E+02      0.620E+01      0.228E+10     -0.852E+00      0.668E+00
      0.181E+00      0.120E+02      0.573E+01      0.211E+10     -0.862E+00      0.651E+00
      0.203E+00      0.112E+02      0.528E+01      0.193E+10     -0.873E+00      0.638E+00
      0.227E+00      0.102E+02      0.478E+01      0.174E+10     -0.886E+00      0.631E+00
      0.255E+00      0.917E+01      0.432E+01      0.154E+10     -0.903E+00      0.643E+00
      0.286E+00      0.823E+01      0.387E+01      0.135E+10     -0.929E+00      0.662E+00
      0.321E+00      0.727E+01      0.347E+01      0.116E+10     -0.958E+00      0.699E+00
      0.360E+00      0.631E+01      0.306E+01      0.972E+09     -0.986E+00      0.724E+00
      0.404E+00      0.530E+01      0.267E+01      0.790E+09     -0.101E+01      0.750E+00
      0.453E+00      0.428E+01      0.229E+01      0.619E+09     -0.102E+01      0.771E+00
      0.509E+00      0.335E+01      0.196E+01      0.466E+09     -0.992E+00      0.784E+00
      0.571E+00      0.246E+01      0.175E+01      0.332E+09     -0.923E+00      0.863E+00
      0.641E+00      0.178E+01      0.164E+01      0.223E+09     -0.884E+00      0.106E+01
      0.719E+00      0.117E+01      0.121E+01      0.135E+09     -0.908E+00      0.122E+01
      0.806E+00      0.703E+00      0.814E+00      0.704E+08     -0.101E+01      0.158E+01
      0.905E+00      0.299E+00      0.391E+00      0.274E+08     -0.112E+01      0.202E+01
      0.102E+01      0.782E-01      0.134E+00      0.708E+07     -0.121E+01      0.275E+01
      0.114E+01      0.132E-01      0.477E-01      0.115E+07     -0.116E+01      0.529E+01
      0.128E+01      0.312E-03      0.466E-02      0.304E+05     -0.891E+00      0.164E+02
      0.143E+01      0.956E-05      0.942E-03      0.101E+04     -0.710E+00      0.763E+02
      0.161E+01      0.109E-10      0.212E-06      0.832E-03     -0.200E+01      0.540E+05
      0.168E+01      0.354E-31      0.871E-17      0.160E-23     -0.130E+01            NaN
      0.170E+01      0.164E-31      0.402E-17      0.605E-24     -0.130E+01            NaN
      0.180E+01      0.000E+00      0.000E+00      0.000E+00     -0.990E+02     -0.990E+02
      0.190E+01      0.000E+00      0.000E+00      0.000E+00     -0.990E+02     -0.990E+02
      0.200E+01      0.000E+00      0.000E+00      0.000E+00     -0.990E+02     -0.990E+02
      0.210E+01      0.000E+00      0.000E+00      0.000E+00     -0.990E+02     -0.990E+02
      0.220E+01      0.000E+00      0.000E+00      0.000E+00     -0.990E+02     -0.990E+02
      0.230E+01      0.000E+00      0.000E+00      0.000E+00     -0.990E+02     -0.990E+02
      0.240E+01      0.000E+00      0.000E+00      0.000E+00     -0.990E+02     -0.990E+02
      0.250E+01      0.000E+00      0.000E+00      0.000E+00     -0.990E+02     -0.990E+02
      0.260E+01      0.000E+00      0.000E+00      0.000E+00     -0.990E+02     -0.990E+02
      0.275E+01      0.000E+00      0.000E+00      0.000E+00     -0.990E+02     -0.990E+02
      0.300E+01      0.000E+00      0.000E+00      0.000E+00     -0.990E+02     -0.990E+02
      0.325E+01      0.000E+00      0.000E+00      0.000E+00     -0.990E+02     -0.990E+02
      0.350E+01      0.000E+00      0.000E+00      0.000E+00     -0.990E+02     -0.990E+02
      0.375E+01      0.000E+00      0.000E+00      0.000E+00     -0.990E+02     -0.990E+02
      0.400E+01      0.000E+00      0.000E+00      0.000E+00     -0.990E+02     -0.990E+02
      0.425E+01      0.000E+00      0.000E+00      0.000E+00     -0.990E+02     -0.990E+02
      0.450E+01      0.000E+00      0.000E+00      0.000E+00     -0.990E+02     -0.990E+02
      0.475E+01      0.000E+00      0.000E+00      0.000E+00     -0.990E+02     -0.990E+02
      0.500E+01      0.000E+00      0.000E+00      0.000E+00     -0.990E+02     -0.990E+02
      0.525E+01      0.000E+00      0.000E+00      0.000E+00     -0.990E+02     -0.990E+02
      0.550E+01      0.000E+00      0.000E+00      0.000E+00     -0.990E+02     -0.990E+02
      0.575E+01      0.000E+00      0.000E+00      0.000E+00     -0.990E+02     -0.990E+02
      0.600E+01      0.000E+00      0.000E+00      0.000E+00     -0.990E+02     -0.990E+02
      0.625E+01      0.000E+00      0.000E+00      0.000E+00     -0.990E+02     -0.990E+02
      0.650E+01      0.000E+00      0.000E+00      0.000E+00     -0.990E+02     -0.990E+02
      0.675E+01      0.000E+00      0.000E+00      0.000E+00     -0.990E+02     -0.990E+02
      0.700E+01      0.000E+00      0.000E+00      0.000E+00     -0.990E+02     -0.990E+02
      0.725E+01      0.000E+00      0.000E+00      0.000E+00     -0.990E+02     -0.990E+02
      0.750E+01      0.000E+00      0.000E+00      0.000E+00     -0.990E+02     -0.990E+02
      0.775E+01      0.000E+00      0.000E+00      0.000E+00     -0.990E+02     -0.990E+02
      0.800E+01      0.000E+00      0.000E+00      0.000E+00     -0.990E+02     -0.990E+02
      0.825E+01      0.000E+00      0.000E+00      0.000E+00     -0.990E+02     -0.990E+02
      0.850E+01      0.000E+00      0.000E+00      0.000E+00     -0.990E+02     -0.990E+02
      0.875E+01      0.000E+00      0.000E+00      0.000E+00     -0.990E+02     -0.990E+02
      0.900E+01      0.000E+00      0.000E+00      0.000E+00     -0.990E+02     -0.990E+02
      0.925E+01      0.000E+00      0.000E+00      0.000E+00     -0.990E+02     -0.990E+02
      0.950E+01      0.000E+00      0.000E+00      0.000E+00     -0.990E+02     -0.990E+02
      0.975E+01      0.000E+00      0.000E+00      0.000E+00     -0.990E+02     -0.990E+02
      0.100E+02      0.000E+00      0.000E+00      0.000E+00     -0.990E+02     -0.990E+02
      0.102E+02      0.000E+00      0.000E+00      0.000E+00     -0.990E+02     -0.990E+02
      0.105E+02      0.000E+00      0.000E+00      0.000E+00     -0.990E+02     -0.990E+02
      0.108E+02      0.000E+00      0.000E+00      0.000E+00     -0.990E+02     -0.990E+02
      0.110E+02      0.000E+00      0.000E+00      0.000E+00     -0.990E+02     -0.990E+02
      0.112E+02      0.000E+00      0.000E+00      0.000E+00     -0.990E+02     -0.990E+02
      0.115E+02      0.000E+00      0.000E+00      0.000E+00     -0.990E+02     -0.990E+02
      0.118E+02      0.000E+00      0.000E+00      0.000E+00     -0.990E+02     -0.990E+02
      0.120E+02      0.000E+00      0.000E+00      0.000E+00     -0.990E+02     -0.990E+02
      0.122E+02      0.000E+00      0.000E+00      0.000E+00     -0.990E+02     -0.990E+02
      0.125E+02      0.000E+00      0.000E+00      0.000E+00     -0.990E+02     -0.990E+02
      0.128E+02      0.000E+00      0.000E+00      0.000E+00     -0.990E+02     -0.990E+02
      0.130E+02      0.000E+00      0.000E+00      0.000E+00     -0.990E+02     -0.990E+02
      0.132E+02      0.000E+00      0.000E+00      0.000E+00     -0.990E+02     -0.990E+02
      0.135E+02      0.000E+00      0.000E+00      0.000E+00     -0.990E+02     -0.990E+02
      0.138E+02      0.000E+00      0.000E+00      0.000E+00     -0.990E+02     -0.990E+02
      0.140E+02      0.000E+00      0.000E+00      0.000E+00     -0.990E+02     -0.990E+02
      0.142E+02      0.000E+00      0.000E+00      0.000E+00     -0.990E+02     -0.990E+02
      0.145E+02      0.000E+00      0.000E+00      0.000E+00     -0.990E+02     -0.990E+02
      0.148E+02      0.000E+00      0.000E+00      0.000E+00     -0.990E+02     -0.990E+02
      0.150E+02      0.000E+00      0.000E+00      0.000E+00     -0.990E+02     -0.990E+02
      0.152E+02      0.000E+00      0.000E+00      0.000E+00     -0.990E+02     -0.990E+02
      0.155E+02      0.000E+00      0.000E+00      0.000E+00     -0.990E+02     -0.990E+02
      0.158E+02      0.000E+00      0.000E+00      0.000E+00     -0.990E+02     -0.990E+02
      0.160E+02      0.000E+00      0.000E+00      0.000E+00     -0.990E+02     -0.990E+02
      0.162E+02      0.000E+00      0.000E+00      0.000E+00     -0.990E+02     -0.990E+02
      0.165E+02      0.000E+00      0.000E+00      0.000E+00     -0.990E+02     -0.990E+02
      0.168E+02      0.000E+00      0.000E+00      0.000E+00     -0.990E+02     -0.990E+02
      0.170E+02      0.000E+00      0.000E+00      0.000E+00     -0.990E+02     -0.990E+02
      0.172E+02      0.000E+00      0.000E+00      0.000E+00     -0.990E+02     -0.990E+02
      0.175E+02      0.000E+00      0.000E+00      0.000E+00     -0.990E+02     -0.990E+02
      0.178E+02      0.000E+00      0.000E+00      0.000E+00     -0.990E+02     -0.990E+02
      0.180E+02      0.000E+00      0.000E+00      0.000E+00     -0.990E+02     -0.990E+02
      0.182E+02      0.000E+00      0.000E+00      0.000E+00     -0.990E+02     -0.990E+02
      0.185E+02      0.000E+00      0.000E+00      0.000E+00     -0.990E+02     -0.990E+02
      0.188E+02      0.000E+00      0.000E+00      0.000E+00     -0.990E+02     -0.990E+02
      0.190E+02      0.000E+00      0.000E+00      0.000E+00     -0.990E+02     -0.990E+02
      0.192E+02      0.000E+00      0.000E+00      0.000E+00     -0.990E+02     -0.990E+02
      0.195E+02      0.000E+00      0.000E+00      0.000E+00     -0.990E+02     -0.990E+02
      0.198E+02      0.000E+00      0.000E+00      0.000E+00     -0.990E+02     -0.990E+02
      0.200E+02      0.000E+00      0.000E+00      0.000E+00     -0.990E+02     -0.990E+02
