      0.000E+00      0.386E+00      0.685E+00      0.124E+10     -0.990E+02     -0.990E+02
      0.100E-03      0.386E+00      0.685E+00      0.124E+10     -0.990E+02     -0.990E+02
      0.140E-03      0.386E+00      0.685E+00      0.124E+10     -0.990E+02     -0.990E+02
      0.160E-03      0.386E+00      0.685E+00      0.124E+10     -0.990E+02     -0.990E+02
      0.180E-03      0.386E+00      0.685E+00      0.124E+10     -0.990E+02     -0.990E+02
      0.200E-03      0.386E+00      0.685E+00      0.124E+10     -0.990E+02     -0.990E+02
      0.220E-03      0.386E+00      0.685E+00      0.124E+10     -0.990E+02     -0.990E+02
      0.250E-03      0.386E+00      0.685E+00      0.124E+10     -0.990E+02     -0.990E+02
      0.280E-03      0.386E+00      0.685E+00      0.124E+10     -0.990E+02     -0.990E+02
      0.320E-03      0.386E+00      0.685E+00      0.124E+10     -0.990E+02     -0.990E+02
      0.350E-03      0.386E+00      0.685E+00      0.124E+10     -0.990E+02     -0.990E+02
      0.400E-03      0.386E+00      0.685E+00      0.124E+10     -0.990E+02     -0.990E+02
      0.450E-03      0.386E+00      0.685E+00      0.124E+10     -0.990E+02     -0.990E+02
      0.500E-03      0.386E+00      0.685E+00      0.124E+10     -0.990E+02     -0.990E+02
      0.560E-03      0.386E+00      0.685E+00      0.124E+10     -0.990E+02     -0.990E+02
      0.630E-03      0.386E+00      0.685E+00      0.124E+10     -0.990E+02     -0.990E+02
      0.710E-03      0.386E+00      0.685E+00      0.124E+10     -0.990E+02     -0.990E+02
      0.790E-03      0.386E+00      0.685E+00      0.124E+10     -0.990E+02     -0.990E+02
      0.890E-03      0.386E+00      0.685E+00      0.124E+10     -0.990E+02     -0.990E+02
      0.100E-02      0.386E+00      0.685E+00      0.124E+10     -0.990E+02     -0.990E+02
      0.105E-02      0.386E+00      0.685E+00      0.124E+10     -0.990E+02     -0.990E+02
      0.110E-02      0.386E+00      0.685E+00      0.124E+10     -0.990E+02     -0.990E+02
      0.115E-02      0.386E+00      0.685E+00      0.124E+10     -0.990E+02     -0.990E+02
      0.120E-02      0.386E+00      0.685E+00      0.124E+10     -0.990E+02     -0.990E+02
      0.126E-02      0.386E+00      0.685E+00      0.124E+10     -0.990E+02     -0.990E+02
      0.132E-02      0.386E+00      0.685E+00      0.124E+10     -0.990E+02     -0.990E+02
      0.138E-02      0.386E+00      0.685E+00      0.124E+10     -0.990E+02     -0.990E+02
      0.145E-02      0.386E+00      0.685E+00      0.124E+10     -0.990E+02     -0.990E+02
      0.151E-02      0.386E+00      0.685E+00      0.124E+10     -0.990E+02     -0.990E+02
      0.158E-02      0.386E+00      0.685E+00      0.124E+10     -0.990E+02     -0.990E+02
      0.166E-02      0.386E+00      0.685E+00      0.124E+10     -0.990E+02     -0.990E+02
      0.174E-02      0.386E+00      0.685E+00      0.124E+10     -0.990E+02     -0.990E+02
      0.182E-02      0.386E+00      0.685E+00      0.124E+10     -0.990E+02     -0.990E+02
      0.191E-02      0.386E+00      0.685E+00      0.124E+10     -0.990E+02     -0.990E+02
      0.200E-02      0.386E+00      0.685E+00      0.124E+10     -0.990E+02     -0.990E+02
      0.209E-02      0.386E+00      0.685E+00      0.124E+10     -0.990E+02     -0.990E+02
      0.219E-02      0.386E+00      0.685E+00      0.124E+10     -0.990E+02     -0.990E+02
      0.229E-02      0.386E+00      0.685E+00      0.124E+10     -0.990E+02     -0.990E+02
      0.240E-02      0.386E+00      0.685E+00      0.124E+10     -0.990E+02     -0.990E+02
      0.251E-02      0.386E+00      0.685E+00      0.124E+10     -0.990E+02     -0.990E+02
      0.263E-02      0.386E+00      0.685E+00      0.124E+10     -0.990E+02     -0.990E+02
      0.275E-02      0.386E+00      0.685E+00      0.124E+10     -0.990E+02     -0.990E+02
      0.288E-02      0.386E+00      0.685E+00      0.124E+10     -0.990E+02     -0.990E+02
      0.302E-02      0.386E+00      0.685E+00      0.124E+10     -0.990E+02     -0.990E+02
      0.316E-02      0.386E+00      0.685E+00      0.124E+10     -0.990E+02     -0.990E+02
      0.331E-02      0.386E+00      0.685E+00      0.124E+10     -0.990E+02     -0.990E+02
      0.347E-02      0.386E+00      0.685E+00      0.124E+10     -0.990E+02     -0.990E+02
      0.363E-02      0.386E+00      0.685E+00      0.124E+10     -0.990E+02     -0.990E+02
      0.380E-02      0.386E+00      0.685E+00      0.124E+10     -0.990E+02     -0.990E+02
      0.398E-02      0.386E+00      0.685E+00      0.124E+10     -0.990E+02     -0.990E+02
      0.417E-02      0.386E+00      0.685E+00      0.124E+10     -0.990E+02     -0.990E+02
      0.437E-02      0.386E+00      0.685E+00      0.124E+10     -0.990E+02     -0.990E+02
      0.457E-02      0.386E+00      0.685E+00      0.124E+10     -0.990E+02     -0.990E+02
      0.479E-02      0.386E+00      0.685E+00      0.124E+10     -0.990E+02     -0.990E+02
      0.501E-02      0.386E+00      0.685E+00      0.124E+10     -0.990E+02     -0.990E+02
      0.525E-02      0.386E+00      0.685E+00      0.124E+10     -0.990E+02     -0.990E+02
      0.550E-02      0.386E+00      0.685E+00      0.124E+10     -0.990E+02     -0.990E+02
      0.575E-02      0.386E+00      0.685E+00      0.124E+10     -0.990E+02     -0.990E+02
      0.603E-02      0.386E+00      0.685E+00      0.124E+10     -0.990E+02     -0.990E+02
      0.631E-02      0.386E+00      0.685E+00      0.124E+10     -0.990E+02     -0.990E+02
      0.661E-02      0.386E+00      0.685E+00      0.124E+10     -0.990E+02     -0.990E+02
      0.692E-02      0.386E+00      0.685E+00      0.124E+10     -0.990E+02     -0.990E+02
      0.724E-02      0.386E+00      0.685E+00      0.124E+10     -0.990E+02     -0.990E+02
      0.759E-02      0.386E+00      0.685E+00      0.124E+10     -0.990E+02     -0.990E+02
      0.794E-02      0.386E+00      0.685E+00      0.124E+10     -0.990E+02     -0.990E+02
      0.832E-02      0.386E+00      0.685E+00      0.124E+10     -0.990E+02     -0.990E+02
      0.871E-02      0.386E+00      0.685E+00      0.124E+10     -0.990E+02     -0.990E+02
      0.912E-02      0.386E+00      0.685E+00      0.124E+10     -0.990E+02     -0.990E+02
      0.955E-02      0.386E+00      0.685E+00      0.124E+10     -0.990E+02     -0.990E+02
      0.100E-01      0.386E+00      0.685E+00      0.124E+10     -0.491E+00      0.589E+00
      0.105E-01      0.433E+01      0.285E+01      0.123E+10     -0.491E+00      0.589E+00
      0.110E-01      0.431E+01      0.283E+01      0.123E+10     -0.491E+00      0.589E+00
      0.115E-01      0.429E+01      0.282E+01      0.123E+10     -0.491E+00      0.589E+00
      0.120E-01      0.429E+01      0.282E+01      0.123E+10     -0.491E+00      0.589E+00
      0.126E-01      0.429E+01      0.282E+01      0.123E+10     -0.492E+00      0.589E+00
      0.132E-01      0.431E+01      0.283E+01      0.122E+10     -0.492E+00      0.589E+00
      0.138E-01      0.430E+01      0.282E+01      0.122E+10     -0.492E+00      0.589E+00
      0.144E-01      0.426E+01      0.279E+01      0.122E+10     -0.492E+00      0.589E+00
      0.151E-01      0.427E+01      0.279E+01      0.122E+10     -0.493E+00      0.588E+00
      0.159E-01      0.428E+01      0.280E+01      0.121E+10     -0.493E+00      0.589E+00
      0.166E-01      0.427E+01      0.279E+01      0.121E+10     -0.493E+00      0.588E+00
      0.174E-01      0.427E+01      0.279E+01      0.121E+10     -0.494E+00      0.589E+00
      0.182E-01      0.428E+01      0.279E+01      0.121E+10     -0.494E+00      0.589E+00
      0.191E-01      0.428E+01      0.279E+01      0.120E+10     -0.494E+00      0.589E+00
      0.200E-01      0.425E+01      0.277E+01      0.120E+10     -0.495E+00      0.589E+00
      0.209E-01      0.424E+01      0.276E+01      0.120E+10     -0.495E+00      0.589E+00
      0.219E-01      0.424E+01      0.275E+01      0.119E+10     -0.495E+00      0.589E+00
      0.229E-01      0.424E+01      0.275E+01      0.119E+10     -0.496E+00      0.588E+00
      0.240E-01      0.424E+01      0.274E+01      0.119E+10     -0.496E+00      0.589E+00
      0.251E-01      0.424E+01      0.274E+01      0.118E+10     -0.497E+00      0.589E+00
      0.263E-01      0.423E+01      0.273E+01      0.118E+10     -0.497E+00      0.589E+00
      0.275E-01      0.422E+01      0.272E+01      0.117E+10     -0.498E+00      0.589E+00
      0.290E-01      0.421E+01      0.271E+01      0.117E+10     -0.499E+00      0.589E+00
      0.300E-01      0.421E+01      0.270E+01      0.116E+10     -0.499E+00      0.589E+00
      0.310E-01      0.420E+01      0.270E+01      0.116E+10     -0.499E+00      0.589E+00
      0.320E-01      0.420E+01      0.269E+01      0.116E+10     -0.500E+00      0.589E+00
      0.330E-01      0.419E+01      0.268E+01      0.115E+10     -0.500E+00      0.589E+00
      0.340E-01      0.419E+01      0.268E+01      0.115E+10     -0.501E+00      0.590E+00
      0.350E-01      0.418E+01      0.267E+01      0.115E+10     -0.501E+00      0.590E+00
      0.360E-01      0.418E+01      0.267E+01      0.114E+10     -0.502E+00      0.590E+00
      0.370E-01      0.417E+01      0.266E+01      0.114E+10     -0.502E+00      0.590E+00
      0.380E-01      0.417E+01      0.265E+01      0.114E+10     -0.502E+00      0.590E+00
      0.390E-01      0.416E+01      0.265E+01      0.113E+10     -0.503E+00      0.591E+00
      0.400E-01      0.416E+01      0.264E+01      0.113E+10     -0.503E+00      0.591E+00
      0.425E-01      0.414E+01      0.263E+01      0.112E+10     -0.504E+00      0.591E+00
      0.450E-01      0.413E+01      0.261E+01      0.112E+10     -0.505E+00      0.592E+00
      0.475E-01      0.412E+01      0.260E+01      0.111E+10     -0.506E+00      0.592E+00
      0.500E-01      0.410E+01      0.258E+01      0.110E+10     -0.507E+00      0.593E+00
      0.525E-01      0.409E+01      0.257E+01      0.109E+10     -0.508E+00      0.593E+00
      0.550E-01      0.407E+01      0.255E+01      0.108E+10     -0.510E+00      0.594E+00
      0.571E-01      0.407E+01      0.254E+01      0.108E+10     -0.510E+00      0.594E+00
      0.640E-01      0.402E+01      0.250E+01      0.106E+10     -0.513E+00      0.595E+00
      0.719E-01      0.398E+01      0.246E+01      0.104E+10     -0.516E+00      0.595E+00
      0.806E-01      0.392E+01      0.240E+01      0.101E+10     -0.519E+00      0.593E+00
      0.905E-01      0.386E+01      0.234E+01      0.984E+09     -0.521E+00      0.590E+00
      0.102E+00      0.379E+01      0.227E+01      0.953E+09     -0.524E+00      0.584E+00
      0.114E+00      0.371E+01      0.219E+01      0.919E+09     -0.527E+00      0.577E+00
      0.128E+00      0.361E+01      0.211E+01      0.882E+09     -0.530E+00      0.567E+00
      0.143E+00      0.350E+01      0.202E+01      0.842E+09     -0.533E+00      0.557E+00
      0.161E+00      0.339E+01      0.192E+01      0.799E+09     -0.537E+00      0.546E+00
      0.181E+00      0.325E+01      0.181E+01      0.752E+09     -0.543E+00      0.537E+00
      0.203E+00      0.310E+01      0.171E+01      0.702E+09     -0.550E+00      0.530E+00
      0.227E+00      0.292E+01      0.159E+01      0.650E+09     -0.560E+00      0.528E+00
      0.255E+00      0.272E+01      0.147E+01      0.594E+09     -0.573E+00      0.537E+00
      0.286E+00      0.248E+01      0.135E+01      0.537E+09     -0.588E+00      0.563E+00
      0.321E+00      0.223E+01      0.123E+01      0.479E+09     -0.603E+00      0.590E+00
      0.360E+00      0.199E+01      0.111E+01      0.421E+09     -0.620E+00      0.603E+00
      0.404E+00      0.176E+01      0.996E+00      0.363E+09     -0.639E+00      0.612E+00
      0.453E+00      0.150E+01      0.883E+00      0.306E+09     -0.655E+00      0.621E+00
      0.509E+00      0.124E+01      0.779E+00      0.252E+09     -0.659E+00      0.644E+00
      0.571E+00      0.987E+00      0.678E+00      0.202E+09     -0.650E+00      0.698E+00
      0.641E+00      0.768E+00      0.573E+00      0.158E+09     -0.659E+00      0.757E+00
      0.719E+00      0.575E+00      0.480E+00      0.120E+09     -0.666E+00      0.838E+00
      0.806E+00      0.421E+00      0.391E+00      0.884E+08     -0.659E+00      0.921E+00
      0.905E+00      0.303E+00      0.314E+00      0.625E+08     -0.656E+00      0.102E+01
      0.102E+01      0.210E+00      0.257E+00      0.417E+08     -0.664E+00      0.122E+01
      0.114E+01      0.137E+00      0.190E+00      0.257E+08     -0.676E+00      0.139E+01
      0.128E+01      0.776E-01      0.141E+00      0.141E+08     -0.686E+00      0.185E+01
      0.143E+01      0.398E-01      0.930E-01      0.675E+07     -0.690E+00      0.234E+01
      0.161E+01      0.172E-01      0.579E-01      0.258E+07     -0.786E+00      0.370E+01
      0.168E+01      0.118E-01      0.451E-01      0.125E+07     -0.890E+00      0.465E+01
      0.170E+01      0.106E-01      0.413E-01      0.915E+06     -0.925E+00      0.499E+01
      0.180E+01      0.531E-02      0.238E-01      0.518E+06     -0.106E+01      0.683E+01
      0.190E+01      0.226E-02      0.125E-01      0.189E+06     -0.117E+01      0.876E+01
      0.200E+01      0.631E-03      0.651E-02      0.504E+05     -0.797E+00      0.122E+02
      0.210E+01      0.146E-03      0.289E-02      0.118E+05     -0.972E+00      0.280E+02
      0.220E+01      0.382E-04      0.120E-02      0.291E+04     -0.106E+01      0.443E+02
      0.230E+01      0.961E-05      0.420E-03      0.599E+03     -0.928E+00      0.542E+02
      0.240E+01      0.183E-06      0.665E-04      0.194E+02     -0.109E+01      0.539E+03
      0.250E+01      0.106E-06      0.385E-04      0.847E+01     -0.109E+01      0.539E+03
      0.260E+01      0.288E-07      0.105E-04      0.215E+01     -0.109E+01      0.539E+03
      0.275E+01      0.000E+00      0.000E+00      0.000E+00     -0.990E+02     -0.990E+02
      0.300E+01      0.000E+00      0.000E+00      0.000E+00     -0.990E+02     -0.990E+02
      0.325E+01      0.000E+00      0.000E+00      0.000E+00     -0.990E+02     -0.990E+02
      0.350E+01      0.000E+00      0.000E+00      0.000E+00     -0.990E+02     -0.990E+02
      0.375E+01      0.000E+00      0.000E+00      0.000E+00     -0.990E+02     -0.990E+02
      0.400E+01      0.000E+00      0.000E+00      0.000E+00     -0.990E+02     -0.990E+02
      0.425E+01      0.000E+00      0.000E+00      0.000E+00     -0.990E+02     -0.990E+02
      0.450E+01      0.000E+00      0.000E+00      0.000E+00     -0.990E+02     -0.990E+02
      0.475E+01      0.000E+00      0.000E+00      0.000E+00     -0.990E+02     -0.990E+02
      0.500E+01      0.000E+00      0.000E+00      0.000E+00     -0.990E+02     -0.990E+02
      0.525E+01      0.000E+00      0.000E+00      0.000E+00     -0.990E+02     -0.990E+02
      0.550E+01      0.000E+00      0.000E+00      0.000E+00     -0.990E+02     -0.990E+02
      0.575E+01      0.000E+00      0.000E+00      0.000E+00     -0.990E+02     -0.990E+02
      0.600E+01      0.000E+00      0.000E+00      0.000E+00     -0.990E+02     -0.990E+02
      0.625E+01      0.000E+00      0.000E+00      0.000E+00     -0.990E+02     -0.990E+02
      0.650E+01      0.000E+00      0.000E+00      0.000E+00     -0.990E+02     -0.990E+02
      0.675E+01      0.000E+00      0.000E+00      0.000E+00     -0.990E+02     -0.990E+02
      0.700E+01      0.000E+00      0.000E+00      0.000E+00     -0.990E+02     -0.990E+02
      0.725E+01      0.000E+00      0.000E+00      0.000E+00     -0.990E+02     -0.990E+02
      0.750E+01      0.000E+00      0.000E+00      0.000E+00     -0.990E+02     -0.990E+02
      0.775E+01      0.000E+00      0.000E+00      0.000E+00     -0.990E+02     -0.990E+02
      0.800E+01      0.000E+00      0.000E+00      0.000E+00     -0.990E+02     -0.990E+02
      0.825E+01      0.000E+00      0.000E+00      0.000E+00     -0.990E+02     -0.990E+02
      0.850E+01      0.000E+00      0.000E+00      0.000E+00     -0.990E+02     -0.990E+02
      0.875E+01      0.000E+00      0.000E+00      0.000E+00     -0.990E+02     -0.990E+02
      0.900E+01      0.000E+00      0.000E+00      0.000E+00     -0.990E+02     -0.990E+02
      0.925E+01      0.000E+00      0.000E+00      0.000E+00     -0.990E+02     -0.990E+02
      0.950E+01      0.000E+00      0.000E+00      0.000E+00     -0.990E+02     -0.990E+02
      0.975E+01      0.000E+00      0.000E+00      0.000E+00     -0.990E+02     -0.990E+02
      0.100E+02      0.000E+00      0.000E+00      0.000E+00     -0.990E+02     -0.990E+02
      0.102E+02      0.000E+00      0.000E+00      0.000E+00     -0.990E+02     -0.990E+02
      0.105E+02      0.000E+00      0.000E+00      0.000E+00     -0.990E+02     -0.990E+02
      0.108E+02      0.000E+00      0.000E+00      0.000E+00     -0.990E+02     -0.990E+02
      0.110E+02      0.000E+00      0.000E+00      0.000E+00     -0.990E+02     -0.990E+02
      0.112E+02      0.000E+00      0.000E+00      0.000E+00     -0.990E+02     -0.990E+02
      0.115E+02      0.000E+00      0.000E+00      0.000E+00     -0.990E+02     -0.990E+02
      0.118E+02      0.000E+00      0.000E+00      0.000E+00     -0.990E+02     -0.990E+02
      0.120E+02      0.000E+00      0.000E+00      0.000E+00     -0.990E+02     -0.990E+02
      0.122E+02      0.000E+00      0.000E+00      0.000E+00     -0.990E+02     -0.990E+02
      0.125E+02      0.000E+00      0.000E+00      0.000E+00     -0.990E+02     -0.990E+02
      0.128E+02      0.000E+00      0.000E+00      0.000E+00     -0.990E+02     -0.990E+02
      0.130E+02      0.000E+00      0.000E+00      0.000E+00     -0.990E+02     -0.990E+02
      0.132E+02      0.000E+00      0.000E+00      0.000E+00     -0.990E+02     -0.990E+02
      0.135E+02      0.000E+00      0.000E+00      0.000E+00     -0.990E+02     -0.990E+02
      0.138E+02      0.000E+00      0.000E+00      0.000E+00     -0.990E+02     -0.990E+02
      0.140E+02      0.000E+00      0.000E+00      0.000E+00     -0.990E+02     -0.990E+02
      0.142E+02      0.000E+00      0.000E+00      0.000E+00     -0.990E+02     -0.990E+02
      0.145E+02      0.000E+00      0.000E+00      0.000E+00     -0.990E+02     -0.990E+02
      0.148E+02      0.000E+00      0.000E+00      0.000E+00     -0.990E+02     -0.990E+02
      0.150E+02      0.000E+00      0.000E+00      0.000E+00     -0.990E+02     -0.990E+02
      0.152E+02      0.000E+00      0.000E+00      0.000E+00     -0.990E+02     -0.990E+02
      0.155E+02      0.000E+00      0.000E+00      0.000E+00     -0.990E+02     -0.990E+02
      0.158E+02      0.000E+00      0.000E+00      0.000E+00     -0.990E+02     -0.990E+02
      0.160E+02      0.000E+00      0.000E+00      0.000E+00     -0.990E+02     -0.990E+02
      0.162E+02      0.000E+00      0.000E+00      0.000E+00     -0.990E+02     -0.990E+02
      0.165E+02      0.000E+00      0.000E+00      0.000E+00     -0.990E+02     -0.990E+02
      0.168E+02      0.000E+00      0.000E+00      0.000E+00     -0.990E+02     -0.990E+02
      0.170E+02      0.000E+00      0.000E+00      0.000E+00     -0.990E+02     -0.990E+02
      0.172E+02      0.000E+00      0.000E+00      0.000E+00     -0.990E+02     -0.990E+02
      0.175E+02      0.000E+00      0.000E+00      0.000E+00     -0.990E+02     -0.990E+02
      0.178E+02      0.000E+00      0.000E+00      0.000E+00     -0.990E+02     -0.990E+02
      0.180E+02      0.000E+00      0.000E+00      0.000E+00     -0.990E+02     -0.990E+02
      0.182E+02      0.000E+00      0.000E+00      0.000E+00     -0.990E+02     -0.990E+02
      0.185E+02      0.000E+00      0.000E+00      0.000E+00     -0.990E+02     -0.990E+02
      0.188E+02      0.000E+00      0.000E+00      0.000E+00     -0.990E+02     -0.990E+02
      0.190E+02      0.000E+00      0.000E+00      0.000E+00     -0.990E+02     -0.990E+02
      0.192E+02      0.000E+00      0.000E+00      0.000E+00     -0.990E+02     -0.990E+02
      0.195E+02      0.000E+00      0.000E+00      0.000E+00     -0.990E+02     -0.990E+02
      0.198E+02      0.000E+00      0.000E+00      0.000E+00     -0.990E+02     -0.990E+02
      0.200E+02      0.000E+00      0.000E+00      0.000E+00     -0.990E+02     -0.990E+02
