      0.000E+00      0.128E+01      0.225E+01      0.363E+10     -0.990E+02     -0.990E+02
      0.100E-03      0.128E+01      0.225E+01      0.363E+10     -0.990E+02     -0.990E+02
      0.140E-03      0.128E+01      0.225E+01      0.363E+10     -0.990E+02     -0.990E+02
      0.160E-03      0.128E+01      0.225E+01      0.363E+10     -0.990E+02     -0.990E+02
      0.180E-03      0.128E+01      0.225E+01      0.363E+10     -0.990E+02     -0.990E+02
      0.200E-03      0.128E+01      0.225E+01      0.363E+10     -0.990E+02     -0.990E+02
      0.220E-03      0.128E+01      0.225E+01      0.363E+10     -0.990E+02     -0.990E+02
      0.250E-03      0.128E+01      0.225E+01      0.363E+10     -0.990E+02     -0.990E+02
      0.280E-03      0.128E+01      0.225E+01      0.363E+10     -0.990E+02     -0.990E+02
      0.320E-03      0.128E+01      0.225E+01      0.363E+10     -0.990E+02     -0.990E+02
      0.350E-03      0.128E+01      0.225E+01      0.363E+10     -0.990E+02     -0.990E+02
      0.400E-03      0.128E+01      0.225E+01      0.363E+10     -0.990E+02     -0.990E+02
      0.450E-03      0.128E+01      0.225E+01      0.363E+10     -0.990E+02     -0.990E+02
      0.500E-03      0.128E+01      0.225E+01      0.363E+10     -0.990E+02     -0.990E+02
      0.560E-03      0.128E+01      0.225E+01      0.363E+10     -0.990E+02     -0.990E+02
      0.630E-03      0.128E+01      0.225E+01      0.363E+10     -0.990E+02     -0.990E+02
      0.710E-03      0.128E+01      0.225E+01      0.363E+10     -0.990E+02     -0.990E+02
      0.790E-03      0.128E+01      0.225E+01      0.363E+10     -0.990E+02     -0.990E+02
      0.890E-03      0.128E+01      0.225E+01      0.363E+10     -0.990E+02     -0.990E+02
      0.100E-02      0.128E+01      0.225E+01      0.363E+10     -0.990E+02     -0.990E+02
      0.105E-02      0.128E+01      0.225E+01      0.363E+10     -0.990E+02     -0.990E+02
      0.110E-02      0.128E+01      0.225E+01      0.363E+10     -0.990E+02     -0.990E+02
      0.115E-02      0.128E+01      0.225E+01      0.363E+10     -0.990E+02     -0.990E+02
      0.120E-02      0.128E+01      0.225E+01      0.363E+10     -0.990E+02     -0.990E+02
      0.126E-02      0.128E+01      0.225E+01      0.363E+10     -0.990E+02     -0.990E+02
      0.132E-02      0.128E+01      0.225E+01      0.363E+10     -0.990E+02     -0.990E+02
      0.138E-02      0.128E+01      0.225E+01      0.363E+10     -0.990E+02     -0.990E+02
      0.145E-02      0.128E+01      0.225E+01      0.363E+10     -0.990E+02     -0.990E+02
      0.151E-02      0.128E+01      0.225E+01      0.363E+10     -0.990E+02     -0.990E+02
      0.158E-02      0.128E+01      0.225E+01      0.363E+10     -0.990E+02     -0.990E+02
      0.166E-02      0.128E+01      0.225E+01      0.363E+10     -0.990E+02     -0.990E+02
      0.174E-02      0.128E+01      0.225E+01      0.363E+10     -0.990E+02     -0.990E+02
      0.182E-02      0.128E+01      0.225E+01      0.363E+10     -0.990E+02     -0.990E+02
      0.191E-02      0.128E+01      0.225E+01      0.363E+10     -0.990E+02     -0.990E+02
      0.200E-02      0.128E+01      0.225E+01      0.363E+10     -0.990E+02     -0.990E+02
      0.209E-02      0.128E+01      0.225E+01      0.363E+10     -0.990E+02     -0.990E+02
      0.219E-02      0.128E+01      0.225E+01      0.363E+10     -0.990E+02     -0.990E+02
      0.229E-02      0.128E+01      0.225E+01      0.363E+10     -0.990E+02     -0.990E+02
      0.240E-02      0.128E+01      0.225E+01      0.363E+10     -0.990E+02     -0.990E+02
      0.251E-02      0.128E+01      0.225E+01      0.363E+10     -0.990E+02     -0.990E+02
      0.263E-02      0.128E+01      0.225E+01      0.363E+10     -0.990E+02     -0.990E+02
      0.275E-02      0.128E+01      0.225E+01      0.363E+10     -0.990E+02     -0.990E+02
      0.288E-02      0.128E+01      0.225E+01      0.363E+10     -0.990E+02     -0.990E+02
      0.302E-02      0.128E+01      0.225E+01      0.363E+10     -0.990E+02     -0.990E+02
      0.316E-02      0.128E+01      0.225E+01      0.363E+10     -0.990E+02     -0.990E+02
      0.331E-02      0.128E+01      0.225E+01      0.363E+10     -0.990E+02     -0.990E+02
      0.347E-02      0.128E+01      0.225E+01      0.363E+10     -0.990E+02     -0.990E+02
      0.363E-02      0.128E+01      0.225E+01      0.363E+10     -0.990E+02     -0.990E+02
      0.380E-02      0.128E+01      0.225E+01      0.363E+10     -0.990E+02     -0.990E+02
      0.398E-02      0.128E+01      0.225E+01      0.363E+10     -0.990E+02     -0.990E+02
      0.417E-02      0.128E+01      0.225E+01      0.363E+10     -0.990E+02     -0.990E+02
      0.437E-02      0.128E+01      0.225E+01      0.363E+10     -0.990E+02     -0.990E+02
      0.457E-02      0.128E+01      0.225E+01      0.363E+10     -0.990E+02     -0.990E+02
      0.479E-02      0.128E+01      0.225E+01      0.363E+10     -0.990E+02     -0.990E+02
      0.501E-02      0.128E+01      0.225E+01      0.363E+10     -0.990E+02     -0.990E+02
      0.525E-02      0.128E+01      0.225E+01      0.363E+10     -0.990E+02     -0.990E+02
      0.550E-02      0.128E+01      0.225E+01      0.363E+10     -0.990E+02     -0.990E+02
      0.575E-02      0.128E+01      0.225E+01      0.363E+10     -0.990E+02     -0.990E+02
      0.603E-02      0.128E+01      0.225E+01      0.363E+10     -0.990E+02     -0.990E+02
      0.631E-02      0.128E+01      0.225E+01      0.363E+10     -0.990E+02     -0.990E+02
      0.661E-02      0.128E+01      0.225E+01      0.363E+10     -0.990E+02     -0.990E+02
      0.692E-02      0.128E+01      0.225E+01      0.363E+10     -0.990E+02     -0.990E+02
      0.724E-02      0.128E+01      0.225E+01      0.363E+10     -0.990E+02     -0.990E+02
      0.759E-02      0.128E+01      0.225E+01      0.363E+10     -0.990E+02     -0.990E+02
      0.794E-02      0.128E+01      0.225E+01      0.363E+10     -0.990E+02     -0.990E+02
      0.832E-02      0.128E+01      0.225E+01      0.363E+10     -0.990E+02     -0.990E+02
      0.871E-02      0.128E+01      0.225E+01      0.363E+10     -0.990E+02     -0.990E+02
      0.912E-02      0.128E+01      0.225E+01      0.363E+10     -0.990E+02     -0.990E+02
      0.955E-02      0.128E+01      0.225E+01      0.363E+10     -0.990E+02     -0.990E+02
      0.100E-01      0.128E+01      0.225E+01      0.363E+10     -0.128E+01      0.759E+00
      0.105E-01      0.380E+02      0.153E+02      0.360E+10     -0.128E+01      0.759E+00
      0.110E-01      0.378E+02      0.152E+02      0.358E+10     -0.128E+01      0.758E+00
      0.115E-01      0.376E+02      0.151E+02      0.357E+10     -0.128E+01      0.758E+00
      0.120E-01      0.374E+02      0.151E+02      0.355E+10     -0.128E+01      0.758E+00
      0.126E-01      0.374E+02      0.151E+02      0.353E+10     -0.128E+01      0.758E+00
      0.132E-01      0.375E+02      0.151E+02      0.351E+10     -0.128E+01      0.758E+00
      0.138E-01      0.373E+02      0.150E+02      0.349E+10     -0.129E+01      0.757E+00
      0.144E-01      0.369E+02      0.148E+02      0.347E+10     -0.129E+01      0.757E+00
      0.151E-01      0.369E+02      0.148E+02      0.345E+10     -0.129E+01      0.757E+00
      0.159E-01      0.369E+02      0.148E+02      0.343E+10     -0.129E+01      0.757E+00
      0.166E-01      0.367E+02      0.147E+02      0.340E+10     -0.129E+01      0.757E+00
      0.174E-01      0.366E+02      0.147E+02      0.338E+10     -0.129E+01      0.757E+00
      0.182E-01      0.366E+02      0.146E+02      0.335E+10     -0.129E+01      0.756E+00
      0.191E-01      0.364E+02      0.146E+02      0.333E+10     -0.129E+01      0.756E+00
      0.200E-01      0.361E+02      0.144E+02      0.330E+10     -0.129E+01      0.755E+00
      0.209E-01      0.359E+02      0.143E+02      0.327E+10     -0.129E+01      0.755E+00
      0.219E-01      0.357E+02      0.142E+02      0.324E+10     -0.129E+01      0.755E+00
      0.229E-01      0.356E+02      0.142E+02      0.321E+10     -0.130E+01      0.755E+00
      0.240E-01      0.354E+02      0.141E+02      0.318E+10     -0.130E+01      0.754E+00
      0.251E-01      0.353E+02      0.140E+02      0.315E+10     -0.130E+01      0.754E+00
      0.263E-01      0.351E+02      0.139E+02      0.311E+10     -0.130E+01      0.754E+00
      0.275E-01      0.348E+02      0.138E+02      0.308E+10     -0.130E+01      0.753E+00
      0.290E-01      0.345E+02      0.136E+02      0.304E+10     -0.130E+01      0.753E+00
      0.300E-01      0.344E+02      0.136E+02      0.301E+10     -0.130E+01      0.753E+00
      0.310E-01      0.342E+02      0.135E+02      0.298E+10     -0.130E+01      0.753E+00
      0.320E-01      0.340E+02      0.134E+02      0.295E+10     -0.131E+01      0.753E+00
      0.330E-01      0.338E+02      0.133E+02      0.292E+10     -0.131E+01      0.752E+00
      0.340E-01      0.336E+02      0.132E+02      0.289E+10     -0.131E+01      0.752E+00
      0.350E-01      0.335E+02      0.131E+02      0.287E+10     -0.131E+01      0.752E+00
      0.360E-01      0.333E+02      0.130E+02      0.284E+10     -0.131E+01      0.751E+00
      0.370E-01      0.331E+02      0.130E+02      0.281E+10     -0.131E+01      0.751E+00
      0.380E-01      0.329E+02      0.129E+02      0.278E+10     -0.131E+01      0.751E+00
      0.390E-01      0.327E+02      0.128E+02      0.276E+10     -0.131E+01      0.751E+00
      0.400E-01      0.326E+02      0.127E+02      0.273E+10     -0.132E+01      0.751E+00
      0.425E-01      0.321E+02      0.125E+02      0.269E+10     -0.132E+01      0.750E+00
      0.450E-01      0.317E+02      0.123E+02      0.262E+10     -0.132E+01      0.750E+00
      0.475E-01      0.312E+02      0.121E+02      0.256E+10     -0.133E+01      0.749E+00
      0.500E-01      0.308E+02      0.119E+02      0.250E+10     -0.133E+01      0.749E+00
      0.525E-01      0.303E+02      0.117E+02      0.244E+10     -0.133E+01      0.749E+00
      0.550E-01      0.298E+02      0.115E+02      0.238E+10     -0.134E+01      0.749E+00
      0.571E-01      0.295E+02      0.113E+02      0.232E+10     -0.134E+01      0.749E+00
      0.640E-01      0.282E+02      0.107E+02      0.222E+10     -0.135E+01      0.750E+00
      0.719E-01      0.267E+02      0.101E+02      0.205E+10     -0.137E+01      0.752E+00
      0.806E-01      0.251E+02      0.944E+01      0.188E+10     -0.138E+01      0.757E+00
      0.905E-01      0.234E+02      0.870E+01      0.170E+10     -0.140E+01      0.763E+00
      0.102E+00      0.214E+02      0.787E+01      0.151E+10     -0.143E+01      0.770E+00
      0.114E+00      0.192E+02      0.698E+01      0.132E+10     -0.146E+01      0.782E+00
      0.128E+00      0.168E+02      0.607E+01      0.113E+10     -0.150E+01      0.810E+00
      0.143E+00      0.141E+02      0.519E+01      0.948E+09     -0.157E+01      0.877E+00
      0.161E+00      0.111E+02      0.451E+01      0.774E+09     -0.168E+01      0.105E+01
      0.181E+00      0.782E+01      0.427E+01      0.622E+09     -0.190E+01      0.153E+01
      0.203E+00      0.646E+01      0.376E+01      0.504E+09     -0.198E+01      0.169E+01
      0.227E+00      0.540E+01      0.313E+01      0.395E+09     -0.204E+01      0.175E+01
      0.255E+00      0.423E+01      0.253E+01      0.294E+09     -0.212E+01      0.190E+01
      0.286E+00      0.315E+01      0.199E+01      0.206E+09     -0.223E+01      0.210E+01
      0.321E+00      0.224E+01      0.150E+01      0.133E+09     -0.232E+01      0.229E+01
      0.360E+00      0.144E+01      0.104E+01      0.760E+08     -0.236E+01      0.246E+01
      0.404E+00      0.706E+00      0.587E+00      0.346E+08     -0.231E+01      0.267E+01
      0.453E+00      0.200E+00      0.359E+00      0.121E+08     -0.198E+01      0.521E+01
      0.509E+00      0.946E-01      0.205E+00      0.498E+07     -0.186E+01      0.596E+01
      0.571E+00      0.241E-01      0.802E-01      0.123E+07     -0.167E+01      0.813E+01
      0.641E+00      0.276E-02      0.260E-01      0.160E+06     -0.108E+01      0.129E+02
      0.719E+00      0.314E-03      0.123E-01      0.240E+05     -0.678E+00      0.309E+02
      0.806E+00      0.107E-03      0.433E-02      0.659E+04     -0.578E+00      0.273E+02
      0.905E+00      0.403E-07      0.127E-04      0.416E+01     -0.138E+01      0.585E+03
      0.102E+01      0.186E-07      0.528E-05      0.141E+01     -0.139E+01      0.558E+03
      0.114E+01      0.264E-13      0.696E-08      0.223E-05     -0.204E+01      0.746E+06
      0.128E+01      0.000E+00      0.000E+00      0.000E+00     -0.990E+02     -0.990E+02
      0.143E+01      0.000E+00      0.000E+00      0.000E+00     -0.990E+02     -0.990E+02
      0.161E+01      0.000E+00      0.000E+00      0.000E+00     -0.990E+02     -0.990E+02
      0.168E+01      0.000E+00      0.000E+00      0.000E+00     -0.990E+02     -0.990E+02
      0.170E+01      0.000E+00      0.000E+00      0.000E+00     -0.990E+02     -0.990E+02
      0.180E+01      0.000E+00      0.000E+00      0.000E+00     -0.990E+02     -0.990E+02
      0.190E+01      0.000E+00      0.000E+00      0.000E+00     -0.990E+02     -0.990E+02
      0.200E+01      0.000E+00      0.000E+00      0.000E+00     -0.990E+02     -0.990E+02
      0.210E+01      0.000E+00      0.000E+00      0.000E+00     -0.990E+02     -0.990E+02
      0.220E+01      0.000E+00      0.000E+00      0.000E+00     -0.990E+02     -0.990E+02
      0.230E+01      0.000E+00      0.000E+00      0.000E+00     -0.990E+02     -0.990E+02
      0.240E+01      0.000E+00      0.000E+00      0.000E+00     -0.990E+02     -0.990E+02
      0.250E+01      0.000E+00      0.000E+00      0.000E+00     -0.990E+02     -0.990E+02
      0.260E+01      0.000E+00      0.000E+00      0.000E+00     -0.990E+02     -0.990E+02
      0.275E+01      0.000E+00      0.000E+00      0.000E+00     -0.990E+02     -0.990E+02
      0.300E+01      0.000E+00      0.000E+00      0.000E+00     -0.990E+02     -0.990E+02
      0.325E+01      0.000E+00      0.000E+00      0.000E+00     -0.990E+02     -0.990E+02
      0.350E+01      0.000E+00      0.000E+00      0.000E+00     -0.990E+02     -0.990E+02
      0.375E+01      0.000E+00      0.000E+00      0.000E+00     -0.990E+02     -0.990E+02
      0.400E+01      0.000E+00      0.000E+00      0.000E+00     -0.990E+02     -0.990E+02
      0.425E+01      0.000E+00      0.000E+00      0.000E+00     -0.990E+02     -0.990E+02
      0.450E+01      0.000E+00      0.000E+00      0.000E+00     -0.990E+02     -0.990E+02
      0.475E+01      0.000E+00      0.000E+00      0.000E+00     -0.990E+02     -0.990E+02
      0.500E+01      0.000E+00      0.000E+00      0.000E+00     -0.990E+02     -0.990E+02
      0.525E+01      0.000E+00      0.000E+00      0.000E+00     -0.990E+02     -0.990E+02
      0.550E+01      0.000E+00      0.000E+00      0.000E+00     -0.990E+02     -0.990E+02
      0.575E+01      0.000E+00      0.000E+00      0.000E+00     -0.990E+02     -0.990E+02
      0.600E+01      0.000E+00      0.000E+00      0.000E+00     -0.990E+02     -0.990E+02
      0.625E+01      0.000E+00      0.000E+00      0.000E+00     -0.990E+02     -0.990E+02
      0.650E+01      0.000E+00      0.000E+00      0.000E+00     -0.990E+02     -0.990E+02
      0.675E+01      0.000E+00      0.000E+00      0.000E+00     -0.990E+02     -0.990E+02
      0.700E+01      0.000E+00      0.000E+00      0.000E+00     -0.990E+02     -0.990E+02
      0.725E+01      0.000E+00      0.000E+00      0.000E+00     -0.990E+02     -0.990E+02
      0.750E+01      0.000E+00      0.000E+00      0.000E+00     -0.990E+02     -0.990E+02
      0.775E+01      0.000E+00      0.000E+00      0.000E+00     -0.990E+02     -0.990E+02
      0.800E+01      0.000E+00      0.000E+00      0.000E+00     -0.990E+02     -0.990E+02
      0.825E+01      0.000E+00      0.000E+00      0.000E+00     -0.990E+02     -0.990E+02
      0.850E+01      0.000E+00      0.000E+00      0.000E+00     -0.990E+02     -0.990E+02
      0.875E+01      0.000E+00      0.000E+00      0.000E+00     -0.990E+02     -0.990E+02
      0.900E+01      0.000E+00      0.000E+00      0.000E+00     -0.990E+02     -0.990E+02
      0.925E+01      0.000E+00      0.000E+00      0.000E+00     -0.990E+02     -0.990E+02
      0.950E+01      0.000E+00      0.000E+00      0.000E+00     -0.990E+02     -0.990E+02
      0.975E+01      0.000E+00      0.000E+00      0.000E+00     -0.990E+02     -0.990E+02
      0.100E+02      0.000E+00      0.000E+00      0.000E+00     -0.990E+02     -0.990E+02
      0.102E+02      0.000E+00      0.000E+00      0.000E+00     -0.990E+02     -0.990E+02
      0.105E+02      0.000E+00      0.000E+00      0.000E+00     -0.990E+02     -0.990E+02
      0.108E+02      0.000E+00      0.000E+00      0.000E+00     -0.990E+02     -0.990E+02
      0.110E+02      0.000E+00      0.000E+00      0.000E+00     -0.990E+02     -0.990E+02
      0.112E+02      0.000E+00      0.000E+00      0.000E+00     -0.990E+02     -0.990E+02
      0.115E+02      0.000E+00      0.000E+00      0.000E+00     -0.990E+02     -0.990E+02
      0.118E+02      0.000E+00      0.000E+00      0.000E+00     -0.990E+02     -0.990E+02
      0.120E+02      0.000E+00      0.000E+00      0.000E+00     -0.990E+02     -0.990E+02
      0.122E+02      0.000E+00      0.000E+00      0.000E+00     -0.990E+02     -0.990E+02
      0.125E+02      0.000E+00      0.000E+00      0.000E+00     -0.990E+02     -0.990E+02
      0.128E+02      0.000E+00      0.000E+00      0.000E+00     -0.990E+02     -0.990E+02
      0.130E+02      0.000E+00      0.000E+00      0.000E+00     -0.990E+02     -0.990E+02
      0.132E+02      0.000E+00      0.000E+00      0.000E+00     -0.990E+02     -0.990E+02
      0.135E+02      0.000E+00      0.000E+00      0.000E+00     -0.990E+02     -0.990E+02
      0.138E+02      0.000E+00      0.000E+00      0.000E+00     -0.990E+02     -0.990E+02
      0.140E+02      0.000E+00      0.000E+00      0.000E+00     -0.990E+02     -0.990E+02
      0.142E+02      0.000E+00      0.000E+00      0.000E+00     -0.990E+02     -0.990E+02
      0.145E+02      0.000E+00      0.000E+00      0.000E+00     -0.990E+02     -0.990E+02
      0.148E+02      0.000E+00      0.000E+00      0.000E+00     -0.990E+02     -0.990E+02
      0.150E+02      0.000E+00      0.000E+00      0.000E+00     -0.990E+02     -0.990E+02
      0.152E+02      0.000E+00      0.000E+00      0.000E+00     -0.990E+02     -0.990E+02
      0.155E+02      0.000E+00      0.000E+00      0.000E+00     -0.990E+02     -0.990E+02
      0.158E+02      0.000E+00      0.000E+00      0.000E+00     -0.990E+02     -0.990E+02
      0.160E+02      0.000E+00      0.000E+00      0.000E+00     -0.990E+02     -0.990E+02
      0.162E+02      0.000E+00      0.000E+00      0.000E+00     -0.990E+02     -0.990E+02
      0.165E+02      0.000E+00      0.000E+00      0.000E+00     -0.990E+02     -0.990E+02
      0.168E+02      0.000E+00      0.000E+00      0.000E+00     -0.990E+02     -0.990E+02
      0.170E+02      0.000E+00      0.000E+00      0.000E+00     -0.990E+02     -0.990E+02
      0.172E+02      0.000E+00      0.000E+00      0.000E+00     -0.990E+02     -0.990E+02
      0.175E+02      0.000E+00      0.000E+00      0.000E+00     -0.990E+02     -0.990E+02
      0.178E+02      0.000E+00      0.000E+00      0.000E+00     -0.990E+02     -0.990E+02
      0.180E+02      0.000E+00      0.000E+00      0.000E+00     -0.990E+02     -0.990E+02
      0.182E+02      0.000E+00      0.000E+00      0.000E+00     -0.990E+02     -0.990E+02
      0.185E+02      0.000E+00      0.000E+00      0.000E+00     -0.990E+02     -0.990E+02
      0.188E+02      0.000E+00      0.000E+00      0.000E+00     -0.990E+02     -0.990E+02
      0.190E+02      0.000E+00      0.000E+00      0.000E+00     -0.990E+02     -0.990E+02
      0.192E+02      0.000E+00      0.000E+00      0.000E+00     -0.990E+02     -0.990E+02
      0.195E+02      0.000E+00      0.000E+00      0.000E+00     -0.990E+02     -0.990E+02
      0.198E+02      0.000E+00      0.000E+00      0.000E+00     -0.990E+02     -0.990E+02
      0.200E+02      0.000E+00      0.000E+00      0.000E+00     -0.990E+02     -0.990E+02
