      0.000E+00      0.100E-02      0.000E+00      0.100E+09     -0.990E+02     -0.990E+02
      0.100E-03      0.100E-02      0.000E+00      0.100E+09     -0.990E+02     -0.990E+02
      0.140E-03      0.100E-02      0.000E+00      0.100E+09     -0.990E+02     -0.990E+02
      0.160E-03      0.100E-02      0.000E+00      0.100E+09     -0.990E+02     -0.990E+02
      0.180E-03      0.100E-02      0.000E+00      0.100E+09     -0.990E+02     -0.990E+02
      0.200E-03      0.100E-02      0.000E+00      0.100E+09     -0.990E+02     -0.990E+02
      0.220E-03      0.100E-02      0.000E+00      0.100E+09     -0.990E+02     -0.990E+02
      0.250E-03      0.100E-02      0.000E+00      0.100E+09     -0.990E+02     -0.990E+02
      0.280E-03      0.100E-02      0.000E+00      0.100E+09     -0.990E+02     -0.990E+02
      0.320E-03      0.100E-02      0.000E+00      0.100E+09     -0.990E+02     -0.990E+02
      0.350E-03      0.100E-02      0.000E+00      0.100E+09     -0.990E+02     -0.990E+02
      0.400E-03      0.100E-02      0.000E+00      0.100E+09     -0.990E+02     -0.990E+02
      0.450E-03      0.100E-02      0.000E+00      0.100E+09     -0.990E+02     -0.990E+02
      0.500E-03      0.100E-02      0.000E+00      0.100E+09     -0.990E+02     -0.990E+02
      0.560E-03      0.100E-02      0.000E+00      0.100E+09     -0.990E+02     -0.990E+02
      0.630E-03      0.100E-02      0.000E+00      0.100E+09     -0.990E+02     -0.990E+02
      0.710E-03      0.100E-02      0.000E+00      0.100E+09     -0.990E+02     -0.990E+02
      0.790E-03      0.100E-02      0.000E+00      0.100E+09     -0.990E+02     -0.990E+02
      0.890E-03      0.100E-02      0.000E+00      0.100E+09     -0.990E+02     -0.990E+02
      0.100E-02      0.100E-02      0.000E+00      0.100E+09     -0.990E+02     -0.990E+02
      0.105E-02      0.100E-02      0.000E+00      0.100E+09     -0.990E+02     -0.990E+02
      0.110E-02      0.100E-02      0.000E+00      0.100E+09     -0.990E+02     -0.990E+02
      0.115E-02      0.100E-02      0.000E+00      0.100E+09     -0.990E+02     -0.990E+02
      0.120E-02      0.100E-02      0.000E+00      0.100E+09     -0.990E+02     -0.990E+02
      0.126E-02      0.100E-02      0.000E+00      0.100E+09     -0.990E+02     -0.990E+02
      0.132E-02      0.100E-02      0.000E+00      0.100E+09     -0.990E+02     -0.990E+02
      0.138E-02      0.100E-02      0.000E+00      0.100E+09     -0.990E+02     -0.990E+02
      0.145E-02      0.100E-02      0.000E+00      0.100E+09     -0.990E+02     -0.990E+02
      0.151E-02      0.100E-02      0.000E+00      0.100E+09     -0.990E+02     -0.990E+02
      0.158E-02      0.100E-02      0.000E+00      0.100E+09     -0.990E+02     -0.990E+02
      0.166E-02      0.100E-02      0.000E+00      0.100E+09     -0.990E+02     -0.990E+02
      0.174E-02      0.100E-02      0.000E+00      0.100E+09     -0.990E+02     -0.990E+02
      0.182E-02      0.100E-02      0.000E+00      0.100E+09     -0.990E+02     -0.990E+02
      0.191E-02      0.100E-02      0.000E+00      0.100E+09     -0.990E+02     -0.990E+02
      0.200E-02      0.100E-02      0.000E+00      0.100E+09     -0.990E+02     -0.990E+02
      0.209E-02      0.100E-02      0.000E+00      0.100E+09     -0.990E+02     -0.990E+02
      0.219E-02      0.100E-02      0.000E+00      0.100E+09     -0.990E+02     -0.990E+02
      0.229E-02      0.100E-02      0.000E+00      0.100E+09     -0.990E+02     -0.990E+02
      0.240E-02      0.100E-02      0.000E+00      0.100E+09     -0.990E+02     -0.990E+02
      0.251E-02      0.100E-02      0.000E+00      0.100E+09     -0.990E+02     -0.990E+02
      0.263E-02      0.100E-02      0.000E+00      0.100E+09     -0.990E+02     -0.990E+02
      0.275E-02      0.100E-02      0.000E+00      0.100E+09     -0.990E+02     -0.990E+02
      0.288E-02      0.100E-02      0.000E+00      0.100E+09     -0.990E+02     -0.990E+02
      0.302E-02      0.100E-02      0.000E+00      0.100E+09     -0.990E+02     -0.990E+02
      0.316E-02      0.100E-02      0.000E+00      0.100E+09     -0.990E+02     -0.990E+02
      0.331E-02      0.100E-02      0.000E+00      0.100E+09     -0.990E+02     -0.990E+02
      0.347E-02      0.100E-02      0.000E+00      0.100E+09     -0.990E+02     -0.990E+02
      0.363E-02      0.100E-02      0.000E+00      0.100E+09     -0.990E+02     -0.990E+02
      0.380E-02      0.100E-02      0.000E+00      0.100E+09     -0.990E+02     -0.990E+02
      0.398E-02      0.100E-02      0.000E+00      0.100E+09     -0.990E+02     -0.990E+02
      0.417E-02      0.100E-02      0.000E+00      0.100E+09     -0.990E+02     -0.990E+02
      0.437E-02      0.100E-02      0.000E+00      0.100E+09     -0.990E+02     -0.990E+02
      0.457E-02      0.100E-02      0.000E+00      0.100E+09     -0.990E+02     -0.990E+02
      0.479E-02      0.100E-02      0.000E+00      0.100E+09     -0.990E+02     -0.990E+02
      0.501E-02      0.100E-02      0.000E+00      0.100E+09     -0.990E+02     -0.990E+02
      0.525E-02      0.100E-02      0.000E+00      0.100E+09     -0.990E+02     -0.990E+02
      0.550E-02      0.100E-02      0.000E+00      0.100E+09     -0.990E+02     -0.990E+02
      0.575E-02      0.100E-02      0.000E+00      0.100E+09     -0.990E+02     -0.990E+02
      0.603E-02      0.100E-02      0.000E+00      0.100E+09     -0.990E+02     -0.990E+02
      0.631E-02      0.100E-02      0.000E+00      0.100E+09     -0.990E+02     -0.990E+02
      0.661E-02      0.100E-02      0.000E+00      0.100E+09     -0.990E+02     -0.990E+02
      0.692E-02      0.100E-02      0.000E+00      0.100E+09     -0.990E+02     -0.990E+02
      0.724E-02      0.100E-02      0.000E+00      0.100E+09     -0.990E+02     -0.990E+02
      0.759E-02      0.100E-02      0.000E+00      0.100E+09     -0.990E+02     -0.990E+02
      0.794E-02      0.100E-02      0.000E+00      0.100E+09     -0.990E+02     -0.990E+02
      0.832E-02      0.100E-02      0.000E+00      0.100E+09     -0.990E+02     -0.990E+02
      0.871E-02      0.100E-02      0.000E+00      0.100E+09     -0.990E+02     -0.990E+02
      0.912E-02      0.100E-02      0.000E+00      0.100E+09     -0.990E+02     -0.990E+02
      0.955E-02      0.100E-02      0.000E+00      0.100E+09     -0.990E+02     -0.990E+02
      0.100E-01      0.100E-02      0.000E+00      0.100E+09     -0.186E+00      0.134E+01
      0.105E-01      0.496E-03      0.171E-02      0.100E+09     -0.186E+00      0.134E+01
      0.110E-01      0.494E-03      0.170E-02      0.100E+09     -0.186E+00      0.134E+01
      0.115E-01      0.492E-03      0.170E-02      0.100E+09     -0.186E+00      0.134E+01
      0.120E-01      0.492E-03      0.169E-02      0.100E+09     -0.186E+00      0.133E+01
      0.126E-01      0.493E-03      0.170E-02      0.100E+09     -0.186E+00      0.133E+01
      0.132E-01      0.495E-03      0.170E-02      0.100E+09     -0.186E+00      0.133E+01
      0.138E-01      0.494E-03      0.170E-02      0.100E+09     -0.185E+00      0.133E+01
      0.144E-01      0.490E-03      0.168E-02      0.100E+09     -0.185E+00      0.133E+01
      0.151E-01      0.491E-03      0.169E-02      0.100E+09     -0.185E+00      0.133E+01
      0.159E-01      0.493E-03      0.169E-02      0.100E+09     -0.185E+00      0.133E+01
      0.166E-01      0.493E-03      0.169E-02      0.100E+09     -0.185E+00      0.133E+01
      0.174E-01      0.493E-03      0.169E-02      0.100E+09     -0.185E+00      0.133E+01
      0.182E-01      0.495E-03      0.169E-02      0.100E+09     -0.184E+00      0.133E+01
      0.191E-01      0.495E-03      0.169E-02      0.100E+09     -0.185E+00      0.133E+01
      0.200E-01      0.492E-03      0.168E-02      0.100E+09     -0.184E+00      0.132E+01
      0.209E-01      0.491E-03      0.168E-02      0.100E+09     -0.184E+00      0.132E+01
      0.219E-01      0.492E-03      0.167E-02      0.100E+09     -0.184E+00      0.132E+01
      0.229E-01      0.493E-03      0.168E-02      0.100E+09     -0.184E+00      0.132E+01
      0.240E-01      0.493E-03      0.167E-02      0.100E+09     -0.184E+00      0.132E+01
      0.251E-01      0.494E-03      0.168E-02      0.100E+09     -0.183E+00      0.132E+01
      0.263E-01      0.493E-03      0.167E-02      0.100E+09     -0.183E+00      0.132E+01
      0.275E-01      0.492E-03      0.167E-02      0.100E+09     -0.183E+00      0.132E+01
      0.290E-01      0.492E-03      0.167E-02      0.100E+09     -0.183E+00      0.132E+01
      0.300E-01      0.492E-03      0.166E-02      0.100E+09     -0.183E+00      0.131E+01
      0.310E-01      0.493E-03      0.166E-02      0.100E+09     -0.183E+00      0.131E+01
      0.320E-01      0.493E-03      0.166E-02      0.100E+09     -0.183E+00      0.131E+01
      0.330E-01      0.493E-03      0.166E-02      0.100E+09     -0.183E+00      0.131E+01
      0.340E-01      0.493E-03      0.166E-02      0.100E+09     -0.182E+00      0.131E+01
      0.350E-01      0.494E-03      0.166E-02      0.100E+09     -0.183E+00      0.131E+01
      0.360E-01      0.494E-03      0.166E-02      0.100E+09     -0.182E+00      0.131E+01
      0.370E-01      0.494E-03      0.166E-02      0.100E+09     -0.182E+00      0.131E+01
      0.380E-01      0.494E-03      0.166E-02      0.100E+09     -0.182E+00      0.131E+01
      0.390E-01      0.495E-03      0.166E-02      0.100E+09     -0.182E+00      0.131E+01
      0.400E-01      0.495E-03      0.165E-02      0.100E+09     -0.182E+00      0.131E+01
      0.425E-01      0.496E-03      0.165E-02      0.100E+09     -0.181E+00      0.130E+01
      0.450E-01      0.496E-03      0.165E-02      0.100E+09     -0.181E+00      0.130E+01
      0.475E-01      0.497E-03      0.165E-02      0.100E+09     -0.181E+00      0.130E+01
      0.500E-01      0.498E-03      0.165E-02      0.100E+09     -0.180E+00      0.130E+01
      0.525E-01      0.498E-03      0.165E-02      0.100E+09     -0.180E+00      0.130E+01
      0.550E-01      0.498E-03      0.164E-02      0.100E+09     -0.180E+00      0.130E+01
      0.571E-01      0.498E-03      0.164E-02      0.100E+09     -0.180E+00      0.130E+01
      0.640E-01      0.498E-03      0.162E-02      0.100E+09     -0.179E+00      0.130E+01
      0.719E-01      0.498E-03      0.161E-02      0.100E+09     -0.179E+00      0.130E+01
      0.806E-01      0.497E-03      0.159E-02      0.100E+09     -0.178E+00      0.131E+01
      0.905E-01      0.498E-03      0.157E-02      0.100E+09     -0.177E+00      0.131E+01
      0.102E+00      0.498E-03      0.156E-02      0.100E+09     -0.176E+00      0.131E+01
      0.114E+00      0.503E-03      0.155E-02      0.100E+09     -0.175E+00      0.131E+01
      0.128E+00      0.522E-03      0.158E-02      0.999E+08     -0.175E+00      0.129E+01
      0.143E+00      0.532E-03      0.157E-02      0.999E+08     -0.174E+00      0.127E+01
      0.161E+00      0.542E-03      0.158E-02      0.999E+08     -0.172E+00      0.126E+01
      0.181E+00      0.554E-03      0.160E-02      0.999E+08     -0.170E+00      0.125E+01
      0.203E+00      0.560E-03      0.160E-02      0.999E+08     -0.167E+00      0.125E+01
      0.227E+00      0.564E-03      0.162E-02      0.999E+08     -0.164E+00      0.125E+01
      0.255E+00      0.577E-03      0.165E-02      0.999E+08     -0.165E+00      0.125E+01
      0.286E+00      0.597E-03      0.169E-02      0.999E+08     -0.165E+00      0.124E+01
      0.321E+00      0.619E-03      0.173E-02      0.999E+08     -0.166E+00      0.123E+01
      0.360E+00      0.692E-03      0.186E-02      0.999E+08     -0.169E+00      0.115E+01
      0.404E+00      0.812E-03      0.229E-02      0.998E+08     -0.168E+00      0.110E+01
      0.453E+00      0.103E-02      0.321E-02      0.998E+08     -0.205E+00      0.133E+01
      0.509E+00      0.142E-02      0.526E-02      0.998E+08     -0.271E+00      0.203E+01
      0.571E+00      0.139E-02      0.472E-02      0.997E+08     -0.255E+00      0.183E+01
      0.641E+00      0.106E-02      0.284E-02      0.997E+08     -0.161E+00      0.967E+00
      0.719E+00      0.112E-02      0.331E-02      0.996E+08     -0.163E+00      0.945E+00
      0.806E+00      0.112E-02      0.343E-02      0.995E+08     -0.186E+00      0.103E+01
      0.905E+00      0.125E-02      0.351E-02      0.995E+08     -0.229E+00      0.118E+01
      0.102E+01      0.158E-02      0.424E-02      0.994E+08     -0.262E+00      0.128E+01
      0.114E+01      0.176E-02      0.479E-02      0.993E+08     -0.273E+00      0.123E+01
      0.128E+01      0.174E-02      0.500E-02      0.991E+08     -0.261E+00      0.114E+01
      0.143E+01      0.174E-02      0.470E-02      0.989E+08     -0.264E+00      0.114E+01
      0.161E+01      0.177E-02      0.396E-02      0.988E+08     -0.315E+00      0.129E+01
      0.168E+01      0.185E-02      0.408E-02      0.986E+08     -0.327E+00      0.131E+01
      0.170E+01      0.187E-02      0.410E-02      0.986E+08     -0.329E+00      0.130E+01
      0.180E+01      0.188E-02      0.405E-02      0.985E+08     -0.342E+00      0.133E+01
      0.190E+01      0.194E-02      0.408E-02      0.984E+08     -0.358E+00      0.139E+01
      0.200E+01      0.206E-02      0.429E-02      0.983E+08     -0.367E+00      0.129E+01
      0.210E+01      0.222E-02      0.466E-02      0.981E+08     -0.381E+00      0.128E+01
      0.220E+01      0.225E-02      0.424E-02      0.980E+08     -0.394E+00      0.128E+01
      0.230E+01      0.219E-02      0.418E-02      0.979E+08     -0.410E+00      0.141E+01
      0.240E+01      0.226E-02      0.451E-02      0.977E+08     -0.433E+00      0.150E+01
      0.250E+01      0.256E-02      0.547E-02      0.976E+08     -0.454E+00      0.169E+01
      0.260E+01      0.292E-02      0.590E-02      0.974E+08     -0.453E+00      0.164E+01
      0.275E+01      0.323E-02      0.604E-02      0.972E+08     -0.443E+00      0.140E+01
      0.300E+01      0.305E-02      0.541E-02      0.968E+08     -0.477E+00      0.145E+01
      0.325E+01      0.359E-02      0.604E-02      0.964E+08     -0.499E+00      0.143E+01
      0.350E+01      0.496E-02      0.881E-02      0.958E+08     -0.549E+00      0.162E+01
      0.375E+01      0.594E-02      0.954E-02      0.951E+08     -0.585E+00      0.153E+01
      0.400E+01      0.690E-02      0.109E-01      0.942E+08     -0.608E+00      0.158E+01
      0.425E+01      0.734E-02      0.103E-01      0.932E+08     -0.648E+00      0.145E+01
      0.450E+01      0.780E-02      0.980E-02      0.922E+08     -0.618E+00      0.121E+01
      0.475E+01      0.910E-02      0.123E-01      0.911E+08     -0.665E+00      0.141E+01
      0.500E+01      0.947E-02      0.114E-01      0.898E+08     -0.671E+00      0.125E+01
      0.525E+01      0.111E-01      0.129E-01      0.884E+08     -0.706E+00      0.128E+01
      0.550E+01      0.127E-01      0.143E-01      0.868E+08     -0.733E+00      0.129E+01
      0.575E+01      0.124E-01      0.134E-01      0.850E+08     -0.736E+00      0.125E+01
      0.600E+01      0.138E-01      0.142E-01      0.833E+08     -0.717E+00      0.118E+01
      0.625E+01      0.171E-01      0.174E-01      0.813E+08     -0.716E+00      0.116E+01
      0.650E+01      0.197E-01      0.182E-01      0.789E+08     -0.732E+00      0.105E+01
      0.675E+01      0.220E-01      0.194E-01      0.761E+08     -0.760E+00      0.102E+01
      0.700E+01      0.250E-01      0.215E-01      0.731E+08     -0.770E+00      0.101E+01
      0.725E+01      0.299E-01      0.241E-01      0.696E+08     -0.771E+00      0.947E+00
      0.750E+01      0.352E-01      0.265E-01      0.654E+08     -0.819E+00      0.911E+00
      0.775E+01      0.402E-01      0.289E-01      0.605E+08     -0.876E+00      0.929E+00
      0.800E+01      0.385E-01      0.267E-01      0.549E+08     -0.903E+00      0.931E+00
      0.825E+01      0.385E-01      0.236E-01      0.496E+08     -0.888E+00      0.793E+00
      0.850E+01      0.409E-01      0.265E-01      0.442E+08     -0.891E+00      0.846E+00
      0.875E+01      0.435E-01      0.304E-01      0.386E+08     -0.911E+00      0.915E+00
      0.900E+01      0.455E-01      0.303E-01      0.326E+08     -0.941E+00      0.890E+00
      0.925E+01      0.443E-01      0.331E-01      0.263E+08     -0.984E+00      0.102E+01
      0.950E+01      0.402E-01      0.321E-01      0.202E+08     -0.103E+01      0.113E+01
      0.975E+01      0.331E-01      0.275E-01      0.147E+08     -0.105E+01      0.122E+01
      0.100E+02      0.245E-01      0.224E-01      0.102E+08     -0.109E+01      0.139E+01
      0.102E+02      0.181E-01      0.185E-01      0.680E+07     -0.112E+01      0.159E+01
      0.105E+02      0.126E-01      0.161E-01      0.431E+07     -0.112E+01      0.194E+01
      0.108E+02      0.892E-02      0.157E-01      0.258E+07     -0.115E+01      0.263E+01
      0.110E+02      0.640E-02      0.131E-01      0.135E+07     -0.122E+01      0.320E+01
      0.112E+02      0.270E-02      0.841E-02      0.478E+06     -0.129E+01      0.517E+01
      0.115E+02      0.706E-03      0.296E-02      0.108E+06     -0.146E+01      0.782E+01
      0.118E+02      0.787E-04      0.548E-03      0.117E+05     -0.144E+01      0.134E+02
      0.120E+02      0.622E-05      0.470E-04      0.865E+03     -0.208E+01      0.220E+02
      0.122E+02      0.000E+00      0.000E+00      0.000E+00     -0.990E+02     -0.990E+02
      0.125E+02      0.000E+00      0.000E+00      0.000E+00     -0.990E+02     -0.990E+02
      0.128E+02      0.000E+00      0.000E+00      0.000E+00     -0.990E+02     -0.990E+02
      0.130E+02      0.000E+00      0.000E+00      0.000E+00     -0.990E+02     -0.990E+02
      0.132E+02      0.000E+00      0.000E+00      0.000E+00     -0.990E+02     -0.990E+02
      0.135E+02      0.000E+00      0.000E+00      0.000E+00     -0.990E+02     -0.990E+02
      0.138E+02      0.000E+00      0.000E+00      0.000E+00     -0.990E+02     -0.990E+02
      0.140E+02      0.000E+00      0.000E+00      0.000E+00     -0.990E+02     -0.990E+02
      0.142E+02      0.000E+00      0.000E+00      0.000E+00     -0.990E+02     -0.990E+02
      0.145E+02      0.000E+00      0.000E+00      0.000E+00     -0.990E+02     -0.990E+02
      0.148E+02      0.000E+00      0.000E+00      0.000E+00     -0.990E+02     -0.990E+02
      0.150E+02      0.000E+00      0.000E+00      0.000E+00     -0.990E+02     -0.990E+02
      0.152E+02      0.000E+00      0.000E+00      0.000E+00     -0.990E+02     -0.990E+02
      0.155E+02      0.000E+00      0.000E+00      0.000E+00     -0.990E+02     -0.990E+02
      0.158E+02      0.000E+00      0.000E+00      0.000E+00     -0.990E+02     -0.990E+02
      0.160E+02      0.000E+00      0.000E+00      0.000E+00     -0.990E+02     -0.990E+02
      0.162E+02      0.000E+00      0.000E+00      0.000E+00     -0.990E+02     -0.990E+02
      0.165E+02      0.000E+00      0.000E+00      0.000E+00     -0.990E+02     -0.990E+02
      0.168E+02      0.000E+00      0.000E+00      0.000E+00     -0.990E+02     -0.990E+02
      0.170E+02      0.000E+00      0.000E+00      0.000E+00     -0.990E+02     -0.990E+02
      0.172E+02      0.000E+00      0.000E+00      0.000E+00     -0.990E+02     -0.990E+02
      0.175E+02      0.000E+00      0.000E+00      0.000E+00     -0.990E+02     -0.990E+02
      0.178E+02      0.000E+00      0.000E+00      0.000E+00     -0.990E+02     -0.990E+02
      0.180E+02      0.000E+00      0.000E+00      0.000E+00     -0.990E+02     -0.990E+02
      0.182E+02      0.000E+00      0.000E+00      0.000E+00     -0.990E+02     -0.990E+02
      0.185E+02      0.000E+00      0.000E+00      0.000E+00     -0.990E+02     -0.990E+02
      0.188E+02      0.000E+00      0.000E+00      0.000E+00     -0.990E+02     -0.990E+02
      0.190E+02      0.000E+00      0.000E+00      0.000E+00     -0.990E+02     -0.990E+02
      0.192E+02      0.000E+00      0.000E+00      0.000E+00     -0.990E+02     -0.990E+02
      0.195E+02      0.000E+00      0.000E+00      0.000E+00     -0.990E+02     -0.990E+02
      0.198E+02      0.000E+00      0.000E+00      0.000E+00     -0.990E+02     -0.990E+02
      0.200E+02      0.000E+00      0.000E+00      0.000E+00     -0.990E+02     -0.990E+02
