      0.000E+00      0.127E+00      0.237E+00      0.122E+09     -0.990E+02     -0.990E+02
      0.100E-03      0.127E+00      0.237E+00      0.122E+09     -0.990E+02     -0.990E+02
      0.140E-03      0.127E+00      0.237E+00      0.122E+09     -0.990E+02     -0.990E+02
      0.160E-03      0.127E+00      0.237E+00      0.122E+09     -0.990E+02     -0.990E+02
      0.180E-03      0.127E+00      0.237E+00      0.122E+09     -0.990E+02     -0.990E+02
      0.200E-03      0.127E+00      0.237E+00      0.122E+09     -0.990E+02     -0.990E+02
      0.220E-03      0.127E+00      0.237E+00      0.122E+09     -0.990E+02     -0.990E+02
      0.250E-03      0.127E+00      0.237E+00      0.122E+09     -0.990E+02     -0.990E+02
      0.280E-03      0.127E+00      0.237E+00      0.122E+09     -0.990E+02     -0.990E+02
      0.320E-03      0.127E+00      0.237E+00      0.122E+09     -0.990E+02     -0.990E+02
      0.350E-03      0.127E+00      0.237E+00      0.122E+09     -0.990E+02     -0.990E+02
      0.400E-03      0.127E+00      0.237E+00      0.122E+09     -0.990E+02     -0.990E+02
      0.450E-03      0.127E+00      0.237E+00      0.122E+09     -0.990E+02     -0.990E+02
      0.500E-03      0.127E+00      0.237E+00      0.122E+09     -0.990E+02     -0.990E+02
      0.560E-03      0.127E+00      0.237E+00      0.122E+09     -0.990E+02     -0.990E+02
      0.630E-03      0.127E+00      0.237E+00      0.122E+09     -0.990E+02     -0.990E+02
      0.710E-03      0.127E+00      0.237E+00      0.122E+09     -0.990E+02     -0.990E+02
      0.790E-03      0.127E+00      0.237E+00      0.122E+09     -0.990E+02     -0.990E+02
      0.890E-03      0.127E+00      0.237E+00      0.122E+09     -0.990E+02     -0.990E+02
      0.100E-02      0.127E+00      0.237E+00      0.122E+09     -0.990E+02     -0.990E+02
      0.105E-02      0.127E+00      0.237E+00      0.122E+09     -0.990E+02     -0.990E+02
      0.110E-02      0.127E+00      0.237E+00      0.122E+09     -0.990E+02     -0.990E+02
      0.115E-02      0.127E+00      0.237E+00      0.122E+09     -0.990E+02     -0.990E+02
      0.120E-02      0.127E+00      0.237E+00      0.122E+09     -0.990E+02     -0.990E+02
      0.126E-02      0.127E+00      0.237E+00      0.122E+09     -0.990E+02     -0.990E+02
      0.132E-02      0.127E+00      0.237E+00      0.122E+09     -0.990E+02     -0.990E+02
      0.138E-02      0.127E+00      0.237E+00      0.122E+09     -0.990E+02     -0.990E+02
      0.145E-02      0.127E+00      0.237E+00      0.122E+09     -0.990E+02     -0.990E+02
      0.151E-02      0.127E+00      0.237E+00      0.122E+09     -0.990E+02     -0.990E+02
      0.158E-02      0.127E+00      0.237E+00      0.122E+09     -0.990E+02     -0.990E+02
      0.166E-02      0.127E+00      0.237E+00      0.122E+09     -0.990E+02     -0.990E+02
      0.174E-02      0.127E+00      0.237E+00      0.122E+09     -0.990E+02     -0.990E+02
      0.182E-02      0.127E+00      0.237E+00      0.122E+09     -0.990E+02     -0.990E+02
      0.191E-02      0.127E+00      0.237E+00      0.122E+09     -0.990E+02     -0.990E+02
      0.200E-02      0.127E+00      0.237E+00      0.122E+09     -0.990E+02     -0.990E+02
      0.209E-02      0.127E+00      0.237E+00      0.122E+09     -0.990E+02     -0.990E+02
      0.219E-02      0.127E+00      0.237E+00      0.122E+09     -0.990E+02     -0.990E+02
      0.229E-02      0.127E+00      0.237E+00      0.122E+09     -0.990E+02     -0.990E+02
      0.240E-02      0.127E+00      0.237E+00      0.122E+09     -0.990E+02     -0.990E+02
      0.251E-02      0.127E+00      0.237E+00      0.122E+09     -0.990E+02     -0.990E+02
      0.263E-02      0.127E+00      0.237E+00      0.122E+09     -0.990E+02     -0.990E+02
      0.275E-02      0.127E+00      0.237E+00      0.122E+09     -0.990E+02     -0.990E+02
      0.288E-02      0.127E+00      0.237E+00      0.122E+09     -0.990E+02     -0.990E+02
      0.302E-02      0.127E+00      0.237E+00      0.122E+09     -0.990E+02     -0.990E+02
      0.316E-02      0.127E+00      0.237E+00      0.122E+09     -0.990E+02     -0.990E+02
      0.331E-02      0.127E+00      0.237E+00      0.122E+09     -0.990E+02     -0.990E+02
      0.347E-02      0.127E+00      0.237E+00      0.122E+09     -0.990E+02     -0.990E+02
      0.363E-02      0.127E+00      0.237E+00      0.122E+09     -0.990E+02     -0.990E+02
      0.380E-02      0.127E+00      0.237E+00      0.122E+09     -0.990E+02     -0.990E+02
      0.398E-02      0.127E+00      0.237E+00      0.122E+09     -0.990E+02     -0.990E+02
      0.417E-02      0.127E+00      0.237E+00      0.122E+09     -0.990E+02     -0.990E+02
      0.437E-02      0.127E+00      0.237E+00      0.122E+09     -0.990E+02     -0.990E+02
      0.457E-02      0.127E+00      0.237E+00      0.122E+09     -0.990E+02     -0.990E+02
      0.479E-02      0.127E+00      0.237E+00      0.122E+09     -0.990E+02     -0.990E+02
      0.501E-02      0.127E+00      0.237E+00      0.122E+09     -0.990E+02     -0.990E+02
      0.525E-02      0.127E+00      0.237E+00      0.122E+09     -0.990E+02     -0.990E+02
      0.550E-02      0.127E+00      0.237E+00      0.122E+09     -0.990E+02     -0.990E+02
      0.575E-02      0.127E+00      0.237E+00      0.122E+09     -0.990E+02     -0.990E+02
      0.603E-02      0.127E+00      0.237E+00      0.122E+09     -0.990E+02     -0.990E+02
      0.631E-02      0.127E+00      0.237E+00      0.122E+09     -0.990E+02     -0.990E+02
      0.661E-02      0.127E+00      0.237E+00      0.122E+09     -0.990E+02     -0.990E+02
      0.692E-02      0.127E+00      0.237E+00      0.122E+09     -0.990E+02     -0.990E+02
      0.724E-02      0.127E+00      0.237E+00      0.122E+09     -0.990E+02     -0.990E+02
      0.759E-02      0.127E+00      0.237E+00      0.122E+09     -0.990E+02     -0.990E+02
      0.794E-02      0.127E+00      0.237E+00      0.122E+09     -0.990E+02     -0.990E+02
      0.832E-02      0.127E+00      0.237E+00      0.122E+09     -0.990E+02     -0.990E+02
      0.871E-02      0.127E+00      0.237E+00      0.122E+09     -0.990E+02     -0.990E+02
      0.912E-02      0.127E+00      0.237E+00      0.122E+09     -0.990E+02     -0.990E+02
      0.955E-02      0.127E+00      0.237E+00      0.122E+09     -0.990E+02     -0.990E+02
      0.100E-01      0.127E+00      0.237E+00      0.122E+09     -0.125E+00      0.248E+00
      0.105E-01      0.404E-01      0.353E-01      0.121E+09     -0.125E+00      0.248E+00
      0.110E-01      0.403E-01      0.352E-01      0.121E+09     -0.125E+00      0.248E+00
      0.115E-01      0.402E-01      0.351E-01      0.121E+09     -0.125E+00      0.249E+00
      0.120E-01      0.402E-01      0.351E-01      0.121E+09     -0.125E+00      0.249E+00
      0.126E-01      0.403E-01      0.352E-01      0.121E+09     -0.125E+00      0.249E+00
      0.132E-01      0.405E-01      0.354E-01      0.121E+09     -0.125E+00      0.249E+00
      0.138E-01      0.405E-01      0.354E-01      0.121E+09     -0.125E+00      0.249E+00
      0.144E-01      0.402E-01      0.351E-01      0.121E+09     -0.125E+00      0.249E+00
      0.151E-01      0.403E-01      0.352E-01      0.121E+09     -0.126E+00      0.249E+00
      0.159E-01      0.404E-01      0.353E-01      0.121E+09     -0.126E+00      0.250E+00
      0.166E-01      0.404E-01      0.353E-01      0.121E+09     -0.126E+00      0.250E+00
      0.174E-01      0.405E-01      0.353E-01      0.121E+09     -0.126E+00      0.250E+00
      0.182E-01      0.406E-01      0.354E-01      0.121E+09     -0.126E+00      0.250E+00
      0.191E-01      0.406E-01      0.353E-01      0.121E+09     -0.126E+00      0.251E+00
      0.200E-01      0.404E-01      0.352E-01      0.121E+09     -0.126E+00      0.251E+00
      0.209E-01      0.404E-01      0.351E-01      0.121E+09     -0.126E+00      0.251E+00
      0.219E-01      0.404E-01      0.351E-01      0.121E+09     -0.126E+00      0.251E+00
      0.229E-01      0.405E-01      0.352E-01      0.121E+09     -0.127E+00      0.252E+00
      0.240E-01      0.405E-01      0.351E-01      0.121E+09     -0.127E+00      0.252E+00
      0.251E-01      0.406E-01      0.352E-01      0.121E+09     -0.127E+00      0.252E+00
      0.263E-01      0.406E-01      0.351E-01      0.121E+09     -0.127E+00      0.253E+00
      0.275E-01      0.404E-01      0.349E-01      0.121E+09     -0.127E+00      0.253E+00
      0.290E-01      0.405E-01      0.350E-01      0.121E+09     -0.127E+00      0.253E+00
      0.300E-01      0.406E-01      0.350E-01      0.120E+09     -0.127E+00      0.254E+00
      0.310E-01      0.406E-01      0.350E-01      0.120E+09     -0.127E+00      0.254E+00
      0.320E-01      0.406E-01      0.350E-01      0.120E+09     -0.127E+00      0.254E+00
      0.330E-01      0.406E-01      0.349E-01      0.120E+09     -0.128E+00      0.254E+00
      0.340E-01      0.406E-01      0.349E-01      0.120E+09     -0.128E+00      0.254E+00
      0.350E-01      0.406E-01      0.349E-01      0.120E+09     -0.128E+00      0.254E+00
      0.360E-01      0.406E-01      0.348E-01      0.120E+09     -0.128E+00      0.254E+00
      0.370E-01      0.406E-01      0.348E-01      0.120E+09     -0.128E+00      0.254E+00
      0.380E-01      0.405E-01      0.348E-01      0.120E+09     -0.128E+00      0.254E+00
      0.390E-01      0.406E-01      0.347E-01      0.120E+09     -0.128E+00      0.254E+00
      0.400E-01      0.406E-01      0.348E-01      0.120E+09     -0.128E+00      0.255E+00
      0.425E-01      0.406E-01      0.347E-01      0.120E+09     -0.128E+00      0.255E+00
      0.450E-01      0.406E-01      0.347E-01      0.120E+09     -0.128E+00      0.255E+00
      0.475E-01      0.407E-01      0.347E-01      0.120E+09     -0.128E+00      0.255E+00
      0.500E-01      0.407E-01      0.346E-01      0.120E+09     -0.128E+00      0.255E+00
      0.525E-01      0.407E-01      0.346E-01      0.120E+09     -0.129E+00      0.256E+00
      0.550E-01      0.407E-01      0.345E-01      0.120E+09     -0.129E+00      0.256E+00
      0.571E-01      0.408E-01      0.345E-01      0.120E+09     -0.129E+00      0.256E+00
      0.640E-01      0.408E-01      0.344E-01      0.119E+09     -0.129E+00      0.257E+00
      0.719E-01      0.409E-01      0.343E-01      0.119E+09     -0.129E+00      0.257E+00
      0.806E-01      0.410E-01      0.343E-01      0.119E+09     -0.130E+00      0.259E+00
      0.905E-01      0.411E-01      0.342E-01      0.119E+09     -0.130E+00      0.259E+00
      0.102E+00      0.412E-01      0.342E-01      0.118E+09     -0.131E+00      0.261E+00
      0.114E+00      0.411E-01      0.342E-01      0.118E+09     -0.133E+00      0.264E+00
      0.128E+00      0.410E-01      0.340E-01      0.118E+09     -0.135E+00      0.264E+00
      0.143E+00      0.409E-01      0.341E-01      0.117E+09     -0.137E+00      0.266E+00
      0.161E+00      0.406E-01      0.340E-01      0.117E+09     -0.139E+00      0.267E+00
      0.181E+00      0.403E-01      0.341E-01      0.116E+09     -0.142E+00      0.270E+00
      0.203E+00      0.400E-01      0.343E-01      0.115E+09     -0.145E+00      0.275E+00
      0.227E+00      0.398E-01      0.348E-01      0.115E+09     -0.149E+00      0.281E+00
      0.255E+00      0.394E-01      0.355E-01      0.114E+09     -0.155E+00      0.288E+00
      0.286E+00      0.382E-01      0.340E-01      0.113E+09     -0.158E+00      0.287E+00
      0.321E+00      0.363E-01      0.312E-01      0.112E+09     -0.164E+00      0.286E+00
      0.360E+00      0.340E-01      0.282E-01      0.111E+09     -0.172E+00      0.287E+00
      0.404E+00      0.316E-01      0.254E-01      0.110E+09     -0.179E+00      0.288E+00
      0.453E+00      0.289E-01      0.237E-01      0.109E+09     -0.189E+00      0.302E+00
      0.509E+00      0.259E-01      0.237E-01      0.108E+09     -0.201E+00      0.342E+00
      0.571E+00      0.248E-01      0.216E-01      0.107E+09     -0.212E+00      0.343E+00
      0.641E+00      0.237E-01      0.193E-01      0.106E+09     -0.222E+00      0.342E+00
      0.719E+00      0.223E-01      0.173E-01      0.105E+09     -0.233E+00      0.352E+00
      0.806E+00      0.215E-01      0.168E-01      0.104E+09     -0.250E+00      0.391E+00
      0.905E+00      0.216E-01      0.171E-01      0.102E+09     -0.267E+00      0.420E+00
      0.102E+01      0.215E-01      0.168E-01      0.101E+09     -0.276E+00      0.407E+00
      0.114E+01      0.209E-01      0.154E-01      0.992E+08     -0.270E+00      0.371E+00
      0.128E+01      0.211E-01      0.153E-01      0.974E+08     -0.264E+00      0.364E+00
      0.143E+01      0.204E-01      0.143E-01      0.954E+08     -0.272E+00      0.365E+00
      0.161E+01      0.198E-01      0.142E-01      0.933E+08     -0.273E+00      0.368E+00
      0.168E+01      0.199E-01      0.149E-01      0.917E+08     -0.268E+00      0.366E+00
      0.170E+01      0.200E-01      0.150E-01      0.912E+08     -0.267E+00      0.366E+00
      0.180E+01      0.200E-01      0.152E-01      0.904E+08     -0.267E+00      0.364E+00
      0.190E+01      0.197E-01      0.145E-01      0.892E+08     -0.278E+00      0.370E+00
      0.200E+01      0.201E-01      0.145E-01      0.879E+08     -0.285E+00      0.372E+00
      0.210E+01      0.209E-01      0.164E-01      0.867E+08     -0.283E+00      0.379E+00
      0.220E+01      0.219E-01      0.186E-01      0.854E+08     -0.290E+00      0.399E+00
      0.230E+01      0.220E-01      0.173E-01      0.841E+08     -0.304E+00      0.407E+00
      0.240E+01      0.214E-01      0.157E-01      0.827E+08     -0.311E+00      0.411E+00
      0.250E+01      0.211E-01      0.157E-01      0.814E+08     -0.304E+00      0.415E+00
      0.260E+01      0.207E-01      0.156E-01      0.802E+08     -0.301E+00      0.415E+00
      0.275E+01      0.204E-01      0.154E-01      0.786E+08     -0.311E+00      0.425E+00
      0.300E+01      0.197E-01      0.151E-01      0.761E+08     -0.314E+00      0.440E+00
      0.325E+01      0.198E-01      0.151E-01      0.732E+08     -0.289E+00      0.436E+00
      0.350E+01      0.227E-01      0.177E-01      0.703E+08     -0.254E+00      0.462E+00
      0.375E+01      0.223E-01      0.175E-01      0.669E+08     -0.237E+00      0.420E+00
      0.400E+01      0.209E-01      0.171E-01      0.636E+08     -0.184E+00      0.353E+00
      0.425E+01      0.195E-01      0.153E-01      0.605E+08     -0.133E+00      0.307E+00
      0.450E+01      0.222E-01      0.161E-01      0.577E+08     -0.162E+00      0.291E+00
      0.475E+01      0.259E-01      0.182E-01      0.544E+08     -0.261E+00      0.341E+00
      0.500E+01      0.313E-01      0.195E-01      0.507E+08     -0.394E+00      0.432E+00
      0.525E+01      0.291E-01      0.202E-01      0.462E+08     -0.387E+00      0.490E+00
      0.550E+01      0.249E-01      0.163E-01      0.420E+08     -0.309E+00      0.352E+00
      0.575E+01      0.283E-01      0.178E-01      0.384E+08     -0.323E+00      0.348E+00
      0.600E+01      0.364E-01      0.220E-01      0.344E+08     -0.512E+00      0.525E+00
      0.625E+01      0.328E-01      0.207E-01      0.292E+08     -0.486E+00      0.513E+00
      0.650E+01      0.354E-01      0.224E-01      0.246E+08     -0.511E+00      0.524E+00
      0.675E+01      0.312E-01      0.207E-01      0.196E+08     -0.522E+00      0.561E+00
      0.700E+01      0.274E-01      0.171E-01      0.152E+08     -0.592E+00      0.561E+00
      0.725E+01      0.223E-01      0.156E-01      0.113E+08     -0.619E+00      0.638E+00
      0.750E+01      0.151E-01      0.125E-01      0.815E+07     -0.495E+00      0.593E+00
      0.775E+01      0.127E-01      0.115E-01      0.601E+07     -0.382E+00      0.599E+00
      0.800E+01      0.109E-01      0.989E-02      0.422E+07     -0.457E+00      0.609E+00
      0.825E+01      0.714E-02      0.913E-02      0.269E+07     -0.281E+00      0.596E+00
      0.850E+01      0.487E-02      0.731E-02      0.168E+07     -0.248E+00      0.635E+00
      0.875E+01      0.311E-02      0.552E-02      0.998E+06     -0.227E+00      0.702E+00
      0.900E+01      0.216E-02      0.444E-02      0.561E+06     -0.194E+00      0.759E+00
      0.925E+01      0.134E-02      0.315E-02      0.258E+06     -0.256E+00      0.104E+01
      0.950E+01      0.450E-03      0.141E-02      0.695E+05     -0.392E+00      0.175E+01
      0.975E+01      0.462E-04      0.369E-03      0.667E+04     -0.462E+00      0.577E+01
      0.100E+02      0.177E-05      0.466E-04      0.246E+03     -0.666E+00      0.288E+02
      0.102E+02      0.102E-11      0.200E-08      0.140E-03     -0.389E+01      0.996E+04
      0.105E+02      0.000E+00      0.000E+00      0.000E+00     -0.990E+02     -0.990E+02
      0.108E+02      0.000E+00      0.000E+00      0.000E+00     -0.990E+02     -0.990E+02
      0.110E+02      0.000E+00      0.000E+00      0.000E+00     -0.990E+02     -0.990E+02
      0.112E+02      0.000E+00      0.000E+00      0.000E+00     -0.990E+02     -0.990E+02
      0.115E+02      0.000E+00      0.000E+00      0.000E+00     -0.990E+02     -0.990E+02
      0.118E+02      0.000E+00      0.000E+00      0.000E+00     -0.990E+02     -0.990E+02
      0.120E+02      0.000E+00      0.000E+00      0.000E+00     -0.990E+02     -0.990E+02
      0.122E+02      0.000E+00      0.000E+00      0.000E+00     -0.990E+02     -0.990E+02
      0.125E+02      0.000E+00      0.000E+00      0.000E+00     -0.990E+02     -0.990E+02
      0.128E+02      0.000E+00      0.000E+00      0.000E+00     -0.990E+02     -0.990E+02
      0.130E+02      0.000E+00      0.000E+00      0.000E+00     -0.990E+02     -0.990E+02
      0.132E+02      0.000E+00      0.000E+00      0.000E+00     -0.990E+02     -0.990E+02
      0.135E+02      0.000E+00      0.000E+00      0.000E+00     -0.990E+02     -0.990E+02
      0.138E+02      0.000E+00      0.000E+00      0.000E+00     -0.990E+02     -0.990E+02
      0.140E+02      0.000E+00      0.000E+00      0.000E+00     -0.990E+02     -0.990E+02
      0.142E+02      0.000E+00      0.000E+00      0.000E+00     -0.990E+02     -0.990E+02
      0.145E+02      0.000E+00      0.000E+00      0.000E+00     -0.990E+02     -0.990E+02
      0.148E+02      0.000E+00      0.000E+00      0.000E+00     -0.990E+02     -0.990E+02
      0.150E+02      0.000E+00      0.000E+00      0.000E+00     -0.990E+02     -0.990E+02
      0.152E+02      0.000E+00      0.000E+00      0.000E+00     -0.990E+02     -0.990E+02
      0.155E+02      0.000E+00      0.000E+00      0.000E+00     -0.990E+02     -0.990E+02
      0.158E+02      0.000E+00      0.000E+00      0.000E+00     -0.990E+02     -0.990E+02
      0.160E+02      0.000E+00      0.000E+00      0.000E+00     -0.990E+02     -0.990E+02
      0.162E+02      0.000E+00      0.000E+00      0.000E+00     -0.990E+02     -0.990E+02
      0.165E+02      0.000E+00      0.000E+00      0.000E+00     -0.990E+02     -0.990E+02
      0.168E+02      0.000E+00      0.000E+00      0.000E+00     -0.990E+02     -0.990E+02
      0.170E+02      0.000E+00      0.000E+00      0.000E+00     -0.990E+02     -0.990E+02
      0.172E+02      0.000E+00      0.000E+00      0.000E+00     -0.990E+02     -0.990E+02
      0.175E+02      0.000E+00      0.000E+00      0.000E+00     -0.990E+02     -0.990E+02
      0.178E+02      0.000E+00      0.000E+00      0.000E+00     -0.990E+02     -0.990E+02
      0.180E+02      0.000E+00      0.000E+00      0.000E+00     -0.990E+02     -0.990E+02
      0.182E+02      0.000E+00      0.000E+00      0.000E+00     -0.990E+02     -0.990E+02
      0.185E+02      0.000E+00      0.000E+00      0.000E+00     -0.990E+02     -0.990E+02
      0.188E+02      0.000E+00      0.000E+00      0.000E+00     -0.990E+02     -0.990E+02
      0.190E+02      0.000E+00      0.000E+00      0.000E+00     -0.990E+02     -0.990E+02
      0.192E+02      0.000E+00      0.000E+00      0.000E+00     -0.990E+02     -0.990E+02
      0.195E+02      0.000E+00      0.000E+00      0.000E+00     -0.990E+02     -0.990E+02
      0.198E+02      0.000E+00      0.000E+00      0.000E+00     -0.990E+02     -0.990E+02
      0.200E+02      0.000E+00      0.000E+00      0.000E+00     -0.990E+02     -0.990E+02
