      0.000E+00      0.111E+02      0.166E+01      0.116E+10     -0.990E+02     -0.990E+02
      0.100E-03      0.111E+02      0.166E+01      0.116E+10     -0.990E+02     -0.990E+02
      0.140E-03      0.111E+02      0.166E+01      0.116E+10     -0.990E+02     -0.990E+02
      0.160E-03      0.111E+02      0.166E+01      0.116E+10     -0.990E+02     -0.990E+02
      0.180E-03      0.111E+02      0.166E+01      0.116E+10     -0.990E+02     -0.990E+02
      0.200E-03      0.111E+02      0.166E+01      0.116E+10     -0.990E+02     -0.990E+02
      0.220E-03      0.111E+02      0.166E+01      0.116E+10     -0.990E+02     -0.990E+02
      0.250E-03      0.111E+02      0.166E+01      0.116E+10     -0.990E+02     -0.990E+02
      0.280E-03      0.111E+02      0.166E+01      0.116E+10     -0.990E+02     -0.990E+02
      0.320E-03      0.111E+02      0.166E+01      0.116E+10     -0.990E+02     -0.990E+02
      0.350E-03      0.111E+02      0.166E+01      0.116E+10     -0.990E+02     -0.990E+02
      0.400E-03      0.111E+02      0.166E+01      0.116E+10     -0.990E+02     -0.990E+02
      0.450E-03      0.111E+02      0.166E+01      0.116E+10     -0.990E+02     -0.990E+02
      0.500E-03      0.111E+02      0.166E+01      0.116E+10     -0.990E+02     -0.990E+02
      0.560E-03      0.111E+02      0.166E+01      0.116E+10     -0.990E+02     -0.990E+02
      0.630E-03      0.111E+02      0.166E+01      0.116E+10     -0.990E+02     -0.990E+02
      0.710E-03      0.111E+02      0.166E+01      0.116E+10     -0.990E+02     -0.990E+02
      0.790E-03      0.111E+02      0.166E+01      0.116E+10     -0.990E+02     -0.990E+02
      0.890E-03      0.111E+02      0.166E+01      0.116E+10     -0.990E+02     -0.990E+02
      0.100E-02      0.111E+02      0.166E+01      0.116E+10     -0.990E+02     -0.990E+02
      0.105E-02      0.111E+02      0.166E+01      0.116E+10     -0.990E+02     -0.990E+02
      0.110E-02      0.111E+02      0.166E+01      0.116E+10     -0.990E+02     -0.990E+02
      0.115E-02      0.111E+02      0.166E+01      0.116E+10     -0.990E+02     -0.990E+02
      0.120E-02      0.111E+02      0.166E+01      0.116E+10     -0.990E+02     -0.990E+02
      0.126E-02      0.111E+02      0.166E+01      0.116E+10     -0.990E+02     -0.990E+02
      0.132E-02      0.111E+02      0.166E+01      0.116E+10     -0.990E+02     -0.990E+02
      0.138E-02      0.111E+02      0.166E+01      0.116E+10     -0.990E+02     -0.990E+02
      0.145E-02      0.111E+02      0.166E+01      0.116E+10     -0.990E+02     -0.990E+02
      0.151E-02      0.111E+02      0.166E+01      0.116E+10     -0.990E+02     -0.990E+02
      0.158E-02      0.111E+02      0.166E+01      0.116E+10     -0.990E+02     -0.990E+02
      0.166E-02      0.111E+02      0.166E+01      0.116E+10     -0.990E+02     -0.990E+02
      0.174E-02      0.111E+02      0.166E+01      0.116E+10     -0.990E+02     -0.990E+02
      0.182E-02      0.111E+02      0.166E+01      0.116E+10     -0.990E+02     -0.990E+02
      0.191E-02      0.111E+02      0.166E+01      0.116E+10     -0.990E+02     -0.990E+02
      0.200E-02      0.111E+02      0.166E+01      0.116E+10     -0.990E+02     -0.990E+02
      0.209E-02      0.111E+02      0.166E+01      0.116E+10     -0.990E+02     -0.990E+02
      0.219E-02      0.111E+02      0.166E+01      0.116E+10     -0.990E+02     -0.990E+02
      0.229E-02      0.111E+02      0.166E+01      0.116E+10     -0.990E+02     -0.990E+02
      0.240E-02      0.111E+02      0.166E+01      0.116E+10     -0.990E+02     -0.990E+02
      0.251E-02      0.111E+02      0.166E+01      0.116E+10     -0.990E+02     -0.990E+02
      0.263E-02      0.111E+02      0.166E+01      0.116E+10     -0.990E+02     -0.990E+02
      0.275E-02      0.111E+02      0.166E+01      0.116E+10     -0.990E+02     -0.990E+02
      0.288E-02      0.111E+02      0.166E+01      0.116E+10     -0.990E+02     -0.990E+02
      0.302E-02      0.111E+02      0.166E+01      0.116E+10     -0.990E+02     -0.990E+02
      0.316E-02      0.111E+02      0.166E+01      0.116E+10     -0.990E+02     -0.990E+02
      0.331E-02      0.111E+02      0.166E+01      0.116E+10     -0.990E+02     -0.990E+02
      0.347E-02      0.111E+02      0.166E+01      0.116E+10     -0.990E+02     -0.990E+02
      0.363E-02      0.111E+02      0.166E+01      0.116E+10     -0.990E+02     -0.990E+02
      0.380E-02      0.111E+02      0.166E+01      0.116E+10     -0.990E+02     -0.990E+02
      0.398E-02      0.111E+02      0.166E+01      0.116E+10     -0.990E+02     -0.990E+02
      0.417E-02      0.111E+02      0.166E+01      0.116E+10     -0.990E+02     -0.990E+02
      0.437E-02      0.111E+02      0.166E+01      0.116E+10     -0.990E+02     -0.990E+02
      0.457E-02      0.111E+02      0.166E+01      0.116E+10     -0.990E+02     -0.990E+02
      0.479E-02      0.111E+02      0.166E+01      0.116E+10     -0.990E+02     -0.990E+02
      0.501E-02      0.111E+02      0.166E+01      0.116E+10     -0.990E+02     -0.990E+02
      0.525E-02      0.111E+02      0.166E+01      0.116E+10     -0.990E+02     -0.990E+02
      0.550E-02      0.111E+02      0.166E+01      0.116E+10     -0.990E+02     -0.990E+02
      0.575E-02      0.111E+02      0.166E+01      0.116E+10     -0.990E+02     -0.990E+02
      0.603E-02      0.111E+02      0.166E+01      0.116E+10     -0.990E+02     -0.990E+02
      0.631E-02      0.111E+02      0.166E+01      0.116E+10     -0.990E+02     -0.990E+02
      0.661E-02      0.111E+02      0.166E+01      0.116E+10     -0.990E+02     -0.990E+02
      0.692E-02      0.111E+02      0.166E+01      0.116E+10     -0.990E+02     -0.990E+02
      0.724E-02      0.111E+02      0.166E+01      0.116E+10     -0.990E+02     -0.990E+02
      0.759E-02      0.111E+02      0.166E+01      0.116E+10     -0.990E+02     -0.990E+02
      0.794E-02      0.111E+02      0.166E+01      0.116E+10     -0.990E+02     -0.990E+02
      0.832E-02      0.111E+02      0.166E+01      0.116E+10     -0.990E+02     -0.990E+02
      0.871E-02      0.111E+02      0.166E+01      0.116E+10     -0.990E+02     -0.990E+02
      0.912E-02      0.111E+02      0.166E+01      0.116E+10     -0.990E+02     -0.990E+02
      0.955E-02      0.111E+02      0.166E+01      0.116E+10     -0.990E+02     -0.990E+02
      0.100E-01      0.111E+02      0.166E+01      0.116E+10     -0.101E+01      0.102E+01
      0.105E-01      0.371E+01      0.217E+01      0.105E+10     -0.101E+01      0.102E+01
      0.110E-01      0.369E+01      0.216E+01      0.104E+10     -0.101E+01      0.102E+01
      0.115E-01      0.368E+01      0.215E+01      0.104E+10     -0.101E+01      0.102E+01
      0.120E-01      0.367E+01      0.215E+01      0.104E+10     -0.101E+01      0.102E+01
      0.126E-01      0.368E+01      0.215E+01      0.104E+10     -0.101E+01      0.102E+01
      0.132E-01      0.369E+01      0.216E+01      0.104E+10     -0.101E+01      0.102E+01
      0.138E-01      0.368E+01      0.215E+01      0.104E+10     -0.101E+01      0.102E+01
      0.144E-01      0.364E+01      0.213E+01      0.103E+10     -0.101E+01      0.102E+01
      0.151E-01      0.365E+01      0.213E+01      0.103E+10     -0.101E+01      0.102E+01
      0.159E-01      0.366E+01      0.213E+01      0.103E+10     -0.101E+01      0.102E+01
      0.166E-01      0.365E+01      0.212E+01      0.103E+10     -0.101E+01      0.102E+01
      0.174E-01      0.365E+01      0.212E+01      0.102E+10     -0.101E+01      0.102E+01
      0.182E-01      0.366E+01      0.213E+01      0.102E+10     -0.102E+01      0.103E+01
      0.191E-01      0.365E+01      0.212E+01      0.102E+10     -0.102E+01      0.103E+01
      0.200E-01      0.363E+01      0.211E+01      0.102E+10     -0.102E+01      0.103E+01
      0.209E-01      0.362E+01      0.210E+01      0.101E+10     -0.102E+01      0.103E+01
      0.219E-01      0.361E+01      0.209E+01      0.101E+10     -0.102E+01      0.103E+01
      0.229E-01      0.361E+01      0.209E+01      0.101E+10     -0.102E+01      0.103E+01
      0.240E-01      0.361E+01      0.209E+01      0.100E+10     -0.102E+01      0.103E+01
      0.251E-01      0.361E+01      0.208E+01      0.100E+10     -0.102E+01      0.103E+01
      0.263E-01      0.360E+01      0.208E+01      0.997E+09     -0.102E+01      0.103E+01
      0.275E-01      0.358E+01      0.206E+01      0.994E+09     -0.102E+01      0.103E+01
      0.290E-01      0.357E+01      0.206E+01      0.990E+09     -0.102E+01      0.103E+01
      0.300E-01      0.357E+01      0.205E+01      0.986E+09     -0.102E+01      0.102E+01
      0.310E-01      0.356E+01      0.205E+01      0.983E+09     -0.102E+01      0.102E+01
      0.320E-01      0.356E+01      0.204E+01      0.980E+09     -0.102E+01      0.102E+01
      0.330E-01      0.355E+01      0.203E+01      0.977E+09     -0.102E+01      0.102E+01
      0.340E-01      0.355E+01      0.203E+01      0.974E+09     -0.102E+01      0.102E+01
      0.350E-01      0.354E+01      0.202E+01      0.972E+09     -0.102E+01      0.102E+01
      0.360E-01      0.353E+01      0.202E+01      0.969E+09     -0.102E+01      0.102E+01
      0.370E-01      0.353E+01      0.201E+01      0.966E+09     -0.102E+01      0.102E+01
      0.380E-01      0.352E+01      0.201E+01      0.963E+09     -0.102E+01      0.102E+01
      0.390E-01      0.351E+01      0.200E+01      0.960E+09     -0.103E+01      0.101E+01
      0.400E-01      0.351E+01      0.200E+01      0.957E+09     -0.103E+01      0.101E+01
      0.425E-01      0.349E+01      0.198E+01      0.952E+09     -0.103E+01      0.101E+01
      0.450E-01      0.348E+01      0.197E+01      0.945E+09     -0.103E+01      0.101E+01
      0.475E-01      0.346E+01      0.195E+01      0.938E+09     -0.103E+01      0.100E+01
      0.500E-01      0.345E+01      0.194E+01      0.931E+09     -0.103E+01      0.100E+01
      0.525E-01      0.343E+01      0.192E+01      0.925E+09     -0.103E+01      0.997E+00
      0.550E-01      0.341E+01      0.191E+01      0.918E+09     -0.103E+01      0.994E+00
      0.571E-01      0.340E+01      0.190E+01      0.912E+09     -0.103E+01      0.992E+00
      0.640E-01      0.336E+01      0.186E+01      0.899E+09     -0.104E+01      0.985E+00
      0.719E-01      0.331E+01      0.183E+01      0.880E+09     -0.104E+01      0.976E+00
      0.806E-01      0.326E+01      0.179E+01      0.859E+09     -0.104E+01      0.968E+00
      0.905E-01      0.320E+01      0.175E+01      0.835E+09     -0.105E+01      0.960E+00
      0.102E+00      0.312E+01      0.170E+01      0.810E+09     -0.105E+01      0.952E+00
      0.114E+00      0.305E+01      0.164E+01      0.782E+09     -0.106E+01      0.939E+00
      0.128E+00      0.296E+01      0.157E+01      0.752E+09     -0.106E+01      0.920E+00
      0.143E+00      0.287E+01      0.150E+01      0.719E+09     -0.106E+01      0.900E+00
      0.161E+00      0.278E+01      0.142E+01      0.684E+09     -0.106E+01      0.881E+00
      0.181E+00      0.266E+01      0.134E+01      0.646E+09     -0.107E+01      0.864E+00
      0.203E+00      0.253E+01      0.125E+01      0.605E+09     -0.107E+01      0.836E+00
      0.227E+00      0.237E+01      0.115E+01      0.563E+09     -0.107E+01      0.809E+00
      0.255E+00      0.218E+01      0.105E+01      0.518E+09     -0.107E+01      0.783E+00
      0.286E+00      0.199E+01      0.945E+00      0.473E+09     -0.106E+01      0.767E+00
      0.321E+00      0.181E+01      0.860E+00      0.426E+09     -0.107E+01      0.770E+00
      0.360E+00      0.161E+01      0.798E+00      0.380E+09     -0.107E+01      0.795E+00
      0.404E+00      0.142E+01      0.690E+00      0.333E+09     -0.110E+01      0.791E+00
      0.453E+00      0.125E+01      0.603E+00      0.288E+09     -0.112E+01      0.785E+00
      0.509E+00      0.113E+01      0.553E+00      0.243E+09     -0.115E+01      0.810E+00
      0.571E+00      0.104E+01      0.554E+00      0.198E+09     -0.118E+01      0.903E+00
      0.641E+00      0.913E+00      0.526E+00      0.152E+09     -0.119E+01      0.969E+00
      0.719E+00      0.736E+00      0.410E+00      0.107E+09     -0.119E+01      0.898E+00
      0.806E+00      0.510E+00      0.340E+00      0.663E+08     -0.120E+01      0.103E+01
      0.905E+00      0.301E+00      0.299E+00      0.351E+08     -0.121E+01      0.156E+01
      0.102E+01      0.137E+00      0.177E+00      0.146E+08     -0.109E+01      0.183E+01
      0.114E+01      0.278E-01      0.824E-01      0.415E+07     -0.641E+00      0.355E+01
      0.128E+01      0.121E-01      0.414E-01      0.180E+07     -0.920E+00      0.498E+01
      0.143E+01      0.464E-02      0.208E-01      0.655E+06     -0.115E+01      0.808E+01
      0.161E+01      0.130E-02      0.112E-01      0.171E+06     -0.159E+01      0.184E+02
      0.168E+01      0.894E-03      0.801E-02      0.717E+05     -0.157E+01      0.190E+02
      0.170E+01      0.789E-03      0.710E-02      0.466E+05     -0.157E+01      0.191E+02
      0.180E+01      0.284E-03      0.257E-02      0.174E+05     -0.158E+01      0.192E+02
      0.190E+01      0.216E-15      0.120E-10      0.132E-07     -0.317E+01      0.257E+06
      0.200E+01      0.000E+00      0.134E-22      0.543E-33     -0.423E+01            NaN
      0.210E+01      0.000E+00      0.575E-23      0.167E-33     -0.423E+01            NaN
      0.220E+01      0.000E+00      0.000E+00      0.000E+00     -0.990E+02     -0.990E+02
      0.230E+01      0.000E+00      0.000E+00      0.000E+00     -0.990E+02     -0.990E+02
      0.240E+01      0.000E+00      0.000E+00      0.000E+00     -0.990E+02     -0.990E+02
      0.250E+01      0.000E+00      0.000E+00      0.000E+00     -0.990E+02     -0.990E+02
      0.260E+01      0.000E+00      0.000E+00      0.000E+00     -0.990E+02     -0.990E+02
      0.275E+01      0.000E+00      0.000E+00      0.000E+00     -0.990E+02     -0.990E+02
      0.300E+01      0.000E+00      0.000E+00      0.000E+00     -0.990E+02     -0.990E+02
      0.325E+01      0.000E+00      0.000E+00      0.000E+00     -0.990E+02     -0.990E+02
      0.350E+01      0.000E+00      0.000E+00      0.000E+00     -0.990E+02     -0.990E+02
      0.375E+01      0.000E+00      0.000E+00      0.000E+00     -0.990E+02     -0.990E+02
      0.400E+01      0.000E+00      0.000E+00      0.000E+00     -0.990E+02     -0.990E+02
      0.425E+01      0.000E+00      0.000E+00      0.000E+00     -0.990E+02     -0.990E+02
      0.450E+01      0.000E+00      0.000E+00      0.000E+00     -0.990E+02     -0.990E+02
      0.475E+01      0.000E+00      0.000E+00      0.000E+00     -0.990E+02     -0.990E+02
      0.500E+01      0.000E+00      0.000E+00      0.000E+00     -0.990E+02     -0.990E+02
      0.525E+01      0.000E+00      0.000E+00      0.000E+00     -0.990E+02     -0.990E+02
      0.550E+01      0.000E+00      0.000E+00      0.000E+00     -0.990E+02     -0.990E+02
      0.575E+01      0.000E+00      0.000E+00      0.000E+00     -0.990E+02     -0.990E+02
      0.600E+01      0.000E+00      0.000E+00      0.000E+00     -0.990E+02     -0.990E+02
      0.625E+01      0.000E+00      0.000E+00      0.000E+00     -0.990E+02     -0.990E+02
      0.650E+01      0.000E+00      0.000E+00      0.000E+00     -0.990E+02     -0.990E+02
      0.675E+01      0.000E+00      0.000E+00      0.000E+00     -0.990E+02     -0.990E+02
      0.700E+01      0.000E+00      0.000E+00      0.000E+00     -0.990E+02     -0.990E+02
      0.725E+01      0.000E+00      0.000E+00      0.000E+00     -0.990E+02     -0.990E+02
      0.750E+01      0.000E+00      0.000E+00      0.000E+00     -0.990E+02     -0.990E+02
      0.775E+01      0.000E+00      0.000E+00      0.000E+00     -0.990E+02     -0.990E+02
      0.800E+01      0.000E+00      0.000E+00      0.000E+00     -0.990E+02     -0.990E+02
      0.825E+01      0.000E+00      0.000E+00      0.000E+00     -0.990E+02     -0.990E+02
      0.850E+01      0.000E+00      0.000E+00      0.000E+00     -0.990E+02     -0.990E+02
      0.875E+01      0.000E+00      0.000E+00      0.000E+00     -0.990E+02     -0.990E+02
      0.900E+01      0.000E+00      0.000E+00      0.000E+00     -0.990E+02     -0.990E+02
      0.925E+01      0.000E+00      0.000E+00      0.000E+00     -0.990E+02     -0.990E+02
      0.950E+01      0.000E+00      0.000E+00      0.000E+00     -0.990E+02     -0.990E+02
      0.975E+01      0.000E+00      0.000E+00      0.000E+00     -0.990E+02     -0.990E+02
      0.100E+02      0.000E+00      0.000E+00      0.000E+00     -0.990E+02     -0.990E+02
      0.102E+02      0.000E+00      0.000E+00      0.000E+00     -0.990E+02     -0.990E+02
      0.105E+02      0.000E+00      0.000E+00      0.000E+00     -0.990E+02     -0.990E+02
      0.108E+02      0.000E+00      0.000E+00      0.000E+00     -0.990E+02     -0.990E+02
      0.110E+02      0.000E+00      0.000E+00      0.000E+00     -0.990E+02     -0.990E+02
      0.112E+02      0.000E+00      0.000E+00      0.000E+00     -0.990E+02     -0.990E+02
      0.115E+02      0.000E+00      0.000E+00      0.000E+00     -0.990E+02     -0.990E+02
      0.118E+02      0.000E+00      0.000E+00      0.000E+00     -0.990E+02     -0.990E+02
      0.120E+02      0.000E+00      0.000E+00      0.000E+00     -0.990E+02     -0.990E+02
      0.122E+02      0.000E+00      0.000E+00      0.000E+00     -0.990E+02     -0.990E+02
      0.125E+02      0.000E+00      0.000E+00      0.000E+00     -0.990E+02     -0.990E+02
      0.128E+02      0.000E+00      0.000E+00      0.000E+00     -0.990E+02     -0.990E+02
      0.130E+02      0.000E+00      0.000E+00      0.000E+00     -0.990E+02     -0.990E+02
      0.132E+02      0.000E+00      0.000E+00      0.000E+00     -0.990E+02     -0.990E+02
      0.135E+02      0.000E+00      0.000E+00      0.000E+00     -0.990E+02     -0.990E+02
      0.138E+02      0.000E+00      0.000E+00      0.000E+00     -0.990E+02     -0.990E+02
      0.140E+02      0.000E+00      0.000E+00      0.000E+00     -0.990E+02     -0.990E+02
      0.142E+02      0.000E+00      0.000E+00      0.000E+00     -0.990E+02     -0.990E+02
      0.145E+02      0.000E+00      0.000E+00      0.000E+00     -0.990E+02     -0.990E+02
      0.148E+02      0.000E+00      0.000E+00      0.000E+00     -0.990E+02     -0.990E+02
      0.150E+02      0.000E+00      0.000E+00      0.000E+00     -0.990E+02     -0.990E+02
      0.152E+02      0.000E+00      0.000E+00      0.000E+00     -0.990E+02     -0.990E+02
      0.155E+02      0.000E+00      0.000E+00      0.000E+00     -0.990E+02     -0.990E+02
      0.158E+02      0.000E+00      0.000E+00      0.000E+00     -0.990E+02     -0.990E+02
      0.160E+02      0.000E+00      0.000E+00      0.000E+00     -0.990E+02     -0.990E+02
      0.162E+02      0.000E+00      0.000E+00      0.000E+00     -0.990E+02     -0.990E+02
      0.165E+02      0.000E+00      0.000E+00      0.000E+00     -0.990E+02     -0.990E+02
      0.168E+02      0.000E+00      0.000E+00      0.000E+00     -0.990E+02     -0.990E+02
      0.170E+02      0.000E+00      0.000E+00      0.000E+00     -0.990E+02     -0.990E+02
      0.172E+02      0.000E+00      0.000E+00      0.000E+00     -0.990E+02     -0.990E+02
      0.175E+02      0.000E+00      0.000E+00      0.000E+00     -0.990E+02     -0.990E+02
      0.178E+02      0.000E+00      0.000E+00      0.000E+00     -0.990E+02     -0.990E+02
      0.180E+02      0.000E+00      0.000E+00      0.000E+00     -0.990E+02     -0.990E+02
      0.182E+02      0.000E+00      0.000E+00      0.000E+00     -0.990E+02     -0.990E+02
      0.185E+02      0.000E+00      0.000E+00      0.000E+00     -0.990E+02     -0.990E+02
      0.188E+02      0.000E+00      0.000E+00      0.000E+00     -0.990E+02     -0.990E+02
      0.190E+02      0.000E+00      0.000E+00      0.000E+00     -0.990E+02     -0.990E+02
      0.192E+02      0.000E+00      0.000E+00      0.000E+00     -0.990E+02     -0.990E+02
      0.195E+02      0.000E+00      0.000E+00      0.000E+00     -0.990E+02     -0.990E+02
      0.198E+02      0.000E+00      0.000E+00      0.000E+00     -0.990E+02     -0.990E+02
      0.200E+02      0.000E+00      0.000E+00      0.000E+00     -0.990E+02     -0.990E+02
