      0.000E+00      0.244E-01      0.227E-01      0.100E+09     -0.990E+02     -0.990E+02
      0.100E-03      0.244E-01      0.227E-01      0.100E+09     -0.990E+02     -0.990E+02
      0.140E-03      0.244E-01      0.227E-01      0.100E+09     -0.990E+02     -0.990E+02
      0.160E-03      0.244E-01      0.227E-01      0.100E+09     -0.990E+02     -0.990E+02
      0.180E-03      0.244E-01      0.227E-01      0.100E+09     -0.990E+02     -0.990E+02
      0.200E-03      0.244E-01      0.227E-01      0.100E+09     -0.990E+02     -0.990E+02
      0.220E-03      0.244E-01      0.227E-01      0.100E+09     -0.990E+02     -0.990E+02
      0.250E-03      0.244E-01      0.227E-01      0.100E+09     -0.990E+02     -0.990E+02
      0.280E-03      0.244E-01      0.227E-01      0.100E+09     -0.990E+02     -0.990E+02
      0.320E-03      0.244E-01      0.227E-01      0.100E+09     -0.990E+02     -0.990E+02
      0.350E-03      0.244E-01      0.227E-01      0.100E+09     -0.990E+02     -0.990E+02
      0.400E-03      0.244E-01      0.227E-01      0.100E+09     -0.990E+02     -0.990E+02
      0.450E-03      0.244E-01      0.227E-01      0.100E+09     -0.990E+02     -0.990E+02
      0.500E-03      0.244E-01      0.227E-01      0.100E+09     -0.990E+02     -0.990E+02
      0.560E-03      0.244E-01      0.227E-01      0.100E+09     -0.990E+02     -0.990E+02
      0.630E-03      0.244E-01      0.227E-01      0.100E+09     -0.990E+02     -0.990E+02
      0.710E-03      0.244E-01      0.227E-01      0.100E+09     -0.990E+02     -0.990E+02
      0.790E-03      0.244E-01      0.227E-01      0.100E+09     -0.990E+02     -0.990E+02
      0.890E-03      0.244E-01      0.227E-01      0.100E+09     -0.990E+02     -0.990E+02
      0.100E-02      0.244E-01      0.227E-01      0.100E+09     -0.990E+02     -0.990E+02
      0.105E-02      0.244E-01      0.227E-01      0.100E+09     -0.990E+02     -0.990E+02
      0.110E-02      0.244E-01      0.227E-01      0.100E+09     -0.990E+02     -0.990E+02
      0.115E-02      0.244E-01      0.227E-01      0.100E+09     -0.990E+02     -0.990E+02
      0.120E-02      0.244E-01      0.227E-01      0.100E+09     -0.990E+02     -0.990E+02
      0.126E-02      0.244E-01      0.227E-01      0.100E+09     -0.990E+02     -0.990E+02
      0.132E-02      0.244E-01      0.227E-01      0.100E+09     -0.990E+02     -0.990E+02
      0.138E-02      0.244E-01      0.227E-01      0.100E+09     -0.990E+02     -0.990E+02
      0.145E-02      0.244E-01      0.227E-01      0.100E+09     -0.990E+02     -0.990E+02
      0.151E-02      0.244E-01      0.227E-01      0.100E+09     -0.990E+02     -0.990E+02
      0.158E-02      0.244E-01      0.227E-01      0.100E+09     -0.990E+02     -0.990E+02
      0.166E-02      0.244E-01      0.227E-01      0.100E+09     -0.990E+02     -0.990E+02
      0.174E-02      0.244E-01      0.227E-01      0.100E+09     -0.990E+02     -0.990E+02
      0.182E-02      0.244E-01      0.227E-01      0.100E+09     -0.990E+02     -0.990E+02
      0.191E-02      0.244E-01      0.227E-01      0.100E+09     -0.990E+02     -0.990E+02
      0.200E-02      0.244E-01      0.227E-01      0.100E+09     -0.990E+02     -0.990E+02
      0.209E-02      0.244E-01      0.227E-01      0.100E+09     -0.990E+02     -0.990E+02
      0.219E-02      0.244E-01      0.227E-01      0.100E+09     -0.990E+02     -0.990E+02
      0.229E-02      0.244E-01      0.227E-01      0.100E+09     -0.990E+02     -0.990E+02
      0.240E-02      0.244E-01      0.227E-01      0.100E+09     -0.990E+02     -0.990E+02
      0.251E-02      0.244E-01      0.227E-01      0.100E+09     -0.990E+02     -0.990E+02
      0.263E-02      0.244E-01      0.227E-01      0.100E+09     -0.990E+02     -0.990E+02
      0.275E-02      0.244E-01      0.227E-01      0.100E+09     -0.990E+02     -0.990E+02
      0.288E-02      0.244E-01      0.227E-01      0.100E+09     -0.990E+02     -0.990E+02
      0.302E-02      0.244E-01      0.227E-01      0.100E+09     -0.990E+02     -0.990E+02
      0.316E-02      0.244E-01      0.227E-01      0.100E+09     -0.990E+02     -0.990E+02
      0.331E-02      0.244E-01      0.227E-01      0.100E+09     -0.990E+02     -0.990E+02
      0.347E-02      0.244E-01      0.227E-01      0.100E+09     -0.990E+02     -0.990E+02
      0.363E-02      0.244E-01      0.227E-01      0.100E+09     -0.990E+02     -0.990E+02
      0.380E-02      0.244E-01      0.227E-01      0.100E+09     -0.990E+02     -0.990E+02
      0.398E-02      0.244E-01      0.227E-01      0.100E+09     -0.990E+02     -0.990E+02
      0.417E-02      0.244E-01      0.227E-01      0.100E+09     -0.990E+02     -0.990E+02
      0.437E-02      0.244E-01      0.227E-01      0.100E+09     -0.990E+02     -0.990E+02
      0.457E-02      0.244E-01      0.227E-01      0.100E+09     -0.990E+02     -0.990E+02
      0.479E-02      0.244E-01      0.227E-01      0.100E+09     -0.990E+02     -0.990E+02
      0.501E-02      0.244E-01      0.227E-01      0.100E+09     -0.990E+02     -0.990E+02
      0.525E-02      0.244E-01      0.227E-01      0.100E+09     -0.990E+02     -0.990E+02
      0.550E-02      0.244E-01      0.227E-01      0.100E+09     -0.990E+02     -0.990E+02
      0.575E-02      0.244E-01      0.227E-01      0.100E+09     -0.990E+02     -0.990E+02
      0.603E-02      0.244E-01      0.227E-01      0.100E+09     -0.990E+02     -0.990E+02
      0.631E-02      0.244E-01      0.227E-01      0.100E+09     -0.990E+02     -0.990E+02
      0.661E-02      0.244E-01      0.227E-01      0.100E+09     -0.990E+02     -0.990E+02
      0.692E-02      0.244E-01      0.227E-01      0.100E+09     -0.990E+02     -0.990E+02
      0.724E-02      0.244E-01      0.227E-01      0.100E+09     -0.990E+02     -0.990E+02
      0.759E-02      0.244E-01      0.227E-01      0.100E+09     -0.990E+02     -0.990E+02
      0.794E-02      0.244E-01      0.227E-01      0.100E+09     -0.990E+02     -0.990E+02
      0.832E-02      0.244E-01      0.227E-01      0.100E+09     -0.990E+02     -0.990E+02
      0.871E-02      0.244E-01      0.227E-01      0.100E+09     -0.990E+02     -0.990E+02
      0.912E-02      0.244E-01      0.227E-01      0.100E+09     -0.990E+02     -0.990E+02
      0.955E-02      0.244E-01      0.227E-01      0.100E+09     -0.990E+02     -0.990E+02
      0.100E-01      0.244E-01      0.227E-01      0.100E+09     -0.547E+00      0.104E+01
      0.105E-01      0.236E-01      0.230E-01      0.997E+08     -0.547E+00      0.104E+01
      0.110E-01      0.235E-01      0.229E-01      0.997E+08     -0.548E+00      0.104E+01
      0.115E-01      0.234E-01      0.229E-01      0.997E+08     -0.547E+00      0.104E+01
      0.120E-01      0.234E-01      0.229E-01      0.997E+08     -0.548E+00      0.104E+01
      0.126E-01      0.235E-01      0.229E-01      0.997E+08     -0.548E+00      0.104E+01
      0.132E-01      0.236E-01      0.231E-01      0.997E+08     -0.548E+00      0.104E+01
      0.138E-01      0.236E-01      0.230E-01      0.997E+08     -0.548E+00      0.104E+01
      0.144E-01      0.234E-01      0.229E-01      0.997E+08     -0.548E+00      0.104E+01
      0.151E-01      0.235E-01      0.230E-01      0.997E+08     -0.548E+00      0.104E+01
      0.159E-01      0.236E-01      0.230E-01      0.996E+08     -0.549E+00      0.104E+01
      0.166E-01      0.236E-01      0.231E-01      0.996E+08     -0.549E+00      0.104E+01
      0.174E-01      0.236E-01      0.231E-01      0.996E+08     -0.549E+00      0.104E+01
      0.182E-01      0.237E-01      0.232E-01      0.996E+08     -0.549E+00      0.105E+01
      0.191E-01      0.237E-01      0.232E-01      0.996E+08     -0.549E+00      0.104E+01
      0.200E-01      0.237E-01      0.231E-01      0.996E+08     -0.550E+00      0.105E+01
      0.209E-01      0.236E-01      0.231E-01      0.995E+08     -0.550E+00      0.105E+01
      0.219E-01      0.237E-01      0.232E-01      0.995E+08     -0.550E+00      0.105E+01
      0.229E-01      0.238E-01      0.233E-01      0.995E+08     -0.551E+00      0.105E+01
      0.240E-01      0.238E-01      0.233E-01      0.995E+08     -0.551E+00      0.105E+01
      0.251E-01      0.239E-01      0.234E-01      0.995E+08     -0.551E+00      0.105E+01
      0.263E-01      0.239E-01      0.234E-01      0.994E+08     -0.552E+00      0.105E+01
      0.275E-01      0.239E-01      0.234E-01      0.994E+08     -0.552E+00      0.105E+01
      0.290E-01      0.239E-01      0.234E-01      0.994E+08     -0.552E+00      0.105E+01
      0.300E-01      0.240E-01      0.235E-01      0.994E+08     -0.553E+00      0.105E+01
      0.310E-01      0.240E-01      0.235E-01      0.993E+08     -0.553E+00      0.105E+01
      0.320E-01      0.240E-01      0.235E-01      0.993E+08     -0.553E+00      0.105E+01
      0.330E-01      0.240E-01      0.236E-01      0.993E+08     -0.553E+00      0.105E+01
      0.340E-01      0.241E-01      0.236E-01      0.993E+08     -0.554E+00      0.106E+01
      0.350E-01      0.241E-01      0.236E-01      0.993E+08     -0.554E+00      0.106E+01
      0.360E-01      0.241E-01      0.237E-01      0.992E+08     -0.554E+00      0.106E+01
      0.370E-01      0.241E-01      0.237E-01      0.992E+08     -0.555E+00      0.106E+01
      0.380E-01      0.242E-01      0.237E-01      0.992E+08     -0.555E+00      0.106E+01
      0.390E-01      0.242E-01      0.238E-01      0.992E+08     -0.555E+00      0.106E+01
      0.400E-01      0.242E-01      0.238E-01      0.992E+08     -0.556E+00      0.106E+01
      0.425E-01      0.243E-01      0.239E-01      0.991E+08     -0.556E+00      0.106E+01
      0.450E-01      0.243E-01      0.240E-01      0.991E+08     -0.557E+00      0.106E+01
      0.475E-01      0.244E-01      0.241E-01      0.990E+08     -0.558E+00      0.107E+01
      0.500E-01      0.245E-01      0.241E-01      0.990E+08     -0.558E+00      0.107E+01
      0.525E-01      0.245E-01      0.242E-01      0.989E+08     -0.559E+00      0.107E+01
      0.550E-01      0.246E-01      0.243E-01      0.989E+08     -0.560E+00      0.107E+01
      0.571E-01      0.247E-01      0.244E-01      0.988E+08     -0.561E+00      0.107E+01
      0.640E-01      0.248E-01      0.246E-01      0.988E+08     -0.563E+00      0.108E+01
      0.719E-01      0.250E-01      0.248E-01      0.986E+08     -0.565E+00      0.109E+01
      0.806E-01      0.252E-01      0.251E-01      0.984E+08     -0.567E+00      0.109E+01
      0.905E-01      0.254E-01      0.254E-01      0.983E+08     -0.569E+00      0.110E+01
      0.102E+00      0.256E-01      0.258E-01      0.981E+08     -0.572E+00      0.111E+01
      0.114E+00      0.259E-01      0.263E-01      0.978E+08     -0.574E+00      0.112E+01
      0.128E+00      0.262E-01      0.269E-01      0.976E+08     -0.578E+00      0.113E+01
      0.143E+00      0.266E-01      0.275E-01      0.973E+08     -0.581E+00      0.114E+01
      0.161E+00      0.269E-01      0.280E-01      0.970E+08     -0.583E+00      0.114E+01
      0.181E+00      0.275E-01      0.287E-01      0.966E+08     -0.589E+00      0.115E+01
      0.203E+00      0.283E-01      0.297E-01      0.962E+08     -0.598E+00      0.115E+01
      0.227E+00      0.291E-01      0.307E-01      0.957E+08     -0.607E+00      0.115E+01
      0.255E+00      0.301E-01      0.317E-01      0.951E+08     -0.619E+00      0.116E+01
      0.286E+00      0.309E-01      0.329E-01      0.945E+08     -0.630E+00      0.118E+01
      0.321E+00      0.316E-01      0.341E-01      0.938E+08     -0.642E+00      0.120E+01
      0.360E+00      0.323E-01      0.347E-01      0.930E+08     -0.658E+00      0.124E+01
      0.404E+00      0.322E-01      0.343E-01      0.920E+08     -0.669E+00      0.125E+01
      0.453E+00      0.303E-01      0.304E-01      0.910E+08     -0.656E+00      0.113E+01
      0.509E+00      0.278E-01      0.255E-01      0.899E+08     -0.634E+00      0.989E+00
      0.571E+00      0.252E-01      0.212E-01      0.888E+08     -0.605E+00      0.864E+00
      0.641E+00      0.223E-01      0.192E-01      0.877E+08     -0.559E+00      0.873E+00
      0.719E+00      0.214E-01      0.179E-01      0.866E+08     -0.559E+00      0.856E+00
      0.806E+00      0.202E-01      0.159E-01      0.854E+08     -0.544E+00      0.758E+00
      0.905E+00      0.190E-01      0.144E-01      0.842E+08     -0.529E+00      0.677E+00
      0.102E+01      0.174E-01      0.129E-01      0.828E+08     -0.526E+00      0.652E+00
      0.114E+01      0.160E-01      0.123E-01      0.815E+08     -0.518E+00      0.662E+00
      0.128E+01      0.152E-01      0.118E-01      0.802E+08     -0.487E+00      0.621E+00
      0.143E+01      0.149E-01      0.120E-01      0.787E+08     -0.471E+00      0.611E+00
      0.161E+01      0.151E-01      0.124E-01      0.772E+08     -0.481E+00      0.622E+00
      0.168E+01      0.152E-01      0.126E-01      0.760E+08     -0.484E+00      0.632E+00
      0.170E+01      0.153E-01      0.126E-01      0.756E+08     -0.485E+00      0.632E+00
      0.180E+01      0.155E-01      0.129E-01      0.750E+08     -0.495E+00      0.650E+00
      0.190E+01      0.159E-01      0.134E-01      0.740E+08     -0.513E+00      0.687E+00
      0.200E+01      0.173E-01      0.143E-01      0.731E+08     -0.565E+00      0.743E+00
      0.210E+01      0.188E-01      0.171E-01      0.720E+08     -0.614E+00      0.913E+00
      0.220E+01      0.202E-01      0.194E-01      0.709E+08     -0.613E+00      0.986E+00
      0.230E+01      0.201E-01      0.175E-01      0.696E+08     -0.582E+00      0.852E+00
      0.240E+01      0.197E-01      0.164E-01      0.684E+08     -0.559E+00      0.774E+00
      0.250E+01      0.199E-01      0.160E-01      0.672E+08     -0.608E+00      0.811E+00
      0.260E+01      0.205E-01      0.195E-01      0.660E+08     -0.664E+00      0.108E+01
      0.275E+01      0.203E-01      0.205E-01      0.645E+08     -0.698E+00      0.120E+01
      0.300E+01      0.152E-01      0.136E-01      0.621E+08     -0.647E+00      0.982E+00
      0.325E+01      0.180E-01      0.140E-01      0.598E+08     -0.455E+00      0.645E+00
      0.350E+01      0.184E-01      0.151E-01      0.571E+08     -0.479E+00      0.720E+00
      0.375E+01      0.153E-01      0.125E-01      0.544E+08     -0.614E+00      0.842E+00
      0.400E+01      0.167E-01      0.128E-01      0.522E+08     -0.592E+00      0.768E+00
      0.425E+01      0.216E-01      0.186E-01      0.498E+08     -0.616E+00      0.806E+00
      0.450E+01      0.239E-01      0.171E-01      0.467E+08     -0.667E+00      0.775E+00
      0.475E+01      0.286E-01      0.195E-01      0.432E+08     -0.507E+00      0.579E+00
      0.500E+01      0.237E-01      0.165E-01      0.391E+08     -0.461E+00      0.510E+00
      0.525E+01      0.199E-01      0.129E-01      0.357E+08     -0.623E+00      0.623E+00
      0.550E+01      0.237E-01      0.163E-01      0.328E+08     -0.652E+00      0.693E+00
      0.575E+01      0.247E-01      0.184E-01      0.295E+08     -0.584E+00      0.643E+00
      0.600E+01      0.257E-01      0.177E-01      0.260E+08     -0.576E+00      0.613E+00
      0.625E+01      0.218E-01      0.146E-01      0.223E+08     -0.634E+00      0.649E+00
      0.650E+01      0.188E-01      0.123E-01      0.192E+08     -0.741E+00      0.741E+00
      0.675E+01      0.207E-01      0.136E-01      0.166E+08     -0.745E+00      0.740E+00
      0.700E+01      0.191E-01      0.138E-01      0.137E+08     -0.749E+00      0.809E+00
      0.725E+01      0.150E-01      0.123E-01      0.110E+08     -0.811E+00      0.992E+00
      0.750E+01      0.125E-01      0.106E-01      0.890E+07     -0.749E+00      0.922E+00
      0.775E+01      0.127E-01      0.106E-01      0.714E+07     -0.705E+00      0.863E+00
      0.800E+01      0.118E-01      0.102E-01      0.536E+07     -0.754E+00      0.953E+00
      0.825E+01      0.104E-01      0.849E-02      0.371E+07     -0.875E+00      0.105E+01
      0.850E+01      0.683E-02      0.659E-02      0.226E+07     -0.900E+00      0.124E+01
      0.875E+01      0.527E-02      0.584E-02      0.131E+07     -0.995E+00      0.150E+01
      0.900E+01      0.309E-02      0.429E-02      0.574E+06     -0.108E+01      0.200E+01
      0.925E+01      0.855E-03      0.209E-02      0.143E+06     -0.105E+01      0.398E+01
      0.950E+01      0.171E-03      0.594E-03      0.238E+05     -0.134E+01      0.779E+01
      0.975E+01      0.860E-06      0.213E-04      0.121E+03     -0.303E+01      0.963E+02
      0.100E+02      0.148E-07      0.204E-05      0.205E+01     -0.561E+00      0.104E+03
      0.102E+02      0.354E-11      0.822E-08      0.493E-03     -0.187E+01      0.599E+04
      0.105E+02      0.000E+00      0.199E-21      0.103E-29     -0.349E+01            NaN
      0.108E+02      0.000E+00      0.000E+00      0.000E+00     -0.990E+02     -0.990E+02
      0.110E+02      0.000E+00      0.000E+00      0.000E+00     -0.990E+02     -0.990E+02
      0.112E+02      0.000E+00      0.000E+00      0.000E+00     -0.990E+02     -0.990E+02
      0.115E+02      0.000E+00      0.000E+00      0.000E+00     -0.990E+02     -0.990E+02
      0.118E+02      0.000E+00      0.000E+00      0.000E+00     -0.990E+02     -0.990E+02
      0.120E+02      0.000E+00      0.000E+00      0.000E+00     -0.990E+02     -0.990E+02
      0.122E+02      0.000E+00      0.000E+00      0.000E+00     -0.990E+02     -0.990E+02
      0.125E+02      0.000E+00      0.000E+00      0.000E+00     -0.990E+02     -0.990E+02
      0.128E+02      0.000E+00      0.000E+00      0.000E+00     -0.990E+02     -0.990E+02
      0.130E+02      0.000E+00      0.000E+00      0.000E+00     -0.990E+02     -0.990E+02
      0.132E+02      0.000E+00      0.000E+00      0.000E+00     -0.990E+02     -0.990E+02
      0.135E+02      0.000E+00      0.000E+00      0.000E+00     -0.990E+02     -0.990E+02
      0.138E+02      0.000E+00      0.000E+00      0.000E+00     -0.990E+02     -0.990E+02
      0.140E+02      0.000E+00      0.000E+00      0.000E+00     -0.990E+02     -0.990E+02
      0.142E+02      0.000E+00      0.000E+00      0.000E+00     -0.990E+02     -0.990E+02
      0.145E+02      0.000E+00      0.000E+00      0.000E+00     -0.990E+02     -0.990E+02
      0.148E+02      0.000E+00      0.000E+00      0.000E+00     -0.990E+02     -0.990E+02
      0.150E+02      0.000E+00      0.000E+00      0.000E+00     -0.990E+02     -0.990E+02
      0.152E+02      0.000E+00      0.000E+00      0.000E+00     -0.990E+02     -0.990E+02
      0.155E+02      0.000E+00      0.000E+00      0.000E+00     -0.990E+02     -0.990E+02
      0.158E+02      0.000E+00      0.000E+00      0.000E+00     -0.990E+02     -0.990E+02
      0.160E+02      0.000E+00      0.000E+00      0.000E+00     -0.990E+02     -0.990E+02
      0.162E+02      0.000E+00      0.000E+00      0.000E+00     -0.990E+02     -0.990E+02
      0.165E+02      0.000E+00      0.000E+00      0.000E+00     -0.990E+02     -0.990E+02
      0.168E+02      0.000E+00      0.000E+00      0.000E+00     -0.990E+02     -0.990E+02
      0.170E+02      0.000E+00      0.000E+00      0.000E+00     -0.990E+02     -0.990E+02
      0.172E+02      0.000E+00      0.000E+00      0.000E+00     -0.990E+02     -0.990E+02
      0.175E+02      0.000E+00      0.000E+00      0.000E+00     -0.990E+02     -0.990E+02
      0.178E+02      0.000E+00      0.000E+00      0.000E+00     -0.990E+02     -0.990E+02
      0.180E+02      0.000E+00      0.000E+00      0.000E+00     -0.990E+02     -0.990E+02
      0.182E+02      0.000E+00      0.000E+00      0.000E+00     -0.990E+02     -0.990E+02
      0.185E+02      0.000E+00      0.000E+00      0.000E+00     -0.990E+02     -0.990E+02
      0.188E+02      0.000E+00      0.000E+00      0.000E+00     -0.990E+02     -0.990E+02
      0.190E+02      0.000E+00      0.000E+00      0.000E+00     -0.990E+02     -0.990E+02
      0.192E+02      0.000E+00      0.000E+00      0.000E+00     -0.990E+02     -0.990E+02
      0.195E+02      0.000E+00      0.000E+00      0.000E+00     -0.990E+02     -0.990E+02
      0.198E+02      0.000E+00      0.000E+00      0.000E+00     -0.990E+02     -0.990E+02
      0.200E+02      0.000E+00      0.000E+00      0.000E+00     -0.990E+02     -0.990E+02
