      0.000E+00      0.193E+00      0.315E+00      0.616E+09     -0.990E+02     -0.990E+02
      0.100E-03      0.193E+00      0.315E+00      0.616E+09     -0.990E+02     -0.990E+02
      0.140E-03      0.193E+00      0.315E+00      0.616E+09     -0.990E+02     -0.990E+02
      0.160E-03      0.193E+00      0.315E+00      0.616E+09     -0.990E+02     -0.990E+02
      0.180E-03      0.193E+00      0.315E+00      0.616E+09     -0.990E+02     -0.990E+02
      0.200E-03      0.193E+00      0.315E+00      0.616E+09     -0.990E+02     -0.990E+02
      0.220E-03      0.193E+00      0.315E+00      0.616E+09     -0.990E+02     -0.990E+02
      0.250E-03      0.193E+00      0.315E+00      0.616E+09     -0.990E+02     -0.990E+02
      0.280E-03      0.193E+00      0.315E+00      0.616E+09     -0.990E+02     -0.990E+02
      0.320E-03      0.193E+00      0.315E+00      0.616E+09     -0.990E+02     -0.990E+02
      0.350E-03      0.193E+00      0.315E+00      0.616E+09     -0.990E+02     -0.990E+02
      0.400E-03      0.193E+00      0.315E+00      0.616E+09     -0.990E+02     -0.990E+02
      0.450E-03      0.193E+00      0.315E+00      0.616E+09     -0.990E+02     -0.990E+02
      0.500E-03      0.193E+00      0.315E+00      0.616E+09     -0.990E+02     -0.990E+02
      0.560E-03      0.193E+00      0.315E+00      0.616E+09     -0.990E+02     -0.990E+02
      0.630E-03      0.193E+00      0.315E+00      0.616E+09     -0.990E+02     -0.990E+02
      0.710E-03      0.193E+00      0.315E+00      0.616E+09     -0.990E+02     -0.990E+02
      0.790E-03      0.193E+00      0.315E+00      0.616E+09     -0.990E+02     -0.990E+02
      0.890E-03      0.193E+00      0.315E+00      0.616E+09     -0.990E+02     -0.990E+02
      0.100E-02      0.193E+00      0.315E+00      0.616E+09     -0.990E+02     -0.990E+02
      0.105E-02      0.193E+00      0.315E+00      0.616E+09     -0.990E+02     -0.990E+02
      0.110E-02      0.193E+00      0.315E+00      0.616E+09     -0.990E+02     -0.990E+02
      0.115E-02      0.193E+00      0.315E+00      0.616E+09     -0.990E+02     -0.990E+02
      0.120E-02      0.193E+00      0.315E+00      0.616E+09     -0.990E+02     -0.990E+02
      0.126E-02      0.193E+00      0.315E+00      0.616E+09     -0.990E+02     -0.990E+02
      0.132E-02      0.193E+00      0.315E+00      0.616E+09     -0.990E+02     -0.990E+02
      0.138E-02      0.193E+00      0.315E+00      0.616E+09     -0.990E+02     -0.990E+02
      0.145E-02      0.193E+00      0.315E+00      0.616E+09     -0.990E+02     -0.990E+02
      0.151E-02      0.193E+00      0.315E+00      0.616E+09     -0.990E+02     -0.990E+02
      0.158E-02      0.193E+00      0.315E+00      0.616E+09     -0.990E+02     -0.990E+02
      0.166E-02      0.193E+00      0.315E+00      0.616E+09     -0.990E+02     -0.990E+02
      0.174E-02      0.193E+00      0.315E+00      0.616E+09     -0.990E+02     -0.990E+02
      0.182E-02      0.193E+00      0.315E+00      0.616E+09     -0.990E+02     -0.990E+02
      0.191E-02      0.193E+00      0.315E+00      0.616E+09     -0.990E+02     -0.990E+02
      0.200E-02      0.193E+00      0.315E+00      0.616E+09     -0.990E+02     -0.990E+02
      0.209E-02      0.193E+00      0.315E+00      0.616E+09     -0.990E+02     -0.990E+02
      0.219E-02      0.193E+00      0.315E+00      0.616E+09     -0.990E+02     -0.990E+02
      0.229E-02      0.193E+00      0.315E+00      0.616E+09     -0.990E+02     -0.990E+02
      0.240E-02      0.193E+00      0.315E+00      0.616E+09     -0.990E+02     -0.990E+02
      0.251E-02      0.193E+00      0.315E+00      0.616E+09     -0.990E+02     -0.990E+02
      0.263E-02      0.193E+00      0.315E+00      0.616E+09     -0.990E+02     -0.990E+02
      0.275E-02      0.193E+00      0.315E+00      0.616E+09     -0.990E+02     -0.990E+02
      0.288E-02      0.193E+00      0.315E+00      0.616E+09     -0.990E+02     -0.990E+02
      0.302E-02      0.193E+00      0.315E+00      0.616E+09     -0.990E+02     -0.990E+02
      0.316E-02      0.193E+00      0.315E+00      0.616E+09     -0.990E+02     -0.990E+02
      0.331E-02      0.193E+00      0.315E+00      0.616E+09     -0.990E+02     -0.990E+02
      0.347E-02      0.193E+00      0.315E+00      0.616E+09     -0.990E+02     -0.990E+02
      0.363E-02      0.193E+00      0.315E+00      0.616E+09     -0.990E+02     -0.990E+02
      0.380E-02      0.193E+00      0.315E+00      0.616E+09     -0.990E+02     -0.990E+02
      0.398E-02      0.193E+00      0.315E+00      0.616E+09     -0.990E+02     -0.990E+02
      0.417E-02      0.193E+00      0.315E+00      0.616E+09     -0.990E+02     -0.990E+02
      0.437E-02      0.193E+00      0.315E+00      0.616E+09     -0.990E+02     -0.990E+02
      0.457E-02      0.193E+00      0.315E+00      0.616E+09     -0.990E+02     -0.990E+02
      0.479E-02      0.193E+00      0.315E+00      0.616E+09     -0.990E+02     -0.990E+02
      0.501E-02      0.193E+00      0.315E+00      0.616E+09     -0.990E+02     -0.990E+02
      0.525E-02      0.193E+00      0.315E+00      0.616E+09     -0.990E+02     -0.990E+02
      0.550E-02      0.193E+00      0.315E+00      0.616E+09     -0.990E+02     -0.990E+02
      0.575E-02      0.193E+00      0.315E+00      0.616E+09     -0.990E+02     -0.990E+02
      0.603E-02      0.193E+00      0.315E+00      0.616E+09     -0.990E+02     -0.990E+02
      0.631E-02      0.193E+00      0.315E+00      0.616E+09     -0.990E+02     -0.990E+02
      0.661E-02      0.193E+00      0.315E+00      0.616E+09     -0.990E+02     -0.990E+02
      0.692E-02      0.193E+00      0.315E+00      0.616E+09     -0.990E+02     -0.990E+02
      0.724E-02      0.193E+00      0.315E+00      0.616E+09     -0.990E+02     -0.990E+02
      0.759E-02      0.193E+00      0.315E+00      0.616E+09     -0.990E+02     -0.990E+02
      0.794E-02      0.193E+00      0.315E+00      0.616E+09     -0.990E+02     -0.990E+02
      0.832E-02      0.193E+00      0.315E+00      0.616E+09     -0.990E+02     -0.990E+02
      0.871E-02      0.193E+00      0.315E+00      0.616E+09     -0.990E+02     -0.990E+02
      0.912E-02      0.193E+00      0.315E+00      0.616E+09     -0.990E+02     -0.990E+02
      0.955E-02      0.193E+00      0.315E+00      0.616E+09     -0.990E+02     -0.990E+02
      0.100E-01      0.193E+00      0.315E+00      0.616E+09     -0.498E+00      0.585E+00
      0.105E-01      0.116E+01      0.838E+00      0.613E+09     -0.498E+00      0.585E+00
      0.110E-01      0.116E+01      0.833E+00      0.613E+09     -0.499E+00      0.585E+00
      0.115E-01      0.115E+01      0.830E+00      0.612E+09     -0.499E+00      0.584E+00
      0.120E-01      0.115E+01      0.829E+00      0.612E+09     -0.499E+00      0.584E+00
      0.126E-01      0.115E+01      0.829E+00      0.611E+09     -0.499E+00      0.584E+00
      0.132E-01      0.116E+01      0.832E+00      0.611E+09     -0.499E+00      0.584E+00
      0.138E-01      0.115E+01      0.830E+00      0.610E+09     -0.499E+00      0.584E+00
      0.144E-01      0.115E+01      0.822E+00      0.609E+09     -0.500E+00      0.584E+00
      0.151E-01      0.115E+01      0.823E+00      0.609E+09     -0.500E+00      0.584E+00
      0.159E-01      0.115E+01      0.825E+00      0.608E+09     -0.500E+00      0.584E+00
      0.166E-01      0.115E+01      0.823E+00      0.607E+09     -0.500E+00      0.584E+00
      0.174E-01      0.115E+01      0.823E+00      0.606E+09     -0.500E+00      0.584E+00
      0.182E-01      0.115E+01      0.825E+00      0.606E+09     -0.501E+00      0.583E+00
      0.191E-01      0.115E+01      0.823E+00      0.605E+09     -0.501E+00      0.583E+00
      0.200E-01      0.115E+01      0.818E+00      0.604E+09     -0.501E+00      0.583E+00
      0.209E-01      0.114E+01      0.815E+00      0.603E+09     -0.501E+00      0.583E+00
      0.219E-01      0.114E+01      0.814E+00      0.602E+09     -0.502E+00      0.583E+00
      0.229E-01      0.114E+01      0.814E+00      0.601E+09     -0.502E+00      0.583E+00
      0.240E-01      0.114E+01      0.813E+00      0.600E+09     -0.502E+00      0.583E+00
      0.251E-01      0.114E+01      0.813E+00      0.599E+09     -0.503E+00      0.582E+00
      0.263E-01      0.114E+01      0.810E+00      0.598E+09     -0.503E+00      0.582E+00
      0.275E-01      0.114E+01      0.806E+00      0.597E+09     -0.503E+00      0.582E+00
      0.290E-01      0.114E+01      0.804E+00      0.596E+09     -0.504E+00      0.582E+00
      0.300E-01      0.114E+01      0.803E+00      0.594E+09     -0.504E+00      0.581E+00
      0.310E-01      0.114E+01      0.802E+00      0.593E+09     -0.504E+00      0.581E+00
      0.320E-01      0.113E+01      0.800E+00      0.593E+09     -0.505E+00      0.581E+00
      0.330E-01      0.113E+01      0.799E+00      0.592E+09     -0.505E+00      0.581E+00
      0.340E-01      0.113E+01      0.797E+00      0.591E+09     -0.505E+00      0.581E+00
      0.350E-01      0.113E+01      0.796E+00      0.590E+09     -0.505E+00      0.581E+00
      0.360E-01      0.113E+01      0.794E+00      0.589E+09     -0.506E+00      0.580E+00
      0.370E-01      0.113E+01      0.793E+00      0.588E+09     -0.506E+00      0.580E+00
      0.380E-01      0.113E+01      0.791E+00      0.587E+09     -0.506E+00      0.580E+00
      0.390E-01      0.113E+01      0.790E+00      0.586E+09     -0.507E+00      0.580E+00
      0.400E-01      0.113E+01      0.788E+00      0.585E+09     -0.507E+00      0.579E+00
      0.425E-01      0.112E+01      0.784E+00      0.584E+09     -0.508E+00      0.579E+00
      0.450E-01      0.112E+01      0.780E+00      0.581E+09     -0.508E+00      0.578E+00
      0.475E-01      0.112E+01      0.777E+00      0.579E+09     -0.509E+00      0.577E+00
      0.500E-01      0.111E+01      0.772E+00      0.577E+09     -0.510E+00      0.577E+00
      0.525E-01      0.111E+01      0.768E+00      0.575E+09     -0.511E+00      0.576E+00
      0.550E-01      0.111E+01      0.764E+00      0.572E+09     -0.512E+00      0.576E+00
      0.571E-01      0.111E+01      0.761E+00      0.570E+09     -0.512E+00      0.576E+00
      0.640E-01      0.110E+01      0.748E+00      0.566E+09     -0.515E+00      0.575E+00
      0.719E-01      0.108E+01      0.735E+00      0.560E+09     -0.518E+00      0.574E+00
      0.806E-01      0.107E+01      0.722E+00      0.553E+09     -0.521E+00      0.573E+00
      0.905E-01      0.106E+01      0.708E+00      0.545E+09     -0.526E+00      0.573E+00
      0.102E+00      0.104E+01      0.694E+00      0.537E+09     -0.531E+00      0.574E+00
      0.114E+00      0.103E+01      0.679E+00      0.528E+09     -0.536E+00      0.576E+00
      0.128E+00      0.101E+01      0.661E+00      0.517E+09     -0.542E+00      0.578E+00
      0.143E+00      0.989E+00      0.642E+00      0.506E+09     -0.548E+00      0.580E+00
      0.161E+00      0.966E+00      0.621E+00      0.494E+09     -0.554E+00      0.582E+00
      0.181E+00      0.940E+00      0.600E+00      0.481E+09     -0.561E+00      0.587E+00
      0.203E+00      0.911E+00      0.576E+00      0.466E+09     -0.568E+00      0.591E+00
      0.227E+00      0.878E+00      0.553E+00      0.451E+09     -0.576E+00      0.599E+00
      0.255E+00      0.843E+00      0.533E+00      0.434E+09     -0.586E+00      0.616E+00
      0.286E+00      0.798E+00      0.506E+00      0.417E+09     -0.593E+00      0.625E+00
      0.321E+00      0.752E+00      0.478E+00      0.398E+09     -0.597E+00      0.626E+00
      0.360E+00      0.705E+00      0.452E+00      0.378E+09     -0.600E+00      0.623E+00
      0.404E+00      0.666E+00      0.427E+00      0.358E+09     -0.599E+00      0.615E+00
      0.453E+00      0.627E+00      0.402E+00      0.337E+09     -0.599E+00      0.611E+00
      0.509E+00      0.588E+00      0.380E+00      0.314E+09     -0.603E+00      0.629E+00
      0.571E+00      0.558E+00      0.362E+00      0.290E+09     -0.612E+00      0.650E+00
      0.641E+00      0.528E+00      0.346E+00      0.266E+09     -0.618E+00      0.656E+00
      0.719E+00      0.501E+00      0.326E+00      0.239E+09     -0.620E+00      0.635E+00
      0.806E+00      0.471E+00      0.307E+00      0.212E+09     -0.621E+00      0.631E+00
      0.905E+00      0.435E+00      0.288E+00      0.183E+09     -0.632E+00      0.657E+00
      0.102E+01      0.379E+00      0.251E+00      0.153E+09     -0.654E+00      0.672E+00
      0.114E+01      0.310E+00      0.217E+00      0.124E+09     -0.673E+00      0.718E+00
      0.128E+01      0.247E+00      0.187E+00      0.978E+08     -0.657E+00      0.741E+00
      0.143E+01      0.208E+00      0.175E+00      0.744E+08     -0.658E+00      0.829E+00
      0.161E+01      0.159E+00      0.150E+00      0.527E+08     -0.719E+00      0.101E+01
      0.168E+01      0.138E+00      0.138E+00      0.404E+08     -0.748E+00      0.111E+01
      0.170E+01      0.132E+00      0.134E+00      0.365E+08     -0.749E+00      0.112E+01
      0.180E+01      0.111E+00      0.118E+00      0.316E+08     -0.741E+00      0.113E+01
      0.190E+01      0.934E-01      0.109E+00      0.247E+08     -0.720E+00      0.120E+01
      0.200E+01      0.814E-01      0.101E+00      0.190E+08     -0.738E+00      0.131E+01
      0.210E+01      0.674E-01      0.905E-01      0.140E+08     -0.776E+00      0.152E+01
      0.220E+01      0.538E-01      0.747E-01      0.988E+07     -0.832E+00      0.164E+01
      0.230E+01      0.396E-01      0.576E-01      0.662E+07     -0.883E+00      0.179E+01
      0.240E+01      0.274E-01      0.445E-01      0.423E+07     -0.902E+00      0.202E+01
      0.250E+01      0.176E-01      0.338E-01      0.257E+07     -0.887E+00      0.229E+01
      0.260E+01      0.106E-01      0.254E-01      0.152E+07     -0.892E+00      0.296E+01
      0.275E+01      0.532E-02      0.170E-01      0.722E+06     -0.100E+01      0.418E+01
      0.300E+01      0.585E-03      0.411E-02      0.870E+05     -0.985E+00      0.872E+01
      0.325E+01      0.251E-05      0.562E-04      0.371E+03     -0.254E+01      0.790E+02
      0.350E+01      0.455E-13      0.106E-08      0.670E-05     -0.179E+01      0.612E+05
      0.375E+01      0.000E+00      0.406E-23      0.267E-33     -0.404E+01            NaN
      0.400E+01      0.000E+00      0.000E+00      0.000E+00     -0.990E+02     -0.990E+02
      0.425E+01      0.000E+00      0.000E+00      0.000E+00     -0.990E+02     -0.990E+02
      0.450E+01      0.000E+00      0.000E+00      0.000E+00     -0.990E+02     -0.990E+02
      0.475E+01      0.000E+00      0.000E+00      0.000E+00     -0.990E+02     -0.990E+02
      0.500E+01      0.000E+00      0.000E+00      0.000E+00     -0.990E+02     -0.990E+02
      0.525E+01      0.000E+00      0.000E+00      0.000E+00     -0.990E+02     -0.990E+02
      0.550E+01      0.000E+00      0.000E+00      0.000E+00     -0.990E+02     -0.990E+02
      0.575E+01      0.000E+00      0.000E+00      0.000E+00     -0.990E+02     -0.990E+02
      0.600E+01      0.000E+00      0.000E+00      0.000E+00     -0.990E+02     -0.990E+02
      0.625E+01      0.000E+00      0.000E+00      0.000E+00     -0.990E+02     -0.990E+02
      0.650E+01      0.000E+00      0.000E+00      0.000E+00     -0.990E+02     -0.990E+02
      0.675E+01      0.000E+00      0.000E+00      0.000E+00     -0.990E+02     -0.990E+02
      0.700E+01      0.000E+00      0.000E+00      0.000E+00     -0.990E+02     -0.990E+02
      0.725E+01      0.000E+00      0.000E+00      0.000E+00     -0.990E+02     -0.990E+02
      0.750E+01      0.000E+00      0.000E+00      0.000E+00     -0.990E+02     -0.990E+02
      0.775E+01      0.000E+00      0.000E+00      0.000E+00     -0.990E+02     -0.990E+02
      0.800E+01      0.000E+00      0.000E+00      0.000E+00     -0.990E+02     -0.990E+02
      0.825E+01      0.000E+00      0.000E+00      0.000E+00     -0.990E+02     -0.990E+02
      0.850E+01      0.000E+00      0.000E+00      0.000E+00     -0.990E+02     -0.990E+02
      0.875E+01      0.000E+00      0.000E+00      0.000E+00     -0.990E+02     -0.990E+02
      0.900E+01      0.000E+00      0.000E+00      0.000E+00     -0.990E+02     -0.990E+02
      0.925E+01      0.000E+00      0.000E+00      0.000E+00     -0.990E+02     -0.990E+02
      0.950E+01      0.000E+00      0.000E+00      0.000E+00     -0.990E+02     -0.990E+02
      0.975E+01      0.000E+00      0.000E+00      0.000E+00     -0.990E+02     -0.990E+02
      0.100E+02      0.000E+00      0.000E+00      0.000E+00     -0.990E+02     -0.990E+02
      0.102E+02      0.000E+00      0.000E+00      0.000E+00     -0.990E+02     -0.990E+02
      0.105E+02      0.000E+00      0.000E+00      0.000E+00     -0.990E+02     -0.990E+02
      0.108E+02      0.000E+00      0.000E+00      0.000E+00     -0.990E+02     -0.990E+02
      0.110E+02      0.000E+00      0.000E+00      0.000E+00     -0.990E+02     -0.990E+02
      0.112E+02      0.000E+00      0.000E+00      0.000E+00     -0.990E+02     -0.990E+02
      0.115E+02      0.000E+00      0.000E+00      0.000E+00     -0.990E+02     -0.990E+02
      0.118E+02      0.000E+00      0.000E+00      0.000E+00     -0.990E+02     -0.990E+02
      0.120E+02      0.000E+00      0.000E+00      0.000E+00     -0.990E+02     -0.990E+02
      0.122E+02      0.000E+00      0.000E+00      0.000E+00     -0.990E+02     -0.990E+02
      0.125E+02      0.000E+00      0.000E+00      0.000E+00     -0.990E+02     -0.990E+02
      0.128E+02      0.000E+00      0.000E+00      0.000E+00     -0.990E+02     -0.990E+02
      0.130E+02      0.000E+00      0.000E+00      0.000E+00     -0.990E+02     -0.990E+02
      0.132E+02      0.000E+00      0.000E+00      0.000E+00     -0.990E+02     -0.990E+02
      0.135E+02      0.000E+00      0.000E+00      0.000E+00     -0.990E+02     -0.990E+02
      0.138E+02      0.000E+00      0.000E+00      0.000E+00     -0.990E+02     -0.990E+02
      0.140E+02      0.000E+00      0.000E+00      0.000E+00     -0.990E+02     -0.990E+02
      0.142E+02      0.000E+00      0.000E+00      0.000E+00     -0.990E+02     -0.990E+02
      0.145E+02      0.000E+00      0.000E+00      0.000E+00     -0.990E+02     -0.990E+02
      0.148E+02      0.000E+00      0.000E+00      0.000E+00     -0.990E+02     -0.990E+02
      0.150E+02      0.000E+00      0.000E+00      0.000E+00     -0.990E+02     -0.990E+02
      0.152E+02      0.000E+00      0.000E+00      0.000E+00     -0.990E+02     -0.990E+02
      0.155E+02      0.000E+00      0.000E+00      0.000E+00     -0.990E+02     -0.990E+02
      0.158E+02      0.000E+00      0.000E+00      0.000E+00     -0.990E+02     -0.990E+02
      0.160E+02      0.000E+00      0.000E+00      0.000E+00     -0.990E+02     -0.990E+02
      0.162E+02      0.000E+00      0.000E+00      0.000E+00     -0.990E+02     -0.990E+02
      0.165E+02      0.000E+00      0.000E+00      0.000E+00     -0.990E+02     -0.990E+02
      0.168E+02      0.000E+00      0.000E+00      0.000E+00     -0.990E+02     -0.990E+02
      0.170E+02      0.000E+00      0.000E+00      0.000E+00     -0.990E+02     -0.990E+02
      0.172E+02      0.000E+00      0.000E+00      0.000E+00     -0.990E+02     -0.990E+02
      0.175E+02      0.000E+00      0.000E+00      0.000E+00     -0.990E+02     -0.990E+02
      0.178E+02      0.000E+00      0.000E+00      0.000E+00     -0.990E+02     -0.990E+02
      0.180E+02      0.000E+00      0.000E+00      0.000E+00     -0.990E+02     -0.990E+02
      0.182E+02      0.000E+00      0.000E+00      0.000E+00     -0.990E+02     -0.990E+02
      0.185E+02      0.000E+00      0.000E+00      0.000E+00     -0.990E+02     -0.990E+02
      0.188E+02      0.000E+00      0.000E+00      0.000E+00     -0.990E+02     -0.990E+02
      0.190E+02      0.000E+00      0.000E+00      0.000E+00     -0.990E+02     -0.990E+02
      0.192E+02      0.000E+00      0.000E+00      0.000E+00     -0.990E+02     -0.990E+02
      0.195E+02      0.000E+00      0.000E+00      0.000E+00     -0.990E+02     -0.990E+02
      0.198E+02      0.000E+00      0.000E+00      0.000E+00     -0.990E+02     -0.990E+02
      0.200E+02      0.000E+00      0.000E+00      0.000E+00     -0.990E+02     -0.990E+02
