      0.000E+00      0.120E+02      0.134E+02      0.450E+11     -0.990E+02     -0.990E+02
      0.100E-03      0.120E+02      0.134E+02      0.450E+11     -0.990E+02     -0.990E+02
      0.140E-03      0.120E+02      0.134E+02      0.450E+11     -0.990E+02     -0.990E+02
      0.160E-03      0.120E+02      0.134E+02      0.450E+11     -0.990E+02     -0.990E+02
      0.180E-03      0.120E+02      0.134E+02      0.450E+11     -0.990E+02     -0.990E+02
      0.200E-03      0.120E+02      0.134E+02      0.450E+11     -0.990E+02     -0.990E+02
      0.220E-03      0.120E+02      0.134E+02      0.450E+11     -0.990E+02     -0.990E+02
      0.250E-03      0.120E+02      0.134E+02      0.450E+11     -0.990E+02     -0.990E+02
      0.280E-03      0.120E+02      0.134E+02      0.450E+11     -0.990E+02     -0.990E+02
      0.320E-03      0.120E+02      0.134E+02      0.450E+11     -0.990E+02     -0.990E+02
      0.350E-03      0.120E+02      0.134E+02      0.450E+11     -0.990E+02     -0.990E+02
      0.400E-03      0.120E+02      0.134E+02      0.450E+11     -0.990E+02     -0.990E+02
      0.450E-03      0.120E+02      0.134E+02      0.450E+11     -0.990E+02     -0.990E+02
      0.500E-03      0.120E+02      0.134E+02      0.450E+11     -0.990E+02     -0.990E+02
      0.560E-03      0.120E+02      0.134E+02      0.450E+11     -0.990E+02     -0.990E+02
      0.630E-03      0.120E+02      0.134E+02      0.450E+11     -0.990E+02     -0.990E+02
      0.710E-03      0.120E+02      0.134E+02      0.450E+11     -0.990E+02     -0.990E+02
      0.790E-03      0.120E+02      0.134E+02      0.450E+11     -0.990E+02     -0.990E+02
      0.890E-03      0.120E+02      0.134E+02      0.450E+11     -0.990E+02     -0.990E+02
      0.100E-02      0.120E+02      0.134E+02      0.450E+11     -0.990E+02     -0.990E+02
      0.105E-02      0.120E+02      0.134E+02      0.450E+11     -0.990E+02     -0.990E+02
      0.110E-02      0.120E+02      0.134E+02      0.450E+11     -0.990E+02     -0.990E+02
      0.115E-02      0.120E+02      0.134E+02      0.450E+11     -0.990E+02     -0.990E+02
      0.120E-02      0.120E+02      0.134E+02      0.450E+11     -0.990E+02     -0.990E+02
      0.126E-02      0.120E+02      0.134E+02      0.450E+11     -0.990E+02     -0.990E+02
      0.132E-02      0.120E+02      0.134E+02      0.450E+11     -0.990E+02     -0.990E+02
      0.138E-02      0.120E+02      0.134E+02      0.450E+11     -0.990E+02     -0.990E+02
      0.145E-02      0.120E+02      0.134E+02      0.450E+11     -0.990E+02     -0.990E+02
      0.151E-02      0.120E+02      0.134E+02      0.450E+11     -0.990E+02     -0.990E+02
      0.158E-02      0.120E+02      0.134E+02      0.450E+11     -0.990E+02     -0.990E+02
      0.166E-02      0.120E+02      0.134E+02      0.450E+11     -0.990E+02     -0.990E+02
      0.174E-02      0.120E+02      0.134E+02      0.450E+11     -0.990E+02     -0.990E+02
      0.182E-02      0.120E+02      0.134E+02      0.450E+11     -0.990E+02     -0.990E+02
      0.191E-02      0.120E+02      0.134E+02      0.450E+11     -0.990E+02     -0.990E+02
      0.200E-02      0.120E+02      0.134E+02      0.450E+11     -0.990E+02     -0.990E+02
      0.209E-02      0.120E+02      0.134E+02      0.450E+11     -0.990E+02     -0.990E+02
      0.219E-02      0.120E+02      0.134E+02      0.450E+11     -0.990E+02     -0.990E+02
      0.229E-02      0.120E+02      0.134E+02      0.450E+11     -0.990E+02     -0.990E+02
      0.240E-02      0.120E+02      0.134E+02      0.450E+11     -0.990E+02     -0.990E+02
      0.251E-02      0.120E+02      0.134E+02      0.450E+11     -0.990E+02     -0.990E+02
      0.263E-02      0.120E+02      0.134E+02      0.450E+11     -0.990E+02     -0.990E+02
      0.275E-02      0.120E+02      0.134E+02      0.450E+11     -0.990E+02     -0.990E+02
      0.288E-02      0.120E+02      0.134E+02      0.450E+11     -0.990E+02     -0.990E+02
      0.302E-02      0.120E+02      0.134E+02      0.450E+11     -0.990E+02     -0.990E+02
      0.316E-02      0.120E+02      0.134E+02      0.450E+11     -0.990E+02     -0.990E+02
      0.331E-02      0.120E+02      0.134E+02      0.450E+11     -0.990E+02     -0.990E+02
      0.347E-02      0.120E+02      0.134E+02      0.450E+11     -0.990E+02     -0.990E+02
      0.363E-02      0.120E+02      0.134E+02      0.450E+11     -0.990E+02     -0.990E+02
      0.380E-02      0.120E+02      0.134E+02      0.450E+11     -0.990E+02     -0.990E+02
      0.398E-02      0.120E+02      0.134E+02      0.450E+11     -0.990E+02     -0.990E+02
      0.417E-02      0.120E+02      0.134E+02      0.450E+11     -0.990E+02     -0.990E+02
      0.437E-02      0.120E+02      0.134E+02      0.450E+11     -0.990E+02     -0.990E+02
      0.457E-02      0.120E+02      0.134E+02      0.450E+11     -0.990E+02     -0.990E+02
      0.479E-02      0.120E+02      0.134E+02      0.450E+11     -0.990E+02     -0.990E+02
      0.501E-02      0.120E+02      0.134E+02      0.450E+11     -0.990E+02     -0.990E+02
      0.525E-02      0.120E+02      0.134E+02      0.450E+11     -0.990E+02     -0.990E+02
      0.550E-02      0.120E+02      0.134E+02      0.450E+11     -0.990E+02     -0.990E+02
      0.575E-02      0.120E+02      0.134E+02      0.450E+11     -0.990E+02     -0.990E+02
      0.603E-02      0.120E+02      0.134E+02      0.450E+11     -0.990E+02     -0.990E+02
      0.631E-02      0.120E+02      0.134E+02      0.450E+11     -0.990E+02     -0.990E+02
      0.661E-02      0.120E+02      0.134E+02      0.450E+11     -0.990E+02     -0.990E+02
      0.692E-02      0.120E+02      0.134E+02      0.450E+11     -0.990E+02     -0.990E+02
      0.724E-02      0.120E+02      0.134E+02      0.450E+11     -0.990E+02     -0.990E+02
      0.759E-02      0.120E+02      0.134E+02      0.450E+11     -0.990E+02     -0.990E+02
      0.794E-02      0.120E+02      0.134E+02      0.450E+11     -0.990E+02     -0.990E+02
      0.832E-02      0.120E+02      0.134E+02      0.450E+11     -0.990E+02     -0.990E+02
      0.871E-02      0.120E+02      0.134E+02      0.450E+11     -0.990E+02     -0.990E+02
      0.912E-02      0.120E+02      0.134E+02      0.450E+11     -0.990E+02     -0.990E+02
      0.955E-02      0.120E+02      0.134E+02      0.450E+11     -0.990E+02     -0.990E+02
      0.100E-01      0.120E+02      0.134E+02      0.450E+11     -0.355E+00      0.362E+00
      0.105E-01      0.692E+02      0.330E+02      0.449E+11     -0.355E+00      0.361E+00
      0.110E-01      0.688E+02      0.328E+02      0.449E+11     -0.355E+00      0.362E+00
      0.115E-01      0.686E+02      0.327E+02      0.448E+11     -0.355E+00      0.362E+00
      0.120E-01      0.685E+02      0.326E+02      0.448E+11     -0.355E+00      0.362E+00
      0.126E-01      0.686E+02      0.327E+02      0.448E+11     -0.355E+00      0.362E+00
      0.132E-01      0.689E+02      0.328E+02      0.447E+11     -0.355E+00      0.362E+00
      0.138E-01      0.687E+02      0.327E+02      0.447E+11     -0.355E+00      0.362E+00
      0.144E-01      0.681E+02      0.324E+02      0.447E+11     -0.355E+00      0.363E+00
      0.151E-01      0.682E+02      0.325E+02      0.446E+11     -0.356E+00      0.362E+00
      0.159E-01      0.684E+02      0.326E+02      0.446E+11     -0.356E+00      0.362E+00
      0.166E-01      0.683E+02      0.325E+02      0.445E+11     -0.356E+00      0.362E+00
      0.174E-01      0.683E+02      0.325E+02      0.445E+11     -0.356E+00      0.363E+00
      0.182E-01      0.685E+02      0.326E+02      0.444E+11     -0.356E+00      0.363E+00
      0.191E-01      0.683E+02      0.325E+02      0.444E+11     -0.356E+00      0.363E+00
      0.200E-01      0.680E+02      0.323E+02      0.443E+11     -0.356E+00      0.363E+00
      0.209E-01      0.678E+02      0.322E+02      0.443E+11     -0.357E+00      0.363E+00
      0.219E-01      0.677E+02      0.322E+02      0.442E+11     -0.357E+00      0.363E+00
      0.229E-01      0.678E+02      0.322E+02      0.442E+11     -0.357E+00      0.363E+00
      0.240E-01      0.677E+02      0.322E+02      0.441E+11     -0.357E+00      0.363E+00
      0.251E-01      0.677E+02      0.322E+02      0.441E+11     -0.357E+00      0.364E+00
      0.263E-01      0.676E+02      0.321E+02      0.440E+11     -0.357E+00      0.363E+00
      0.275E-01      0.674E+02      0.320E+02      0.439E+11     -0.358E+00      0.364E+00
      0.290E-01      0.673E+02      0.319E+02      0.438E+11     -0.358E+00      0.364E+00
      0.300E-01      0.672E+02      0.319E+02      0.438E+11     -0.358E+00      0.364E+00
      0.310E-01      0.671E+02      0.318E+02      0.437E+11     -0.358E+00      0.364E+00
      0.320E-01      0.670E+02      0.318E+02      0.437E+11     -0.359E+00      0.364E+00
      0.330E-01      0.669E+02      0.317E+02      0.436E+11     -0.359E+00      0.364E+00
      0.340E-01      0.669E+02      0.317E+02      0.436E+11     -0.359E+00      0.365E+00
      0.350E-01      0.668E+02      0.317E+02      0.435E+11     -0.359E+00      0.365E+00
      0.360E-01      0.667E+02      0.316E+02      0.434E+11     -0.360E+00      0.365E+00
      0.370E-01      0.667E+02      0.316E+02      0.434E+11     -0.360E+00      0.365E+00
      0.380E-01      0.666E+02      0.315E+02      0.433E+11     -0.360E+00      0.365E+00
      0.390E-01      0.665E+02      0.315E+02      0.433E+11     -0.360E+00      0.365E+00
      0.400E-01      0.664E+02      0.314E+02      0.432E+11     -0.360E+00      0.366E+00
      0.425E-01      0.663E+02      0.313E+02      0.431E+11     -0.361E+00      0.366E+00
      0.450E-01      0.660E+02      0.312E+02      0.430E+11     -0.361E+00      0.367E+00
      0.475E-01      0.658E+02      0.311E+02      0.429E+11     -0.362E+00      0.367E+00
      0.500E-01      0.656E+02      0.310E+02      0.427E+11     -0.362E+00      0.367E+00
      0.525E-01      0.654E+02      0.309E+02      0.426E+11     -0.363E+00      0.368E+00
      0.550E-01      0.652E+02      0.308E+02      0.425E+11     -0.363E+00      0.368E+00
      0.571E-01      0.651E+02      0.307E+02      0.424E+11     -0.364E+00      0.369E+00
      0.640E-01      0.645E+02      0.304E+02      0.421E+11     -0.365E+00      0.371E+00
      0.719E-01      0.638E+02      0.301E+02      0.418E+11     -0.367E+00      0.373E+00
      0.806E-01      0.631E+02      0.298E+02      0.413E+11     -0.369E+00      0.376E+00
      0.905E-01      0.623E+02      0.294E+02      0.409E+11     -0.372E+00      0.379E+00
      0.102E+00      0.614E+02      0.290E+02      0.404E+11     -0.375E+00      0.383E+00
      0.114E+00      0.604E+02      0.287E+02      0.398E+11     -0.378E+00      0.390E+00
      0.128E+00      0.594E+02      0.283E+02      0.392E+11     -0.381E+00      0.396E+00
      0.143E+00      0.582E+02      0.278E+02      0.386E+11     -0.384E+00      0.405E+00
      0.161E+00      0.568E+02      0.274E+02      0.379E+11     -0.389E+00      0.417E+00
      0.181E+00      0.553E+02      0.269E+02      0.371E+11     -0.394E+00      0.432E+00
      0.203E+00      0.538E+02      0.265E+02      0.362E+11     -0.399E+00      0.450E+00
      0.227E+00      0.523E+02      0.253E+02      0.353E+11     -0.397E+00      0.458E+00
      0.255E+00      0.506E+02      0.240E+02      0.343E+11     -0.390E+00      0.432E+00
      0.286E+00      0.487E+02      0.226E+02      0.333E+11     -0.381E+00      0.401E+00
      0.321E+00      0.466E+02      0.212E+02      0.321E+11     -0.369E+00      0.367E+00
      0.360E+00      0.442E+02      0.199E+02      0.309E+11     -0.355E+00      0.330E+00
      0.404E+00      0.418E+02      0.189E+02      0.296E+11     -0.336E+00      0.291E+00
      0.453E+00      0.392E+02      0.182E+02      0.283E+11     -0.312E+00      0.265E+00
      0.509E+00      0.392E+02      0.175E+02      0.268E+11     -0.338E+00      0.263E+00
      0.571E+00      0.394E+02      0.175E+02      0.253E+11     -0.372E+00      0.277E+00
      0.641E+00      0.396E+02      0.184E+02      0.235E+11     -0.411E+00      0.310E+00
      0.719E+00      0.400E+02      0.197E+02      0.215E+11     -0.437E+00      0.344E+00
      0.806E+00      0.393E+02      0.195E+02      0.193E+11     -0.411E+00      0.326E+00
      0.905E+00      0.380E+02      0.193E+02      0.169E+11     -0.384E+00      0.315E+00
      0.102E+01      0.363E+02      0.163E+02      0.143E+11     -0.419E+00      0.290E+00
      0.114E+01      0.348E+02      0.161E+02      0.115E+11     -0.511E+00      0.328E+00
      0.128E+01      0.281E+02      0.134E+02      0.854E+10     -0.547E+00      0.342E+00
      0.143E+01      0.179E+02      0.104E+02      0.588E+10     -0.470E+00      0.350E+00
      0.161E+01      0.113E+02      0.860E+01      0.401E+10     -0.404E+00      0.426E+00
      0.168E+01      0.920E+01      0.859E+01      0.313E+10     -0.374E+00      0.514E+00
      0.170E+01      0.861E+01      0.860E+01      0.287E+10     -0.362E+00      0.544E+00
      0.180E+01      0.821E+01      0.838E+01      0.254E+10     -0.368E+00      0.555E+00
      0.190E+01      0.768E+01      0.829E+01      0.203E+10     -0.374E+00      0.571E+00
      0.200E+01      0.670E+01      0.741E+01      0.155E+10     -0.385E+00      0.598E+00
      0.210E+01      0.547E+01      0.644E+01      0.114E+10     -0.405E+00      0.649E+00
      0.220E+01      0.440E+01      0.628E+01      0.805E+09     -0.436E+00      0.790E+00
      0.230E+01      0.342E+01      0.444E+01      0.536E+09     -0.488E+00      0.796E+00
      0.240E+01      0.251E+01      0.313E+01      0.328E+09     -0.581E+00      0.912E+00
      0.250E+01      0.166E+01      0.230E+01      0.176E+09     -0.627E+00      0.109E+01
      0.260E+01      0.839E+00      0.134E+01      0.767E+08     -0.618E+00      0.123E+01
      0.275E+01      0.115E+00      0.457E+00      0.138E+08     -0.518E+00      0.291E+01
      0.300E+01      0.367E-04      0.146E-02      0.544E+04     -0.231E+01      0.114E+03
      0.325E+01      0.130E-17      0.458E-10      0.192E-09     -0.190E+01      0.927E+08
      0.350E+01      0.000E+00      0.000E+00      0.000E+00     -0.990E+02     -0.990E+02
      0.375E+01      0.000E+00      0.000E+00      0.000E+00     -0.990E+02     -0.990E+02
      0.400E+01      0.000E+00      0.000E+00      0.000E+00     -0.990E+02     -0.990E+02
      0.425E+01      0.000E+00      0.000E+00      0.000E+00     -0.990E+02     -0.990E+02
      0.450E+01      0.000E+00      0.000E+00      0.000E+00     -0.990E+02     -0.990E+02
      0.475E+01      0.000E+00      0.000E+00      0.000E+00     -0.990E+02     -0.990E+02
      0.500E+01      0.000E+00      0.000E+00      0.000E+00     -0.990E+02     -0.990E+02
      0.525E+01      0.000E+00      0.000E+00      0.000E+00     -0.990E+02     -0.990E+02
      0.550E+01      0.000E+00      0.000E+00      0.000E+00     -0.990E+02     -0.990E+02
      0.575E+01      0.000E+00      0.000E+00      0.000E+00     -0.990E+02     -0.990E+02
      0.600E+01      0.000E+00      0.000E+00      0.000E+00     -0.990E+02     -0.990E+02
      0.625E+01      0.000E+00      0.000E+00      0.000E+00     -0.990E+02     -0.990E+02
      0.650E+01      0.000E+00      0.000E+00      0.000E+00     -0.990E+02     -0.990E+02
      0.675E+01      0.000E+00      0.000E+00      0.000E+00     -0.990E+02     -0.990E+02
      0.700E+01      0.000E+00      0.000E+00      0.000E+00     -0.990E+02     -0.990E+02
      0.725E+01      0.000E+00      0.000E+00      0.000E+00     -0.990E+02     -0.990E+02
      0.750E+01      0.000E+00      0.000E+00      0.000E+00     -0.990E+02     -0.990E+02
      0.775E+01      0.000E+00      0.000E+00      0.000E+00     -0.990E+02     -0.990E+02
      0.800E+01      0.000E+00      0.000E+00      0.000E+00     -0.990E+02     -0.990E+02
      0.825E+01      0.000E+00      0.000E+00      0.000E+00     -0.990E+02     -0.990E+02
      0.850E+01      0.000E+00      0.000E+00      0.000E+00     -0.990E+02     -0.990E+02
      0.875E+01      0.000E+00      0.000E+00      0.000E+00     -0.990E+02     -0.990E+02
      0.900E+01      0.000E+00      0.000E+00      0.000E+00     -0.990E+02     -0.990E+02
      0.925E+01      0.000E+00      0.000E+00      0.000E+00     -0.990E+02     -0.990E+02
      0.950E+01      0.000E+00      0.000E+00      0.000E+00     -0.990E+02     -0.990E+02
      0.975E+01      0.000E+00      0.000E+00      0.000E+00     -0.990E+02     -0.990E+02
      0.100E+02      0.000E+00      0.000E+00      0.000E+00     -0.990E+02     -0.990E+02
      0.102E+02      0.000E+00      0.000E+00      0.000E+00     -0.990E+02     -0.990E+02
      0.105E+02      0.000E+00      0.000E+00      0.000E+00     -0.990E+02     -0.990E+02
      0.108E+02      0.000E+00      0.000E+00      0.000E+00     -0.990E+02     -0.990E+02
      0.110E+02      0.000E+00      0.000E+00      0.000E+00     -0.990E+02     -0.990E+02
      0.112E+02      0.000E+00      0.000E+00      0.000E+00     -0.990E+02     -0.990E+02
      0.115E+02      0.000E+00      0.000E+00      0.000E+00     -0.990E+02     -0.990E+02
      0.118E+02      0.000E+00      0.000E+00      0.000E+00     -0.990E+02     -0.990E+02
      0.120E+02      0.000E+00      0.000E+00      0.000E+00     -0.990E+02     -0.990E+02
      0.122E+02      0.000E+00      0.000E+00      0.000E+00     -0.990E+02     -0.990E+02
      0.125E+02      0.000E+00      0.000E+00      0.000E+00     -0.990E+02     -0.990E+02
      0.128E+02      0.000E+00      0.000E+00      0.000E+00     -0.990E+02     -0.990E+02
      0.130E+02      0.000E+00      0.000E+00      0.000E+00     -0.990E+02     -0.990E+02
      0.132E+02      0.000E+00      0.000E+00      0.000E+00     -0.990E+02     -0.990E+02
      0.135E+02      0.000E+00      0.000E+00      0.000E+00     -0.990E+02     -0.990E+02
      0.138E+02      0.000E+00      0.000E+00      0.000E+00     -0.990E+02     -0.990E+02
      0.140E+02      0.000E+00      0.000E+00      0.000E+00     -0.990E+02     -0.990E+02
      0.142E+02      0.000E+00      0.000E+00      0.000E+00     -0.990E+02     -0.990E+02
      0.145E+02      0.000E+00      0.000E+00      0.000E+00     -0.990E+02     -0.990E+02
      0.148E+02      0.000E+00      0.000E+00      0.000E+00     -0.990E+02     -0.990E+02
      0.150E+02      0.000E+00      0.000E+00      0.000E+00     -0.990E+02     -0.990E+02
      0.152E+02      0.000E+00      0.000E+00      0.000E+00     -0.990E+02     -0.990E+02
      0.155E+02      0.000E+00      0.000E+00      0.000E+00     -0.990E+02     -0.990E+02
      0.158E+02      0.000E+00      0.000E+00      0.000E+00     -0.990E+02     -0.990E+02
      0.160E+02      0.000E+00      0.000E+00      0.000E+00     -0.990E+02     -0.990E+02
      0.162E+02      0.000E+00      0.000E+00      0.000E+00     -0.990E+02     -0.990E+02
      0.165E+02      0.000E+00      0.000E+00      0.000E+00     -0.990E+02     -0.990E+02
      0.168E+02      0.000E+00      0.000E+00      0.000E+00     -0.990E+02     -0.990E+02
      0.170E+02      0.000E+00      0.000E+00      0.000E+00     -0.990E+02     -0.990E+02
      0.172E+02      0.000E+00      0.000E+00      0.000E+00     -0.990E+02     -0.990E+02
      0.175E+02      0.000E+00      0.000E+00      0.000E+00     -0.990E+02     -0.990E+02
      0.178E+02      0.000E+00      0.000E+00      0.000E+00     -0.990E+02     -0.990E+02
      0.180E+02      0.000E+00      0.000E+00      0.000E+00     -0.990E+02     -0.990E+02
      0.182E+02      0.000E+00      0.000E+00      0.000E+00     -0.990E+02     -0.990E+02
      0.185E+02      0.000E+00      0.000E+00      0.000E+00     -0.990E+02     -0.990E+02
      0.188E+02      0.000E+00      0.000E+00      0.000E+00     -0.990E+02     -0.990E+02
      0.190E+02      0.000E+00      0.000E+00      0.000E+00     -0.990E+02     -0.990E+02
      0.192E+02      0.000E+00      0.000E+00      0.000E+00     -0.990E+02     -0.990E+02
      0.195E+02      0.000E+00      0.000E+00      0.000E+00     -0.990E+02     -0.990E+02
      0.198E+02      0.000E+00      0.000E+00      0.000E+00     -0.990E+02     -0.990E+02
      0.200E+02      0.000E+00      0.000E+00      0.000E+00     -0.990E+02     -0.990E+02
