      0.000E+00      0.377E+01      0.543E+00      0.115E+10     -0.990E+02     -0.990E+02
      0.100E-03      0.377E+01      0.543E+00      0.115E+10     -0.990E+02     -0.990E+02
      0.140E-03      0.377E+01      0.543E+00      0.115E+10     -0.990E+02     -0.990E+02
      0.160E-03      0.377E+01      0.543E+00      0.115E+10     -0.990E+02     -0.990E+02
      0.180E-03      0.377E+01      0.543E+00      0.115E+10     -0.990E+02     -0.990E+02
      0.200E-03      0.377E+01      0.543E+00      0.115E+10     -0.990E+02     -0.990E+02
      0.220E-03      0.377E+01      0.543E+00      0.115E+10     -0.990E+02     -0.990E+02
      0.250E-03      0.377E+01      0.543E+00      0.115E+10     -0.990E+02     -0.990E+02
      0.280E-03      0.377E+01      0.543E+00      0.115E+10     -0.990E+02     -0.990E+02
      0.320E-03      0.377E+01      0.543E+00      0.115E+10     -0.990E+02     -0.990E+02
      0.350E-03      0.377E+01      0.543E+00      0.115E+10     -0.990E+02     -0.990E+02
      0.400E-03      0.377E+01      0.543E+00      0.115E+10     -0.990E+02     -0.990E+02
      0.450E-03      0.377E+01      0.543E+00      0.115E+10     -0.990E+02     -0.990E+02
      0.500E-03      0.377E+01      0.543E+00      0.115E+10     -0.990E+02     -0.990E+02
      0.560E-03      0.377E+01      0.543E+00      0.115E+10     -0.990E+02     -0.990E+02
      0.630E-03      0.377E+01      0.543E+00      0.115E+10     -0.990E+02     -0.990E+02
      0.710E-03      0.377E+01      0.543E+00      0.115E+10     -0.990E+02     -0.990E+02
      0.790E-03      0.377E+01      0.543E+00      0.115E+10     -0.990E+02     -0.990E+02
      0.890E-03      0.377E+01      0.543E+00      0.115E+10     -0.990E+02     -0.990E+02
      0.100E-02      0.377E+01      0.543E+00      0.115E+10     -0.990E+02     -0.990E+02
      0.105E-02      0.377E+01      0.543E+00      0.115E+10     -0.990E+02     -0.990E+02
      0.110E-02      0.377E+01      0.543E+00      0.115E+10     -0.990E+02     -0.990E+02
      0.115E-02      0.377E+01      0.543E+00      0.115E+10     -0.990E+02     -0.990E+02
      0.120E-02      0.377E+01      0.543E+00      0.115E+10     -0.990E+02     -0.990E+02
      0.126E-02      0.377E+01      0.543E+00      0.115E+10     -0.990E+02     -0.990E+02
      0.132E-02      0.377E+01      0.543E+00      0.115E+10     -0.990E+02     -0.990E+02
      0.138E-02      0.377E+01      0.543E+00      0.115E+10     -0.990E+02     -0.990E+02
      0.145E-02      0.377E+01      0.543E+00      0.115E+10     -0.990E+02     -0.990E+02
      0.151E-02      0.377E+01      0.543E+00      0.115E+10     -0.990E+02     -0.990E+02
      0.158E-02      0.377E+01      0.543E+00      0.115E+10     -0.990E+02     -0.990E+02
      0.166E-02      0.377E+01      0.543E+00      0.115E+10     -0.990E+02     -0.990E+02
      0.174E-02      0.377E+01      0.543E+00      0.115E+10     -0.990E+02     -0.990E+02
      0.182E-02      0.377E+01      0.543E+00      0.115E+10     -0.990E+02     -0.990E+02
      0.191E-02      0.377E+01      0.543E+00      0.115E+10     -0.990E+02     -0.990E+02
      0.200E-02      0.377E+01      0.543E+00      0.115E+10     -0.990E+02     -0.990E+02
      0.209E-02      0.377E+01      0.543E+00      0.115E+10     -0.990E+02     -0.990E+02
      0.219E-02      0.377E+01      0.543E+00      0.115E+10     -0.990E+02     -0.990E+02
      0.229E-02      0.377E+01      0.543E+00      0.115E+10     -0.990E+02     -0.990E+02
      0.240E-02      0.377E+01      0.543E+00      0.115E+10     -0.990E+02     -0.990E+02
      0.251E-02      0.377E+01      0.543E+00      0.115E+10     -0.990E+02     -0.990E+02
      0.263E-02      0.377E+01      0.543E+00      0.115E+10     -0.990E+02     -0.990E+02
      0.275E-02      0.377E+01      0.543E+00      0.115E+10     -0.990E+02     -0.990E+02
      0.288E-02      0.377E+01      0.543E+00      0.115E+10     -0.990E+02     -0.990E+02
      0.302E-02      0.377E+01      0.543E+00      0.115E+10     -0.990E+02     -0.990E+02
      0.316E-02      0.377E+01      0.543E+00      0.115E+10     -0.990E+02     -0.990E+02
      0.331E-02      0.377E+01      0.543E+00      0.115E+10     -0.990E+02     -0.990E+02
      0.347E-02      0.377E+01      0.543E+00      0.115E+10     -0.990E+02     -0.990E+02
      0.363E-02      0.377E+01      0.543E+00      0.115E+10     -0.990E+02     -0.990E+02
      0.380E-02      0.377E+01      0.543E+00      0.115E+10     -0.990E+02     -0.990E+02
      0.398E-02      0.377E+01      0.543E+00      0.115E+10     -0.990E+02     -0.990E+02
      0.417E-02      0.377E+01      0.543E+00      0.115E+10     -0.990E+02     -0.990E+02
      0.437E-02      0.377E+01      0.543E+00      0.115E+10     -0.990E+02     -0.990E+02
      0.457E-02      0.377E+01      0.543E+00      0.115E+10     -0.990E+02     -0.990E+02
      0.479E-02      0.377E+01      0.543E+00      0.115E+10     -0.990E+02     -0.990E+02
      0.501E-02      0.377E+01      0.543E+00      0.115E+10     -0.990E+02     -0.990E+02
      0.525E-02      0.377E+01      0.543E+00      0.115E+10     -0.990E+02     -0.990E+02
      0.550E-02      0.377E+01      0.543E+00      0.115E+10     -0.990E+02     -0.990E+02
      0.575E-02      0.377E+01      0.543E+00      0.115E+10     -0.990E+02     -0.990E+02
      0.603E-02      0.377E+01      0.543E+00      0.115E+10     -0.990E+02     -0.990E+02
      0.631E-02      0.377E+01      0.543E+00      0.115E+10     -0.990E+02     -0.990E+02
      0.661E-02      0.377E+01      0.543E+00      0.115E+10     -0.990E+02     -0.990E+02
      0.692E-02      0.377E+01      0.543E+00      0.115E+10     -0.990E+02     -0.990E+02
      0.724E-02      0.377E+01      0.543E+00      0.115E+10     -0.990E+02     -0.990E+02
      0.759E-02      0.377E+01      0.543E+00      0.115E+10     -0.990E+02     -0.990E+02
      0.794E-02      0.377E+01      0.543E+00      0.115E+10     -0.990E+02     -0.990E+02
      0.832E-02      0.377E+01      0.543E+00      0.115E+10     -0.990E+02     -0.990E+02
      0.871E-02      0.377E+01      0.543E+00      0.115E+10     -0.990E+02     -0.990E+02
      0.912E-02      0.377E+01      0.543E+00      0.115E+10     -0.990E+02     -0.990E+02
      0.955E-02      0.377E+01      0.543E+00      0.115E+10     -0.990E+02     -0.990E+02
      0.100E-01      0.377E+01      0.543E+00      0.115E+10     -0.119E+01      0.428E+00
      0.105E-01      0.684E+01      0.178E+01      0.111E+10     -0.119E+01      0.428E+00
      0.110E-01      0.679E+01      0.177E+01      0.111E+10     -0.119E+01      0.428E+00
      0.115E-01      0.676E+01      0.176E+01      0.110E+10     -0.119E+01      0.428E+00
      0.120E-01      0.675E+01      0.175E+01      0.110E+10     -0.119E+01      0.427E+00
      0.126E-01      0.675E+01      0.175E+01      0.110E+10     -0.119E+01      0.427E+00
      0.132E-01      0.677E+01      0.176E+01      0.109E+10     -0.119E+01      0.427E+00
      0.138E-01      0.673E+01      0.175E+01      0.109E+10     -0.119E+01      0.427E+00
      0.144E-01      0.667E+01      0.173E+01      0.109E+10     -0.119E+01      0.426E+00
      0.151E-01      0.667E+01      0.173E+01      0.108E+10     -0.119E+01      0.426E+00
      0.159E-01      0.668E+01      0.173E+01      0.108E+10     -0.119E+01      0.426E+00
      0.166E-01      0.666E+01      0.172E+01      0.107E+10     -0.119E+01      0.426E+00
      0.174E-01      0.665E+01      0.171E+01      0.107E+10     -0.119E+01      0.426E+00
      0.182E-01      0.666E+01      0.171E+01      0.106E+10     -0.119E+01      0.425E+00
      0.191E-01      0.663E+01      0.170E+01      0.106E+10     -0.119E+01      0.425E+00
      0.200E-01      0.658E+01      0.169E+01      0.105E+10     -0.120E+01      0.425E+00
      0.209E-01      0.655E+01      0.168E+01      0.105E+10     -0.120E+01      0.425E+00
      0.219E-01      0.654E+01      0.167E+01      0.104E+10     -0.120E+01      0.424E+00
      0.229E-01      0.653E+01      0.167E+01      0.104E+10     -0.120E+01      0.424E+00
      0.240E-01      0.650E+01      0.165E+01      0.103E+10     -0.120E+01      0.424E+00
      0.251E-01      0.649E+01      0.165E+01      0.103E+10     -0.120E+01      0.424E+00
      0.263E-01      0.646E+01      0.164E+01      0.102E+10     -0.120E+01      0.423E+00
      0.275E-01      0.642E+01      0.163E+01      0.101E+10     -0.120E+01      0.423E+00
      0.290E-01      0.639E+01      0.161E+01      0.101E+10     -0.120E+01      0.423E+00
      0.300E-01      0.637E+01      0.161E+01      0.100E+10     -0.121E+01      0.423E+00
      0.310E-01      0.635E+01      0.160E+01      0.996E+09     -0.121E+01      0.422E+00
      0.320E-01      0.633E+01      0.159E+01      0.990E+09     -0.121E+01      0.423E+00
      0.330E-01      0.631E+01      0.158E+01      0.985E+09     -0.121E+01      0.422E+00
      0.340E-01      0.628E+01      0.157E+01      0.980E+09     -0.121E+01      0.423E+00
      0.350E-01      0.626E+01      0.157E+01      0.975E+09     -0.121E+01      0.422E+00
      0.360E-01      0.623E+01      0.156E+01      0.970E+09     -0.121E+01      0.422E+00
      0.370E-01      0.622E+01      0.155E+01      0.965E+09     -0.121E+01      0.422E+00
      0.380E-01      0.619E+01      0.154E+01      0.960E+09     -0.122E+01      0.423E+00
      0.390E-01      0.617E+01      0.154E+01      0.955E+09     -0.122E+01      0.422E+00
      0.400E-01      0.615E+01      0.153E+01      0.950E+09     -0.122E+01      0.423E+00
      0.425E-01      0.610E+01      0.151E+01      0.941E+09     -0.122E+01      0.423E+00
      0.450E-01      0.604E+01      0.149E+01      0.929E+09     -0.122E+01      0.423E+00
      0.475E-01      0.598E+01      0.148E+01      0.917E+09     -0.123E+01      0.424E+00
      0.500E-01      0.592E+01      0.146E+01      0.905E+09     -0.123E+01      0.424E+00
      0.525E-01      0.588E+01      0.144E+01      0.893E+09     -0.123E+01      0.425E+00
      0.550E-01      0.581E+01      0.143E+01      0.881E+09     -0.124E+01      0.426E+00
      0.571E-01      0.577E+01      0.141E+01      0.871E+09     -0.124E+01      0.427E+00
      0.640E-01      0.562E+01      0.138E+01      0.850E+09     -0.125E+01      0.432E+00
      0.719E-01      0.544E+01      0.134E+01      0.818E+09     -0.126E+01      0.439E+00
      0.806E-01      0.523E+01      0.130E+01      0.783E+09     -0.127E+01      0.449E+00
      0.905E-01      0.497E+01      0.124E+01      0.745E+09     -0.129E+01      0.462E+00
      0.102E+00      0.466E+01      0.120E+01      0.705E+09     -0.131E+01      0.483E+00
      0.114E+00      0.433E+01      0.115E+01      0.664E+09     -0.134E+01      0.514E+00
      0.128E+00      0.396E+01      0.112E+01      0.620E+09     -0.138E+01      0.557E+00
      0.143E+00      0.379E+01      0.106E+01      0.577E+09     -0.140E+01      0.571E+00
      0.161E+00      0.360E+01      0.101E+01      0.530E+09     -0.142E+01      0.592E+00
      0.181E+00      0.338E+01      0.965E+00      0.481E+09     -0.145E+01      0.624E+00
      0.203E+00      0.314E+01      0.925E+00      0.429E+09     -0.149E+01      0.673E+00
      0.227E+00      0.287E+01      0.895E+00      0.376E+09     -0.154E+01      0.747E+00
      0.255E+00      0.257E+01      0.808E+00      0.322E+09     -0.159E+01      0.782E+00
      0.286E+00      0.222E+01      0.690E+00      0.268E+09     -0.166E+01      0.801E+00
      0.321E+00      0.184E+01      0.587E+00      0.217E+09     -0.177E+01      0.859E+00
      0.360E+00      0.149E+01      0.465E+00      0.169E+09     -0.192E+01      0.897E+00
      0.404E+00      0.119E+01      0.358E+00      0.126E+09     -0.205E+01      0.940E+00
      0.453E+00      0.903E+00      0.286E+00      0.874E+08     -0.219E+01      0.113E+01
      0.509E+00      0.637E+00      0.237E+00      0.551E+08     -0.240E+01      0.153E+01
      0.571E+00      0.379E+00      0.194E+00      0.299E+08     -0.284E+01      0.239E+01
      0.641E+00      0.160E+00      0.138E+00      0.132E+08     -0.342E+01      0.443E+01
      0.719E+00      0.772E-01      0.762E-01      0.543E+07     -0.338E+01      0.487E+01
      0.806E+00      0.172E-01      0.318E-01      0.126E+07     -0.293E+01      0.652E+01
      0.905E+00      0.241E-02      0.183E-01      0.221E+06     -0.127E+01      0.124E+02
      0.102E+01      0.540E-03      0.777E-02      0.567E+05     -0.125E+01      0.241E+02
      0.114E+01      0.110E-03      0.476E-02      0.157E+05     -0.141E+01      0.721E+02
      0.128E+01      0.426E-04      0.254E-02      0.640E+04     -0.916E+00      0.690E+02
      0.143E+01      0.156E-04      0.152E-02      0.239E+04     -0.800E+00      0.103E+03
      0.161E+01      0.588E-05      0.808E-03      0.763E+03     -0.904E+00      0.159E+03
      0.168E+01      0.345E-05      0.537E-03      0.312E+03     -0.105E+01      0.209E+03
      0.170E+01      0.307E-05      0.465E-03      0.214E+03     -0.109E+01      0.214E+03
      0.180E+01      0.116E-05      0.176E-03      0.999E+02     -0.169E+01      0.439E+03
      0.190E+01      0.334E-06      0.948E-04      0.285E+02     -0.234E+01      0.102E+04
      0.200E+01      0.130E-06      0.380E-04      0.814E+01     -0.225E+01      0.991E+03
      0.210E+01      0.348E-08      0.147E-04      0.254E+00     -0.141E+01      0.896E+04
      0.220E+01      0.589E-09      0.847E-05      0.437E-01     -0.190E+01      0.357E+05
      0.230E+01      0.134E-09      0.271E-05      0.814E-02     -0.188E+01      0.497E+05
      0.240E+01      0.720E-12      0.205E-07      0.487E-04     -0.207E+01      0.843E+05
      0.250E+01      0.974E-13      0.611E-08      0.576E-05     -0.417E+01      0.335E+06
      0.260E+01      0.343E-15      0.126E-08      0.258E-07     -0.404E+01      0.149E+08
      0.275E+01      0.532E-17      0.435E-09      0.642E-09     -0.387E+00      0.408E+08
      0.300E+01      0.213E-22      0.352E-14      0.310E-14     -0.423E+01       Infinity
      0.325E+01      0.000E+00      0.000E+00      0.000E+00     -0.990E+02     -0.990E+02
      0.350E+01      0.000E+00      0.000E+00      0.000E+00     -0.990E+02     -0.990E+02
      0.375E+01      0.000E+00      0.000E+00      0.000E+00     -0.990E+02     -0.990E+02
      0.400E+01      0.000E+00      0.000E+00      0.000E+00     -0.990E+02     -0.990E+02
      0.425E+01      0.000E+00      0.000E+00      0.000E+00     -0.990E+02     -0.990E+02
      0.450E+01      0.000E+00      0.000E+00      0.000E+00     -0.990E+02     -0.990E+02
      0.475E+01      0.000E+00      0.000E+00      0.000E+00     -0.990E+02     -0.990E+02
      0.500E+01      0.000E+00      0.000E+00      0.000E+00     -0.990E+02     -0.990E+02
      0.525E+01      0.000E+00      0.000E+00      0.000E+00     -0.990E+02     -0.990E+02
      0.550E+01      0.000E+00      0.000E+00      0.000E+00     -0.990E+02     -0.990E+02
      0.575E+01      0.000E+00      0.000E+00      0.000E+00     -0.990E+02     -0.990E+02
      0.600E+01      0.000E+00      0.000E+00      0.000E+00     -0.990E+02     -0.990E+02
      0.625E+01      0.000E+00      0.000E+00      0.000E+00     -0.990E+02     -0.990E+02
      0.650E+01      0.000E+00      0.000E+00      0.000E+00     -0.990E+02     -0.990E+02
      0.675E+01      0.000E+00      0.000E+00      0.000E+00     -0.990E+02     -0.990E+02
      0.700E+01      0.000E+00      0.000E+00      0.000E+00     -0.990E+02     -0.990E+02
      0.725E+01      0.000E+00      0.000E+00      0.000E+00     -0.990E+02     -0.990E+02
      0.750E+01      0.000E+00      0.000E+00      0.000E+00     -0.990E+02     -0.990E+02
      0.775E+01      0.000E+00      0.000E+00      0.000E+00     -0.990E+02     -0.990E+02
      0.800E+01      0.000E+00      0.000E+00      0.000E+00     -0.990E+02     -0.990E+02
      0.825E+01      0.000E+00      0.000E+00      0.000E+00     -0.990E+02     -0.990E+02
      0.850E+01      0.000E+00      0.000E+00      0.000E+00     -0.990E+02     -0.990E+02
      0.875E+01      0.000E+00      0.000E+00      0.000E+00     -0.990E+02     -0.990E+02
      0.900E+01      0.000E+00      0.000E+00      0.000E+00     -0.990E+02     -0.990E+02
      0.925E+01      0.000E+00      0.000E+00      0.000E+00     -0.990E+02     -0.990E+02
      0.950E+01      0.000E+00      0.000E+00      0.000E+00     -0.990E+02     -0.990E+02
      0.975E+01      0.000E+00      0.000E+00      0.000E+00     -0.990E+02     -0.990E+02
      0.100E+02      0.000E+00      0.000E+00      0.000E+00     -0.990E+02     -0.990E+02
      0.102E+02      0.000E+00      0.000E+00      0.000E+00     -0.990E+02     -0.990E+02
      0.105E+02      0.000E+00      0.000E+00      0.000E+00     -0.990E+02     -0.990E+02
      0.108E+02      0.000E+00      0.000E+00      0.000E+00     -0.990E+02     -0.990E+02
      0.110E+02      0.000E+00      0.000E+00      0.000E+00     -0.990E+02     -0.990E+02
      0.112E+02      0.000E+00      0.000E+00      0.000E+00     -0.990E+02     -0.990E+02
      0.115E+02      0.000E+00      0.000E+00      0.000E+00     -0.990E+02     -0.990E+02
      0.118E+02      0.000E+00      0.000E+00      0.000E+00     -0.990E+02     -0.990E+02
      0.120E+02      0.000E+00      0.000E+00      0.000E+00     -0.990E+02     -0.990E+02
      0.122E+02      0.000E+00      0.000E+00      0.000E+00     -0.990E+02     -0.990E+02
      0.125E+02      0.000E+00      0.000E+00      0.000E+00     -0.990E+02     -0.990E+02
      0.128E+02      0.000E+00      0.000E+00      0.000E+00     -0.990E+02     -0.990E+02
      0.130E+02      0.000E+00      0.000E+00      0.000E+00     -0.990E+02     -0.990E+02
      0.132E+02      0.000E+00      0.000E+00      0.000E+00     -0.990E+02     -0.990E+02
      0.135E+02      0.000E+00      0.000E+00      0.000E+00     -0.990E+02     -0.990E+02
      0.138E+02      0.000E+00      0.000E+00      0.000E+00     -0.990E+02     -0.990E+02
      0.140E+02      0.000E+00      0.000E+00      0.000E+00     -0.990E+02     -0.990E+02
      0.142E+02      0.000E+00      0.000E+00      0.000E+00     -0.990E+02     -0.990E+02
      0.145E+02      0.000E+00      0.000E+00      0.000E+00     -0.990E+02     -0.990E+02
      0.148E+02      0.000E+00      0.000E+00      0.000E+00     -0.990E+02     -0.990E+02
      0.150E+02      0.000E+00      0.000E+00      0.000E+00     -0.990E+02     -0.990E+02
      0.152E+02      0.000E+00      0.000E+00      0.000E+00     -0.990E+02     -0.990E+02
      0.155E+02      0.000E+00      0.000E+00      0.000E+00     -0.990E+02     -0.990E+02
      0.158E+02      0.000E+00      0.000E+00      0.000E+00     -0.990E+02     -0.990E+02
      0.160E+02      0.000E+00      0.000E+00      0.000E+00     -0.990E+02     -0.990E+02
      0.162E+02      0.000E+00      0.000E+00      0.000E+00     -0.990E+02     -0.990E+02
      0.165E+02      0.000E+00      0.000E+00      0.000E+00     -0.990E+02     -0.990E+02
      0.168E+02      0.000E+00      0.000E+00      0.000E+00     -0.990E+02     -0.990E+02
      0.170E+02      0.000E+00      0.000E+00      0.000E+00     -0.990E+02     -0.990E+02
      0.172E+02      0.000E+00      0.000E+00      0.000E+00     -0.990E+02     -0.990E+02
      0.175E+02      0.000E+00      0.000E+00      0.000E+00     -0.990E+02     -0.990E+02
      0.178E+02      0.000E+00      0.000E+00      0.000E+00     -0.990E+02     -0.990E+02
      0.180E+02      0.000E+00      0.000E+00      0.000E+00     -0.990E+02     -0.990E+02
      0.182E+02      0.000E+00      0.000E+00      0.000E+00     -0.990E+02     -0.990E+02
      0.185E+02      0.000E+00      0.000E+00      0.000E+00     -0.990E+02     -0.990E+02
      0.188E+02      0.000E+00      0.000E+00      0.000E+00     -0.990E+02     -0.990E+02
      0.190E+02      0.000E+00      0.000E+00      0.000E+00     -0.990E+02     -0.990E+02
      0.192E+02      0.000E+00      0.000E+00      0.000E+00     -0.990E+02     -0.990E+02
      0.195E+02      0.000E+00      0.000E+00      0.000E+00     -0.990E+02     -0.990E+02
      0.198E+02      0.000E+00      0.000E+00      0.000E+00     -0.990E+02     -0.990E+02
      0.200E+02      0.000E+00      0.000E+00      0.000E+00     -0.990E+02     -0.990E+02
