      0.000E+00      0.117E+01      0.211E+01      0.184E+10     -0.990E+02     -0.990E+02
      0.100E-03      0.117E+01      0.211E+01      0.184E+10     -0.990E+02     -0.990E+02
      0.140E-03      0.117E+01      0.211E+01      0.184E+10     -0.990E+02     -0.990E+02
      0.160E-03      0.117E+01      0.211E+01      0.184E+10     -0.990E+02     -0.990E+02
      0.180E-03      0.117E+01      0.211E+01      0.184E+10     -0.990E+02     -0.990E+02
      0.200E-03      0.117E+01      0.211E+01      0.184E+10     -0.990E+02     -0.990E+02
      0.220E-03      0.117E+01      0.211E+01      0.184E+10     -0.990E+02     -0.990E+02
      0.250E-03      0.117E+01      0.211E+01      0.184E+10     -0.990E+02     -0.990E+02
      0.280E-03      0.117E+01      0.211E+01      0.184E+10     -0.990E+02     -0.990E+02
      0.320E-03      0.117E+01      0.211E+01      0.184E+10     -0.990E+02     -0.990E+02
      0.350E-03      0.117E+01      0.211E+01      0.184E+10     -0.990E+02     -0.990E+02
      0.400E-03      0.117E+01      0.211E+01      0.184E+10     -0.990E+02     -0.990E+02
      0.450E-03      0.117E+01      0.211E+01      0.184E+10     -0.990E+02     -0.990E+02
      0.500E-03      0.117E+01      0.211E+01      0.184E+10     -0.990E+02     -0.990E+02
      0.560E-03      0.117E+01      0.211E+01      0.184E+10     -0.990E+02     -0.990E+02
      0.630E-03      0.117E+01      0.211E+01      0.184E+10     -0.990E+02     -0.990E+02
      0.710E-03      0.117E+01      0.211E+01      0.184E+10     -0.990E+02     -0.990E+02
      0.790E-03      0.117E+01      0.211E+01      0.184E+10     -0.990E+02     -0.990E+02
      0.890E-03      0.117E+01      0.211E+01      0.184E+10     -0.990E+02     -0.990E+02
      0.100E-02      0.117E+01      0.211E+01      0.184E+10     -0.990E+02     -0.990E+02
      0.105E-02      0.117E+01      0.211E+01      0.184E+10     -0.990E+02     -0.990E+02
      0.110E-02      0.117E+01      0.211E+01      0.184E+10     -0.990E+02     -0.990E+02
      0.115E-02      0.117E+01      0.211E+01      0.184E+10     -0.990E+02     -0.990E+02
      0.120E-02      0.117E+01      0.211E+01      0.184E+10     -0.990E+02     -0.990E+02
      0.126E-02      0.117E+01      0.211E+01      0.184E+10     -0.990E+02     -0.990E+02
      0.132E-02      0.117E+01      0.211E+01      0.184E+10     -0.990E+02     -0.990E+02
      0.138E-02      0.117E+01      0.211E+01      0.184E+10     -0.990E+02     -0.990E+02
      0.145E-02      0.117E+01      0.211E+01      0.184E+10     -0.990E+02     -0.990E+02
      0.151E-02      0.117E+01      0.211E+01      0.184E+10     -0.990E+02     -0.990E+02
      0.158E-02      0.117E+01      0.211E+01      0.184E+10     -0.990E+02     -0.990E+02
      0.166E-02      0.117E+01      0.211E+01      0.184E+10     -0.990E+02     -0.990E+02
      0.174E-02      0.117E+01      0.211E+01      0.184E+10     -0.990E+02     -0.990E+02
      0.182E-02      0.117E+01      0.211E+01      0.184E+10     -0.990E+02     -0.990E+02
      0.191E-02      0.117E+01      0.211E+01      0.184E+10     -0.990E+02     -0.990E+02
      0.200E-02      0.117E+01      0.211E+01      0.184E+10     -0.990E+02     -0.990E+02
      0.209E-02      0.117E+01      0.211E+01      0.184E+10     -0.990E+02     -0.990E+02
      0.219E-02      0.117E+01      0.211E+01      0.184E+10     -0.990E+02     -0.990E+02
      0.229E-02      0.117E+01      0.211E+01      0.184E+10     -0.990E+02     -0.990E+02
      0.240E-02      0.117E+01      0.211E+01      0.184E+10     -0.990E+02     -0.990E+02
      0.251E-02      0.117E+01      0.211E+01      0.184E+10     -0.990E+02     -0.990E+02
      0.263E-02      0.117E+01      0.211E+01      0.184E+10     -0.990E+02     -0.990E+02
      0.275E-02      0.117E+01      0.211E+01      0.184E+10     -0.990E+02     -0.990E+02
      0.288E-02      0.117E+01      0.211E+01      0.184E+10     -0.990E+02     -0.990E+02
      0.302E-02      0.117E+01      0.211E+01      0.184E+10     -0.990E+02     -0.990E+02
      0.316E-02      0.117E+01      0.211E+01      0.184E+10     -0.990E+02     -0.990E+02
      0.331E-02      0.117E+01      0.211E+01      0.184E+10     -0.990E+02     -0.990E+02
      0.347E-02      0.117E+01      0.211E+01      0.184E+10     -0.990E+02     -0.990E+02
      0.363E-02      0.117E+01      0.211E+01      0.184E+10     -0.990E+02     -0.990E+02
      0.380E-02      0.117E+01      0.211E+01      0.184E+10     -0.990E+02     -0.990E+02
      0.398E-02      0.117E+01      0.211E+01      0.184E+10     -0.990E+02     -0.990E+02
      0.417E-02      0.117E+01      0.211E+01      0.184E+10     -0.990E+02     -0.990E+02
      0.437E-02      0.117E+01      0.211E+01      0.184E+10     -0.990E+02     -0.990E+02
      0.457E-02      0.117E+01      0.211E+01      0.184E+10     -0.990E+02     -0.990E+02
      0.479E-02      0.117E+01      0.211E+01      0.184E+10     -0.990E+02     -0.990E+02
      0.501E-02      0.117E+01      0.211E+01      0.184E+10     -0.990E+02     -0.990E+02
      0.525E-02      0.117E+01      0.211E+01      0.184E+10     -0.990E+02     -0.990E+02
      0.550E-02      0.117E+01      0.211E+01      0.184E+10     -0.990E+02     -0.990E+02
      0.575E-02      0.117E+01      0.211E+01      0.184E+10     -0.990E+02     -0.990E+02
      0.603E-02      0.117E+01      0.211E+01      0.184E+10     -0.990E+02     -0.990E+02
      0.631E-02      0.117E+01      0.211E+01      0.184E+10     -0.990E+02     -0.990E+02
      0.661E-02      0.117E+01      0.211E+01      0.184E+10     -0.990E+02     -0.990E+02
      0.692E-02      0.117E+01      0.211E+01      0.184E+10     -0.990E+02     -0.990E+02
      0.724E-02      0.117E+01      0.211E+01      0.184E+10     -0.990E+02     -0.990E+02
      0.759E-02      0.117E+01      0.211E+01      0.184E+10     -0.990E+02     -0.990E+02
      0.794E-02      0.117E+01      0.211E+01      0.184E+10     -0.990E+02     -0.990E+02
      0.832E-02      0.117E+01      0.211E+01      0.184E+10     -0.990E+02     -0.990E+02
      0.871E-02      0.117E+01      0.211E+01      0.184E+10     -0.990E+02     -0.990E+02
      0.912E-02      0.117E+01      0.211E+01      0.184E+10     -0.990E+02     -0.990E+02
      0.955E-02      0.117E+01      0.211E+01      0.184E+10     -0.990E+02     -0.990E+02
      0.100E-01      0.117E+01      0.211E+01      0.184E+10     -0.808E+00      0.744E+00
      0.105E-01      0.944E+01      0.546E+01      0.182E+10     -0.808E+00      0.744E+00
      0.110E-01      0.939E+01      0.542E+01      0.182E+10     -0.808E+00      0.744E+00
      0.115E-01      0.935E+01      0.540E+01      0.182E+10     -0.809E+00      0.744E+00
      0.120E-01      0.934E+01      0.538E+01      0.181E+10     -0.809E+00      0.744E+00
      0.126E-01      0.934E+01      0.538E+01      0.181E+10     -0.810E+00      0.743E+00
      0.132E-01      0.937E+01      0.539E+01      0.180E+10     -0.810E+00      0.743E+00
      0.138E-01      0.934E+01      0.537E+01      0.180E+10     -0.811E+00      0.743E+00
      0.144E-01      0.925E+01      0.531E+01      0.179E+10     -0.811E+00      0.743E+00
      0.151E-01      0.926E+01      0.531E+01      0.179E+10     -0.812E+00      0.743E+00
      0.159E-01      0.928E+01      0.532E+01      0.178E+10     -0.812E+00      0.742E+00
      0.166E-01      0.925E+01      0.530E+01      0.178E+10     -0.813E+00      0.742E+00
      0.174E-01      0.925E+01      0.529E+01      0.177E+10     -0.813E+00      0.742E+00
      0.182E-01      0.926E+01      0.529E+01      0.176E+10     -0.814E+00      0.742E+00
      0.191E-01      0.923E+01      0.527E+01      0.176E+10     -0.815E+00      0.741E+00
      0.200E-01      0.917E+01      0.523E+01      0.175E+10     -0.815E+00      0.741E+00
      0.209E-01      0.914E+01      0.520E+01      0.174E+10     -0.816E+00      0.740E+00
      0.219E-01      0.912E+01      0.518E+01      0.173E+10     -0.817E+00      0.740E+00
      0.229E-01      0.912E+01      0.517E+01      0.173E+10     -0.818E+00      0.739E+00
      0.240E-01      0.909E+01      0.515E+01      0.172E+10     -0.819E+00      0.739E+00
      0.251E-01      0.909E+01      0.514E+01      0.171E+10     -0.819E+00      0.738E+00
      0.263E-01      0.906E+01      0.511E+01      0.170E+10     -0.820E+00      0.738E+00
      0.275E-01      0.901E+01      0.507E+01      0.169E+10     -0.821E+00      0.737E+00
      0.290E-01      0.898E+01      0.504E+01      0.168E+10     -0.822E+00      0.737E+00
      0.300E-01      0.896E+01      0.503E+01      0.167E+10     -0.823E+00      0.736E+00
      0.310E-01      0.894E+01      0.501E+01      0.167E+10     -0.824E+00      0.736E+00
      0.320E-01      0.892E+01      0.499E+01      0.166E+10     -0.825E+00      0.735E+00
      0.330E-01      0.890E+01      0.497E+01      0.165E+10     -0.825E+00      0.735E+00
      0.340E-01      0.887E+01      0.495E+01      0.164E+10     -0.826E+00      0.734E+00
      0.350E-01      0.885E+01      0.493E+01      0.164E+10     -0.827E+00      0.734E+00
      0.360E-01      0.883E+01      0.491E+01      0.163E+10     -0.828E+00      0.734E+00
      0.370E-01      0.880E+01      0.489E+01      0.162E+10     -0.828E+00      0.733E+00
      0.380E-01      0.878E+01      0.487E+01      0.162E+10     -0.829E+00      0.733E+00
      0.390E-01      0.876E+01      0.486E+01      0.161E+10     -0.830E+00      0.733E+00
      0.400E-01      0.874E+01      0.484E+01      0.160E+10     -0.831E+00      0.732E+00
      0.425E-01      0.868E+01      0.479E+01      0.159E+10     -0.833E+00      0.732E+00
      0.450E-01      0.862E+01      0.474E+01      0.157E+10     -0.834E+00      0.731E+00
      0.475E-01      0.856E+01      0.470E+01      0.155E+10     -0.836E+00      0.731E+00
      0.500E-01      0.850E+01      0.466E+01      0.154E+10     -0.838E+00      0.730E+00
      0.525E-01      0.845E+01      0.461E+01      0.152E+10     -0.840E+00      0.730E+00
      0.550E-01      0.838E+01      0.457E+01      0.150E+10     -0.842E+00      0.730E+00
      0.571E-01      0.834E+01      0.454E+01      0.149E+10     -0.844E+00      0.730E+00
      0.640E-01      0.818E+01      0.442E+01      0.146E+10     -0.849E+00      0.730E+00
      0.719E-01      0.799E+01      0.431E+01      0.141E+10     -0.855E+00      0.732E+00
      0.806E-01      0.779E+01      0.418E+01      0.136E+10     -0.860E+00      0.733E+00
      0.905E-01      0.758E+01      0.403E+01      0.130E+10     -0.866E+00      0.728E+00
      0.102E+00      0.734E+01      0.385E+01      0.124E+10     -0.872E+00      0.721E+00
      0.114E+00      0.708E+01      0.367E+01      0.118E+10     -0.878E+00      0.713E+00
      0.128E+00      0.679E+01      0.346E+01      0.111E+10     -0.886E+00      0.704E+00
      0.143E+00      0.647E+01      0.324E+01      0.103E+10     -0.896E+00      0.696E+00
      0.161E+00      0.611E+01      0.300E+01      0.952E+09     -0.907E+00      0.687E+00
      0.181E+00      0.570E+01      0.275E+01      0.869E+09     -0.922E+00      0.680E+00
      0.203E+00      0.525E+01      0.250E+01      0.782E+09     -0.940E+00      0.678E+00
      0.227E+00      0.474E+01      0.225E+01      0.693E+09     -0.965E+00      0.691E+00
      0.255E+00      0.417E+01      0.204E+01      0.604E+09     -0.100E+01      0.738E+00
      0.286E+00      0.362E+01      0.186E+01      0.517E+09     -0.104E+01      0.800E+00
      0.321E+00      0.309E+01      0.166E+01      0.432E+09     -0.106E+01      0.854E+00
      0.360E+00      0.264E+01      0.145E+01      0.352E+09     -0.109E+01      0.875E+00
      0.404E+00      0.219E+01      0.124E+01      0.276E+09     -0.111E+01      0.899E+00
      0.453E+00      0.171E+01      0.104E+01      0.206E+09     -0.112E+01      0.943E+00
      0.509E+00      0.121E+01      0.857E+00      0.145E+09     -0.109E+01      0.106E+01
      0.571E+00      0.812E+00      0.682E+00      0.961E+08     -0.106E+01      0.124E+01
      0.641E+00      0.530E+00      0.509E+00      0.600E+08     -0.106E+01      0.141E+01
      0.719E+00      0.314E+00      0.375E+00      0.338E+08     -0.107E+01      0.178E+01
      0.806E+00      0.160E+00      0.252E+00      0.165E+08     -0.106E+01      0.232E+01
      0.905E+00      0.691E-01      0.136E+00      0.670E+07     -0.102E+01      0.276E+01
      0.102E+01      0.181E-01      0.638E-01      0.198E+07     -0.902E+00      0.433E+01
      0.114E+01      0.638E-02      0.314E-01      0.609E+06     -0.954E+00      0.707E+01
      0.128E+01      0.653E-03      0.567E-02      0.689E+05     -0.122E+01      0.161E+02
      0.143E+01      0.730E-04      0.114E-02      0.760E+04     -0.830E+00      0.175E+02
      0.161E+01      0.000E+00      0.000E+00      0.000E+00     -0.990E+02     -0.990E+02
      0.168E+01      0.000E+00      0.000E+00      0.000E+00     -0.990E+02     -0.990E+02
      0.170E+01      0.000E+00      0.000E+00      0.000E+00     -0.990E+02     -0.990E+02
      0.180E+01      0.000E+00      0.000E+00      0.000E+00     -0.990E+02     -0.990E+02
      0.190E+01      0.000E+00      0.000E+00      0.000E+00     -0.990E+02     -0.990E+02
      0.200E+01      0.000E+00      0.000E+00      0.000E+00     -0.990E+02     -0.990E+02
      0.210E+01      0.000E+00      0.000E+00      0.000E+00     -0.990E+02     -0.990E+02
      0.220E+01      0.000E+00      0.000E+00      0.000E+00     -0.990E+02     -0.990E+02
      0.230E+01      0.000E+00      0.000E+00      0.000E+00     -0.990E+02     -0.990E+02
      0.240E+01      0.000E+00      0.000E+00      0.000E+00     -0.990E+02     -0.990E+02
      0.250E+01      0.000E+00      0.000E+00      0.000E+00     -0.990E+02     -0.990E+02
      0.260E+01      0.000E+00      0.000E+00      0.000E+00     -0.990E+02     -0.990E+02
      0.275E+01      0.000E+00      0.000E+00      0.000E+00     -0.990E+02     -0.990E+02
      0.300E+01      0.000E+00      0.000E+00      0.000E+00     -0.990E+02     -0.990E+02
      0.325E+01      0.000E+00      0.000E+00      0.000E+00     -0.990E+02     -0.990E+02
      0.350E+01      0.000E+00      0.000E+00      0.000E+00     -0.990E+02     -0.990E+02
      0.375E+01      0.000E+00      0.000E+00      0.000E+00     -0.990E+02     -0.990E+02
      0.400E+01      0.000E+00      0.000E+00      0.000E+00     -0.990E+02     -0.990E+02
      0.425E+01      0.000E+00      0.000E+00      0.000E+00     -0.990E+02     -0.990E+02
      0.450E+01      0.000E+00      0.000E+00      0.000E+00     -0.990E+02     -0.990E+02
      0.475E+01      0.000E+00      0.000E+00      0.000E+00     -0.990E+02     -0.990E+02
      0.500E+01      0.000E+00      0.000E+00      0.000E+00     -0.990E+02     -0.990E+02
      0.525E+01      0.000E+00      0.000E+00      0.000E+00     -0.990E+02     -0.990E+02
      0.550E+01      0.000E+00      0.000E+00      0.000E+00     -0.990E+02     -0.990E+02
      0.575E+01      0.000E+00      0.000E+00      0.000E+00     -0.990E+02     -0.990E+02
      0.600E+01      0.000E+00      0.000E+00      0.000E+00     -0.990E+02     -0.990E+02
      0.625E+01      0.000E+00      0.000E+00      0.000E+00     -0.990E+02     -0.990E+02
      0.650E+01      0.000E+00      0.000E+00      0.000E+00     -0.990E+02     -0.990E+02
      0.675E+01      0.000E+00      0.000E+00      0.000E+00     -0.990E+02     -0.990E+02
      0.700E+01      0.000E+00      0.000E+00      0.000E+00     -0.990E+02     -0.990E+02
      0.725E+01      0.000E+00      0.000E+00      0.000E+00     -0.990E+02     -0.990E+02
      0.750E+01      0.000E+00      0.000E+00      0.000E+00     -0.990E+02     -0.990E+02
      0.775E+01      0.000E+00      0.000E+00      0.000E+00     -0.990E+02     -0.990E+02
      0.800E+01      0.000E+00      0.000E+00      0.000E+00     -0.990E+02     -0.990E+02
      0.825E+01      0.000E+00      0.000E+00      0.000E+00     -0.990E+02     -0.990E+02
      0.850E+01      0.000E+00      0.000E+00      0.000E+00     -0.990E+02     -0.990E+02
      0.875E+01      0.000E+00      0.000E+00      0.000E+00     -0.990E+02     -0.990E+02
      0.900E+01      0.000E+00      0.000E+00      0.000E+00     -0.990E+02     -0.990E+02
      0.925E+01      0.000E+00      0.000E+00      0.000E+00     -0.990E+02     -0.990E+02
      0.950E+01      0.000E+00      0.000E+00      0.000E+00     -0.990E+02     -0.990E+02
      0.975E+01      0.000E+00      0.000E+00      0.000E+00     -0.990E+02     -0.990E+02
      0.100E+02      0.000E+00      0.000E+00      0.000E+00     -0.990E+02     -0.990E+02
      0.102E+02      0.000E+00      0.000E+00      0.000E+00     -0.990E+02     -0.990E+02
      0.105E+02      0.000E+00      0.000E+00      0.000E+00     -0.990E+02     -0.990E+02
      0.108E+02      0.000E+00      0.000E+00      0.000E+00     -0.990E+02     -0.990E+02
      0.110E+02      0.000E+00      0.000E+00      0.000E+00     -0.990E+02     -0.990E+02
      0.112E+02      0.000E+00      0.000E+00      0.000E+00     -0.990E+02     -0.990E+02
      0.115E+02      0.000E+00      0.000E+00      0.000E+00     -0.990E+02     -0.990E+02
      0.118E+02      0.000E+00      0.000E+00      0.000E+00     -0.990E+02     -0.990E+02
      0.120E+02      0.000E+00      0.000E+00      0.000E+00     -0.990E+02     -0.990E+02
      0.122E+02      0.000E+00      0.000E+00      0.000E+00     -0.990E+02     -0.990E+02
      0.125E+02      0.000E+00      0.000E+00      0.000E+00     -0.990E+02     -0.990E+02
      0.128E+02      0.000E+00      0.000E+00      0.000E+00     -0.990E+02     -0.990E+02
      0.130E+02      0.000E+00      0.000E+00      0.000E+00     -0.990E+02     -0.990E+02
      0.132E+02      0.000E+00      0.000E+00      0.000E+00     -0.990E+02     -0.990E+02
      0.135E+02      0.000E+00      0.000E+00      0.000E+00     -0.990E+02     -0.990E+02
      0.138E+02      0.000E+00      0.000E+00      0.000E+00     -0.990E+02     -0.990E+02
      0.140E+02      0.000E+00      0.000E+00      0.000E+00     -0.990E+02     -0.990E+02
      0.142E+02      0.000E+00      0.000E+00      0.000E+00     -0.990E+02     -0.990E+02
      0.145E+02      0.000E+00      0.000E+00      0.000E+00     -0.990E+02     -0.990E+02
      0.148E+02      0.000E+00      0.000E+00      0.000E+00     -0.990E+02     -0.990E+02
      0.150E+02      0.000E+00      0.000E+00      0.000E+00     -0.990E+02     -0.990E+02
      0.152E+02      0.000E+00      0.000E+00      0.000E+00     -0.990E+02     -0.990E+02
      0.155E+02      0.000E+00      0.000E+00      0.000E+00     -0.990E+02     -0.990E+02
      0.158E+02      0.000E+00      0.000E+00      0.000E+00     -0.990E+02     -0.990E+02
      0.160E+02      0.000E+00      0.000E+00      0.000E+00     -0.990E+02     -0.990E+02
      0.162E+02      0.000E+00      0.000E+00      0.000E+00     -0.990E+02     -0.990E+02
      0.165E+02      0.000E+00      0.000E+00      0.000E+00     -0.990E+02     -0.990E+02
      0.168E+02      0.000E+00      0.000E+00      0.000E+00     -0.990E+02     -0.990E+02
      0.170E+02      0.000E+00      0.000E+00      0.000E+00     -0.990E+02     -0.990E+02
      0.172E+02      0.000E+00      0.000E+00      0.000E+00     -0.990E+02     -0.990E+02
      0.175E+02      0.000E+00      0.000E+00      0.000E+00     -0.990E+02     -0.990E+02
      0.178E+02      0.000E+00      0.000E+00      0.000E+00     -0.990E+02     -0.990E+02
      0.180E+02      0.000E+00      0.000E+00      0.000E+00     -0.990E+02     -0.990E+02
      0.182E+02      0.000E+00      0.000E+00      0.000E+00     -0.990E+02     -0.990E+02
      0.185E+02      0.000E+00      0.000E+00      0.000E+00     -0.990E+02     -0.990E+02
      0.188E+02      0.000E+00      0.000E+00      0.000E+00     -0.990E+02     -0.990E+02
      0.190E+02      0.000E+00      0.000E+00      0.000E+00     -0.990E+02     -0.990E+02
      0.192E+02      0.000E+00      0.000E+00      0.000E+00     -0.990E+02     -0.990E+02
      0.195E+02      0.000E+00      0.000E+00      0.000E+00     -0.990E+02     -0.990E+02
      0.198E+02      0.000E+00      0.000E+00      0.000E+00     -0.990E+02     -0.990E+02
      0.200E+02      0.000E+00      0.000E+00      0.000E+00     -0.990E+02     -0.990E+02
