      0.000E+00      0.279E+00      0.716E-01      0.110E+09     -0.990E+02     -0.990E+02
      0.100E-03      0.279E+00      0.716E-01      0.110E+09     -0.990E+02     -0.990E+02
      0.140E-03      0.279E+00      0.716E-01      0.110E+09     -0.990E+02     -0.990E+02
      0.160E-03      0.279E+00      0.716E-01      0.110E+09     -0.990E+02     -0.990E+02
      0.180E-03      0.279E+00      0.716E-01      0.110E+09     -0.990E+02     -0.990E+02
      0.200E-03      0.279E+00      0.716E-01      0.110E+09     -0.990E+02     -0.990E+02
      0.220E-03      0.279E+00      0.716E-01      0.110E+09     -0.990E+02     -0.990E+02
      0.250E-03      0.279E+00      0.716E-01      0.110E+09     -0.990E+02     -0.990E+02
      0.280E-03      0.279E+00      0.716E-01      0.110E+09     -0.990E+02     -0.990E+02
      0.320E-03      0.279E+00      0.716E-01      0.110E+09     -0.990E+02     -0.990E+02
      0.350E-03      0.279E+00      0.716E-01      0.110E+09     -0.990E+02     -0.990E+02
      0.400E-03      0.279E+00      0.716E-01      0.110E+09     -0.990E+02     -0.990E+02
      0.450E-03      0.279E+00      0.716E-01      0.110E+09     -0.990E+02     -0.990E+02
      0.500E-03      0.279E+00      0.716E-01      0.110E+09     -0.990E+02     -0.990E+02
      0.560E-03      0.279E+00      0.716E-01      0.110E+09     -0.990E+02     -0.990E+02
      0.630E-03      0.279E+00      0.716E-01      0.110E+09     -0.990E+02     -0.990E+02
      0.710E-03      0.279E+00      0.716E-01      0.110E+09     -0.990E+02     -0.990E+02
      0.790E-03      0.279E+00      0.716E-01      0.110E+09     -0.990E+02     -0.990E+02
      0.890E-03      0.279E+00      0.716E-01      0.110E+09     -0.990E+02     -0.990E+02
      0.100E-02      0.279E+00      0.716E-01      0.110E+09     -0.990E+02     -0.990E+02
      0.105E-02      0.279E+00      0.716E-01      0.110E+09     -0.990E+02     -0.990E+02
      0.110E-02      0.279E+00      0.716E-01      0.110E+09     -0.990E+02     -0.990E+02
      0.115E-02      0.279E+00      0.716E-01      0.110E+09     -0.990E+02     -0.990E+02
      0.120E-02      0.279E+00      0.716E-01      0.110E+09     -0.990E+02     -0.990E+02
      0.126E-02      0.279E+00      0.716E-01      0.110E+09     -0.990E+02     -0.990E+02
      0.132E-02      0.279E+00      0.716E-01      0.110E+09     -0.990E+02     -0.990E+02
      0.138E-02      0.279E+00      0.716E-01      0.110E+09     -0.990E+02     -0.990E+02
      0.145E-02      0.279E+00      0.716E-01      0.110E+09     -0.990E+02     -0.990E+02
      0.151E-02      0.279E+00      0.716E-01      0.110E+09     -0.990E+02     -0.990E+02
      0.158E-02      0.279E+00      0.716E-01      0.110E+09     -0.990E+02     -0.990E+02
      0.166E-02      0.279E+00      0.716E-01      0.110E+09     -0.990E+02     -0.990E+02
      0.174E-02      0.279E+00      0.716E-01      0.110E+09     -0.990E+02     -0.990E+02
      0.182E-02      0.279E+00      0.716E-01      0.110E+09     -0.990E+02     -0.990E+02
      0.191E-02      0.279E+00      0.716E-01      0.110E+09     -0.990E+02     -0.990E+02
      0.200E-02      0.279E+00      0.716E-01      0.110E+09     -0.990E+02     -0.990E+02
      0.209E-02      0.279E+00      0.716E-01      0.110E+09     -0.990E+02     -0.990E+02
      0.219E-02      0.279E+00      0.716E-01      0.110E+09     -0.990E+02     -0.990E+02
      0.229E-02      0.279E+00      0.716E-01      0.110E+09     -0.990E+02     -0.990E+02
      0.240E-02      0.279E+00      0.716E-01      0.110E+09     -0.990E+02     -0.990E+02
      0.251E-02      0.279E+00      0.716E-01      0.110E+09     -0.990E+02     -0.990E+02
      0.263E-02      0.279E+00      0.716E-01      0.110E+09     -0.990E+02     -0.990E+02
      0.275E-02      0.279E+00      0.716E-01      0.110E+09     -0.990E+02     -0.990E+02
      0.288E-02      0.279E+00      0.716E-01      0.110E+09     -0.990E+02     -0.990E+02
      0.302E-02      0.279E+00      0.716E-01      0.110E+09     -0.990E+02     -0.990E+02
      0.316E-02      0.279E+00      0.716E-01      0.110E+09     -0.990E+02     -0.990E+02
      0.331E-02      0.279E+00      0.716E-01      0.110E+09     -0.990E+02     -0.990E+02
      0.347E-02      0.279E+00      0.716E-01      0.110E+09     -0.990E+02     -0.990E+02
      0.363E-02      0.279E+00      0.716E-01      0.110E+09     -0.990E+02     -0.990E+02
      0.380E-02      0.279E+00      0.716E-01      0.110E+09     -0.990E+02     -0.990E+02
      0.398E-02      0.279E+00      0.716E-01      0.110E+09     -0.990E+02     -0.990E+02
      0.417E-02      0.279E+00      0.716E-01      0.110E+09     -0.990E+02     -0.990E+02
      0.437E-02      0.279E+00      0.716E-01      0.110E+09     -0.990E+02     -0.990E+02
      0.457E-02      0.279E+00      0.716E-01      0.110E+09     -0.990E+02     -0.990E+02
      0.479E-02      0.279E+00      0.716E-01      0.110E+09     -0.990E+02     -0.990E+02
      0.501E-02      0.279E+00      0.716E-01      0.110E+09     -0.990E+02     -0.990E+02
      0.525E-02      0.279E+00      0.716E-01      0.110E+09     -0.990E+02     -0.990E+02
      0.550E-02      0.279E+00      0.716E-01      0.110E+09     -0.990E+02     -0.990E+02
      0.575E-02      0.279E+00      0.716E-01      0.110E+09     -0.990E+02     -0.990E+02
      0.603E-02      0.279E+00      0.716E-01      0.110E+09     -0.990E+02     -0.990E+02
      0.631E-02      0.279E+00      0.716E-01      0.110E+09     -0.990E+02     -0.990E+02
      0.661E-02      0.279E+00      0.716E-01      0.110E+09     -0.990E+02     -0.990E+02
      0.692E-02      0.279E+00      0.716E-01      0.110E+09     -0.990E+02     -0.990E+02
      0.724E-02      0.279E+00      0.716E-01      0.110E+09     -0.990E+02     -0.990E+02
      0.759E-02      0.279E+00      0.716E-01      0.110E+09     -0.990E+02     -0.990E+02
      0.794E-02      0.279E+00      0.716E-01      0.110E+09     -0.990E+02     -0.990E+02
      0.832E-02      0.279E+00      0.716E-01      0.110E+09     -0.990E+02     -0.990E+02
      0.871E-02      0.279E+00      0.716E-01      0.110E+09     -0.990E+02     -0.990E+02
      0.912E-02      0.279E+00      0.716E-01      0.110E+09     -0.990E+02     -0.990E+02
      0.955E-02      0.279E+00      0.716E-01      0.110E+09     -0.990E+02     -0.990E+02
      0.100E-01      0.279E+00      0.716E-01      0.110E+09     -0.468E+00      0.814E+00
      0.105E-01      0.386E-01      0.330E-01      0.107E+09     -0.468E+00      0.815E+00
      0.110E-01      0.384E-01      0.329E-01      0.107E+09     -0.468E+00      0.814E+00
      0.115E-01      0.383E-01      0.328E-01      0.107E+09     -0.467E+00      0.814E+00
      0.120E-01      0.383E-01      0.328E-01      0.107E+09     -0.467E+00      0.815E+00
      0.126E-01      0.384E-01      0.328E-01      0.107E+09     -0.468E+00      0.815E+00
      0.132E-01      0.386E-01      0.330E-01      0.107E+09     -0.468E+00      0.816E+00
      0.138E-01      0.384E-01      0.329E-01      0.107E+09     -0.467E+00      0.815E+00
      0.144E-01      0.381E-01      0.327E-01      0.107E+09     -0.468E+00      0.816E+00
      0.151E-01      0.382E-01      0.328E-01      0.107E+09     -0.467E+00      0.816E+00
      0.159E-01      0.384E-01      0.329E-01      0.107E+09     -0.467E+00      0.816E+00
      0.166E-01      0.383E-01      0.329E-01      0.107E+09     -0.467E+00      0.816E+00
      0.174E-01      0.384E-01      0.329E-01      0.107E+09     -0.467E+00      0.816E+00
      0.182E-01      0.385E-01      0.330E-01      0.107E+09     -0.467E+00      0.816E+00
      0.191E-01      0.385E-01      0.330E-01      0.107E+09     -0.467E+00      0.817E+00
      0.200E-01      0.383E-01      0.329E-01      0.107E+09     -0.467E+00      0.817E+00
      0.209E-01      0.383E-01      0.329E-01      0.107E+09     -0.467E+00      0.817E+00
      0.219E-01      0.383E-01      0.329E-01      0.107E+09     -0.467E+00      0.817E+00
      0.229E-01      0.384E-01      0.330E-01      0.107E+09     -0.467E+00      0.818E+00
      0.240E-01      0.383E-01      0.330E-01      0.107E+09     -0.467E+00      0.818E+00
      0.251E-01      0.384E-01      0.331E-01      0.107E+09     -0.467E+00      0.819E+00
      0.263E-01      0.384E-01      0.330E-01      0.107E+09     -0.467E+00      0.818E+00
      0.275E-01      0.383E-01      0.330E-01      0.107E+09     -0.467E+00      0.819E+00
      0.290E-01      0.383E-01      0.331E-01      0.107E+09     -0.467E+00      0.821E+00
      0.300E-01      0.383E-01      0.331E-01      0.107E+09     -0.467E+00      0.821E+00
      0.310E-01      0.383E-01      0.331E-01      0.107E+09     -0.467E+00      0.821E+00
      0.320E-01      0.383E-01      0.331E-01      0.107E+09     -0.467E+00      0.822E+00
      0.330E-01      0.383E-01      0.331E-01      0.107E+09     -0.467E+00      0.822E+00
      0.340E-01      0.383E-01      0.331E-01      0.107E+09     -0.467E+00      0.823E+00
      0.350E-01      0.383E-01      0.331E-01      0.107E+09     -0.467E+00      0.823E+00
      0.360E-01      0.383E-01      0.332E-01      0.107E+09     -0.467E+00      0.824E+00
      0.370E-01      0.382E-01      0.332E-01      0.107E+09     -0.467E+00      0.825E+00
      0.380E-01      0.382E-01      0.332E-01      0.107E+09     -0.466E+00      0.825E+00
      0.390E-01      0.382E-01      0.332E-01      0.107E+09     -0.467E+00      0.826E+00
      0.400E-01      0.382E-01      0.332E-01      0.107E+09     -0.467E+00      0.826E+00
      0.425E-01      0.382E-01      0.333E-01      0.106E+09     -0.467E+00      0.829E+00
      0.450E-01      0.381E-01      0.333E-01      0.106E+09     -0.467E+00      0.831E+00
      0.475E-01      0.381E-01      0.334E-01      0.106E+09     -0.467E+00      0.833E+00
      0.500E-01      0.381E-01      0.334E-01      0.106E+09     -0.467E+00      0.835E+00
      0.525E-01      0.380E-01      0.335E-01      0.106E+09     -0.467E+00      0.837E+00
      0.550E-01      0.379E-01      0.335E-01      0.106E+09     -0.467E+00      0.840E+00
      0.571E-01      0.380E-01      0.336E-01      0.106E+09     -0.467E+00      0.842E+00
      0.640E-01      0.378E-01      0.338E-01      0.106E+09     -0.467E+00      0.849E+00
      0.719E-01      0.377E-01      0.340E-01      0.106E+09     -0.467E+00      0.858E+00
      0.806E-01      0.376E-01      0.343E-01      0.105E+09     -0.468E+00      0.870E+00
      0.905E-01      0.374E-01      0.345E-01      0.105E+09     -0.469E+00      0.883E+00
      0.102E+00      0.372E-01      0.349E-01      0.105E+09     -0.470E+00      0.900E+00
      0.114E+00      0.369E-01      0.350E-01      0.105E+09     -0.470E+00      0.913E+00
      0.128E+00      0.363E-01      0.339E-01      0.104E+09     -0.465E+00      0.889E+00
      0.143E+00      0.355E-01      0.326E-01      0.104E+09     -0.460E+00      0.865E+00
      0.161E+00      0.346E-01      0.312E-01      0.103E+09     -0.454E+00      0.836E+00
      0.181E+00      0.336E-01      0.296E-01      0.103E+09     -0.447E+00      0.803E+00
      0.203E+00      0.325E-01      0.280E-01      0.102E+09     -0.438E+00      0.768E+00
      0.227E+00      0.314E-01      0.264E-01      0.102E+09     -0.430E+00      0.734E+00
      0.255E+00      0.304E-01      0.250E-01      0.101E+09     -0.428E+00      0.707E+00
      0.286E+00      0.293E-01      0.238E-01      0.101E+09     -0.425E+00      0.685E+00
      0.321E+00      0.287E-01      0.228E-01      0.998E+08     -0.415E+00      0.661E+00
      0.360E+00      0.281E-01      0.222E-01      0.991E+08     -0.403E+00      0.657E+00
      0.404E+00      0.283E-01      0.219E-01      0.983E+08     -0.400E+00      0.646E+00
      0.453E+00      0.288E-01      0.222E-01      0.974E+08     -0.396E+00      0.637E+00
      0.509E+00      0.293E-01      0.223E-01      0.963E+08     -0.392E+00      0.612E+00
      0.571E+00      0.298E-01      0.228E-01      0.951E+08     -0.390E+00      0.598E+00
      0.641E+00      0.304E-01      0.236E-01      0.938E+08     -0.392E+00      0.608E+00
      0.719E+00      0.316E-01      0.255E-01      0.923E+08     -0.407E+00      0.652E+00
      0.806E+00      0.332E-01      0.276E-01      0.905E+08     -0.425E+00      0.672E+00
      0.905E+00      0.345E-01      0.283E-01      0.885E+08     -0.437E+00      0.686E+00
      0.102E+01      0.346E-01      0.265E-01      0.861E+08     -0.444E+00      0.677E+00
      0.114E+01      0.336E-01      0.257E-01      0.835E+08     -0.457E+00      0.701E+00
      0.128E+01      0.322E-01      0.250E-01      0.806E+08     -0.453E+00      0.676E+00
      0.143E+01      0.327E-01      0.237E-01      0.776E+08     -0.417E+00      0.561E+00
      0.161E+01      0.335E-01      0.235E-01      0.741E+08     -0.398E+00      0.514E+00
      0.168E+01      0.338E-01      0.231E-01      0.715E+08     -0.398E+00      0.501E+00
      0.170E+01      0.339E-01      0.231E-01      0.706E+08     -0.398E+00      0.500E+00
      0.180E+01      0.350E-01      0.242E-01      0.693E+08     -0.404E+00      0.511E+00
      0.190E+01      0.372E-01      0.266E-01      0.671E+08     -0.407E+00      0.525E+00
      0.200E+01      0.384E-01      0.278E-01      0.648E+08     -0.403E+00      0.510E+00
      0.210E+01      0.380E-01      0.277E-01      0.625E+08     -0.407E+00      0.500E+00
      0.220E+01      0.368E-01      0.272E-01      0.601E+08     -0.409E+00      0.501E+00
      0.230E+01      0.358E-01      0.269E-01      0.579E+08     -0.416E+00      0.516E+00
      0.240E+01      0.363E-01      0.258E-01      0.557E+08     -0.413E+00      0.528E+00
      0.250E+01      0.373E-01      0.254E-01      0.535E+08     -0.405E+00      0.528E+00
      0.260E+01      0.385E-01      0.233E-01      0.512E+08     -0.380E+00      0.446E+00
      0.275E+01      0.426E-01      0.252E-01      0.483E+08     -0.369E+00      0.404E+00
      0.300E+01      0.420E-01      0.251E-01      0.432E+08     -0.442E+00      0.485E+00
      0.325E+01      0.360E-01      0.221E-01      0.369E+08     -0.519E+00      0.520E+00
      0.350E+01      0.415E-01      0.260E-01      0.316E+08     -0.540E+00      0.519E+00
      0.375E+01      0.321E-01      0.197E-01      0.255E+08     -0.552E+00      0.531E+00
      0.400E+01      0.271E-01      0.169E-01      0.208E+08     -0.542E+00      0.552E+00
      0.425E+01      0.330E-01      0.218E-01      0.169E+08     -0.557E+00      0.545E+00
      0.450E+01      0.241E-01      0.182E-01      0.121E+08     -0.613E+00      0.686E+00
      0.475E+01      0.165E-01      0.132E-01      0.859E+07     -0.565E+00      0.668E+00
      0.500E+01      0.171E-01      0.135E-01      0.620E+07     -0.476E+00      0.546E+00
      0.525E+01      0.102E-01      0.808E-02      0.375E+07     -0.503E+00      0.600E+00
      0.550E+01      0.834E-02      0.536E-02      0.228E+07     -0.599E+00      0.575E+00
      0.575E+01      0.508E-02      0.356E-02      0.109E+07     -0.739E+00      0.709E+00
      0.600E+01      0.224E-02      0.236E-02      0.368E+06     -0.709E+00      0.101E+01
      0.625E+01      0.342E-03      0.449E-03      0.505E+05     -0.899E+00      0.149E+01
      0.650E+01      0.153E-04      0.612E-04      0.217E+04     -0.142E+01      0.645E+01
      0.675E+01      0.738E-07      0.176E-05      0.104E+02     -0.169E+01      0.557E+02
      0.700E+01      0.000E+00      0.587E-31      0.000E+00     -0.990E+02     -0.990E+02
      0.725E+01      0.000E+00      0.000E+00      0.000E+00     -0.990E+02     -0.990E+02
      0.750E+01      0.000E+00      0.000E+00      0.000E+00     -0.990E+02     -0.990E+02
      0.775E+01      0.000E+00      0.000E+00      0.000E+00     -0.990E+02     -0.990E+02
      0.800E+01      0.000E+00      0.000E+00      0.000E+00     -0.990E+02     -0.990E+02
      0.825E+01      0.000E+00      0.000E+00      0.000E+00     -0.990E+02     -0.990E+02
      0.850E+01      0.000E+00      0.000E+00      0.000E+00     -0.990E+02     -0.990E+02
      0.875E+01      0.000E+00      0.000E+00      0.000E+00     -0.990E+02     -0.990E+02
      0.900E+01      0.000E+00      0.000E+00      0.000E+00     -0.990E+02     -0.990E+02
      0.925E+01      0.000E+00      0.000E+00      0.000E+00     -0.990E+02     -0.990E+02
      0.950E+01      0.000E+00      0.000E+00      0.000E+00     -0.990E+02     -0.990E+02
      0.975E+01      0.000E+00      0.000E+00      0.000E+00     -0.990E+02     -0.990E+02
      0.100E+02      0.000E+00      0.000E+00      0.000E+00     -0.990E+02     -0.990E+02
      0.102E+02      0.000E+00      0.000E+00      0.000E+00     -0.990E+02     -0.990E+02
      0.105E+02      0.000E+00      0.000E+00      0.000E+00     -0.990E+02     -0.990E+02
      0.108E+02      0.000E+00      0.000E+00      0.000E+00     -0.990E+02     -0.990E+02
      0.110E+02      0.000E+00      0.000E+00      0.000E+00     -0.990E+02     -0.990E+02
      0.112E+02      0.000E+00      0.000E+00      0.000E+00     -0.990E+02     -0.990E+02
      0.115E+02      0.000E+00      0.000E+00      0.000E+00     -0.990E+02     -0.990E+02
      0.118E+02      0.000E+00      0.000E+00      0.000E+00     -0.990E+02     -0.990E+02
      0.120E+02      0.000E+00      0.000E+00      0.000E+00     -0.990E+02     -0.990E+02
      0.122E+02      0.000E+00      0.000E+00      0.000E+00     -0.990E+02     -0.990E+02
      0.125E+02      0.000E+00      0.000E+00      0.000E+00     -0.990E+02     -0.990E+02
      0.128E+02      0.000E+00      0.000E+00      0.000E+00     -0.990E+02     -0.990E+02
      0.130E+02      0.000E+00      0.000E+00      0.000E+00     -0.990E+02     -0.990E+02
      0.132E+02      0.000E+00      0.000E+00      0.000E+00     -0.990E+02     -0.990E+02
      0.135E+02      0.000E+00      0.000E+00      0.000E+00     -0.990E+02     -0.990E+02
      0.138E+02      0.000E+00      0.000E+00      0.000E+00     -0.990E+02     -0.990E+02
      0.140E+02      0.000E+00      0.000E+00      0.000E+00     -0.990E+02     -0.990E+02
      0.142E+02      0.000E+00      0.000E+00      0.000E+00     -0.990E+02     -0.990E+02
      0.145E+02      0.000E+00      0.000E+00      0.000E+00     -0.990E+02     -0.990E+02
      0.148E+02      0.000E+00      0.000E+00      0.000E+00     -0.990E+02     -0.990E+02
      0.150E+02      0.000E+00      0.000E+00      0.000E+00     -0.990E+02     -0.990E+02
      0.152E+02      0.000E+00      0.000E+00      0.000E+00     -0.990E+02     -0.990E+02
      0.155E+02      0.000E+00      0.000E+00      0.000E+00     -0.990E+02     -0.990E+02
      0.158E+02      0.000E+00      0.000E+00      0.000E+00     -0.990E+02     -0.990E+02
      0.160E+02      0.000E+00      0.000E+00      0.000E+00     -0.990E+02     -0.990E+02
      0.162E+02      0.000E+00      0.000E+00      0.000E+00     -0.990E+02     -0.990E+02
      0.165E+02      0.000E+00      0.000E+00      0.000E+00     -0.990E+02     -0.990E+02
      0.168E+02      0.000E+00      0.000E+00      0.000E+00     -0.990E+02     -0.990E+02
      0.170E+02      0.000E+00      0.000E+00      0.000E+00     -0.990E+02     -0.990E+02
      0.172E+02      0.000E+00      0.000E+00      0.000E+00     -0.990E+02     -0.990E+02
      0.175E+02      0.000E+00      0.000E+00      0.000E+00     -0.990E+02     -0.990E+02
      0.178E+02      0.000E+00      0.000E+00      0.000E+00     -0.990E+02     -0.990E+02
      0.180E+02      0.000E+00      0.000E+00      0.000E+00     -0.990E+02     -0.990E+02
      0.182E+02      0.000E+00      0.000E+00      0.000E+00     -0.990E+02     -0.990E+02
      0.185E+02      0.000E+00      0.000E+00      0.000E+00     -0.990E+02     -0.990E+02
      0.188E+02      0.000E+00      0.000E+00      0.000E+00     -0.990E+02     -0.990E+02
      0.190E+02      0.000E+00      0.000E+00      0.000E+00     -0.990E+02     -0.990E+02
      0.192E+02      0.000E+00      0.000E+00      0.000E+00     -0.990E+02     -0.990E+02
      0.195E+02      0.000E+00      0.000E+00      0.000E+00     -0.990E+02     -0.990E+02
      0.198E+02      0.000E+00      0.000E+00      0.000E+00     -0.990E+02     -0.990E+02
      0.200E+02      0.000E+00      0.000E+00      0.000E+00     -0.990E+02     -0.990E+02
