      0.000E+00      0.301E+01      0.166E+01      0.237E+10     -0.990E+02     -0.990E+02
      0.100E-03      0.301E+01      0.166E+01      0.237E+10     -0.990E+02     -0.990E+02
      0.140E-03      0.301E+01      0.166E+01      0.237E+10     -0.990E+02     -0.990E+02
      0.160E-03      0.301E+01      0.166E+01      0.237E+10     -0.990E+02     -0.990E+02
      0.180E-03      0.301E+01      0.166E+01      0.237E+10     -0.990E+02     -0.990E+02
      0.200E-03      0.301E+01      0.166E+01      0.237E+10     -0.990E+02     -0.990E+02
      0.220E-03      0.301E+01      0.166E+01      0.237E+10     -0.990E+02     -0.990E+02
      0.250E-03      0.301E+01      0.166E+01      0.237E+10     -0.990E+02     -0.990E+02
      0.280E-03      0.301E+01      0.166E+01      0.237E+10     -0.990E+02     -0.990E+02
      0.320E-03      0.301E+01      0.166E+01      0.237E+10     -0.990E+02     -0.990E+02
      0.350E-03      0.301E+01      0.166E+01      0.237E+10     -0.990E+02     -0.990E+02
      0.400E-03      0.301E+01      0.166E+01      0.237E+10     -0.990E+02     -0.990E+02
      0.450E-03      0.301E+01      0.166E+01      0.237E+10     -0.990E+02     -0.990E+02
      0.500E-03      0.301E+01      0.166E+01      0.237E+10     -0.990E+02     -0.990E+02
      0.560E-03      0.301E+01      0.166E+01      0.237E+10     -0.990E+02     -0.990E+02
      0.630E-03      0.301E+01      0.166E+01      0.237E+10     -0.990E+02     -0.990E+02
      0.710E-03      0.301E+01      0.166E+01      0.237E+10     -0.990E+02     -0.990E+02
      0.790E-03      0.301E+01      0.166E+01      0.237E+10     -0.990E+02     -0.990E+02
      0.890E-03      0.301E+01      0.166E+01      0.237E+10     -0.990E+02     -0.990E+02
      0.100E-02      0.301E+01      0.166E+01      0.237E+10     -0.990E+02     -0.990E+02
      0.105E-02      0.301E+01      0.166E+01      0.237E+10     -0.990E+02     -0.990E+02
      0.110E-02      0.301E+01      0.166E+01      0.237E+10     -0.990E+02     -0.990E+02
      0.115E-02      0.301E+01      0.166E+01      0.237E+10     -0.990E+02     -0.990E+02
      0.120E-02      0.301E+01      0.166E+01      0.237E+10     -0.990E+02     -0.990E+02
      0.126E-02      0.301E+01      0.166E+01      0.237E+10     -0.990E+02     -0.990E+02
      0.132E-02      0.301E+01      0.166E+01      0.237E+10     -0.990E+02     -0.990E+02
      0.138E-02      0.301E+01      0.166E+01      0.237E+10     -0.990E+02     -0.990E+02
      0.145E-02      0.301E+01      0.166E+01      0.237E+10     -0.990E+02     -0.990E+02
      0.151E-02      0.301E+01      0.166E+01      0.237E+10     -0.990E+02     -0.990E+02
      0.158E-02      0.301E+01      0.166E+01      0.237E+10     -0.990E+02     -0.990E+02
      0.166E-02      0.301E+01      0.166E+01      0.237E+10     -0.990E+02     -0.990E+02
      0.174E-02      0.301E+01      0.166E+01      0.237E+10     -0.990E+02     -0.990E+02
      0.182E-02      0.301E+01      0.166E+01      0.237E+10     -0.990E+02     -0.990E+02
      0.191E-02      0.301E+01      0.166E+01      0.237E+10     -0.990E+02     -0.990E+02
      0.200E-02      0.301E+01      0.166E+01      0.237E+10     -0.990E+02     -0.990E+02
      0.209E-02      0.301E+01      0.166E+01      0.237E+10     -0.990E+02     -0.990E+02
      0.219E-02      0.301E+01      0.166E+01      0.237E+10     -0.990E+02     -0.990E+02
      0.229E-02      0.301E+01      0.166E+01      0.237E+10     -0.990E+02     -0.990E+02
      0.240E-02      0.301E+01      0.166E+01      0.237E+10     -0.990E+02     -0.990E+02
      0.251E-02      0.301E+01      0.166E+01      0.237E+10     -0.990E+02     -0.990E+02
      0.263E-02      0.301E+01      0.166E+01      0.237E+10     -0.990E+02     -0.990E+02
      0.275E-02      0.301E+01      0.166E+01      0.237E+10     -0.990E+02     -0.990E+02
      0.288E-02      0.301E+01      0.166E+01      0.237E+10     -0.990E+02     -0.990E+02
      0.302E-02      0.301E+01      0.166E+01      0.237E+10     -0.990E+02     -0.990E+02
      0.316E-02      0.301E+01      0.166E+01      0.237E+10     -0.990E+02     -0.990E+02
      0.331E-02      0.301E+01      0.166E+01      0.237E+10     -0.990E+02     -0.990E+02
      0.347E-02      0.301E+01      0.166E+01      0.237E+10     -0.990E+02     -0.990E+02
      0.363E-02      0.301E+01      0.166E+01      0.237E+10     -0.990E+02     -0.990E+02
      0.380E-02      0.301E+01      0.166E+01      0.237E+10     -0.990E+02     -0.990E+02
      0.398E-02      0.301E+01      0.166E+01      0.237E+10     -0.990E+02     -0.990E+02
      0.417E-02      0.301E+01      0.166E+01      0.237E+10     -0.990E+02     -0.990E+02
      0.437E-02      0.301E+01      0.166E+01      0.237E+10     -0.990E+02     -0.990E+02
      0.457E-02      0.301E+01      0.166E+01      0.237E+10     -0.990E+02     -0.990E+02
      0.479E-02      0.301E+01      0.166E+01      0.237E+10     -0.990E+02     -0.990E+02
      0.501E-02      0.301E+01      0.166E+01      0.237E+10     -0.990E+02     -0.990E+02
      0.525E-02      0.301E+01      0.166E+01      0.237E+10     -0.990E+02     -0.990E+02
      0.550E-02      0.301E+01      0.166E+01      0.237E+10     -0.990E+02     -0.990E+02
      0.575E-02      0.301E+01      0.166E+01      0.237E+10     -0.990E+02     -0.990E+02
      0.603E-02      0.301E+01      0.166E+01      0.237E+10     -0.990E+02     -0.990E+02
      0.631E-02      0.301E+01      0.166E+01      0.237E+10     -0.990E+02     -0.990E+02
      0.661E-02      0.301E+01      0.166E+01      0.237E+10     -0.990E+02     -0.990E+02
      0.692E-02      0.301E+01      0.166E+01      0.237E+10     -0.990E+02     -0.990E+02
      0.724E-02      0.301E+01      0.166E+01      0.237E+10     -0.990E+02     -0.990E+02
      0.759E-02      0.301E+01      0.166E+01      0.237E+10     -0.990E+02     -0.990E+02
      0.794E-02      0.301E+01      0.166E+01      0.237E+10     -0.990E+02     -0.990E+02
      0.832E-02      0.301E+01      0.166E+01      0.237E+10     -0.990E+02     -0.990E+02
      0.871E-02      0.301E+01      0.166E+01      0.237E+10     -0.990E+02     -0.990E+02
      0.912E-02      0.301E+01      0.166E+01      0.237E+10     -0.990E+02     -0.990E+02
      0.955E-02      0.301E+01      0.166E+01      0.237E+10     -0.990E+02     -0.990E+02
      0.100E-01      0.301E+01      0.166E+01      0.237E+10     -0.674E+00      0.694E+00
      0.105E-01      0.158E+01      0.977E+00      0.233E+10     -0.673E+00      0.694E+00
      0.110E-01      0.157E+01      0.972E+00      0.233E+10     -0.673E+00      0.693E+00
      0.115E-01      0.157E+01      0.969E+00      0.233E+10     -0.673E+00      0.693E+00
      0.120E-01      0.156E+01      0.968E+00      0.233E+10     -0.673E+00      0.692E+00
      0.126E-01      0.157E+01      0.969E+00      0.233E+10     -0.673E+00      0.691E+00
      0.132E-01      0.158E+01      0.973E+00      0.233E+10     -0.673E+00      0.690E+00
      0.138E-01      0.157E+01      0.971E+00      0.233E+10     -0.673E+00      0.689E+00
      0.144E-01      0.156E+01      0.963E+00      0.233E+10     -0.673E+00      0.689E+00
      0.151E-01      0.157E+01      0.965E+00      0.233E+10     -0.673E+00      0.689E+00
      0.159E-01      0.157E+01      0.968E+00      0.233E+10     -0.673E+00      0.688E+00
      0.166E-01      0.157E+01      0.967E+00      0.233E+10     -0.673E+00      0.687E+00
      0.174E-01      0.157E+01      0.968E+00      0.233E+10     -0.673E+00      0.687E+00
      0.182E-01      0.158E+01      0.971E+00      0.232E+10     -0.673E+00      0.685E+00
      0.191E-01      0.158E+01      0.970E+00      0.232E+10     -0.673E+00      0.684E+00
      0.200E-01      0.157E+01      0.965E+00      0.232E+10     -0.673E+00      0.683E+00
      0.209E-01      0.157E+01      0.963E+00      0.232E+10     -0.672E+00      0.682E+00
      0.219E-01      0.157E+01      0.963E+00      0.232E+10     -0.672E+00      0.682E+00
      0.229E-01      0.158E+01      0.964E+00      0.232E+10     -0.672E+00      0.680E+00
      0.240E-01      0.158E+01      0.964E+00      0.232E+10     -0.672E+00      0.679E+00
      0.251E-01      0.158E+01      0.966E+00      0.232E+10     -0.672E+00      0.678E+00
      0.263E-01      0.158E+01      0.965E+00      0.231E+10     -0.672E+00      0.677E+00
      0.275E-01      0.158E+01      0.961E+00      0.231E+10     -0.672E+00      0.676E+00
      0.290E-01      0.158E+01      0.961E+00      0.231E+10     -0.672E+00      0.674E+00
      0.300E-01      0.159E+01      0.961E+00      0.231E+10     -0.672E+00      0.674E+00
      0.310E-01      0.159E+01      0.962E+00      0.231E+10     -0.672E+00      0.673E+00
      0.320E-01      0.159E+01      0.961E+00      0.231E+10     -0.671E+00      0.672E+00
      0.330E-01      0.159E+01      0.961E+00      0.231E+10     -0.671E+00      0.671E+00
      0.340E-01      0.159E+01      0.961E+00      0.230E+10     -0.671E+00      0.670E+00
      0.350E-01      0.159E+01      0.959E+00      0.230E+10     -0.671E+00      0.668E+00
      0.360E-01      0.159E+01      0.960E+00      0.230E+10     -0.671E+00      0.668E+00
      0.370E-01      0.159E+01      0.959E+00      0.230E+10     -0.671E+00      0.667E+00
      0.380E-01      0.159E+01      0.959E+00      0.230E+10     -0.671E+00      0.666E+00
      0.390E-01      0.160E+01      0.959E+00      0.230E+10     -0.671E+00      0.665E+00
      0.400E-01      0.160E+01      0.959E+00      0.230E+10     -0.671E+00      0.664E+00
      0.425E-01      0.160E+01      0.958E+00      0.229E+10     -0.670E+00      0.662E+00
      0.450E-01      0.160E+01      0.958E+00      0.229E+10     -0.670E+00      0.660E+00
      0.475E-01      0.160E+01      0.957E+00      0.229E+10     -0.670E+00      0.658E+00
      0.500E-01      0.161E+01      0.958E+00      0.228E+10     -0.670E+00      0.656E+00
      0.525E-01      0.161E+01      0.956E+00      0.228E+10     -0.669E+00      0.654E+00
      0.550E-01      0.161E+01      0.956E+00      0.228E+10     -0.669E+00      0.653E+00
      0.571E-01      0.162E+01      0.956E+00      0.227E+10     -0.669E+00      0.651E+00
      0.640E-01      0.162E+01      0.955E+00      0.227E+10     -0.668E+00      0.646E+00
      0.719E-01      0.163E+01      0.954E+00      0.226E+10     -0.667E+00      0.640E+00
      0.806E-01      0.164E+01      0.953E+00      0.225E+10     -0.666E+00      0.634E+00
      0.905E-01      0.165E+01      0.954E+00      0.224E+10     -0.665E+00      0.629E+00
      0.102E+00      0.166E+01      0.955E+00      0.222E+10     -0.664E+00      0.622E+00
      0.114E+00      0.167E+01      0.957E+00      0.221E+10     -0.662E+00      0.616E+00
      0.128E+00      0.168E+01      0.960E+00      0.219E+10     -0.660E+00      0.611E+00
      0.143E+00      0.170E+01      0.967E+00      0.217E+10     -0.659E+00      0.607E+00
      0.161E+00      0.171E+01      0.977E+00      0.215E+10     -0.656E+00      0.603E+00
      0.181E+00      0.172E+01      0.973E+00      0.213E+10     -0.649E+00      0.592E+00
      0.203E+00      0.169E+01      0.945E+00      0.210E+10     -0.646E+00      0.582E+00
      0.227E+00      0.165E+01      0.912E+00      0.208E+10     -0.646E+00      0.572E+00
      0.255E+00      0.162E+01      0.880E+00      0.204E+10     -0.647E+00      0.566E+00
      0.286E+00      0.158E+01      0.850E+00      0.201E+10     -0.649E+00      0.562E+00
      0.321E+00      0.154E+01      0.825E+00      0.197E+10     -0.652E+00      0.563E+00
      0.360E+00      0.150E+01      0.805E+00      0.193E+10     -0.656E+00      0.571E+00
      0.404E+00      0.144E+01      0.793E+00      0.189E+10     -0.659E+00      0.586E+00
      0.453E+00      0.141E+01      0.791E+00      0.184E+10     -0.669E+00      0.605E+00
      0.509E+00      0.139E+01      0.759E+00      0.179E+10     -0.680E+00      0.599E+00
      0.571E+00      0.136E+01      0.740E+00      0.174E+10     -0.692E+00      0.608E+00
      0.641E+00      0.134E+01      0.733E+00      0.168E+10     -0.708E+00      0.633E+00
      0.719E+00      0.138E+01      0.726E+00      0.161E+10     -0.750E+00      0.632E+00
      0.806E+00      0.142E+01      0.733E+00      0.153E+10     -0.790E+00      0.645E+00
      0.905E+00      0.147E+01      0.822E+00      0.145E+10     -0.830E+00      0.748E+00
      0.102E+01      0.128E+01      0.696E+00      0.135E+10     -0.815E+00      0.715E+00
      0.114E+01      0.104E+01      0.591E+00      0.125E+10     -0.784E+00      0.724E+00
      0.128E+01      0.934E+00      0.555E+00      0.116E+10     -0.784E+00      0.760E+00
      0.143E+01      0.886E+00      0.549E+00      0.108E+10     -0.802E+00      0.805E+00
      0.161E+01      0.826E+00      0.542E+00      0.983E+09     -0.749E+00      0.814E+00
      0.168E+01      0.800E+00      0.559E+00      0.919E+09     -0.722E+00      0.851E+00
      0.170E+01      0.789E+00      0.540E+00      0.897E+09     -0.712E+00      0.821E+00
      0.180E+01      0.781E+00      0.473E+00      0.867E+09     -0.681E+00      0.675E+00
      0.190E+01      0.765E+00      0.454E+00      0.819E+09     -0.643E+00      0.617E+00
      0.200E+01      0.848E+00      0.474E+00      0.772E+09     -0.568E+00      0.528E+00
      0.210E+01      0.987E+00      0.539E+00      0.720E+09     -0.502E+00      0.444E+00
      0.220E+01      0.109E+01      0.611E+00      0.659E+09     -0.468E+00      0.407E+00
      0.230E+01      0.992E+00      0.544E+00      0.592E+09     -0.496E+00      0.426E+00
      0.240E+01      0.893E+00      0.543E+00      0.532E+09     -0.534E+00      0.533E+00
      0.250E+01      0.821E+00      0.488E+00      0.477E+09     -0.584E+00      0.553E+00
      0.260E+01      0.755E+00      0.406E+00      0.428E+09     -0.643E+00      0.554E+00
      0.275E+01      0.648E+00      0.336E+00      0.371E+09     -0.720E+00      0.599E+00
      0.300E+01      0.548E+00      0.321E+00      0.294E+09     -0.656E+00      0.615E+00
      0.325E+01      0.518E+00      0.338E+00      0.212E+09     -0.412E+00      0.461E+00
      0.350E+01      0.394E+00      0.277E+00      0.135E+09     -0.291E+00      0.380E+00
      0.375E+01      0.323E+00      0.228E+00      0.759E+08     -0.334E+00      0.401E+00
      0.400E+01      0.153E+00      0.116E+00      0.283E+08     -0.657E+00      0.836E+00
      0.425E+01      0.358E-01      0.428E-01      0.612E+07     -0.143E+01      0.243E+01
      0.450E+01      0.643E-02      0.186E-01      0.967E+06     -0.155E+01      0.596E+01
      0.475E+01      0.317E-03      0.244E-02      0.464E+05     -0.262E+01      0.239E+02
      0.500E+01      0.622E-05      0.179E-03      0.888E+03     -0.116E+01      0.519E+02
      0.525E+01      0.707E-08      0.156E-04      0.101E+01     -0.499E+00      0.148E+04
      0.550E+01      0.369E-11      0.297E-07      0.529E-03     -0.150E+01      0.174E+05
      0.575E+01      0.000E+00      0.694E-19      0.549E-28     -0.536E+00            NaN
      0.600E+01      0.000E+00      0.130E-20      0.961E-30     -0.583E+00            NaN
      0.625E+01      0.000E+00      0.000E+00      0.000E+00     -0.990E+02     -0.990E+02
      0.650E+01      0.000E+00      0.000E+00      0.000E+00     -0.990E+02     -0.990E+02
      0.675E+01      0.000E+00      0.000E+00      0.000E+00     -0.990E+02     -0.990E+02
      0.700E+01      0.000E+00      0.000E+00      0.000E+00     -0.990E+02     -0.990E+02
      0.725E+01      0.000E+00      0.000E+00      0.000E+00     -0.990E+02     -0.990E+02
      0.750E+01      0.000E+00      0.000E+00      0.000E+00     -0.990E+02     -0.990E+02
      0.775E+01      0.000E+00      0.000E+00      0.000E+00     -0.990E+02     -0.990E+02
      0.800E+01      0.000E+00      0.000E+00      0.000E+00     -0.990E+02     -0.990E+02
      0.825E+01      0.000E+00      0.000E+00      0.000E+00     -0.990E+02     -0.990E+02
      0.850E+01      0.000E+00      0.000E+00      0.000E+00     -0.990E+02     -0.990E+02
      0.875E+01      0.000E+00      0.000E+00      0.000E+00     -0.990E+02     -0.990E+02
      0.900E+01      0.000E+00      0.000E+00      0.000E+00     -0.990E+02     -0.990E+02
      0.925E+01      0.000E+00      0.000E+00      0.000E+00     -0.990E+02     -0.990E+02
      0.950E+01      0.000E+00      0.000E+00      0.000E+00     -0.990E+02     -0.990E+02
      0.975E+01      0.000E+00      0.000E+00      0.000E+00     -0.990E+02     -0.990E+02
      0.100E+02      0.000E+00      0.000E+00      0.000E+00     -0.990E+02     -0.990E+02
      0.102E+02      0.000E+00      0.000E+00      0.000E+00     -0.990E+02     -0.990E+02
      0.105E+02      0.000E+00      0.000E+00      0.000E+00     -0.990E+02     -0.990E+02
      0.108E+02      0.000E+00      0.000E+00      0.000E+00     -0.990E+02     -0.990E+02
      0.110E+02      0.000E+00      0.000E+00      0.000E+00     -0.990E+02     -0.990E+02
      0.112E+02      0.000E+00      0.000E+00      0.000E+00     -0.990E+02     -0.990E+02
      0.115E+02      0.000E+00      0.000E+00      0.000E+00     -0.990E+02     -0.990E+02
      0.118E+02      0.000E+00      0.000E+00      0.000E+00     -0.990E+02     -0.990E+02
      0.120E+02      0.000E+00      0.000E+00      0.000E+00     -0.990E+02     -0.990E+02
      0.122E+02      0.000E+00      0.000E+00      0.000E+00     -0.990E+02     -0.990E+02
      0.125E+02      0.000E+00      0.000E+00      0.000E+00     -0.990E+02     -0.990E+02
      0.128E+02      0.000E+00      0.000E+00      0.000E+00     -0.990E+02     -0.990E+02
      0.130E+02      0.000E+00      0.000E+00      0.000E+00     -0.990E+02     -0.990E+02
      0.132E+02      0.000E+00      0.000E+00      0.000E+00     -0.990E+02     -0.990E+02
      0.135E+02      0.000E+00      0.000E+00      0.000E+00     -0.990E+02     -0.990E+02
      0.138E+02      0.000E+00      0.000E+00      0.000E+00     -0.990E+02     -0.990E+02
      0.140E+02      0.000E+00      0.000E+00      0.000E+00     -0.990E+02     -0.990E+02
      0.142E+02      0.000E+00      0.000E+00      0.000E+00     -0.990E+02     -0.990E+02
      0.145E+02      0.000E+00      0.000E+00      0.000E+00     -0.990E+02     -0.990E+02
      0.148E+02      0.000E+00      0.000E+00      0.000E+00     -0.990E+02     -0.990E+02
      0.150E+02      0.000E+00      0.000E+00      0.000E+00     -0.990E+02     -0.990E+02
      0.152E+02      0.000E+00      0.000E+00      0.000E+00     -0.990E+02     -0.990E+02
      0.155E+02      0.000E+00      0.000E+00      0.000E+00     -0.990E+02     -0.990E+02
      0.158E+02      0.000E+00      0.000E+00      0.000E+00     -0.990E+02     -0.990E+02
      0.160E+02      0.000E+00      0.000E+00      0.000E+00     -0.990E+02     -0.990E+02
      0.162E+02      0.000E+00      0.000E+00      0.000E+00     -0.990E+02     -0.990E+02
      0.165E+02      0.000E+00      0.000E+00      0.000E+00     -0.990E+02     -0.990E+02
      0.168E+02      0.000E+00      0.000E+00      0.000E+00     -0.990E+02     -0.990E+02
      0.170E+02      0.000E+00      0.000E+00      0.000E+00     -0.990E+02     -0.990E+02
      0.172E+02      0.000E+00      0.000E+00      0.000E+00     -0.990E+02     -0.990E+02
      0.175E+02      0.000E+00      0.000E+00      0.000E+00     -0.990E+02     -0.990E+02
      0.178E+02      0.000E+00      0.000E+00      0.000E+00     -0.990E+02     -0.990E+02
      0.180E+02      0.000E+00      0.000E+00      0.000E+00     -0.990E+02     -0.990E+02
      0.182E+02      0.000E+00      0.000E+00      0.000E+00     -0.990E+02     -0.990E+02
      0.185E+02      0.000E+00      0.000E+00      0.000E+00     -0.990E+02     -0.990E+02
      0.188E+02      0.000E+00      0.000E+00      0.000E+00     -0.990E+02     -0.990E+02
      0.190E+02      0.000E+00      0.000E+00      0.000E+00     -0.990E+02     -0.990E+02
      0.192E+02      0.000E+00      0.000E+00      0.000E+00     -0.990E+02     -0.990E+02
      0.195E+02      0.000E+00      0.000E+00      0.000E+00     -0.990E+02     -0.990E+02
      0.198E+02      0.000E+00      0.000E+00      0.000E+00     -0.990E+02     -0.990E+02
      0.200E+02      0.000E+00      0.000E+00      0.000E+00     -0.990E+02     -0.990E+02
