      0.000E+00      0.633E+00      0.943E+00      0.877E+09     -0.990E+02     -0.990E+02
      0.100E-03      0.633E+00      0.943E+00      0.877E+09     -0.990E+02     -0.990E+02
      0.140E-03      0.633E+00      0.943E+00      0.877E+09     -0.990E+02     -0.990E+02
      0.160E-03      0.633E+00      0.943E+00      0.877E+09     -0.990E+02     -0.990E+02
      0.180E-03      0.633E+00      0.943E+00      0.877E+09     -0.990E+02     -0.990E+02
      0.200E-03      0.633E+00      0.943E+00      0.877E+09     -0.990E+02     -0.990E+02
      0.220E-03      0.633E+00      0.943E+00      0.877E+09     -0.990E+02     -0.990E+02
      0.250E-03      0.633E+00      0.943E+00      0.877E+09     -0.990E+02     -0.990E+02
      0.280E-03      0.633E+00      0.943E+00      0.877E+09     -0.990E+02     -0.990E+02
      0.320E-03      0.633E+00      0.943E+00      0.877E+09     -0.990E+02     -0.990E+02
      0.350E-03      0.633E+00      0.943E+00      0.877E+09     -0.990E+02     -0.990E+02
      0.400E-03      0.633E+00      0.943E+00      0.877E+09     -0.990E+02     -0.990E+02
      0.450E-03      0.633E+00      0.943E+00      0.877E+09     -0.990E+02     -0.990E+02
      0.500E-03      0.633E+00      0.943E+00      0.877E+09     -0.990E+02     -0.990E+02
      0.560E-03      0.633E+00      0.943E+00      0.877E+09     -0.990E+02     -0.990E+02
      0.630E-03      0.633E+00      0.943E+00      0.877E+09     -0.990E+02     -0.990E+02
      0.710E-03      0.633E+00      0.943E+00      0.877E+09     -0.990E+02     -0.990E+02
      0.790E-03      0.633E+00      0.943E+00      0.877E+09     -0.990E+02     -0.990E+02
      0.890E-03      0.633E+00      0.943E+00      0.877E+09     -0.990E+02     -0.990E+02
      0.100E-02      0.633E+00      0.943E+00      0.877E+09     -0.990E+02     -0.990E+02
      0.105E-02      0.633E+00      0.943E+00      0.877E+09     -0.990E+02     -0.990E+02
      0.110E-02      0.633E+00      0.943E+00      0.877E+09     -0.990E+02     -0.990E+02
      0.115E-02      0.633E+00      0.943E+00      0.877E+09     -0.990E+02     -0.990E+02
      0.120E-02      0.633E+00      0.943E+00      0.877E+09     -0.990E+02     -0.990E+02
      0.126E-02      0.633E+00      0.943E+00      0.877E+09     -0.990E+02     -0.990E+02
      0.132E-02      0.633E+00      0.943E+00      0.877E+09     -0.990E+02     -0.990E+02
      0.138E-02      0.633E+00      0.943E+00      0.877E+09     -0.990E+02     -0.990E+02
      0.145E-02      0.633E+00      0.943E+00      0.877E+09     -0.990E+02     -0.990E+02
      0.151E-02      0.633E+00      0.943E+00      0.877E+09     -0.990E+02     -0.990E+02
      0.158E-02      0.633E+00      0.943E+00      0.877E+09     -0.990E+02     -0.990E+02
      0.166E-02      0.633E+00      0.943E+00      0.877E+09     -0.990E+02     -0.990E+02
      0.174E-02      0.633E+00      0.943E+00      0.877E+09     -0.990E+02     -0.990E+02
      0.182E-02      0.633E+00      0.943E+00      0.877E+09     -0.990E+02     -0.990E+02
      0.191E-02      0.633E+00      0.943E+00      0.877E+09     -0.990E+02     -0.990E+02
      0.200E-02      0.633E+00      0.943E+00      0.877E+09     -0.990E+02     -0.990E+02
      0.209E-02      0.633E+00      0.943E+00      0.877E+09     -0.990E+02     -0.990E+02
      0.219E-02      0.633E+00      0.943E+00      0.877E+09     -0.990E+02     -0.990E+02
      0.229E-02      0.633E+00      0.943E+00      0.877E+09     -0.990E+02     -0.990E+02
      0.240E-02      0.633E+00      0.943E+00      0.877E+09     -0.990E+02     -0.990E+02
      0.251E-02      0.633E+00      0.943E+00      0.877E+09     -0.990E+02     -0.990E+02
      0.263E-02      0.633E+00      0.943E+00      0.877E+09     -0.990E+02     -0.990E+02
      0.275E-02      0.633E+00      0.943E+00      0.877E+09     -0.990E+02     -0.990E+02
      0.288E-02      0.633E+00      0.943E+00      0.877E+09     -0.990E+02     -0.990E+02
      0.302E-02      0.633E+00      0.943E+00      0.877E+09     -0.990E+02     -0.990E+02
      0.316E-02      0.633E+00      0.943E+00      0.877E+09     -0.990E+02     -0.990E+02
      0.331E-02      0.633E+00      0.943E+00      0.877E+09     -0.990E+02     -0.990E+02
      0.347E-02      0.633E+00      0.943E+00      0.877E+09     -0.990E+02     -0.990E+02
      0.363E-02      0.633E+00      0.943E+00      0.877E+09     -0.990E+02     -0.990E+02
      0.380E-02      0.633E+00      0.943E+00      0.877E+09     -0.990E+02     -0.990E+02
      0.398E-02      0.633E+00      0.943E+00      0.877E+09     -0.990E+02     -0.990E+02
      0.417E-02      0.633E+00      0.943E+00      0.877E+09     -0.990E+02     -0.990E+02
      0.437E-02      0.633E+00      0.943E+00      0.877E+09     -0.990E+02     -0.990E+02
      0.457E-02      0.633E+00      0.943E+00      0.877E+09     -0.990E+02     -0.990E+02
      0.479E-02      0.633E+00      0.943E+00      0.877E+09     -0.990E+02     -0.990E+02
      0.501E-02      0.633E+00      0.943E+00      0.877E+09     -0.990E+02     -0.990E+02
      0.525E-02      0.633E+00      0.943E+00      0.877E+09     -0.990E+02     -0.990E+02
      0.550E-02      0.633E+00      0.943E+00      0.877E+09     -0.990E+02     -0.990E+02
      0.575E-02      0.633E+00      0.943E+00      0.877E+09     -0.990E+02     -0.990E+02
      0.603E-02      0.633E+00      0.943E+00      0.877E+09     -0.990E+02     -0.990E+02
      0.631E-02      0.633E+00      0.943E+00      0.877E+09     -0.990E+02     -0.990E+02
      0.661E-02      0.633E+00      0.943E+00      0.877E+09     -0.990E+02     -0.990E+02
      0.692E-02      0.633E+00      0.943E+00      0.877E+09     -0.990E+02     -0.990E+02
      0.724E-02      0.633E+00      0.943E+00      0.877E+09     -0.990E+02     -0.990E+02
      0.759E-02      0.633E+00      0.943E+00      0.877E+09     -0.990E+02     -0.990E+02
      0.794E-02      0.633E+00      0.943E+00      0.877E+09     -0.990E+02     -0.990E+02
      0.832E-02      0.633E+00      0.943E+00      0.877E+09     -0.990E+02     -0.990E+02
      0.871E-02      0.633E+00      0.943E+00      0.877E+09     -0.990E+02     -0.990E+02
      0.912E-02      0.633E+00      0.943E+00      0.877E+09     -0.990E+02     -0.990E+02
      0.955E-02      0.633E+00      0.943E+00      0.877E+09     -0.990E+02     -0.990E+02
      0.100E-01      0.633E+00      0.943E+00      0.877E+09     -0.666E+00      0.747E+00
      0.105E-01      0.217E+01      0.150E+01      0.870E+09     -0.667E+00      0.746E+00
      0.110E-01      0.216E+01      0.150E+01      0.869E+09     -0.667E+00      0.746E+00
      0.115E-01      0.216E+01      0.149E+01      0.868E+09     -0.667E+00      0.747E+00
      0.120E-01      0.215E+01      0.149E+01      0.867E+09     -0.667E+00      0.746E+00
      0.126E-01      0.216E+01      0.149E+01      0.866E+09     -0.668E+00      0.746E+00
      0.132E-01      0.217E+01      0.150E+01      0.865E+09     -0.668E+00      0.746E+00
      0.138E-01      0.216E+01      0.149E+01      0.864E+09     -0.668E+00      0.746E+00
      0.144E-01      0.214E+01      0.148E+01      0.863E+09     -0.668E+00      0.746E+00
      0.151E-01      0.215E+01      0.148E+01      0.862E+09     -0.669E+00      0.746E+00
      0.159E-01      0.215E+01      0.148E+01      0.860E+09     -0.669E+00      0.745E+00
      0.166E-01      0.215E+01      0.148E+01      0.859E+09     -0.669E+00      0.745E+00
      0.174E-01      0.215E+01      0.148E+01      0.858E+09     -0.670E+00      0.745E+00
      0.182E-01      0.216E+01      0.148E+01      0.856E+09     -0.670E+00      0.745E+00
      0.191E-01      0.215E+01      0.148E+01      0.854E+09     -0.670E+00      0.745E+00
      0.200E-01      0.214E+01      0.147E+01      0.853E+09     -0.671E+00      0.745E+00
      0.209E-01      0.214E+01      0.146E+01      0.851E+09     -0.671E+00      0.745E+00
      0.219E-01      0.214E+01      0.146E+01      0.849E+09     -0.672E+00      0.745E+00
      0.229E-01      0.214E+01      0.146E+01      0.848E+09     -0.672E+00      0.744E+00
      0.240E-01      0.214E+01      0.146E+01      0.846E+09     -0.673E+00      0.744E+00
      0.251E-01      0.214E+01      0.146E+01      0.844E+09     -0.673E+00      0.744E+00
      0.263E-01      0.213E+01      0.146E+01      0.842E+09     -0.674E+00      0.744E+00
      0.275E-01      0.213E+01      0.145E+01      0.840E+09     -0.674E+00      0.744E+00
      0.290E-01      0.212E+01      0.145E+01      0.837E+09     -0.675E+00      0.744E+00
      0.300E-01      0.212E+01      0.145E+01      0.835E+09     -0.676E+00      0.744E+00
      0.310E-01      0.212E+01      0.144E+01      0.833E+09     -0.676E+00      0.744E+00
      0.320E-01      0.212E+01      0.144E+01      0.832E+09     -0.677E+00      0.744E+00
      0.330E-01      0.212E+01      0.144E+01      0.830E+09     -0.677E+00      0.744E+00
      0.340E-01      0.212E+01      0.143E+01      0.828E+09     -0.677E+00      0.744E+00
      0.350E-01      0.211E+01      0.143E+01      0.826E+09     -0.678E+00      0.744E+00
      0.360E-01      0.211E+01      0.143E+01      0.825E+09     -0.678E+00      0.744E+00
      0.370E-01      0.211E+01      0.143E+01      0.823E+09     -0.679E+00      0.744E+00
      0.380E-01      0.211E+01      0.142E+01      0.821E+09     -0.679E+00      0.744E+00
      0.390E-01      0.210E+01      0.142E+01      0.819E+09     -0.680E+00      0.744E+00
      0.400E-01      0.210E+01      0.142E+01      0.818E+09     -0.680E+00      0.744E+00
      0.425E-01      0.210E+01      0.141E+01      0.815E+09     -0.681E+00      0.744E+00
      0.450E-01      0.209E+01      0.141E+01      0.811E+09     -0.683E+00      0.745E+00
      0.475E-01      0.208E+01      0.140E+01      0.806E+09     -0.684E+00      0.745E+00
      0.500E-01      0.208E+01      0.139E+01      0.802E+09     -0.685E+00      0.745E+00
      0.525E-01      0.207E+01      0.139E+01      0.798E+09     -0.686E+00      0.746E+00
      0.550E-01      0.206E+01      0.138E+01      0.794E+09     -0.688E+00      0.746E+00
      0.571E-01      0.206E+01      0.137E+01      0.790E+09     -0.689E+00      0.747E+00
      0.640E-01      0.204E+01      0.136E+01      0.783E+09     -0.692E+00      0.749E+00
      0.719E-01      0.202E+01      0.134E+01      0.771E+09     -0.696E+00      0.750E+00
      0.806E-01      0.200E+01      0.131E+01      0.758E+09     -0.700E+00      0.752E+00
      0.905E-01      0.197E+01      0.129E+01      0.744E+09     -0.704E+00      0.755E+00
      0.102E+00      0.193E+01      0.126E+01      0.728E+09     -0.709E+00      0.754E+00
      0.114E+00      0.189E+01      0.122E+01      0.711E+09     -0.714E+00      0.755E+00
      0.128E+00      0.184E+01      0.119E+01      0.692E+09     -0.721E+00      0.757E+00
      0.143E+00      0.179E+01      0.114E+01      0.672E+09     -0.728E+00      0.755E+00
      0.161E+00      0.173E+01      0.110E+01      0.649E+09     -0.734E+00      0.753E+00
      0.181E+00      0.166E+01      0.104E+01      0.626E+09     -0.741E+00      0.753E+00
      0.203E+00      0.158E+01      0.984E+00      0.600E+09     -0.749E+00      0.751E+00
      0.227E+00      0.150E+01      0.922E+00      0.574E+09     -0.760E+00      0.751E+00
      0.255E+00      0.142E+01      0.859E+00      0.545E+09     -0.771E+00      0.753E+00
      0.286E+00      0.133E+01      0.798E+00      0.516E+09     -0.783E+00      0.754E+00
      0.321E+00      0.124E+01      0.743E+00      0.484E+09     -0.794E+00      0.765E+00
      0.360E+00      0.116E+01      0.706E+00      0.452E+09     -0.806E+00      0.794E+00
      0.404E+00      0.107E+01      0.672E+00      0.419E+09     -0.820E+00      0.820E+00
      0.453E+00      0.100E+01      0.633E+00      0.384E+09     -0.830E+00      0.838E+00
      0.509E+00      0.918E+00      0.581E+00      0.348E+09     -0.826E+00      0.831E+00
      0.571E+00      0.829E+00      0.527E+00      0.312E+09     -0.818E+00      0.824E+00
      0.641E+00      0.738E+00      0.495E+00      0.275E+09     -0.808E+00      0.870E+00
      0.719E+00      0.659E+00      0.466E+00      0.238E+09     -0.783E+00      0.896E+00
      0.806E+00      0.591E+00      0.422E+00      0.202E+09     -0.763E+00      0.856E+00
      0.905E+00      0.517E+00      0.387E+00      0.166E+09     -0.758E+00      0.844E+00
      0.102E+01      0.428E+00      0.328E+00      0.130E+09     -0.783E+00      0.875E+00
      0.114E+01      0.323E+00      0.274E+00      0.976E+08     -0.799E+00      0.998E+00
      0.128E+01      0.229E+00      0.229E+00      0.703E+08     -0.767E+00      0.110E+01
      0.143E+01      0.158E+00      0.183E+00      0.487E+08     -0.760E+00      0.126E+01
      0.161E+01      0.114E+00      0.147E+00      0.322E+08     -0.776E+00      0.142E+01
      0.168E+01      0.998E-01      0.140E+00      0.234E+08     -0.783E+00      0.155E+01
      0.170E+01      0.957E-01      0.137E+00      0.205E+08     -0.790E+00      0.161E+01
      0.180E+01      0.755E-01      0.109E+00      0.170E+08     -0.819E+00      0.174E+01
      0.190E+01      0.573E-01      0.858E-01      0.123E+08     -0.861E+00      0.187E+01
      0.200E+01      0.452E-01      0.770E-01      0.880E+07     -0.884E+00      0.217E+01
      0.210E+01      0.353E-01      0.685E-01      0.603E+07     -0.873E+00      0.240E+01
      0.220E+01      0.259E-01      0.594E-01      0.389E+07     -0.867E+00      0.282E+01
      0.230E+01      0.175E-01      0.418E-01      0.232E+07     -0.922E+00      0.311E+01
      0.240E+01      0.109E-01      0.266E-01      0.126E+07     -0.113E+01      0.388E+01
      0.250E+01      0.590E-02      0.161E-01      0.608E+06     -0.133E+01      0.509E+01
      0.260E+01      0.279E-02      0.846E-02      0.254E+06     -0.141E+01      0.581E+01
      0.275E+01      0.360E-03      0.221E-02      0.448E+05     -0.140E+01      0.121E+02
      0.300E+01      0.114E-04      0.235E-03      0.172E+04     -0.293E+00      0.774E+01
      0.325E+01      0.933E-15      0.885E-09      0.138E-06     -0.581E+00      0.667E+06
      0.350E+01      0.000E+00      0.000E+00      0.000E+00     -0.990E+02     -0.990E+02
      0.375E+01      0.000E+00      0.000E+00      0.000E+00     -0.990E+02     -0.990E+02
      0.400E+01      0.000E+00      0.000E+00      0.000E+00     -0.990E+02     -0.990E+02
      0.425E+01      0.000E+00      0.000E+00      0.000E+00     -0.990E+02     -0.990E+02
      0.450E+01      0.000E+00      0.000E+00      0.000E+00     -0.990E+02     -0.990E+02
      0.475E+01      0.000E+00      0.000E+00      0.000E+00     -0.990E+02     -0.990E+02
      0.500E+01      0.000E+00      0.000E+00      0.000E+00     -0.990E+02     -0.990E+02
      0.525E+01      0.000E+00      0.000E+00      0.000E+00     -0.990E+02     -0.990E+02
      0.550E+01      0.000E+00      0.000E+00      0.000E+00     -0.990E+02     -0.990E+02
      0.575E+01      0.000E+00      0.000E+00      0.000E+00     -0.990E+02     -0.990E+02
      0.600E+01      0.000E+00      0.000E+00      0.000E+00     -0.990E+02     -0.990E+02
      0.625E+01      0.000E+00      0.000E+00      0.000E+00     -0.990E+02     -0.990E+02
      0.650E+01      0.000E+00      0.000E+00      0.000E+00     -0.990E+02     -0.990E+02
      0.675E+01      0.000E+00      0.000E+00      0.000E+00     -0.990E+02     -0.990E+02
      0.700E+01      0.000E+00      0.000E+00      0.000E+00     -0.990E+02     -0.990E+02
      0.725E+01      0.000E+00      0.000E+00      0.000E+00     -0.990E+02     -0.990E+02
      0.750E+01      0.000E+00      0.000E+00      0.000E+00     -0.990E+02     -0.990E+02
      0.775E+01      0.000E+00      0.000E+00      0.000E+00     -0.990E+02     -0.990E+02
      0.800E+01      0.000E+00      0.000E+00      0.000E+00     -0.990E+02     -0.990E+02
      0.825E+01      0.000E+00      0.000E+00      0.000E+00     -0.990E+02     -0.990E+02
      0.850E+01      0.000E+00      0.000E+00      0.000E+00     -0.990E+02     -0.990E+02
      0.875E+01      0.000E+00      0.000E+00      0.000E+00     -0.990E+02     -0.990E+02
      0.900E+01      0.000E+00      0.000E+00      0.000E+00     -0.990E+02     -0.990E+02
      0.925E+01      0.000E+00      0.000E+00      0.000E+00     -0.990E+02     -0.990E+02
      0.950E+01      0.000E+00      0.000E+00      0.000E+00     -0.990E+02     -0.990E+02
      0.975E+01      0.000E+00      0.000E+00      0.000E+00     -0.990E+02     -0.990E+02
      0.100E+02      0.000E+00      0.000E+00      0.000E+00     -0.990E+02     -0.990E+02
      0.102E+02      0.000E+00      0.000E+00      0.000E+00     -0.990E+02     -0.990E+02
      0.105E+02      0.000E+00      0.000E+00      0.000E+00     -0.990E+02     -0.990E+02
      0.108E+02      0.000E+00      0.000E+00      0.000E+00     -0.990E+02     -0.990E+02
      0.110E+02      0.000E+00      0.000E+00      0.000E+00     -0.990E+02     -0.990E+02
      0.112E+02      0.000E+00      0.000E+00      0.000E+00     -0.990E+02     -0.990E+02
      0.115E+02      0.000E+00      0.000E+00      0.000E+00     -0.990E+02     -0.990E+02
      0.118E+02      0.000E+00      0.000E+00      0.000E+00     -0.990E+02     -0.990E+02
      0.120E+02      0.000E+00      0.000E+00      0.000E+00     -0.990E+02     -0.990E+02
      0.122E+02      0.000E+00      0.000E+00      0.000E+00     -0.990E+02     -0.990E+02
      0.125E+02      0.000E+00      0.000E+00      0.000E+00     -0.990E+02     -0.990E+02
      0.128E+02      0.000E+00      0.000E+00      0.000E+00     -0.990E+02     -0.990E+02
      0.130E+02      0.000E+00      0.000E+00      0.000E+00     -0.990E+02     -0.990E+02
      0.132E+02      0.000E+00      0.000E+00      0.000E+00     -0.990E+02     -0.990E+02
      0.135E+02      0.000E+00      0.000E+00      0.000E+00     -0.990E+02     -0.990E+02
      0.138E+02      0.000E+00      0.000E+00      0.000E+00     -0.990E+02     -0.990E+02
      0.140E+02      0.000E+00      0.000E+00      0.000E+00     -0.990E+02     -0.990E+02
      0.142E+02      0.000E+00      0.000E+00      0.000E+00     -0.990E+02     -0.990E+02
      0.145E+02      0.000E+00      0.000E+00      0.000E+00     -0.990E+02     -0.990E+02
      0.148E+02      0.000E+00      0.000E+00      0.000E+00     -0.990E+02     -0.990E+02
      0.150E+02      0.000E+00      0.000E+00      0.000E+00     -0.990E+02     -0.990E+02
      0.152E+02      0.000E+00      0.000E+00      0.000E+00     -0.990E+02     -0.990E+02
      0.155E+02      0.000E+00      0.000E+00      0.000E+00     -0.990E+02     -0.990E+02
      0.158E+02      0.000E+00      0.000E+00      0.000E+00     -0.990E+02     -0.990E+02
      0.160E+02      0.000E+00      0.000E+00      0.000E+00     -0.990E+02     -0.990E+02
      0.162E+02      0.000E+00      0.000E+00      0.000E+00     -0.990E+02     -0.990E+02
      0.165E+02      0.000E+00      0.000E+00      0.000E+00     -0.990E+02     -0.990E+02
      0.168E+02      0.000E+00      0.000E+00      0.000E+00     -0.990E+02     -0.990E+02
      0.170E+02      0.000E+00      0.000E+00      0.000E+00     -0.990E+02     -0.990E+02
      0.172E+02      0.000E+00      0.000E+00      0.000E+00     -0.990E+02     -0.990E+02
      0.175E+02      0.000E+00      0.000E+00      0.000E+00     -0.990E+02     -0.990E+02
      0.178E+02      0.000E+00      0.000E+00      0.000E+00     -0.990E+02     -0.990E+02
      0.180E+02      0.000E+00      0.000E+00      0.000E+00     -0.990E+02     -0.990E+02
      0.182E+02      0.000E+00      0.000E+00      0.000E+00     -0.990E+02     -0.990E+02
      0.185E+02      0.000E+00      0.000E+00      0.000E+00     -0.990E+02     -0.990E+02
      0.188E+02      0.000E+00      0.000E+00      0.000E+00     -0.990E+02     -0.990E+02
      0.190E+02      0.000E+00      0.000E+00      0.000E+00     -0.990E+02     -0.990E+02
      0.192E+02      0.000E+00      0.000E+00      0.000E+00     -0.990E+02     -0.990E+02
      0.195E+02      0.000E+00      0.000E+00      0.000E+00     -0.990E+02     -0.990E+02
      0.198E+02      0.000E+00      0.000E+00      0.000E+00     -0.990E+02     -0.990E+02
      0.200E+02      0.000E+00      0.000E+00      0.000E+00     -0.990E+02     -0.990E+02
