      0.000E+00      0.146E-01      0.120E-02      0.100E+09     -0.990E+02     -0.990E+02
      0.100E-03      0.146E-01      0.120E-02      0.100E+09     -0.990E+02     -0.990E+02
      0.140E-03      0.146E-01      0.120E-02      0.100E+09     -0.990E+02     -0.990E+02
      0.160E-03      0.146E-01      0.120E-02      0.100E+09     -0.990E+02     -0.990E+02
      0.180E-03      0.146E-01      0.120E-02      0.100E+09     -0.990E+02     -0.990E+02
      0.200E-03      0.146E-01      0.120E-02      0.100E+09     -0.990E+02     -0.990E+02
      0.220E-03      0.146E-01      0.120E-02      0.100E+09     -0.990E+02     -0.990E+02
      0.250E-03      0.146E-01      0.120E-02      0.100E+09     -0.990E+02     -0.990E+02
      0.280E-03      0.146E-01      0.120E-02      0.100E+09     -0.990E+02     -0.990E+02
      0.320E-03      0.146E-01      0.120E-02      0.100E+09     -0.990E+02     -0.990E+02
      0.350E-03      0.146E-01      0.120E-02      0.100E+09     -0.990E+02     -0.990E+02
      0.400E-03      0.146E-01      0.120E-02      0.100E+09     -0.990E+02     -0.990E+02
      0.450E-03      0.146E-01      0.120E-02      0.100E+09     -0.990E+02     -0.990E+02
      0.500E-03      0.146E-01      0.120E-02      0.100E+09     -0.990E+02     -0.990E+02
      0.560E-03      0.146E-01      0.120E-02      0.100E+09     -0.990E+02     -0.990E+02
      0.630E-03      0.146E-01      0.120E-02      0.100E+09     -0.990E+02     -0.990E+02
      0.710E-03      0.146E-01      0.120E-02      0.100E+09     -0.990E+02     -0.990E+02
      0.790E-03      0.146E-01      0.120E-02      0.100E+09     -0.990E+02     -0.990E+02
      0.890E-03      0.146E-01      0.120E-02      0.100E+09     -0.990E+02     -0.990E+02
      0.100E-02      0.146E-01      0.120E-02      0.100E+09     -0.990E+02     -0.990E+02
      0.105E-02      0.146E-01      0.120E-02      0.100E+09     -0.990E+02     -0.990E+02
      0.110E-02      0.146E-01      0.120E-02      0.100E+09     -0.990E+02     -0.990E+02
      0.115E-02      0.146E-01      0.120E-02      0.100E+09     -0.990E+02     -0.990E+02
      0.120E-02      0.146E-01      0.120E-02      0.100E+09     -0.990E+02     -0.990E+02
      0.126E-02      0.146E-01      0.120E-02      0.100E+09     -0.990E+02     -0.990E+02
      0.132E-02      0.146E-01      0.120E-02      0.100E+09     -0.990E+02     -0.990E+02
      0.138E-02      0.146E-01      0.120E-02      0.100E+09     -0.990E+02     -0.990E+02
      0.145E-02      0.146E-01      0.120E-02      0.100E+09     -0.990E+02     -0.990E+02
      0.151E-02      0.146E-01      0.120E-02      0.100E+09     -0.990E+02     -0.990E+02
      0.158E-02      0.146E-01      0.120E-02      0.100E+09     -0.990E+02     -0.990E+02
      0.166E-02      0.146E-01      0.120E-02      0.100E+09     -0.990E+02     -0.990E+02
      0.174E-02      0.146E-01      0.120E-02      0.100E+09     -0.990E+02     -0.990E+02
      0.182E-02      0.146E-01      0.120E-02      0.100E+09     -0.990E+02     -0.990E+02
      0.191E-02      0.146E-01      0.120E-02      0.100E+09     -0.990E+02     -0.990E+02
      0.200E-02      0.146E-01      0.120E-02      0.100E+09     -0.990E+02     -0.990E+02
      0.209E-02      0.146E-01      0.120E-02      0.100E+09     -0.990E+02     -0.990E+02
      0.219E-02      0.146E-01      0.120E-02      0.100E+09     -0.990E+02     -0.990E+02
      0.229E-02      0.146E-01      0.120E-02      0.100E+09     -0.990E+02     -0.990E+02
      0.240E-02      0.146E-01      0.120E-02      0.100E+09     -0.990E+02     -0.990E+02
      0.251E-02      0.146E-01      0.120E-02      0.100E+09     -0.990E+02     -0.990E+02
      0.263E-02      0.146E-01      0.120E-02      0.100E+09     -0.990E+02     -0.990E+02
      0.275E-02      0.146E-01      0.120E-02      0.100E+09     -0.990E+02     -0.990E+02
      0.288E-02      0.146E-01      0.120E-02      0.100E+09     -0.990E+02     -0.990E+02
      0.302E-02      0.146E-01      0.120E-02      0.100E+09     -0.990E+02     -0.990E+02
      0.316E-02      0.146E-01      0.120E-02      0.100E+09     -0.990E+02     -0.990E+02
      0.331E-02      0.146E-01      0.120E-02      0.100E+09     -0.990E+02     -0.990E+02
      0.347E-02      0.146E-01      0.120E-02      0.100E+09     -0.990E+02     -0.990E+02
      0.363E-02      0.146E-01      0.120E-02      0.100E+09     -0.990E+02     -0.990E+02
      0.380E-02      0.146E-01      0.120E-02      0.100E+09     -0.990E+02     -0.990E+02
      0.398E-02      0.146E-01      0.120E-02      0.100E+09     -0.990E+02     -0.990E+02
      0.417E-02      0.146E-01      0.120E-02      0.100E+09     -0.990E+02     -0.990E+02
      0.437E-02      0.146E-01      0.120E-02      0.100E+09     -0.990E+02     -0.990E+02
      0.457E-02      0.146E-01      0.120E-02      0.100E+09     -0.990E+02     -0.990E+02
      0.479E-02      0.146E-01      0.120E-02      0.100E+09     -0.990E+02     -0.990E+02
      0.501E-02      0.146E-01      0.120E-02      0.100E+09     -0.990E+02     -0.990E+02
      0.525E-02      0.146E-01      0.120E-02      0.100E+09     -0.990E+02     -0.990E+02
      0.550E-02      0.146E-01      0.120E-02      0.100E+09     -0.990E+02     -0.990E+02
      0.575E-02      0.146E-01      0.120E-02      0.100E+09     -0.990E+02     -0.990E+02
      0.603E-02      0.146E-01      0.120E-02      0.100E+09     -0.990E+02     -0.990E+02
      0.631E-02      0.146E-01      0.120E-02      0.100E+09     -0.990E+02     -0.990E+02
      0.661E-02      0.146E-01      0.120E-02      0.100E+09     -0.990E+02     -0.990E+02
      0.692E-02      0.146E-01      0.120E-02      0.100E+09     -0.990E+02     -0.990E+02
      0.724E-02      0.146E-01      0.120E-02      0.100E+09     -0.990E+02     -0.990E+02
      0.759E-02      0.146E-01      0.120E-02      0.100E+09     -0.990E+02     -0.990E+02
      0.794E-02      0.146E-01      0.120E-02      0.100E+09     -0.990E+02     -0.990E+02
      0.832E-02      0.146E-01      0.120E-02      0.100E+09     -0.990E+02     -0.990E+02
      0.871E-02      0.146E-01      0.120E-02      0.100E+09     -0.990E+02     -0.990E+02
      0.912E-02      0.146E-01      0.120E-02      0.100E+09     -0.990E+02     -0.990E+02
      0.955E-02      0.146E-01      0.120E-02      0.100E+09     -0.990E+02     -0.990E+02
      0.100E-01      0.146E-01      0.120E-02      0.100E+09     -0.901E-01      0.672E-01
      0.105E-01      0.421E-02      0.163E-02      0.999E+08     -0.899E-01      0.672E-01
      0.110E-01      0.420E-02      0.163E-02      0.999E+08     -0.898E-01      0.672E-01
      0.115E-01      0.418E-02      0.162E-02      0.998E+08     -0.897E-01      0.672E-01
      0.120E-01      0.418E-02      0.162E-02      0.998E+08     -0.897E-01      0.671E-01
      0.126E-01      0.419E-02      0.162E-02      0.998E+08     -0.895E-01      0.671E-01
      0.132E-01      0.421E-02      0.163E-02      0.998E+08     -0.895E-01      0.671E-01
      0.138E-01      0.420E-02      0.163E-02      0.998E+08     -0.893E-01      0.670E-01
      0.144E-01      0.417E-02      0.162E-02      0.998E+08     -0.891E-01      0.670E-01
      0.151E-01      0.418E-02      0.162E-02      0.998E+08     -0.890E-01      0.669E-01
      0.159E-01      0.419E-02      0.163E-02      0.998E+08     -0.890E-01      0.669E-01
      0.166E-01      0.419E-02      0.163E-02      0.998E+08     -0.888E-01      0.668E-01
      0.174E-01      0.420E-02      0.163E-02      0.998E+08     -0.886E-01      0.668E-01
      0.182E-01      0.421E-02      0.164E-02      0.998E+08     -0.884E-01      0.667E-01
      0.191E-01      0.421E-02      0.164E-02      0.998E+08     -0.883E-01      0.667E-01
      0.200E-01      0.419E-02      0.163E-02      0.998E+08     -0.881E-01      0.666E-01
      0.209E-01      0.419E-02      0.163E-02      0.998E+08     -0.880E-01      0.665E-01
      0.219E-01      0.419E-02      0.163E-02      0.998E+08     -0.879E-01      0.665E-01
      0.229E-01      0.419E-02      0.164E-02      0.998E+08     -0.877E-01      0.665E-01
      0.240E-01      0.420E-02      0.164E-02      0.998E+08     -0.875E-01      0.665E-01
      0.251E-01      0.420E-02      0.164E-02      0.998E+08     -0.873E-01      0.664E-01
      0.263E-01      0.420E-02      0.164E-02      0.998E+08     -0.871E-01      0.662E-01
      0.275E-01      0.419E-02      0.164E-02      0.998E+08     -0.866E-01      0.661E-01
      0.290E-01      0.420E-02      0.164E-02      0.998E+08     -0.866E-01      0.661E-01
      0.300E-01      0.420E-02      0.164E-02      0.998E+08     -0.865E-01      0.660E-01
      0.310E-01      0.420E-02      0.164E-02      0.998E+08     -0.865E-01      0.658E-01
      0.320E-01      0.421E-02      0.164E-02      0.998E+08     -0.864E-01      0.658E-01
      0.330E-01      0.421E-02      0.164E-02      0.998E+08     -0.863E-01      0.657E-01
      0.340E-01      0.421E-02      0.164E-02      0.998E+08     -0.863E-01      0.656E-01
      0.350E-01      0.422E-02      0.164E-02      0.998E+08     -0.862E-01      0.653E-01
      0.360E-01      0.422E-02      0.164E-02      0.998E+08     -0.861E-01      0.653E-01
      0.370E-01      0.422E-02      0.163E-02      0.998E+08     -0.862E-01      0.652E-01
      0.380E-01      0.422E-02      0.163E-02      0.998E+08     -0.861E-01      0.651E-01
      0.390E-01      0.422E-02      0.163E-02      0.998E+08     -0.860E-01      0.650E-01
      0.400E-01      0.423E-02      0.163E-02      0.997E+08     -0.860E-01      0.649E-01
      0.425E-01      0.423E-02      0.163E-02      0.997E+08     -0.858E-01      0.647E-01
      0.450E-01      0.424E-02      0.163E-02      0.997E+08     -0.856E-01      0.643E-01
      0.475E-01      0.425E-02      0.163E-02      0.997E+08     -0.855E-01      0.642E-01
      0.500E-01      0.426E-02      0.163E-02      0.997E+08     -0.854E-01      0.639E-01
      0.525E-01      0.426E-02      0.162E-02      0.997E+08     -0.852E-01      0.637E-01
      0.550E-01      0.426E-02      0.162E-02      0.997E+08     -0.851E-01      0.635E-01
      0.571E-01      0.428E-02      0.163E-02      0.997E+08     -0.849E-01      0.633E-01
      0.640E-01      0.429E-02      0.162E-02      0.997E+08     -0.846E-01      0.627E-01
      0.719E-01      0.431E-02      0.162E-02      0.997E+08     -0.841E-01      0.621E-01
      0.806E-01      0.434E-02      0.162E-02      0.996E+08     -0.837E-01      0.615E-01
      0.905E-01      0.436E-02      0.161E-02      0.996E+08     -0.832E-01      0.608E-01
      0.102E+00      0.439E-02      0.162E-02      0.996E+08     -0.826E-01      0.601E-01
      0.114E+00      0.442E-02      0.162E-02      0.995E+08     -0.820E-01      0.594E-01
      0.128E+00      0.446E-02      0.163E-02      0.995E+08     -0.813E-01      0.588E-01
      0.143E+00      0.452E-02      0.166E-02      0.994E+08     -0.809E-01      0.579E-01
      0.161E+00      0.460E-02      0.171E-02      0.994E+08     -0.804E-01      0.569E-01
      0.181E+00      0.468E-02      0.178E-02      0.993E+08     -0.797E-01      0.560E-01
      0.203E+00      0.478E-02      0.187E-02      0.992E+08     -0.792E-01      0.555E-01
      0.227E+00      0.488E-02      0.198E-02      0.992E+08     -0.786E-01      0.553E-01
      0.255E+00      0.508E-02      0.229E-02      0.991E+08     -0.785E-01      0.568E-01
      0.286E+00      0.531E-02      0.268E-02      0.989E+08     -0.785E-01      0.597E-01
      0.321E+00      0.556E-02      0.317E-02      0.988E+08     -0.785E-01      0.637E-01
      0.360E+00      0.596E-02      0.388E-02      0.987E+08     -0.824E-01      0.696E-01
      0.404E+00      0.644E-02      0.480E-02      0.985E+08     -0.872E-01      0.802E-01
      0.453E+00      0.967E-02      0.550E-02      0.983E+08     -0.156E+00      0.995E-01
      0.509E+00      0.163E-01      0.640E-02      0.979E+08     -0.217E+00      0.104E+00
      0.571E+00      0.400E-01      0.113E-01      0.973E+08     -0.281E+00      0.112E+00
      0.641E+00      0.654E-01      0.197E-01      0.955E+08     -0.302E+00      0.125E+00
      0.719E+00      0.388E-01      0.960E-02      0.922E+08     -0.321E+00      0.110E+00
      0.806E+00      0.179E-01      0.795E-02      0.901E+08     -0.369E+00      0.266E+00
      0.905E+00      0.159E-01      0.480E-02      0.890E+08     -0.351E+00      0.157E+00
      0.102E+01      0.137E-01      0.339E-02      0.879E+08     -0.325E+00      0.127E+00
      0.114E+01      0.111E-01      0.278E-02      0.868E+08     -0.317E+00      0.137E+00
      0.128E+01      0.815E-02      0.235E-02      0.859E+08     -0.307E+00      0.144E+00
      0.143E+01      0.890E-02      0.229E-02      0.851E+08     -0.297E+00      0.129E+00
      0.161E+01      0.101E-01      0.245E-02      0.842E+08     -0.296E+00      0.123E+00
      0.168E+01      0.108E-01      0.269E-02      0.834E+08     -0.298E+00      0.126E+00
      0.170E+01      0.110E-01      0.278E-02      0.831E+08     -0.299E+00      0.127E+00
      0.180E+01      0.119E-01      0.304E-02      0.827E+08     -0.308E+00      0.130E+00
      0.190E+01      0.130E-01      0.279E-02      0.819E+08     -0.335E+00      0.132E+00
      0.200E+01      0.140E-01      0.368E-02      0.811E+08     -0.357E+00      0.160E+00
      0.210E+01      0.146E-01      0.433E-02      0.802E+08     -0.377E+00      0.188E+00
      0.220E+01      0.148E-01      0.476E-02      0.793E+08     -0.395E+00      0.211E+00
      0.230E+01      0.149E-01      0.515E-02      0.784E+08     -0.410E+00      0.233E+00
      0.240E+01      0.144E-01      0.528E-02      0.775E+08     -0.416E+00      0.246E+00
      0.250E+01      0.138E-01      0.585E-02      0.767E+08     -0.423E+00      0.273E+00
      0.260E+01      0.129E-01      0.565E-02      0.758E+08     -0.428E+00      0.284E+00
      0.275E+01      0.114E-01      0.510E-02      0.749E+08     -0.437E+00      0.293E+00
      0.300E+01      0.112E-01      0.553E-02      0.735E+08     -0.470E+00      0.322E+00
      0.325E+01      0.118E-01      0.488E-02      0.718E+08     -0.496E+00      0.271E+00
      0.350E+01      0.137E-01      0.471E-02      0.701E+08     -0.512E+00      0.209E+00
      0.375E+01      0.145E-01      0.511E-02      0.681E+08     -0.542E+00      0.230E+00
      0.400E+01      0.136E-01      0.585E-02      0.659E+08     -0.567E+00      0.350E+00
      0.425E+01      0.150E-01      0.667E-02      0.640E+08     -0.578E+00      0.363E+00
      0.450E+01      0.203E-01      0.860E-02      0.618E+08     -0.635E+00      0.375E+00
      0.475E+01      0.213E-01      0.875E-02      0.589E+08     -0.650E+00      0.367E+00
      0.500E+01      0.147E-01      0.529E-02      0.558E+08     -0.595E+00      0.262E+00
      0.525E+01      0.104E-01      0.348E-02      0.537E+08     -0.545E+00      0.223E+00
      0.550E+01      0.887E-02      0.495E-02      0.523E+08     -0.520E+00      0.448E+00
      0.575E+01      0.132E-01      0.588E-02      0.510E+08     -0.553E+00      0.365E+00
      0.600E+01      0.147E-01      0.392E-02      0.491E+08     -0.478E+00      0.202E+00
      0.625E+01      0.173E-01      0.717E-02      0.470E+08     -0.532E+00      0.335E+00
      0.650E+01      0.209E-01      0.882E-02      0.445E+08     -0.613E+00      0.373E+00
      0.675E+01      0.141E-01      0.572E-02      0.416E+08     -0.611E+00      0.351E+00
      0.700E+01      0.119E-01      0.329E-02      0.396E+08     -0.410E+00      0.172E+00
      0.725E+01      0.146E-01      0.250E-02      0.379E+08     -0.426E+00      0.108E+00
      0.750E+01      0.221E-01      0.591E-02      0.359E+08     -0.552E+00      0.214E+00
      0.775E+01      0.334E-01      0.384E-02      0.328E+08     -0.665E+00      0.114E+00
      0.800E+01      0.265E-01      0.382E-02      0.281E+08     -0.621E+00      0.130E+00
      0.825E+01      0.423E-01      0.163E-01      0.244E+08     -0.770E+00      0.465E+00
      0.850E+01      0.238E-01      0.870E-02      0.185E+08     -0.791E+00      0.430E+00
      0.875E+01      0.142E-01      0.335E-02      0.152E+08     -0.778E+00      0.256E+00
      0.900E+01      0.140E-01      0.370E-02      0.133E+08     -0.756E+00      0.272E+00
      0.925E+01      0.154E-01      0.491E-02      0.113E+08     -0.613E+00      0.277E+00
      0.950E+01      0.131E-01      0.418E-02      0.919E+07     -0.699E+00      0.313E+00
      0.975E+01      0.172E-01      0.425E-02      0.737E+07     -0.720E+00      0.251E+00
      0.100E+02      0.198E-01      0.315E-02      0.499E+07     -0.850E+00      0.186E+00
      0.102E+02      0.128E-01      0.205E-02      0.227E+07     -0.136E+01      0.291E+00
      0.105E+02      0.211E-02      0.830E-03      0.498E+06     -0.122E+01      0.576E+00
      0.108E+02      0.104E-02      0.886E-03      0.208E+06     -0.815E+00      0.100E+01
      0.110E+02      0.436E-03      0.267E-03      0.655E+05     -0.128E+01      0.106E+01
      0.112E+02      0.409E-04      0.259E-04      0.562E+04     -0.146E+01      0.124E+01
      0.115E+02      0.703E-14      0.916E-09      0.957E-06     -0.385E+01      0.713E+06
      0.118E+02      0.000E+00      0.000E+00      0.000E+00     -0.990E+02     -0.990E+02
      0.120E+02      0.000E+00      0.000E+00      0.000E+00     -0.990E+02     -0.990E+02
      0.122E+02      0.000E+00      0.000E+00      0.000E+00     -0.990E+02     -0.990E+02
      0.125E+02      0.000E+00      0.000E+00      0.000E+00     -0.990E+02     -0.990E+02
      0.128E+02      0.000E+00      0.000E+00      0.000E+00     -0.990E+02     -0.990E+02
      0.130E+02      0.000E+00      0.000E+00      0.000E+00     -0.990E+02     -0.990E+02
      0.132E+02      0.000E+00      0.000E+00      0.000E+00     -0.990E+02     -0.990E+02
      0.135E+02      0.000E+00      0.000E+00      0.000E+00     -0.990E+02     -0.990E+02
      0.138E+02      0.000E+00      0.000E+00      0.000E+00     -0.990E+02     -0.990E+02
      0.140E+02      0.000E+00      0.000E+00      0.000E+00     -0.990E+02     -0.990E+02
      0.142E+02      0.000E+00      0.000E+00      0.000E+00     -0.990E+02     -0.990E+02
      0.145E+02      0.000E+00      0.000E+00      0.000E+00     -0.990E+02     -0.990E+02
      0.148E+02      0.000E+00      0.000E+00      0.000E+00     -0.990E+02     -0.990E+02
      0.150E+02      0.000E+00      0.000E+00      0.000E+00     -0.990E+02     -0.990E+02
      0.152E+02      0.000E+00      0.000E+00      0.000E+00     -0.990E+02     -0.990E+02
      0.155E+02      0.000E+00      0.000E+00      0.000E+00     -0.990E+02     -0.990E+02
      0.158E+02      0.000E+00      0.000E+00      0.000E+00     -0.990E+02     -0.990E+02
      0.160E+02      0.000E+00      0.000E+00      0.000E+00     -0.990E+02     -0.990E+02
      0.162E+02      0.000E+00      0.000E+00      0.000E+00     -0.990E+02     -0.990E+02
      0.165E+02      0.000E+00      0.000E+00      0.000E+00     -0.990E+02     -0.990E+02
      0.168E+02      0.000E+00      0.000E+00      0.000E+00     -0.990E+02     -0.990E+02
      0.170E+02      0.000E+00      0.000E+00      0.000E+00     -0.990E+02     -0.990E+02
      0.172E+02      0.000E+00      0.000E+00      0.000E+00     -0.990E+02     -0.990E+02
      0.175E+02      0.000E+00      0.000E+00      0.000E+00     -0.990E+02     -0.990E+02
      0.178E+02      0.000E+00      0.000E+00      0.000E+00     -0.990E+02     -0.990E+02
      0.180E+02      0.000E+00      0.000E+00      0.000E+00     -0.990E+02     -0.990E+02
      0.182E+02      0.000E+00      0.000E+00      0.000E+00     -0.990E+02     -0.990E+02
      0.185E+02      0.000E+00      0.000E+00      0.000E+00     -0.990E+02     -0.990E+02
      0.188E+02      0.000E+00      0.000E+00      0.000E+00     -0.990E+02     -0.990E+02
      0.190E+02      0.000E+00      0.000E+00      0.000E+00     -0.990E+02     -0.990E+02
      0.192E+02      0.000E+00      0.000E+00      0.000E+00     -0.990E+02     -0.990E+02
      0.195E+02      0.000E+00      0.000E+00      0.000E+00     -0.990E+02     -0.990E+02
      0.198E+02      0.000E+00      0.000E+00      0.000E+00     -0.990E+02     -0.990E+02
      0.200E+02      0.000E+00      0.000E+00      0.000E+00     -0.990E+02     -0.990E+02
