      0.000E+00      0.111E+02      0.307E+00      0.445E+10     -0.990E+02     -0.990E+02
      0.100E-03      0.111E+02      0.307E+00      0.445E+10     -0.990E+02     -0.990E+02
      0.140E-03      0.111E+02      0.307E+00      0.445E+10     -0.990E+02     -0.990E+02
      0.160E-03      0.111E+02      0.307E+00      0.445E+10     -0.990E+02     -0.990E+02
      0.180E-03      0.111E+02      0.307E+00      0.445E+10     -0.990E+02     -0.990E+02
      0.200E-03      0.111E+02      0.307E+00      0.445E+10     -0.990E+02     -0.990E+02
      0.220E-03      0.111E+02      0.307E+00      0.445E+10     -0.990E+02     -0.990E+02
      0.250E-03      0.111E+02      0.307E+00      0.445E+10     -0.990E+02     -0.990E+02
      0.280E-03      0.111E+02      0.307E+00      0.445E+10     -0.990E+02     -0.990E+02
      0.320E-03      0.111E+02      0.307E+00      0.445E+10     -0.990E+02     -0.990E+02
      0.350E-03      0.111E+02      0.307E+00      0.445E+10     -0.990E+02     -0.990E+02
      0.400E-03      0.111E+02      0.307E+00      0.445E+10     -0.990E+02     -0.990E+02
      0.450E-03      0.111E+02      0.307E+00      0.445E+10     -0.990E+02     -0.990E+02
      0.500E-03      0.111E+02      0.307E+00      0.445E+10     -0.990E+02     -0.990E+02
      0.560E-03      0.111E+02      0.307E+00      0.445E+10     -0.990E+02     -0.990E+02
      0.630E-03      0.111E+02      0.307E+00      0.445E+10     -0.990E+02     -0.990E+02
      0.710E-03      0.111E+02      0.307E+00      0.445E+10     -0.990E+02     -0.990E+02
      0.790E-03      0.111E+02      0.307E+00      0.445E+10     -0.990E+02     -0.990E+02
      0.890E-03      0.111E+02      0.307E+00      0.445E+10     -0.990E+02     -0.990E+02
      0.100E-02      0.111E+02      0.307E+00      0.445E+10     -0.990E+02     -0.990E+02
      0.105E-02      0.111E+02      0.307E+00      0.445E+10     -0.990E+02     -0.990E+02
      0.110E-02      0.111E+02      0.307E+00      0.445E+10     -0.990E+02     -0.990E+02
      0.115E-02      0.111E+02      0.307E+00      0.445E+10     -0.990E+02     -0.990E+02
      0.120E-02      0.111E+02      0.307E+00      0.445E+10     -0.990E+02     -0.990E+02
      0.126E-02      0.111E+02      0.307E+00      0.445E+10     -0.990E+02     -0.990E+02
      0.132E-02      0.111E+02      0.307E+00      0.445E+10     -0.990E+02     -0.990E+02
      0.138E-02      0.111E+02      0.307E+00      0.445E+10     -0.990E+02     -0.990E+02
      0.145E-02      0.111E+02      0.307E+00      0.445E+10     -0.990E+02     -0.990E+02
      0.151E-02      0.111E+02      0.307E+00      0.445E+10     -0.990E+02     -0.990E+02
      0.158E-02      0.111E+02      0.307E+00      0.445E+10     -0.990E+02     -0.990E+02
      0.166E-02      0.111E+02      0.307E+00      0.445E+10     -0.990E+02     -0.990E+02
      0.174E-02      0.111E+02      0.307E+00      0.445E+10     -0.990E+02     -0.990E+02
      0.182E-02      0.111E+02      0.307E+00      0.445E+10     -0.990E+02     -0.990E+02
      0.191E-02      0.111E+02      0.307E+00      0.445E+10     -0.990E+02     -0.990E+02
      0.200E-02      0.111E+02      0.307E+00      0.445E+10     -0.990E+02     -0.990E+02
      0.209E-02      0.111E+02      0.307E+00      0.445E+10     -0.990E+02     -0.990E+02
      0.219E-02      0.111E+02      0.307E+00      0.445E+10     -0.990E+02     -0.990E+02
      0.229E-02      0.111E+02      0.307E+00      0.445E+10     -0.990E+02     -0.990E+02
      0.240E-02      0.111E+02      0.307E+00      0.445E+10     -0.990E+02     -0.990E+02
      0.251E-02      0.111E+02      0.307E+00      0.445E+10     -0.990E+02     -0.990E+02
      0.263E-02      0.111E+02      0.307E+00      0.445E+10     -0.990E+02     -0.990E+02
      0.275E-02      0.111E+02      0.307E+00      0.445E+10     -0.990E+02     -0.990E+02
      0.288E-02      0.111E+02      0.307E+00      0.445E+10     -0.990E+02     -0.990E+02
      0.302E-02      0.111E+02      0.307E+00      0.445E+10     -0.990E+02     -0.990E+02
      0.316E-02      0.111E+02      0.307E+00      0.445E+10     -0.990E+02     -0.990E+02
      0.331E-02      0.111E+02      0.307E+00      0.445E+10     -0.990E+02     -0.990E+02
      0.347E-02      0.111E+02      0.307E+00      0.445E+10     -0.990E+02     -0.990E+02
      0.363E-02      0.111E+02      0.307E+00      0.445E+10     -0.990E+02     -0.990E+02
      0.380E-02      0.111E+02      0.307E+00      0.445E+10     -0.990E+02     -0.990E+02
      0.398E-02      0.111E+02      0.307E+00      0.445E+10     -0.990E+02     -0.990E+02
      0.417E-02      0.111E+02      0.307E+00      0.445E+10     -0.990E+02     -0.990E+02
      0.437E-02      0.111E+02      0.307E+00      0.445E+10     -0.990E+02     -0.990E+02
      0.457E-02      0.111E+02      0.307E+00      0.445E+10     -0.990E+02     -0.990E+02
      0.479E-02      0.111E+02      0.307E+00      0.445E+10     -0.990E+02     -0.990E+02
      0.501E-02      0.111E+02      0.307E+00      0.445E+10     -0.990E+02     -0.990E+02
      0.525E-02      0.111E+02      0.307E+00      0.445E+10     -0.990E+02     -0.990E+02
      0.550E-02      0.111E+02      0.307E+00      0.445E+10     -0.990E+02     -0.990E+02
      0.575E-02      0.111E+02      0.307E+00      0.445E+10     -0.990E+02     -0.990E+02
      0.603E-02      0.111E+02      0.307E+00      0.445E+10     -0.990E+02     -0.990E+02
      0.631E-02      0.111E+02      0.307E+00      0.445E+10     -0.990E+02     -0.990E+02
      0.661E-02      0.111E+02      0.307E+00      0.445E+10     -0.990E+02     -0.990E+02
      0.692E-02      0.111E+02      0.307E+00      0.445E+10     -0.990E+02     -0.990E+02
      0.724E-02      0.111E+02      0.307E+00      0.445E+10     -0.990E+02     -0.990E+02
      0.759E-02      0.111E+02      0.307E+00      0.445E+10     -0.990E+02     -0.990E+02
      0.794E-02      0.111E+02      0.307E+00      0.445E+10     -0.990E+02     -0.990E+02
      0.832E-02      0.111E+02      0.307E+00      0.445E+10     -0.990E+02     -0.990E+02
      0.871E-02      0.111E+02      0.307E+00      0.445E+10     -0.990E+02     -0.990E+02
      0.912E-02      0.111E+02      0.307E+00      0.445E+10     -0.990E+02     -0.990E+02
      0.955E-02      0.111E+02      0.307E+00      0.445E+10     -0.990E+02     -0.990E+02
      0.100E-01      0.111E+02      0.307E+00      0.445E+10     -0.258E+00      0.346E-01
      0.105E-01      0.194E+01      0.133E+00      0.434E+10     -0.259E+00      0.345E-01
      0.110E-01      0.194E+01      0.132E+00      0.434E+10     -0.260E+00      0.344E-01
      0.115E-01      0.193E+01      0.132E+00      0.433E+10     -0.261E+00      0.344E-01
      0.120E-01      0.194E+01      0.131E+00      0.433E+10     -0.262E+00      0.343E-01
      0.126E-01      0.195E+01      0.132E+00      0.433E+10     -0.263E+00      0.342E-01
      0.132E-01      0.195E+01      0.132E+00      0.433E+10     -0.264E+00      0.342E-01
      0.138E-01      0.196E+01      0.132E+00      0.433E+10     -0.265E+00      0.340E-01
      0.144E-01      0.194E+01      0.130E+00      0.433E+10     -0.267E+00      0.341E-01
      0.151E-01      0.195E+01      0.131E+00      0.433E+10     -0.268E+00      0.340E-01
      0.159E-01      0.197E+01      0.131E+00      0.433E+10     -0.269E+00      0.338E-01
      0.166E-01      0.197E+01      0.131E+00      0.433E+10     -0.271E+00      0.337E-01
      0.174E-01      0.198E+01      0.131E+00      0.433E+10     -0.272E+00      0.337E-01
      0.182E-01      0.199E+01      0.131E+00      0.432E+10     -0.274E+00      0.336E-01
      0.191E-01      0.199E+01      0.131E+00      0.432E+10     -0.276E+00      0.335E-01
      0.200E-01      0.199E+01      0.130E+00      0.432E+10     -0.277E+00      0.334E-01
      0.209E-01      0.199E+01      0.130E+00      0.432E+10     -0.279E+00      0.333E-01
      0.219E-01      0.200E+01      0.130E+00      0.432E+10     -0.281E+00      0.331E-01
      0.229E-01      0.201E+01      0.130E+00      0.432E+10     -0.283E+00      0.331E-01
      0.240E-01      0.201E+01      0.129E+00      0.431E+10     -0.285E+00      0.330E-01
      0.251E-01      0.203E+01      0.130E+00      0.431E+10     -0.287E+00      0.328E-01
      0.263E-01      0.203E+01      0.129E+00      0.431E+10     -0.289E+00      0.327E-01
      0.275E-01      0.204E+01      0.129E+00      0.431E+10     -0.292E+00      0.326E-01
      0.290E-01      0.205E+01      0.129E+00      0.431E+10     -0.294E+00      0.325E-01
      0.300E-01      0.206E+01      0.129E+00      0.430E+10     -0.296E+00      0.323E-01
      0.310E-01      0.206E+01      0.129E+00      0.430E+10     -0.298E+00      0.322E-01
      0.320E-01      0.207E+01      0.128E+00      0.430E+10     -0.300E+00      0.321E-01
      0.330E-01      0.207E+01      0.128E+00      0.430E+10     -0.302E+00      0.320E-01
      0.340E-01      0.208E+01      0.128E+00      0.430E+10     -0.303E+00      0.320E-01
      0.350E-01      0.209E+01      0.128E+00      0.430E+10     -0.305E+00      0.318E-01
      0.360E-01      0.210E+01      0.128E+00      0.429E+10     -0.307E+00      0.317E-01
      0.370E-01      0.210E+01      0.127E+00      0.429E+10     -0.309E+00      0.317E-01
      0.380E-01      0.211E+01      0.127E+00      0.429E+10     -0.310E+00      0.315E-01
      0.390E-01      0.211E+01      0.127E+00      0.429E+10     -0.312E+00      0.315E-01
      0.400E-01      0.212E+01      0.127E+00      0.429E+10     -0.313E+00      0.314E-01
      0.425E-01      0.213E+01      0.127E+00      0.428E+10     -0.318E+00      0.311E-01
      0.450E-01      0.215E+01      0.126E+00      0.428E+10     -0.322E+00      0.309E-01
      0.475E-01      0.216E+01      0.126E+00      0.428E+10     -0.326E+00      0.307E-01
      0.500E-01      0.218E+01      0.126E+00      0.427E+10     -0.330E+00      0.305E-01
      0.525E-01      0.219E+01      0.125E+00      0.427E+10     -0.334E+00      0.304E-01
      0.550E-01      0.221E+01      0.125E+00      0.426E+10     -0.338E+00      0.301E-01
      0.571E-01      0.223E+01      0.125E+00      0.426E+10     -0.341E+00      0.299E-01
      0.640E-01      0.227E+01      0.124E+00      0.425E+10     -0.352E+00      0.294E-01
      0.719E-01      0.231E+01      0.123E+00      0.424E+10     -0.363E+00      0.289E-01
      0.806E-01      0.238E+01      0.122E+00      0.422E+10     -0.375E+00      0.283E-01
      0.905E-01      0.243E+01      0.122E+00      0.421E+10     -0.388E+00      0.279E-01
      0.102E+00      0.250E+01      0.123E+00      0.419E+10     -0.402E+00      0.275E-01
      0.114E+00      0.258E+01      0.124E+00      0.416E+10     -0.416E+00      0.270E-01
      0.128E+00      0.267E+01      0.124E+00      0.414E+10     -0.432E+00      0.267E-01
      0.143E+00      0.277E+01      0.126E+00      0.411E+10     -0.448E+00      0.265E-01
      0.161E+00      0.288E+01      0.129E+00      0.407E+10     -0.464E+00      0.265E-01
      0.181E+00      0.301E+01      0.133E+00      0.403E+10     -0.481E+00      0.268E-01
      0.203E+00      0.314E+01      0.140E+00      0.399E+10     -0.499E+00      0.273E-01
      0.227E+00      0.330E+01      0.148E+00      0.393E+10     -0.517E+00      0.282E-01
      0.255E+00      0.348E+01      0.157E+00      0.387E+10     -0.535E+00      0.293E-01
      0.286E+00      0.322E+01      0.161E+00      0.380E+10     -0.516E+00      0.308E-01
      0.321E+00      0.290E+01      0.168E+00      0.372E+10     -0.487E+00      0.332E-01
      0.360E+00      0.254E+01      0.163E+00      0.365E+10     -0.447E+00      0.343E-01
      0.404E+00      0.214E+01      0.153E+00      0.357E+10     -0.385E+00      0.348E-01
      0.453E+00      0.169E+01      0.150E+00      0.351E+10     -0.281E+00      0.379E-01
      0.509E+00      0.120E+01      0.160E+00      0.344E+10     -0.803E-01      0.464E-01
      0.571E+00      0.117E+01      0.170E+00      0.340E+10     -0.979E-01      0.487E-01
      0.641E+00      0.115E+01      0.163E+00      0.334E+10     -0.118E+00      0.526E-01
      0.719E+00      0.112E+01      0.152E+00      0.329E+10     -0.142E+00      0.583E-01
      0.806E+00      0.110E+01      0.145E+00      0.322E+10     -0.145E+00      0.623E-01
      0.905E+00      0.110E+01      0.144E+00      0.315E+10     -0.127E+00      0.678E-01
      0.102E+01      0.135E+01      0.152E+00      0.308E+10     -0.211E+00      0.653E-01
      0.114E+01      0.499E+01      0.137E+00      0.297E+10     -0.541E+00      0.197E-01
      0.128E+01      0.814E+01      0.200E+00      0.255E+10     -0.598E+00      0.208E-01
      0.143E+01      0.588E+01      0.164E+00      0.179E+10     -0.677E+00      0.269E-01
      0.161E+01      0.416E+01      0.113E+00      0.117E+10     -0.794E+00      0.292E-01
      0.168E+01      0.368E+01      0.911E-01      0.856E+09     -0.844E+00      0.276E-01
      0.170E+01      0.355E+01      0.873E-01      0.753E+09     -0.861E+00      0.278E-01
      0.180E+01      0.281E+01      0.844E-01      0.622E+09     -0.925E+00      0.353E-01
      0.190E+01      0.196E+01      0.844E-01      0.451E+09     -0.957E+00      0.533E-01
      0.200E+01      0.112E+01      0.919E-01      0.331E+09     -0.104E+01      0.111E+00
      0.210E+01      0.111E+01      0.780E-01      0.264E+09     -0.118E+01      0.983E-01
      0.220E+01      0.116E+01      0.646E-01      0.197E+09     -0.130E+01      0.843E-01
      0.230E+01      0.102E+01      0.608E-01      0.127E+09     -0.142E+01      0.970E-01
      0.240E+01      0.615E+00      0.488E-01      0.654E+08     -0.165E+01      0.143E+00
      0.250E+01      0.211E+00      0.439E-01      0.285E+08     -0.278E+01      0.599E+00
      0.260E+01      0.120E+00      0.415E-01      0.159E+08     -0.294E+01      0.105E+01
      0.275E+01      0.180E-01      0.435E-01      0.694E+07     -0.123E+01      0.336E+01
      0.300E+01      0.142E-01      0.464E-01      0.479E+07     -0.619E+00      0.291E+01
      0.325E+01      0.132E-01      0.350E-01      0.269E+07     -0.785E+00      0.299E+01
      0.350E+01      0.509E-02      0.104E-01      0.760E+06     -0.107E+01      0.290E+01
      0.375E+01      0.130E-03      0.262E-03      0.189E+05     -0.110E+01      0.291E+01
      0.400E+01      0.722E-13      0.977E-07      0.105E-04     -0.710E+00      0.124E+07
      0.425E+01      0.777E-19      0.244E-10      0.112E-10     -0.126E+01      0.535E+09
      0.450E+01      0.000E+00      0.000E+00      0.000E+00     -0.990E+02     -0.990E+02
      0.475E+01      0.000E+00      0.000E+00      0.000E+00     -0.990E+02     -0.990E+02
      0.500E+01      0.000E+00      0.000E+00      0.000E+00     -0.990E+02     -0.990E+02
      0.525E+01      0.000E+00      0.000E+00      0.000E+00     -0.990E+02     -0.990E+02
      0.550E+01      0.000E+00      0.000E+00      0.000E+00     -0.990E+02     -0.990E+02
      0.575E+01      0.000E+00      0.000E+00      0.000E+00     -0.990E+02     -0.990E+02
      0.600E+01      0.000E+00      0.000E+00      0.000E+00     -0.990E+02     -0.990E+02
      0.625E+01      0.000E+00      0.000E+00      0.000E+00     -0.990E+02     -0.990E+02
      0.650E+01      0.000E+00      0.000E+00      0.000E+00     -0.990E+02     -0.990E+02
      0.675E+01      0.000E+00      0.000E+00      0.000E+00     -0.990E+02     -0.990E+02
      0.700E+01      0.000E+00      0.000E+00      0.000E+00     -0.990E+02     -0.990E+02
      0.725E+01      0.000E+00      0.000E+00      0.000E+00     -0.990E+02     -0.990E+02
      0.750E+01      0.000E+00      0.000E+00      0.000E+00     -0.990E+02     -0.990E+02
      0.775E+01      0.000E+00      0.000E+00      0.000E+00     -0.990E+02     -0.990E+02
      0.800E+01      0.000E+00      0.000E+00      0.000E+00     -0.990E+02     -0.990E+02
      0.825E+01      0.000E+00      0.000E+00      0.000E+00     -0.990E+02     -0.990E+02
      0.850E+01      0.000E+00      0.000E+00      0.000E+00     -0.990E+02     -0.990E+02
      0.875E+01      0.000E+00      0.000E+00      0.000E+00     -0.990E+02     -0.990E+02
      0.900E+01      0.000E+00      0.000E+00      0.000E+00     -0.990E+02     -0.990E+02
      0.925E+01      0.000E+00      0.000E+00      0.000E+00     -0.990E+02     -0.990E+02
      0.950E+01      0.000E+00      0.000E+00      0.000E+00     -0.990E+02     -0.990E+02
      0.975E+01      0.000E+00      0.000E+00      0.000E+00     -0.990E+02     -0.990E+02
      0.100E+02      0.000E+00      0.000E+00      0.000E+00     -0.990E+02     -0.990E+02
      0.102E+02      0.000E+00      0.000E+00      0.000E+00     -0.990E+02     -0.990E+02
      0.105E+02      0.000E+00      0.000E+00      0.000E+00     -0.990E+02     -0.990E+02
      0.108E+02      0.000E+00      0.000E+00      0.000E+00     -0.990E+02     -0.990E+02
      0.110E+02      0.000E+00      0.000E+00      0.000E+00     -0.990E+02     -0.990E+02
      0.112E+02      0.000E+00      0.000E+00      0.000E+00     -0.990E+02     -0.990E+02
      0.115E+02      0.000E+00      0.000E+00      0.000E+00     -0.990E+02     -0.990E+02
      0.118E+02      0.000E+00      0.000E+00      0.000E+00     -0.990E+02     -0.990E+02
      0.120E+02      0.000E+00      0.000E+00      0.000E+00     -0.990E+02     -0.990E+02
      0.122E+02      0.000E+00      0.000E+00      0.000E+00     -0.990E+02     -0.990E+02
      0.125E+02      0.000E+00      0.000E+00      0.000E+00     -0.990E+02     -0.990E+02
      0.128E+02      0.000E+00      0.000E+00      0.000E+00     -0.990E+02     -0.990E+02
      0.130E+02      0.000E+00      0.000E+00      0.000E+00     -0.990E+02     -0.990E+02
      0.132E+02      0.000E+00      0.000E+00      0.000E+00     -0.990E+02     -0.990E+02
      0.135E+02      0.000E+00      0.000E+00      0.000E+00     -0.990E+02     -0.990E+02
      0.138E+02      0.000E+00      0.000E+00      0.000E+00     -0.990E+02     -0.990E+02
      0.140E+02      0.000E+00      0.000E+00      0.000E+00     -0.990E+02     -0.990E+02
      0.142E+02      0.000E+00      0.000E+00      0.000E+00     -0.990E+02     -0.990E+02
      0.145E+02      0.000E+00      0.000E+00      0.000E+00     -0.990E+02     -0.990E+02
      0.148E+02      0.000E+00      0.000E+00      0.000E+00     -0.990E+02     -0.990E+02
      0.150E+02      0.000E+00      0.000E+00      0.000E+00     -0.990E+02     -0.990E+02
      0.152E+02      0.000E+00      0.000E+00      0.000E+00     -0.990E+02     -0.990E+02
      0.155E+02      0.000E+00      0.000E+00      0.000E+00     -0.990E+02     -0.990E+02
      0.158E+02      0.000E+00      0.000E+00      0.000E+00     -0.990E+02     -0.990E+02
      0.160E+02      0.000E+00      0.000E+00      0.000E+00     -0.990E+02     -0.990E+02
      0.162E+02      0.000E+00      0.000E+00      0.000E+00     -0.990E+02     -0.990E+02
      0.165E+02      0.000E+00      0.000E+00      0.000E+00     -0.990E+02     -0.990E+02
      0.168E+02      0.000E+00      0.000E+00      0.000E+00     -0.990E+02     -0.990E+02
      0.170E+02      0.000E+00      0.000E+00      0.000E+00     -0.990E+02     -0.990E+02
      0.172E+02      0.000E+00      0.000E+00      0.000E+00     -0.990E+02     -0.990E+02
      0.175E+02      0.000E+00      0.000E+00      0.000E+00     -0.990E+02     -0.990E+02
      0.178E+02      0.000E+00      0.000E+00      0.000E+00     -0.990E+02     -0.990E+02
      0.180E+02      0.000E+00      0.000E+00      0.000E+00     -0.990E+02     -0.990E+02
      0.182E+02      0.000E+00      0.000E+00      0.000E+00     -0.990E+02     -0.990E+02
      0.185E+02      0.000E+00      0.000E+00      0.000E+00     -0.990E+02     -0.990E+02
      0.188E+02      0.000E+00      0.000E+00      0.000E+00     -0.990E+02     -0.990E+02
      0.190E+02      0.000E+00      0.000E+00      0.000E+00     -0.990E+02     -0.990E+02
      0.192E+02      0.000E+00      0.000E+00      0.000E+00     -0.990E+02     -0.990E+02
      0.195E+02      0.000E+00      0.000E+00      0.000E+00     -0.990E+02     -0.990E+02
      0.198E+02      0.000E+00      0.000E+00      0.000E+00     -0.990E+02     -0.990E+02
      0.200E+02      0.000E+00      0.000E+00      0.000E+00     -0.990E+02     -0.990E+02
