      0.000E+00      0.152E-02      0.153E-02      0.100E+09     -0.990E+02     -0.990E+02
      0.100E-03      0.152E-02      0.153E-02      0.100E+09     -0.990E+02     -0.990E+02
      0.140E-03      0.152E-02      0.153E-02      0.100E+09     -0.990E+02     -0.990E+02
      0.160E-03      0.152E-02      0.153E-02      0.100E+09     -0.990E+02     -0.990E+02
      0.180E-03      0.152E-02      0.153E-02      0.100E+09     -0.990E+02     -0.990E+02
      0.200E-03      0.152E-02      0.153E-02      0.100E+09     -0.990E+02     -0.990E+02
      0.220E-03      0.152E-02      0.153E-02      0.100E+09     -0.990E+02     -0.990E+02
      0.250E-03      0.152E-02      0.153E-02      0.100E+09     -0.990E+02     -0.990E+02
      0.280E-03      0.152E-02      0.153E-02      0.100E+09     -0.990E+02     -0.990E+02
      0.320E-03      0.152E-02      0.153E-02      0.100E+09     -0.990E+02     -0.990E+02
      0.350E-03      0.152E-02      0.153E-02      0.100E+09     -0.990E+02     -0.990E+02
      0.400E-03      0.152E-02      0.153E-02      0.100E+09     -0.990E+02     -0.990E+02
      0.450E-03      0.152E-02      0.153E-02      0.100E+09     -0.990E+02     -0.990E+02
      0.500E-03      0.152E-02      0.153E-02      0.100E+09     -0.990E+02     -0.990E+02
      0.560E-03      0.152E-02      0.153E-02      0.100E+09     -0.990E+02     -0.990E+02
      0.630E-03      0.152E-02      0.153E-02      0.100E+09     -0.990E+02     -0.990E+02
      0.710E-03      0.152E-02      0.153E-02      0.100E+09     -0.990E+02     -0.990E+02
      0.790E-03      0.152E-02      0.153E-02      0.100E+09     -0.990E+02     -0.990E+02
      0.890E-03      0.152E-02      0.153E-02      0.100E+09     -0.990E+02     -0.990E+02
      0.100E-02      0.152E-02      0.153E-02      0.100E+09     -0.990E+02     -0.990E+02
      0.105E-02      0.152E-02      0.153E-02      0.100E+09     -0.990E+02     -0.990E+02
      0.110E-02      0.152E-02      0.153E-02      0.100E+09     -0.990E+02     -0.990E+02
      0.115E-02      0.152E-02      0.153E-02      0.100E+09     -0.990E+02     -0.990E+02
      0.120E-02      0.152E-02      0.153E-02      0.100E+09     -0.990E+02     -0.990E+02
      0.126E-02      0.152E-02      0.153E-02      0.100E+09     -0.990E+02     -0.990E+02
      0.132E-02      0.152E-02      0.153E-02      0.100E+09     -0.990E+02     -0.990E+02
      0.138E-02      0.152E-02      0.153E-02      0.100E+09     -0.990E+02     -0.990E+02
      0.145E-02      0.152E-02      0.153E-02      0.100E+09     -0.990E+02     -0.990E+02
      0.151E-02      0.152E-02      0.153E-02      0.100E+09     -0.990E+02     -0.990E+02
      0.158E-02      0.152E-02      0.153E-02      0.100E+09     -0.990E+02     -0.990E+02
      0.166E-02      0.152E-02      0.153E-02      0.100E+09     -0.990E+02     -0.990E+02
      0.174E-02      0.152E-02      0.153E-02      0.100E+09     -0.990E+02     -0.990E+02
      0.182E-02      0.152E-02      0.153E-02      0.100E+09     -0.990E+02     -0.990E+02
      0.191E-02      0.152E-02      0.153E-02      0.100E+09     -0.990E+02     -0.990E+02
      0.200E-02      0.152E-02      0.153E-02      0.100E+09     -0.990E+02     -0.990E+02
      0.209E-02      0.152E-02      0.153E-02      0.100E+09     -0.990E+02     -0.990E+02
      0.219E-02      0.152E-02      0.153E-02      0.100E+09     -0.990E+02     -0.990E+02
      0.229E-02      0.152E-02      0.153E-02      0.100E+09     -0.990E+02     -0.990E+02
      0.240E-02      0.152E-02      0.153E-02      0.100E+09     -0.990E+02     -0.990E+02
      0.251E-02      0.152E-02      0.153E-02      0.100E+09     -0.990E+02     -0.990E+02
      0.263E-02      0.152E-02      0.153E-02      0.100E+09     -0.990E+02     -0.990E+02
      0.275E-02      0.152E-02      0.153E-02      0.100E+09     -0.990E+02     -0.990E+02
      0.288E-02      0.152E-02      0.153E-02      0.100E+09     -0.990E+02     -0.990E+02
      0.302E-02      0.152E-02      0.153E-02      0.100E+09     -0.990E+02     -0.990E+02
      0.316E-02      0.152E-02      0.153E-02      0.100E+09     -0.990E+02     -0.990E+02
      0.331E-02      0.152E-02      0.153E-02      0.100E+09     -0.990E+02     -0.990E+02
      0.347E-02      0.152E-02      0.153E-02      0.100E+09     -0.990E+02     -0.990E+02
      0.363E-02      0.152E-02      0.153E-02      0.100E+09     -0.990E+02     -0.990E+02
      0.380E-02      0.152E-02      0.153E-02      0.100E+09     -0.990E+02     -0.990E+02
      0.398E-02      0.152E-02      0.153E-02      0.100E+09     -0.990E+02     -0.990E+02
      0.417E-02      0.152E-02      0.153E-02      0.100E+09     -0.990E+02     -0.990E+02
      0.437E-02      0.152E-02      0.153E-02      0.100E+09     -0.990E+02     -0.990E+02
      0.457E-02      0.152E-02      0.153E-02      0.100E+09     -0.990E+02     -0.990E+02
      0.479E-02      0.152E-02      0.153E-02      0.100E+09     -0.990E+02     -0.990E+02
      0.501E-02      0.152E-02      0.153E-02      0.100E+09     -0.990E+02     -0.990E+02
      0.525E-02      0.152E-02      0.153E-02      0.100E+09     -0.990E+02     -0.990E+02
      0.550E-02      0.152E-02      0.153E-02      0.100E+09     -0.990E+02     -0.990E+02
      0.575E-02      0.152E-02      0.153E-02      0.100E+09     -0.990E+02     -0.990E+02
      0.603E-02      0.152E-02      0.153E-02      0.100E+09     -0.990E+02     -0.990E+02
      0.631E-02      0.152E-02      0.153E-02      0.100E+09     -0.990E+02     -0.990E+02
      0.661E-02      0.152E-02      0.153E-02      0.100E+09     -0.990E+02     -0.990E+02
      0.692E-02      0.152E-02      0.153E-02      0.100E+09     -0.990E+02     -0.990E+02
      0.724E-02      0.152E-02      0.153E-02      0.100E+09     -0.990E+02     -0.990E+02
      0.759E-02      0.152E-02      0.153E-02      0.100E+09     -0.990E+02     -0.990E+02
      0.794E-02      0.152E-02      0.153E-02      0.100E+09     -0.990E+02     -0.990E+02
      0.832E-02      0.152E-02      0.153E-02      0.100E+09     -0.990E+02     -0.990E+02
      0.871E-02      0.152E-02      0.153E-02      0.100E+09     -0.990E+02     -0.990E+02
      0.912E-02      0.152E-02      0.153E-02      0.100E+09     -0.990E+02     -0.990E+02
      0.955E-02      0.152E-02      0.153E-02      0.100E+09     -0.990E+02     -0.990E+02
      0.100E-01      0.152E-02      0.153E-02      0.100E+09     -0.376E+00      0.583E+00
      0.105E-01      0.140E-01      0.122E-01      0.100E+09     -0.376E+00      0.583E+00
      0.110E-01      0.140E-01      0.121E-01      0.100E+09     -0.376E+00      0.583E+00
      0.115E-01      0.139E-01      0.121E-01      0.100E+09     -0.376E+00      0.583E+00
      0.120E-01      0.139E-01      0.121E-01      0.100E+09     -0.376E+00      0.583E+00
      0.126E-01      0.140E-01      0.121E-01      0.100E+09     -0.376E+00      0.583E+00
      0.132E-01      0.140E-01      0.121E-01      0.999E+08     -0.376E+00      0.582E+00
      0.138E-01      0.140E-01      0.121E-01      0.999E+08     -0.376E+00      0.582E+00
      0.144E-01      0.139E-01      0.120E-01      0.999E+08     -0.376E+00      0.582E+00
      0.151E-01      0.139E-01      0.121E-01      0.999E+08     -0.376E+00      0.581E+00
      0.159E-01      0.140E-01      0.121E-01      0.999E+08     -0.376E+00      0.581E+00
      0.166E-01      0.139E-01      0.121E-01      0.999E+08     -0.376E+00      0.581E+00
      0.174E-01      0.140E-01      0.121E-01      0.999E+08     -0.376E+00      0.581E+00
      0.182E-01      0.140E-01      0.122E-01      0.999E+08     -0.375E+00      0.580E+00
      0.191E-01      0.140E-01      0.121E-01      0.999E+08     -0.375E+00      0.580E+00
      0.200E-01      0.139E-01      0.121E-01      0.999E+08     -0.375E+00      0.580E+00
      0.209E-01      0.139E-01      0.121E-01      0.999E+08     -0.375E+00      0.579E+00
      0.219E-01      0.139E-01      0.121E-01      0.998E+08     -0.375E+00      0.579E+00
      0.229E-01      0.139E-01      0.121E-01      0.998E+08     -0.375E+00      0.578E+00
      0.240E-01      0.139E-01      0.121E-01      0.998E+08     -0.375E+00      0.578E+00
      0.251E-01      0.140E-01      0.122E-01      0.998E+08     -0.375E+00      0.578E+00
      0.263E-01      0.139E-01      0.121E-01      0.998E+08     -0.375E+00      0.577E+00
      0.275E-01      0.139E-01      0.121E-01      0.998E+08     -0.375E+00      0.577E+00
      0.290E-01      0.139E-01      0.121E-01      0.998E+08     -0.375E+00      0.576E+00
      0.300E-01      0.139E-01      0.121E-01      0.998E+08     -0.375E+00      0.575E+00
      0.310E-01      0.139E-01      0.121E-01      0.997E+08     -0.375E+00      0.575E+00
      0.320E-01      0.139E-01      0.121E-01      0.997E+08     -0.375E+00      0.574E+00
      0.330E-01      0.139E-01      0.121E-01      0.997E+08     -0.374E+00      0.573E+00
      0.340E-01      0.139E-01      0.121E-01      0.997E+08     -0.374E+00      0.572E+00
      0.350E-01      0.139E-01      0.121E-01      0.997E+08     -0.374E+00      0.571E+00
      0.360E-01      0.139E-01      0.121E-01      0.997E+08     -0.374E+00      0.571E+00
      0.370E-01      0.139E-01      0.120E-01      0.997E+08     -0.374E+00      0.570E+00
      0.380E-01      0.139E-01      0.120E-01      0.997E+08     -0.374E+00      0.570E+00
      0.390E-01      0.139E-01      0.120E-01      0.996E+08     -0.374E+00      0.569E+00
      0.400E-01      0.139E-01      0.120E-01      0.996E+08     -0.374E+00      0.568E+00
      0.425E-01      0.139E-01      0.120E-01      0.996E+08     -0.374E+00      0.566E+00
      0.450E-01      0.139E-01      0.120E-01      0.996E+08     -0.373E+00      0.565E+00
      0.475E-01      0.139E-01      0.120E-01      0.996E+08     -0.373E+00      0.563E+00
      0.500E-01      0.139E-01      0.120E-01      0.995E+08     -0.373E+00      0.561E+00
      0.525E-01      0.139E-01      0.119E-01      0.995E+08     -0.373E+00      0.560E+00
      0.550E-01      0.139E-01      0.119E-01      0.995E+08     -0.372E+00      0.558E+00
      0.571E-01      0.139E-01      0.119E-01      0.995E+08     -0.372E+00      0.557E+00
      0.640E-01      0.139E-01      0.119E-01      0.994E+08     -0.372E+00      0.552E+00
      0.719E-01      0.139E-01      0.118E-01      0.993E+08     -0.371E+00      0.547E+00
      0.806E-01      0.139E-01      0.118E-01      0.992E+08     -0.370E+00      0.542E+00
      0.905E-01      0.139E-01      0.118E-01      0.991E+08     -0.369E+00      0.536E+00
      0.102E+00      0.139E-01      0.118E-01      0.990E+08     -0.368E+00      0.530E+00
      0.114E+00      0.140E-01      0.118E-01      0.989E+08     -0.368E+00      0.522E+00
      0.128E+00      0.140E-01      0.117E-01      0.988E+08     -0.368E+00      0.516E+00
      0.143E+00      0.141E-01      0.117E-01      0.986E+08     -0.368E+00      0.512E+00
      0.161E+00      0.141E-01      0.118E-01      0.984E+08     -0.368E+00      0.509E+00
      0.181E+00      0.143E-01      0.119E-01      0.982E+08     -0.369E+00      0.509E+00
      0.203E+00      0.144E-01      0.121E-01      0.980E+08     -0.369E+00      0.508E+00
      0.227E+00      0.145E-01      0.123E-01      0.978E+08     -0.370E+00      0.510E+00
      0.255E+00      0.147E-01      0.125E-01      0.975E+08     -0.372E+00      0.517E+00
      0.286E+00      0.149E-01      0.128E-01      0.972E+08     -0.374E+00      0.524E+00
      0.321E+00      0.152E-01      0.132E-01      0.968E+08     -0.381E+00      0.541E+00
      0.360E+00      0.155E-01      0.138E-01      0.964E+08     -0.390E+00      0.574E+00
      0.404E+00      0.156E-01      0.139E-01      0.960E+08     -0.397E+00      0.585E+00
      0.453E+00      0.157E-01      0.134E-01      0.955E+08     -0.404E+00      0.564E+00
      0.509E+00      0.158E-01      0.134E-01      0.949E+08     -0.420E+00      0.583E+00
      0.571E+00      0.159E-01      0.140E-01      0.943E+08     -0.439E+00      0.677E+00
      0.641E+00      0.163E-01      0.156E-01      0.936E+08     -0.460E+00      0.804E+00
      0.719E+00      0.167E-01      0.171E-01      0.928E+08     -0.476E+00      0.896E+00
      0.806E+00      0.166E-01      0.156E-01      0.918E+08     -0.476E+00      0.800E+00
      0.905E+00      0.162E-01      0.159E-01      0.908E+08     -0.471E+00      0.849E+00
      0.102E+01      0.156E-01      0.153E-01      0.897E+08     -0.462E+00      0.829E+00
      0.114E+01      0.149E-01      0.128E-01      0.885E+08     -0.455E+00      0.651E+00
      0.128E+01      0.148E-01      0.124E-01      0.873E+08     -0.456E+00      0.627E+00
      0.143E+01      0.152E-01      0.131E-01      0.859E+08     -0.462E+00      0.647E+00
      0.161E+01      0.157E-01      0.131E-01      0.843E+08     -0.478E+00      0.677E+00
      0.168E+01      0.159E-01      0.133E-01      0.831E+08     -0.483E+00      0.693E+00
      0.170E+01      0.159E-01      0.134E-01      0.826E+08     -0.486E+00      0.703E+00
      0.180E+01      0.161E-01      0.136E-01      0.820E+08     -0.489E+00      0.708E+00
      0.190E+01      0.161E-01      0.139E-01      0.810E+08     -0.495E+00      0.734E+00
      0.200E+01      0.159E-01      0.134E-01      0.800E+08     -0.494E+00      0.700E+00
      0.210E+01      0.157E-01      0.129E-01      0.790E+08     -0.499E+00      0.684E+00
      0.220E+01      0.158E-01      0.131E-01      0.781E+08     -0.516E+00      0.744E+00
      0.230E+01      0.160E-01      0.133E-01      0.771E+08     -0.528E+00      0.779E+00
      0.240E+01      0.160E-01      0.134E-01      0.761E+08     -0.530E+00      0.747E+00
      0.250E+01      0.161E-01      0.138E-01      0.752E+08     -0.532E+00      0.783E+00
      0.260E+01      0.160E-01      0.133E-01      0.742E+08     -0.530E+00      0.753E+00
      0.275E+01      0.158E-01      0.130E-01      0.730E+08     -0.517E+00      0.705E+00
      0.300E+01      0.156E-01      0.122E-01      0.711E+08     -0.500E+00      0.636E+00
      0.325E+01      0.166E-01      0.138E-01      0.688E+08     -0.522E+00      0.732E+00
      0.350E+01      0.163E-01      0.125E-01      0.663E+08     -0.523E+00      0.658E+00
      0.375E+01      0.173E-01      0.131E-01      0.640E+08     -0.547E+00      0.664E+00
      0.400E+01      0.188E-01      0.145E-01      0.614E+08     -0.580E+00      0.719E+00
      0.425E+01      0.183E-01      0.138E-01      0.587E+08     -0.582E+00      0.706E+00
      0.450E+01      0.186E-01      0.139E-01      0.560E+08     -0.565E+00      0.671E+00
      0.475E+01      0.185E-01      0.140E-01      0.533E+08     -0.565E+00      0.658E+00
      0.500E+01      0.193E-01      0.142E-01      0.507E+08     -0.591E+00      0.679E+00
      0.525E+01      0.197E-01      0.144E-01      0.479E+08     -0.620E+00      0.709E+00
      0.550E+01      0.201E-01      0.150E-01      0.451E+08     -0.636E+00      0.751E+00
      0.575E+01      0.204E-01      0.156E-01      0.422E+08     -0.646E+00      0.765E+00
      0.600E+01      0.210E-01      0.161E-01      0.393E+08     -0.664E+00      0.818E+00
      0.625E+01      0.207E-01      0.145E-01      0.364E+08     -0.662E+00      0.696E+00
      0.650E+01      0.211E-01      0.153E-01      0.334E+08     -0.677E+00      0.738E+00
      0.675E+01      0.214E-01      0.151E-01      0.305E+08     -0.697E+00      0.725E+00
      0.700E+01      0.206E-01      0.143E-01      0.275E+08     -0.713E+00      0.733E+00
      0.725E+01      0.201E-01      0.145E-01      0.246E+08     -0.727E+00      0.775E+00
      0.750E+01      0.202E-01      0.141E-01      0.218E+08     -0.734E+00      0.752E+00
      0.775E+01      0.206E-01      0.134E-01      0.190E+08     -0.759E+00      0.715E+00
      0.800E+01      0.211E-01      0.141E-01      0.161E+08     -0.811E+00      0.778E+00
      0.825E+01      0.202E-01      0.139E-01      0.131E+08     -0.840E+00      0.833E+00
      0.850E+01      0.172E-01      0.122E-01      0.103E+08     -0.852E+00      0.852E+00
      0.875E+01      0.151E-01      0.112E-01      0.796E+07     -0.882E+00      0.923E+00
      0.900E+01      0.128E-01      0.104E-01      0.586E+07     -0.907E+00      0.104E+01
      0.925E+01      0.994E-02      0.893E-02      0.410E+07     -0.945E+00      0.118E+01
      0.950E+01      0.763E-02      0.751E-02      0.272E+07     -0.100E+01      0.133E+01
      0.975E+01      0.512E-02      0.621E-02      0.167E+07     -0.101E+01      0.164E+01
      0.100E+02      0.300E-02      0.484E-02      0.959E+06     -0.974E+00      0.212E+01
      0.102E+02      0.200E-02      0.386E-02      0.546E+06     -0.946E+00      0.248E+01
      0.105E+02      0.137E-02      0.283E-02      0.271E+06     -0.120E+01      0.329E+01
      0.108E+02      0.510E-03      0.147E-02      0.827E+05     -0.149E+01      0.579E+01
      0.110E+02      0.881E-04      0.597E-03      0.124E+05     -0.147E+01      0.127E+02
      0.112E+02      0.198E-05      0.250E-04      0.273E+03     -0.109E+01      0.181E+02
      0.115E+02      0.183E-08      0.497E-07      0.253E+00     -0.293E+01      0.112E+03
      0.118E+02      0.265E-15      0.174E-09      0.363E-07     -0.150E+01      0.132E+07
      0.120E+02      0.000E+00      0.000E+00      0.000E+00     -0.990E+02     -0.990E+02
      0.122E+02      0.000E+00      0.000E+00      0.000E+00     -0.990E+02     -0.990E+02
      0.125E+02      0.000E+00      0.000E+00      0.000E+00     -0.990E+02     -0.990E+02
      0.128E+02      0.000E+00      0.000E+00      0.000E+00     -0.990E+02     -0.990E+02
      0.130E+02      0.000E+00      0.000E+00      0.000E+00     -0.990E+02     -0.990E+02
      0.132E+02      0.000E+00      0.000E+00      0.000E+00     -0.990E+02     -0.990E+02
      0.135E+02      0.000E+00      0.000E+00      0.000E+00     -0.990E+02     -0.990E+02
      0.138E+02      0.000E+00      0.000E+00      0.000E+00     -0.990E+02     -0.990E+02
      0.140E+02      0.000E+00      0.000E+00      0.000E+00     -0.990E+02     -0.990E+02
      0.142E+02      0.000E+00      0.000E+00      0.000E+00     -0.990E+02     -0.990E+02
      0.145E+02      0.000E+00      0.000E+00      0.000E+00     -0.990E+02     -0.990E+02
      0.148E+02      0.000E+00      0.000E+00      0.000E+00     -0.990E+02     -0.990E+02
      0.150E+02      0.000E+00      0.000E+00      0.000E+00     -0.990E+02     -0.990E+02
      0.152E+02      0.000E+00      0.000E+00      0.000E+00     -0.990E+02     -0.990E+02
      0.155E+02      0.000E+00      0.000E+00      0.000E+00     -0.990E+02     -0.990E+02
      0.158E+02      0.000E+00      0.000E+00      0.000E+00     -0.990E+02     -0.990E+02
      0.160E+02      0.000E+00      0.000E+00      0.000E+00     -0.990E+02     -0.990E+02
      0.162E+02      0.000E+00      0.000E+00      0.000E+00     -0.990E+02     -0.990E+02
      0.165E+02      0.000E+00      0.000E+00      0.000E+00     -0.990E+02     -0.990E+02
      0.168E+02      0.000E+00      0.000E+00      0.000E+00     -0.990E+02     -0.990E+02
      0.170E+02      0.000E+00      0.000E+00      0.000E+00     -0.990E+02     -0.990E+02
      0.172E+02      0.000E+00      0.000E+00      0.000E+00     -0.990E+02     -0.990E+02
      0.175E+02      0.000E+00      0.000E+00      0.000E+00     -0.990E+02     -0.990E+02
      0.178E+02      0.000E+00      0.000E+00      0.000E+00     -0.990E+02     -0.990E+02
      0.180E+02      0.000E+00      0.000E+00      0.000E+00     -0.990E+02     -0.990E+02
      0.182E+02      0.000E+00      0.000E+00      0.000E+00     -0.990E+02     -0.990E+02
      0.185E+02      0.000E+00      0.000E+00      0.000E+00     -0.990E+02     -0.990E+02
      0.188E+02      0.000E+00      0.000E+00      0.000E+00     -0.990E+02     -0.990E+02
      0.190E+02      0.000E+00      0.000E+00      0.000E+00     -0.990E+02     -0.990E+02
      0.192E+02      0.000E+00      0.000E+00      0.000E+00     -0.990E+02     -0.990E+02
      0.195E+02      0.000E+00      0.000E+00      0.000E+00     -0.990E+02     -0.990E+02
      0.198E+02      0.000E+00      0.000E+00      0.000E+00     -0.990E+02     -0.990E+02
      0.200E+02      0.000E+00      0.000E+00      0.000E+00     -0.990E+02     -0.990E+02
