      0.000E+00      0.547E+00      0.900E+00      0.379E+09     -0.990E+02     -0.990E+02
      0.100E-03      0.547E+00      0.900E+00      0.379E+09     -0.990E+02     -0.990E+02
      0.140E-03      0.547E+00      0.900E+00      0.379E+09     -0.990E+02     -0.990E+02
      0.160E-03      0.547E+00      0.900E+00      0.379E+09     -0.990E+02     -0.990E+02
      0.180E-03      0.547E+00      0.900E+00      0.379E+09     -0.990E+02     -0.990E+02
      0.200E-03      0.547E+00      0.900E+00      0.379E+09     -0.990E+02     -0.990E+02
      0.220E-03      0.547E+00      0.900E+00      0.379E+09     -0.990E+02     -0.990E+02
      0.250E-03      0.547E+00      0.900E+00      0.379E+09     -0.990E+02     -0.990E+02
      0.280E-03      0.547E+00      0.900E+00      0.379E+09     -0.990E+02     -0.990E+02
      0.320E-03      0.547E+00      0.900E+00      0.379E+09     -0.990E+02     -0.990E+02
      0.350E-03      0.547E+00      0.900E+00      0.379E+09     -0.990E+02     -0.990E+02
      0.400E-03      0.547E+00      0.900E+00      0.379E+09     -0.990E+02     -0.990E+02
      0.450E-03      0.547E+00      0.900E+00      0.379E+09     -0.990E+02     -0.990E+02
      0.500E-03      0.547E+00      0.900E+00      0.379E+09     -0.990E+02     -0.990E+02
      0.560E-03      0.547E+00      0.900E+00      0.379E+09     -0.990E+02     -0.990E+02
      0.630E-03      0.547E+00      0.900E+00      0.379E+09     -0.990E+02     -0.990E+02
      0.710E-03      0.547E+00      0.900E+00      0.379E+09     -0.990E+02     -0.990E+02
      0.790E-03      0.547E+00      0.900E+00      0.379E+09     -0.990E+02     -0.990E+02
      0.890E-03      0.547E+00      0.900E+00      0.379E+09     -0.990E+02     -0.990E+02
      0.100E-02      0.547E+00      0.900E+00      0.379E+09     -0.990E+02     -0.990E+02
      0.105E-02      0.547E+00      0.900E+00      0.379E+09     -0.990E+02     -0.990E+02
      0.110E-02      0.547E+00      0.900E+00      0.379E+09     -0.990E+02     -0.990E+02
      0.115E-02      0.547E+00      0.900E+00      0.379E+09     -0.990E+02     -0.990E+02
      0.120E-02      0.547E+00      0.900E+00      0.379E+09     -0.990E+02     -0.990E+02
      0.126E-02      0.547E+00      0.900E+00      0.379E+09     -0.990E+02     -0.990E+02
      0.132E-02      0.547E+00      0.900E+00      0.379E+09     -0.990E+02     -0.990E+02
      0.138E-02      0.547E+00      0.900E+00      0.379E+09     -0.990E+02     -0.990E+02
      0.145E-02      0.547E+00      0.900E+00      0.379E+09     -0.990E+02     -0.990E+02
      0.151E-02      0.547E+00      0.900E+00      0.379E+09     -0.990E+02     -0.990E+02
      0.158E-02      0.547E+00      0.900E+00      0.379E+09     -0.990E+02     -0.990E+02
      0.166E-02      0.547E+00      0.900E+00      0.379E+09     -0.990E+02     -0.990E+02
      0.174E-02      0.547E+00      0.900E+00      0.379E+09     -0.990E+02     -0.990E+02
      0.182E-02      0.547E+00      0.900E+00      0.379E+09     -0.990E+02     -0.990E+02
      0.191E-02      0.547E+00      0.900E+00      0.379E+09     -0.990E+02     -0.990E+02
      0.200E-02      0.547E+00      0.900E+00      0.379E+09     -0.990E+02     -0.990E+02
      0.209E-02      0.547E+00      0.900E+00      0.379E+09     -0.990E+02     -0.990E+02
      0.219E-02      0.547E+00      0.900E+00      0.379E+09     -0.990E+02     -0.990E+02
      0.229E-02      0.547E+00      0.900E+00      0.379E+09     -0.990E+02     -0.990E+02
      0.240E-02      0.547E+00      0.900E+00      0.379E+09     -0.990E+02     -0.990E+02
      0.251E-02      0.547E+00      0.900E+00      0.379E+09     -0.990E+02     -0.990E+02
      0.263E-02      0.547E+00      0.900E+00      0.379E+09     -0.990E+02     -0.990E+02
      0.275E-02      0.547E+00      0.900E+00      0.379E+09     -0.990E+02     -0.990E+02
      0.288E-02      0.547E+00      0.900E+00      0.379E+09     -0.990E+02     -0.990E+02
      0.302E-02      0.547E+00      0.900E+00      0.379E+09     -0.990E+02     -0.990E+02
      0.316E-02      0.547E+00      0.900E+00      0.379E+09     -0.990E+02     -0.990E+02
      0.331E-02      0.547E+00      0.900E+00      0.379E+09     -0.990E+02     -0.990E+02
      0.347E-02      0.547E+00      0.900E+00      0.379E+09     -0.990E+02     -0.990E+02
      0.363E-02      0.547E+00      0.900E+00      0.379E+09     -0.990E+02     -0.990E+02
      0.380E-02      0.547E+00      0.900E+00      0.379E+09     -0.990E+02     -0.990E+02
      0.398E-02      0.547E+00      0.900E+00      0.379E+09     -0.990E+02     -0.990E+02
      0.417E-02      0.547E+00      0.900E+00      0.379E+09     -0.990E+02     -0.990E+02
      0.437E-02      0.547E+00      0.900E+00      0.379E+09     -0.990E+02     -0.990E+02
      0.457E-02      0.547E+00      0.900E+00      0.379E+09     -0.990E+02     -0.990E+02
      0.479E-02      0.547E+00      0.900E+00      0.379E+09     -0.990E+02     -0.990E+02
      0.501E-02      0.547E+00      0.900E+00      0.379E+09     -0.990E+02     -0.990E+02
      0.525E-02      0.547E+00      0.900E+00      0.379E+09     -0.990E+02     -0.990E+02
      0.550E-02      0.547E+00      0.900E+00      0.379E+09     -0.990E+02     -0.990E+02
      0.575E-02      0.547E+00      0.900E+00      0.379E+09     -0.990E+02     -0.990E+02
      0.603E-02      0.547E+00      0.900E+00      0.379E+09     -0.990E+02     -0.990E+02
      0.631E-02      0.547E+00      0.900E+00      0.379E+09     -0.990E+02     -0.990E+02
      0.661E-02      0.547E+00      0.900E+00      0.379E+09     -0.990E+02     -0.990E+02
      0.692E-02      0.547E+00      0.900E+00      0.379E+09     -0.990E+02     -0.990E+02
      0.724E-02      0.547E+00      0.900E+00      0.379E+09     -0.990E+02     -0.990E+02
      0.759E-02      0.547E+00      0.900E+00      0.379E+09     -0.990E+02     -0.990E+02
      0.794E-02      0.547E+00      0.900E+00      0.379E+09     -0.990E+02     -0.990E+02
      0.832E-02      0.547E+00      0.900E+00      0.379E+09     -0.990E+02     -0.990E+02
      0.871E-02      0.547E+00      0.900E+00      0.379E+09     -0.990E+02     -0.990E+02
      0.912E-02      0.547E+00      0.900E+00      0.379E+09     -0.990E+02     -0.990E+02
      0.955E-02      0.547E+00      0.900E+00      0.379E+09     -0.990E+02     -0.990E+02
      0.100E-01      0.547E+00      0.900E+00      0.379E+09     -0.405E+00      0.692E+00
      0.105E-01      0.338E+00      0.281E+00      0.373E+09     -0.405E+00      0.692E+00
      0.110E-01      0.337E+00      0.280E+00      0.373E+09     -0.405E+00      0.692E+00
      0.115E-01      0.336E+00      0.279E+00      0.373E+09     -0.405E+00      0.691E+00
      0.120E-01      0.335E+00      0.278E+00      0.373E+09     -0.405E+00      0.691E+00
      0.126E-01      0.336E+00      0.279E+00      0.373E+09     -0.405E+00      0.690E+00
      0.132E-01      0.338E+00      0.280E+00      0.373E+09     -0.405E+00      0.690E+00
      0.138E-01      0.337E+00      0.279E+00      0.372E+09     -0.405E+00      0.689E+00
      0.144E-01      0.334E+00      0.277E+00      0.372E+09     -0.405E+00      0.689E+00
      0.151E-01      0.335E+00      0.277E+00      0.372E+09     -0.405E+00      0.688E+00
      0.159E-01      0.336E+00      0.278E+00      0.372E+09     -0.405E+00      0.688E+00
      0.166E-01      0.336E+00      0.278E+00      0.372E+09     -0.405E+00      0.687E+00
      0.174E-01      0.336E+00      0.278E+00      0.371E+09     -0.405E+00      0.687E+00
      0.182E-01      0.337E+00      0.279E+00      0.371E+09     -0.405E+00      0.686E+00
      0.191E-01      0.337E+00      0.278E+00      0.371E+09     -0.405E+00      0.685E+00
      0.200E-01      0.335E+00      0.277E+00      0.371E+09     -0.405E+00      0.685E+00
      0.209E-01      0.335E+00      0.276E+00      0.370E+09     -0.405E+00      0.684E+00
      0.219E-01      0.335E+00      0.276E+00      0.370E+09     -0.405E+00      0.683E+00
      0.229E-01      0.336E+00      0.276E+00      0.370E+09     -0.405E+00      0.683E+00
      0.240E-01      0.335E+00      0.276E+00      0.370E+09     -0.405E+00      0.682E+00
      0.251E-01      0.336E+00      0.276E+00      0.369E+09     -0.405E+00      0.681E+00
      0.263E-01      0.336E+00      0.276E+00      0.369E+09     -0.405E+00      0.681E+00
      0.275E-01      0.335E+00      0.275E+00      0.369E+09     -0.405E+00      0.680E+00
      0.290E-01      0.335E+00      0.275E+00      0.368E+09     -0.406E+00      0.679E+00
      0.300E-01      0.335E+00      0.274E+00      0.368E+09     -0.406E+00      0.678E+00
      0.310E-01      0.335E+00      0.274E+00      0.368E+09     -0.406E+00      0.677E+00
      0.320E-01      0.335E+00      0.274E+00      0.367E+09     -0.406E+00      0.677E+00
      0.330E-01      0.335E+00      0.274E+00      0.367E+09     -0.406E+00      0.676E+00
      0.340E-01      0.335E+00      0.273E+00      0.367E+09     -0.406E+00      0.676E+00
      0.350E-01      0.335E+00      0.273E+00      0.367E+09     -0.406E+00      0.675E+00
      0.360E-01      0.335E+00      0.273E+00      0.366E+09     -0.406E+00      0.674E+00
      0.370E-01      0.335E+00      0.273E+00      0.366E+09     -0.406E+00      0.674E+00
      0.380E-01      0.335E+00      0.272E+00      0.366E+09     -0.406E+00      0.673E+00
      0.390E-01      0.335E+00      0.272E+00      0.365E+09     -0.406E+00      0.673E+00
      0.400E-01      0.334E+00      0.272E+00      0.365E+09     -0.406E+00      0.672E+00
      0.425E-01      0.334E+00      0.271E+00      0.365E+09     -0.406E+00      0.671E+00
      0.450E-01      0.334E+00      0.271E+00      0.364E+09     -0.406E+00      0.669E+00
      0.475E-01      0.334E+00      0.270E+00      0.363E+09     -0.406E+00      0.668E+00
      0.500E-01      0.334E+00      0.270E+00      0.363E+09     -0.406E+00      0.666E+00
      0.525E-01      0.334E+00      0.269E+00      0.362E+09     -0.406E+00      0.665E+00
      0.550E-01      0.333E+00      0.268E+00      0.361E+09     -0.407E+00      0.663E+00
      0.571E-01      0.334E+00      0.268E+00      0.361E+09     -0.407E+00      0.662E+00
      0.640E-01      0.333E+00      0.266E+00      0.360E+09     -0.407E+00      0.657E+00
      0.719E-01      0.332E+00      0.265E+00      0.358E+09     -0.407E+00      0.652E+00
      0.806E-01      0.332E+00      0.263E+00      0.355E+09     -0.408E+00      0.647E+00
      0.905E-01      0.331E+00      0.261E+00      0.353E+09     -0.408E+00      0.642E+00
      0.102E+00      0.330E+00      0.258E+00      0.350E+09     -0.408E+00      0.634E+00
      0.114E+00      0.328E+00      0.255E+00      0.347E+09     -0.408E+00      0.625E+00
      0.128E+00      0.326E+00      0.251E+00      0.344E+09     -0.409E+00      0.616E+00
      0.143E+00      0.324E+00      0.248E+00      0.341E+09     -0.409E+00      0.607E+00
      0.161E+00      0.322E+00      0.245E+00      0.337E+09     -0.409E+00      0.598E+00
      0.181E+00      0.319E+00      0.241E+00      0.332E+09     -0.409E+00      0.590E+00
      0.203E+00      0.316E+00      0.238E+00      0.327E+09     -0.410E+00      0.583E+00
      0.227E+00      0.312E+00      0.235E+00      0.322E+09     -0.410E+00      0.576E+00
      0.255E+00      0.308E+00      0.230E+00      0.316E+09     -0.409E+00      0.571E+00
      0.286E+00      0.303E+00      0.225E+00      0.310E+09     -0.410E+00      0.567E+00
      0.321E+00      0.298E+00      0.220E+00      0.302E+09     -0.412E+00      0.565E+00
      0.360E+00      0.293E+00      0.215E+00      0.295E+09     -0.413E+00      0.565E+00
      0.404E+00      0.288E+00      0.211E+00      0.286E+09     -0.415E+00      0.565E+00
      0.453E+00      0.284E+00      0.207E+00      0.277E+09     -0.419E+00      0.565E+00
      0.509E+00      0.279E+00      0.202E+00      0.267E+09     -0.423E+00      0.563E+00
      0.571E+00      0.276E+00      0.197E+00      0.255E+09     -0.427E+00      0.558E+00
      0.641E+00      0.273E+00      0.193E+00      0.243E+09     -0.432E+00      0.555E+00
      0.719E+00      0.269E+00      0.191E+00      0.229E+09     -0.439E+00      0.560E+00
      0.806E+00      0.264E+00      0.185E+00      0.215E+09     -0.448E+00      0.562E+00
      0.905E+00      0.258E+00      0.178E+00      0.198E+09     -0.459E+00      0.565E+00
      0.102E+01      0.253E+00      0.174E+00      0.181E+09     -0.472E+00      0.575E+00
      0.114E+01      0.244E+00      0.167E+00      0.161E+09     -0.489E+00      0.584E+00
      0.128E+01      0.230E+00      0.157E+00      0.140E+09     -0.508E+00      0.601E+00
      0.143E+01      0.212E+00      0.146E+00      0.119E+09     -0.527E+00      0.612E+00
      0.161E+01      0.187E+00      0.131E+00      0.964E+08     -0.542E+00      0.620E+00
      0.168E+01      0.176E+00      0.125E+00      0.820E+08     -0.548E+00      0.632E+00
      0.170E+01      0.173E+00      0.124E+00      0.770E+08     -0.549E+00      0.637E+00
      0.180E+01      0.157E+00      0.115E+00      0.705E+08     -0.553E+00      0.650E+00
      0.190E+01      0.142E+00      0.107E+00      0.608E+08     -0.551E+00      0.663E+00
      0.200E+01      0.128E+00      0.102E+00      0.521E+08     -0.548E+00      0.691E+00
      0.210E+01      0.115E+00      0.960E-01      0.442E+08     -0.549E+00      0.717E+00
      0.220E+01      0.104E+00      0.911E-01      0.371E+08     -0.555E+00      0.762E+00
      0.230E+01      0.925E-01      0.864E-01      0.308E+08     -0.557E+00      0.811E+00
      0.240E+01      0.800E-01      0.791E-01      0.252E+08     -0.562E+00      0.860E+00
      0.250E+01      0.677E-01      0.711E-01      0.203E+08     -0.569E+00      0.917E+00
      0.260E+01      0.568E-01      0.637E-01      0.162E+08     -0.581E+00      0.993E+00
      0.275E+01      0.423E-01      0.519E-01      0.119E+08     -0.620E+00      0.117E+01
      0.300E+01      0.254E-01      0.380E-01      0.687E+07     -0.629E+00      0.139E+01
      0.325E+01      0.140E-01      0.262E-01      0.309E+07     -0.676E+00      0.188E+01
      0.350E+01      0.567E-02      0.146E-01      0.103E+07     -0.736E+00      0.277E+01
      0.375E+01      0.124E-02      0.444E-02      0.196E+06     -0.903E+00      0.446E+01
      0.400E+01      0.958E-04      0.869E-03      0.144E+05     -0.106E+01      0.124E+02
      0.425E+01      0.292E-05      0.983E-04      0.422E+03     -0.890E+00      0.392E+02
      0.450E+01      0.000E+00      0.000E+00      0.000E+00     -0.990E+02     -0.990E+02
      0.475E+01      0.000E+00      0.000E+00      0.000E+00     -0.990E+02     -0.990E+02
      0.500E+01      0.000E+00      0.000E+00      0.000E+00     -0.990E+02     -0.990E+02
      0.525E+01      0.000E+00      0.000E+00      0.000E+00     -0.990E+02     -0.990E+02
      0.550E+01      0.000E+00      0.000E+00      0.000E+00     -0.990E+02     -0.990E+02
      0.575E+01      0.000E+00      0.000E+00      0.000E+00     -0.990E+02     -0.990E+02
      0.600E+01      0.000E+00      0.000E+00      0.000E+00     -0.990E+02     -0.990E+02
      0.625E+01      0.000E+00      0.000E+00      0.000E+00     -0.990E+02     -0.990E+02
      0.650E+01      0.000E+00      0.000E+00      0.000E+00     -0.990E+02     -0.990E+02
      0.675E+01      0.000E+00      0.000E+00      0.000E+00     -0.990E+02     -0.990E+02
      0.700E+01      0.000E+00      0.000E+00      0.000E+00     -0.990E+02     -0.990E+02
      0.725E+01      0.000E+00      0.000E+00      0.000E+00     -0.990E+02     -0.990E+02
      0.750E+01      0.000E+00      0.000E+00      0.000E+00     -0.990E+02     -0.990E+02
      0.775E+01      0.000E+00      0.000E+00      0.000E+00     -0.990E+02     -0.990E+02
      0.800E+01      0.000E+00      0.000E+00      0.000E+00     -0.990E+02     -0.990E+02
      0.825E+01      0.000E+00      0.000E+00      0.000E+00     -0.990E+02     -0.990E+02
      0.850E+01      0.000E+00      0.000E+00      0.000E+00     -0.990E+02     -0.990E+02
      0.875E+01      0.000E+00      0.000E+00      0.000E+00     -0.990E+02     -0.990E+02
      0.900E+01      0.000E+00      0.000E+00      0.000E+00     -0.990E+02     -0.990E+02
      0.925E+01      0.000E+00      0.000E+00      0.000E+00     -0.990E+02     -0.990E+02
      0.950E+01      0.000E+00      0.000E+00      0.000E+00     -0.990E+02     -0.990E+02
      0.975E+01      0.000E+00      0.000E+00      0.000E+00     -0.990E+02     -0.990E+02
      0.100E+02      0.000E+00      0.000E+00      0.000E+00     -0.990E+02     -0.990E+02
      0.102E+02      0.000E+00      0.000E+00      0.000E+00     -0.990E+02     -0.990E+02
      0.105E+02      0.000E+00      0.000E+00      0.000E+00     -0.990E+02     -0.990E+02
      0.108E+02      0.000E+00      0.000E+00      0.000E+00     -0.990E+02     -0.990E+02
      0.110E+02      0.000E+00      0.000E+00      0.000E+00     -0.990E+02     -0.990E+02
      0.112E+02      0.000E+00      0.000E+00      0.000E+00     -0.990E+02     -0.990E+02
      0.115E+02      0.000E+00      0.000E+00      0.000E+00     -0.990E+02     -0.990E+02
      0.118E+02      0.000E+00      0.000E+00      0.000E+00     -0.990E+02     -0.990E+02
      0.120E+02      0.000E+00      0.000E+00      0.000E+00     -0.990E+02     -0.990E+02
      0.122E+02      0.000E+00      0.000E+00      0.000E+00     -0.990E+02     -0.990E+02
      0.125E+02      0.000E+00      0.000E+00      0.000E+00     -0.990E+02     -0.990E+02
      0.128E+02      0.000E+00      0.000E+00      0.000E+00     -0.990E+02     -0.990E+02
      0.130E+02      0.000E+00      0.000E+00      0.000E+00     -0.990E+02     -0.990E+02
      0.132E+02      0.000E+00      0.000E+00      0.000E+00     -0.990E+02     -0.990E+02
      0.135E+02      0.000E+00      0.000E+00      0.000E+00     -0.990E+02     -0.990E+02
      0.138E+02      0.000E+00      0.000E+00      0.000E+00     -0.990E+02     -0.990E+02
      0.140E+02      0.000E+00      0.000E+00      0.000E+00     -0.990E+02     -0.990E+02
      0.142E+02      0.000E+00      0.000E+00      0.000E+00     -0.990E+02     -0.990E+02
      0.145E+02      0.000E+00      0.000E+00      0.000E+00     -0.990E+02     -0.990E+02
      0.148E+02      0.000E+00      0.000E+00      0.000E+00     -0.990E+02     -0.990E+02
      0.150E+02      0.000E+00      0.000E+00      0.000E+00     -0.990E+02     -0.990E+02
      0.152E+02      0.000E+00      0.000E+00      0.000E+00     -0.990E+02     -0.990E+02
      0.155E+02      0.000E+00      0.000E+00      0.000E+00     -0.990E+02     -0.990E+02
      0.158E+02      0.000E+00      0.000E+00      0.000E+00     -0.990E+02     -0.990E+02
      0.160E+02      0.000E+00      0.000E+00      0.000E+00     -0.990E+02     -0.990E+02
      0.162E+02      0.000E+00      0.000E+00      0.000E+00     -0.990E+02     -0.990E+02
      0.165E+02      0.000E+00      0.000E+00      0.000E+00     -0.990E+02     -0.990E+02
      0.168E+02      0.000E+00      0.000E+00      0.000E+00     -0.990E+02     -0.990E+02
      0.170E+02      0.000E+00      0.000E+00      0.000E+00     -0.990E+02     -0.990E+02
      0.172E+02      0.000E+00      0.000E+00      0.000E+00     -0.990E+02     -0.990E+02
      0.175E+02      0.000E+00      0.000E+00      0.000E+00     -0.990E+02     -0.990E+02
      0.178E+02      0.000E+00      0.000E+00      0.000E+00     -0.990E+02     -0.990E+02
      0.180E+02      0.000E+00      0.000E+00      0.000E+00     -0.990E+02     -0.990E+02
      0.182E+02      0.000E+00      0.000E+00      0.000E+00     -0.990E+02     -0.990E+02
      0.185E+02      0.000E+00      0.000E+00      0.000E+00     -0.990E+02     -0.990E+02
      0.188E+02      0.000E+00      0.000E+00      0.000E+00     -0.990E+02     -0.990E+02
      0.190E+02      0.000E+00      0.000E+00      0.000E+00     -0.990E+02     -0.990E+02
      0.192E+02      0.000E+00      0.000E+00      0.000E+00     -0.990E+02     -0.990E+02
      0.195E+02      0.000E+00      0.000E+00      0.000E+00     -0.990E+02     -0.990E+02
      0.198E+02      0.000E+00      0.000E+00      0.000E+00     -0.990E+02     -0.990E+02
      0.200E+02      0.000E+00      0.000E+00      0.000E+00     -0.990E+02     -0.990E+02
