      0.000E+00      0.189E+01      0.148E+01      0.430E+09     -0.990E+02     -0.990E+02
      0.100E-03      0.189E+01      0.148E+01      0.430E+09     -0.990E+02     -0.990E+02
      0.140E-03      0.189E+01      0.148E+01      0.430E+09     -0.990E+02     -0.990E+02
      0.160E-03      0.189E+01      0.148E+01      0.430E+09     -0.990E+02     -0.990E+02
      0.180E-03      0.189E+01      0.148E+01      0.430E+09     -0.990E+02     -0.990E+02
      0.200E-03      0.189E+01      0.148E+01      0.430E+09     -0.990E+02     -0.990E+02
      0.220E-03      0.189E+01      0.148E+01      0.430E+09     -0.990E+02     -0.990E+02
      0.250E-03      0.189E+01      0.148E+01      0.430E+09     -0.990E+02     -0.990E+02
      0.280E-03      0.189E+01      0.148E+01      0.430E+09     -0.990E+02     -0.990E+02
      0.320E-03      0.189E+01      0.148E+01      0.430E+09     -0.990E+02     -0.990E+02
      0.350E-03      0.189E+01      0.148E+01      0.430E+09     -0.990E+02     -0.990E+02
      0.400E-03      0.189E+01      0.148E+01      0.430E+09     -0.990E+02     -0.990E+02
      0.450E-03      0.189E+01      0.148E+01      0.430E+09     -0.990E+02     -0.990E+02
      0.500E-03      0.189E+01      0.148E+01      0.430E+09     -0.990E+02     -0.990E+02
      0.560E-03      0.189E+01      0.148E+01      0.430E+09     -0.990E+02     -0.990E+02
      0.630E-03      0.189E+01      0.148E+01      0.430E+09     -0.990E+02     -0.990E+02
      0.710E-03      0.189E+01      0.148E+01      0.430E+09     -0.990E+02     -0.990E+02
      0.790E-03      0.189E+01      0.148E+01      0.430E+09     -0.990E+02     -0.990E+02
      0.890E-03      0.189E+01      0.148E+01      0.430E+09     -0.990E+02     -0.990E+02
      0.100E-02      0.189E+01      0.148E+01      0.430E+09     -0.990E+02     -0.990E+02
      0.105E-02      0.189E+01      0.148E+01      0.430E+09     -0.990E+02     -0.990E+02
      0.110E-02      0.189E+01      0.148E+01      0.430E+09     -0.990E+02     -0.990E+02
      0.115E-02      0.189E+01      0.148E+01      0.430E+09     -0.990E+02     -0.990E+02
      0.120E-02      0.189E+01      0.148E+01      0.430E+09     -0.990E+02     -0.990E+02
      0.126E-02      0.189E+01      0.148E+01      0.430E+09     -0.990E+02     -0.990E+02
      0.132E-02      0.189E+01      0.148E+01      0.430E+09     -0.990E+02     -0.990E+02
      0.138E-02      0.189E+01      0.148E+01      0.430E+09     -0.990E+02     -0.990E+02
      0.145E-02      0.189E+01      0.148E+01      0.430E+09     -0.990E+02     -0.990E+02
      0.151E-02      0.189E+01      0.148E+01      0.430E+09     -0.990E+02     -0.990E+02
      0.158E-02      0.189E+01      0.148E+01      0.430E+09     -0.990E+02     -0.990E+02
      0.166E-02      0.189E+01      0.148E+01      0.430E+09     -0.990E+02     -0.990E+02
      0.174E-02      0.189E+01      0.148E+01      0.430E+09     -0.990E+02     -0.990E+02
      0.182E-02      0.189E+01      0.148E+01      0.430E+09     -0.990E+02     -0.990E+02
      0.191E-02      0.189E+01      0.148E+01      0.430E+09     -0.990E+02     -0.990E+02
      0.200E-02      0.189E+01      0.148E+01      0.430E+09     -0.990E+02     -0.990E+02
      0.209E-02      0.189E+01      0.148E+01      0.430E+09     -0.990E+02     -0.990E+02
      0.219E-02      0.189E+01      0.148E+01      0.430E+09     -0.990E+02     -0.990E+02
      0.229E-02      0.189E+01      0.148E+01      0.430E+09     -0.990E+02     -0.990E+02
      0.240E-02      0.189E+01      0.148E+01      0.430E+09     -0.990E+02     -0.990E+02
      0.251E-02      0.189E+01      0.148E+01      0.430E+09     -0.990E+02     -0.990E+02
      0.263E-02      0.189E+01      0.148E+01      0.430E+09     -0.990E+02     -0.990E+02
      0.275E-02      0.189E+01      0.148E+01      0.430E+09     -0.990E+02     -0.990E+02
      0.288E-02      0.189E+01      0.148E+01      0.430E+09     -0.990E+02     -0.990E+02
      0.302E-02      0.189E+01      0.148E+01      0.430E+09     -0.990E+02     -0.990E+02
      0.316E-02      0.189E+01      0.148E+01      0.430E+09     -0.990E+02     -0.990E+02
      0.331E-02      0.189E+01      0.148E+01      0.430E+09     -0.990E+02     -0.990E+02
      0.347E-02      0.189E+01      0.148E+01      0.430E+09     -0.990E+02     -0.990E+02
      0.363E-02      0.189E+01      0.148E+01      0.430E+09     -0.990E+02     -0.990E+02
      0.380E-02      0.189E+01      0.148E+01      0.430E+09     -0.990E+02     -0.990E+02
      0.398E-02      0.189E+01      0.148E+01      0.430E+09     -0.990E+02     -0.990E+02
      0.417E-02      0.189E+01      0.148E+01      0.430E+09     -0.990E+02     -0.990E+02
      0.437E-02      0.189E+01      0.148E+01      0.430E+09     -0.990E+02     -0.990E+02
      0.457E-02      0.189E+01      0.148E+01      0.430E+09     -0.990E+02     -0.990E+02
      0.479E-02      0.189E+01      0.148E+01      0.430E+09     -0.990E+02     -0.990E+02
      0.501E-02      0.189E+01      0.148E+01      0.430E+09     -0.990E+02     -0.990E+02
      0.525E-02      0.189E+01      0.148E+01      0.430E+09     -0.990E+02     -0.990E+02
      0.550E-02      0.189E+01      0.148E+01      0.430E+09     -0.990E+02     -0.990E+02
      0.575E-02      0.189E+01      0.148E+01      0.430E+09     -0.990E+02     -0.990E+02
      0.603E-02      0.189E+01      0.148E+01      0.430E+09     -0.990E+02     -0.990E+02
      0.631E-02      0.189E+01      0.148E+01      0.430E+09     -0.990E+02     -0.990E+02
      0.661E-02      0.189E+01      0.148E+01      0.430E+09     -0.990E+02     -0.990E+02
      0.692E-02      0.189E+01      0.148E+01      0.430E+09     -0.990E+02     -0.990E+02
      0.724E-02      0.189E+01      0.148E+01      0.430E+09     -0.990E+02     -0.990E+02
      0.759E-02      0.189E+01      0.148E+01      0.430E+09     -0.990E+02     -0.990E+02
      0.794E-02      0.189E+01      0.148E+01      0.430E+09     -0.990E+02     -0.990E+02
      0.832E-02      0.189E+01      0.148E+01      0.430E+09     -0.990E+02     -0.990E+02
      0.871E-02      0.189E+01      0.148E+01      0.430E+09     -0.990E+02     -0.990E+02
      0.912E-02      0.189E+01      0.148E+01      0.430E+09     -0.990E+02     -0.990E+02
      0.955E-02      0.189E+01      0.148E+01      0.430E+09     -0.990E+02     -0.990E+02
      0.100E-01      0.189E+01      0.148E+01      0.430E+09     -0.648E+00      0.656E+00
      0.105E-01      0.155E+01      0.951E+00      0.411E+09     -0.648E+00      0.656E+00
      0.110E-01      0.155E+01      0.945E+00      0.410E+09     -0.648E+00      0.656E+00
      0.115E-01      0.154E+01      0.940E+00      0.409E+09     -0.648E+00      0.656E+00
      0.120E-01      0.154E+01      0.937E+00      0.409E+09     -0.649E+00      0.656E+00
      0.126E-01      0.154E+01      0.937E+00      0.408E+09     -0.649E+00      0.656E+00
      0.132E-01      0.154E+01      0.940E+00      0.407E+09     -0.649E+00      0.656E+00
      0.138E-01      0.154E+01      0.935E+00      0.406E+09     -0.650E+00      0.656E+00
      0.144E-01      0.152E+01      0.926E+00      0.405E+09     -0.650E+00      0.656E+00
      0.151E-01      0.152E+01      0.925E+00      0.405E+09     -0.650E+00      0.656E+00
      0.159E-01      0.152E+01      0.926E+00      0.404E+09     -0.651E+00      0.657E+00
      0.166E-01      0.152E+01      0.923E+00      0.403E+09     -0.651E+00      0.657E+00
      0.174E-01      0.152E+01      0.922E+00      0.402E+09     -0.652E+00      0.657E+00
      0.182E-01      0.152E+01      0.923E+00      0.401E+09     -0.652E+00      0.657E+00
      0.191E-01      0.152E+01      0.919E+00      0.400E+09     -0.653E+00      0.657E+00
      0.200E-01      0.151E+01      0.912E+00      0.398E+09     -0.653E+00      0.658E+00
      0.209E-01      0.150E+01      0.907E+00      0.397E+09     -0.654E+00      0.658E+00
      0.219E-01      0.150E+01      0.905E+00      0.396E+09     -0.654E+00      0.658E+00
      0.229E-01      0.150E+01      0.903E+00      0.395E+09     -0.655E+00      0.659E+00
      0.240E-01      0.149E+01      0.900E+00      0.393E+09     -0.655E+00      0.659E+00
      0.251E-01      0.149E+01      0.898E+00      0.392E+09     -0.656E+00      0.659E+00
      0.263E-01      0.148E+01      0.894E+00      0.391E+09     -0.657E+00      0.660E+00
      0.275E-01      0.148E+01      0.888E+00      0.389E+09     -0.657E+00      0.660E+00
      0.290E-01      0.147E+01      0.884E+00      0.387E+09     -0.658E+00      0.661E+00
      0.300E-01      0.147E+01      0.881E+00      0.386E+09     -0.659E+00      0.661E+00
      0.310E-01      0.146E+01      0.879E+00      0.385E+09     -0.659E+00      0.661E+00
      0.320E-01      0.146E+01      0.876E+00      0.384E+09     -0.660E+00      0.661E+00
      0.330E-01      0.145E+01      0.873E+00      0.382E+09     -0.660E+00      0.662E+00
      0.340E-01      0.145E+01      0.870E+00      0.381E+09     -0.661E+00      0.662E+00
      0.350E-01      0.145E+01      0.867E+00      0.380E+09     -0.661E+00      0.662E+00
      0.360E-01      0.144E+01      0.864E+00      0.379E+09     -0.662E+00      0.662E+00
      0.370E-01      0.144E+01      0.862E+00      0.378E+09     -0.663E+00      0.662E+00
      0.380E-01      0.144E+01      0.859E+00      0.376E+09     -0.664E+00      0.662E+00
      0.390E-01      0.144E+01      0.856E+00      0.375E+09     -0.664E+00      0.662E+00
      0.400E-01      0.143E+01      0.854E+00      0.374E+09     -0.665E+00      0.662E+00
      0.425E-01      0.143E+01      0.847E+00      0.372E+09     -0.666E+00      0.662E+00
      0.450E-01      0.142E+01      0.841E+00      0.369E+09     -0.668E+00      0.662E+00
      0.475E-01      0.141E+01      0.835E+00      0.366E+09     -0.669E+00      0.662E+00
      0.500E-01      0.141E+01      0.829E+00      0.364E+09     -0.671E+00      0.661E+00
      0.525E-01      0.140E+01      0.823E+00      0.361E+09     -0.672E+00      0.661E+00
      0.550E-01      0.139E+01      0.817E+00      0.358E+09     -0.673E+00      0.660E+00
      0.571E-01      0.139E+01      0.813E+00      0.355E+09     -0.674E+00      0.660E+00
      0.640E-01      0.137E+01      0.796E+00      0.350E+09     -0.678E+00      0.658E+00
      0.719E-01      0.135E+01      0.778E+00      0.343E+09     -0.683E+00      0.657E+00
      0.806E-01      0.133E+01      0.759E+00      0.334E+09     -0.688E+00      0.657E+00
      0.905E-01      0.131E+01      0.739E+00      0.324E+09     -0.694E+00      0.657E+00
      0.102E+00      0.128E+01      0.718E+00      0.314E+09     -0.701E+00      0.659E+00
      0.114E+00      0.125E+01      0.696E+00      0.302E+09     -0.708E+00      0.663E+00
      0.128E+00      0.122E+01      0.672E+00      0.290E+09     -0.722E+00      0.665E+00
      0.143E+00      0.119E+01      0.646E+00      0.276E+09     -0.735E+00      0.661E+00
      0.161E+00      0.116E+01      0.617E+00      0.262E+09     -0.751E+00      0.658E+00
      0.181E+00      0.111E+01      0.578E+00      0.246E+09     -0.763E+00      0.646E+00
      0.203E+00      0.106E+01      0.535E+00      0.229E+09     -0.777E+00      0.637E+00
      0.227E+00      0.993E+00      0.492E+00      0.211E+09     -0.794E+00      0.634E+00
      0.255E+00      0.923E+00      0.452E+00      0.192E+09     -0.816E+00      0.646E+00
      0.286E+00      0.848E+00      0.421E+00      0.173E+09     -0.843E+00      0.682E+00
      0.321E+00      0.756E+00      0.374E+00      0.153E+09     -0.871E+00      0.704E+00
      0.360E+00      0.663E+00      0.335E+00      0.134E+09     -0.898E+00      0.746E+00
      0.404E+00      0.543E+00      0.290E+00      0.114E+09     -0.898E+00      0.779E+00
      0.453E+00      0.442E+00      0.246E+00      0.969E+08     -0.876E+00      0.758E+00
      0.509E+00      0.350E+00      0.216E+00      0.810E+08     -0.813E+00      0.720E+00
      0.571E+00      0.270E+00      0.200E+00      0.670E+08     -0.702E+00      0.714E+00
      0.641E+00      0.217E+00      0.193E+00      0.550E+08     -0.586E+00      0.743E+00
      0.719E+00      0.186E+00      0.178E+00      0.442E+08     -0.562E+00      0.763E+00
      0.806E+00      0.149E+00      0.150E+00      0.339E+08     -0.558E+00      0.803E+00
      0.905E+00      0.115E+00      0.118E+00      0.247E+08     -0.609E+00      0.903E+00
      0.102E+01      0.878E-01      0.103E+00      0.169E+08     -0.675E+00      0.110E+01
      0.114E+01      0.588E-01      0.864E-01      0.102E+08     -0.687E+00      0.138E+01
      0.128E+01      0.317E-01      0.516E-01      0.519E+07     -0.805E+00      0.183E+01
      0.143E+01      0.154E-01      0.301E-01      0.220E+07     -0.851E+00      0.225E+01
      0.161E+01      0.368E-02      0.142E-01      0.594E+06     -0.806E+00      0.417E+01
      0.168E+01      0.261E-02      0.117E-01      0.312E+06     -0.788E+00      0.476E+01
      0.170E+01      0.237E-02      0.109E-01      0.238E+06     -0.779E+00      0.483E+01
      0.180E+01      0.124E-02      0.831E-02      0.150E+06     -0.703E+00      0.590E+01
      0.190E+01      0.511E-03      0.685E-02      0.736E+05     -0.572E+00      0.990E+01
      0.200E+01      0.346E-03      0.451E-02      0.419E+05     -0.597E+00      0.104E+02
      0.210E+01      0.189E-03      0.257E-02      0.206E+05     -0.632E+00      0.115E+02
      0.220E+01      0.980E-04      0.150E-02      0.903E+04     -0.577E+00      0.124E+02
      0.230E+01      0.413E-04      0.642E-03      0.304E+04     -0.663E+00      0.146E+02
      0.240E+01      0.659E-05      0.226E-03      0.538E+03     -0.588E+00      0.254E+02
      0.250E+01      0.227E-05      0.900E-04      0.138E+03     -0.412E+00      0.221E+02
      0.260E+01      0.343E-09      0.415E-07      0.389E-01     -0.163E+01      0.279E+03
      0.275E+01      0.107E-09      0.130E-07      0.130E-01     -0.163E+01      0.279E+03
      0.300E+01      0.000E+00      0.000E+00      0.000E+00     -0.990E+02     -0.990E+02
      0.325E+01      0.000E+00      0.000E+00      0.000E+00     -0.990E+02     -0.990E+02
      0.350E+01      0.000E+00      0.000E+00      0.000E+00     -0.990E+02     -0.990E+02
      0.375E+01      0.000E+00      0.000E+00      0.000E+00     -0.990E+02     -0.990E+02
      0.400E+01      0.000E+00      0.000E+00      0.000E+00     -0.990E+02     -0.990E+02
      0.425E+01      0.000E+00      0.000E+00      0.000E+00     -0.990E+02     -0.990E+02
      0.450E+01      0.000E+00      0.000E+00      0.000E+00     -0.990E+02     -0.990E+02
      0.475E+01      0.000E+00      0.000E+00      0.000E+00     -0.990E+02     -0.990E+02
      0.500E+01      0.000E+00      0.000E+00      0.000E+00     -0.990E+02     -0.990E+02
      0.525E+01      0.000E+00      0.000E+00      0.000E+00     -0.990E+02     -0.990E+02
      0.550E+01      0.000E+00      0.000E+00      0.000E+00     -0.990E+02     -0.990E+02
      0.575E+01      0.000E+00      0.000E+00      0.000E+00     -0.990E+02     -0.990E+02
      0.600E+01      0.000E+00      0.000E+00      0.000E+00     -0.990E+02     -0.990E+02
      0.625E+01      0.000E+00      0.000E+00      0.000E+00     -0.990E+02     -0.990E+02
      0.650E+01      0.000E+00      0.000E+00      0.000E+00     -0.990E+02     -0.990E+02
      0.675E+01      0.000E+00      0.000E+00      0.000E+00     -0.990E+02     -0.990E+02
      0.700E+01      0.000E+00      0.000E+00      0.000E+00     -0.990E+02     -0.990E+02
      0.725E+01      0.000E+00      0.000E+00      0.000E+00     -0.990E+02     -0.990E+02
      0.750E+01      0.000E+00      0.000E+00      0.000E+00     -0.990E+02     -0.990E+02
      0.775E+01      0.000E+00      0.000E+00      0.000E+00     -0.990E+02     -0.990E+02
      0.800E+01      0.000E+00      0.000E+00      0.000E+00     -0.990E+02     -0.990E+02
      0.825E+01      0.000E+00      0.000E+00      0.000E+00     -0.990E+02     -0.990E+02
      0.850E+01      0.000E+00      0.000E+00      0.000E+00     -0.990E+02     -0.990E+02
      0.875E+01      0.000E+00      0.000E+00      0.000E+00     -0.990E+02     -0.990E+02
      0.900E+01      0.000E+00      0.000E+00      0.000E+00     -0.990E+02     -0.990E+02
      0.925E+01      0.000E+00      0.000E+00      0.000E+00     -0.990E+02     -0.990E+02
      0.950E+01      0.000E+00      0.000E+00      0.000E+00     -0.990E+02     -0.990E+02
      0.975E+01      0.000E+00      0.000E+00      0.000E+00     -0.990E+02     -0.990E+02
      0.100E+02      0.000E+00      0.000E+00      0.000E+00     -0.990E+02     -0.990E+02
      0.102E+02      0.000E+00      0.000E+00      0.000E+00     -0.990E+02     -0.990E+02
      0.105E+02      0.000E+00      0.000E+00      0.000E+00     -0.990E+02     -0.990E+02
      0.108E+02      0.000E+00      0.000E+00      0.000E+00     -0.990E+02     -0.990E+02
      0.110E+02      0.000E+00      0.000E+00      0.000E+00     -0.990E+02     -0.990E+02
      0.112E+02      0.000E+00      0.000E+00      0.000E+00     -0.990E+02     -0.990E+02
      0.115E+02      0.000E+00      0.000E+00      0.000E+00     -0.990E+02     -0.990E+02
      0.118E+02      0.000E+00      0.000E+00      0.000E+00     -0.990E+02     -0.990E+02
      0.120E+02      0.000E+00      0.000E+00      0.000E+00     -0.990E+02     -0.990E+02
      0.122E+02      0.000E+00      0.000E+00      0.000E+00     -0.990E+02     -0.990E+02
      0.125E+02      0.000E+00      0.000E+00      0.000E+00     -0.990E+02     -0.990E+02
      0.128E+02      0.000E+00      0.000E+00      0.000E+00     -0.990E+02     -0.990E+02
      0.130E+02      0.000E+00      0.000E+00      0.000E+00     -0.990E+02     -0.990E+02
      0.132E+02      0.000E+00      0.000E+00      0.000E+00     -0.990E+02     -0.990E+02
      0.135E+02      0.000E+00      0.000E+00      0.000E+00     -0.990E+02     -0.990E+02
      0.138E+02      0.000E+00      0.000E+00      0.000E+00     -0.990E+02     -0.990E+02
      0.140E+02      0.000E+00      0.000E+00      0.000E+00     -0.990E+02     -0.990E+02
      0.142E+02      0.000E+00      0.000E+00      0.000E+00     -0.990E+02     -0.990E+02
      0.145E+02      0.000E+00      0.000E+00      0.000E+00     -0.990E+02     -0.990E+02
      0.148E+02      0.000E+00      0.000E+00      0.000E+00     -0.990E+02     -0.990E+02
      0.150E+02      0.000E+00      0.000E+00      0.000E+00     -0.990E+02     -0.990E+02
      0.152E+02      0.000E+00      0.000E+00      0.000E+00     -0.990E+02     -0.990E+02
      0.155E+02      0.000E+00      0.000E+00      0.000E+00     -0.990E+02     -0.990E+02
      0.158E+02      0.000E+00      0.000E+00      0.000E+00     -0.990E+02     -0.990E+02
      0.160E+02      0.000E+00      0.000E+00      0.000E+00     -0.990E+02     -0.990E+02
      0.162E+02      0.000E+00      0.000E+00      0.000E+00     -0.990E+02     -0.990E+02
      0.165E+02      0.000E+00      0.000E+00      0.000E+00     -0.990E+02     -0.990E+02
      0.168E+02      0.000E+00      0.000E+00      0.000E+00     -0.990E+02     -0.990E+02
      0.170E+02      0.000E+00      0.000E+00      0.000E+00     -0.990E+02     -0.990E+02
      0.172E+02      0.000E+00      0.000E+00      0.000E+00     -0.990E+02     -0.990E+02
      0.175E+02      0.000E+00      0.000E+00      0.000E+00     -0.990E+02     -0.990E+02
      0.178E+02      0.000E+00      0.000E+00      0.000E+00     -0.990E+02     -0.990E+02
      0.180E+02      0.000E+00      0.000E+00      0.000E+00     -0.990E+02     -0.990E+02
      0.182E+02      0.000E+00      0.000E+00      0.000E+00     -0.990E+02     -0.990E+02
      0.185E+02      0.000E+00      0.000E+00      0.000E+00     -0.990E+02     -0.990E+02
      0.188E+02      0.000E+00      0.000E+00      0.000E+00     -0.990E+02     -0.990E+02
      0.190E+02      0.000E+00      0.000E+00      0.000E+00     -0.990E+02     -0.990E+02
      0.192E+02      0.000E+00      0.000E+00      0.000E+00     -0.990E+02     -0.990E+02
      0.195E+02      0.000E+00      0.000E+00      0.000E+00     -0.990E+02     -0.990E+02
      0.198E+02      0.000E+00      0.000E+00      0.000E+00     -0.990E+02     -0.990E+02
      0.200E+02      0.000E+00      0.000E+00      0.000E+00     -0.990E+02     -0.990E+02
