      0.000E+00      0.499E+03      0.145E+02      0.337E+11     -0.990E+02     -0.990E+02
      0.100E-03      0.499E+03      0.145E+02      0.337E+11     -0.990E+02     -0.990E+02
      0.140E-03      0.499E+03      0.145E+02      0.337E+11     -0.990E+02     -0.990E+02
      0.160E-03      0.499E+03      0.145E+02      0.337E+11     -0.990E+02     -0.990E+02
      0.180E-03      0.499E+03      0.145E+02      0.337E+11     -0.990E+02     -0.990E+02
      0.200E-03      0.499E+03      0.145E+02      0.337E+11     -0.990E+02     -0.990E+02
      0.220E-03      0.499E+03      0.145E+02      0.337E+11     -0.990E+02     -0.990E+02
      0.250E-03      0.499E+03      0.145E+02      0.337E+11     -0.990E+02     -0.990E+02
      0.280E-03      0.499E+03      0.145E+02      0.337E+11     -0.990E+02     -0.990E+02
      0.320E-03      0.499E+03      0.145E+02      0.337E+11     -0.990E+02     -0.990E+02
      0.350E-03      0.499E+03      0.145E+02      0.337E+11     -0.990E+02     -0.990E+02
      0.400E-03      0.499E+03      0.145E+02      0.337E+11     -0.990E+02     -0.990E+02
      0.450E-03      0.499E+03      0.145E+02      0.337E+11     -0.990E+02     -0.990E+02
      0.500E-03      0.499E+03      0.145E+02      0.337E+11     -0.990E+02     -0.990E+02
      0.560E-03      0.499E+03      0.145E+02      0.337E+11     -0.990E+02     -0.990E+02
      0.630E-03      0.499E+03      0.145E+02      0.337E+11     -0.990E+02     -0.990E+02
      0.710E-03      0.499E+03      0.145E+02      0.337E+11     -0.990E+02     -0.990E+02
      0.790E-03      0.499E+03      0.145E+02      0.337E+11     -0.990E+02     -0.990E+02
      0.890E-03      0.499E+03      0.145E+02      0.337E+11     -0.990E+02     -0.990E+02
      0.100E-02      0.499E+03      0.145E+02      0.337E+11     -0.990E+02     -0.990E+02
      0.105E-02      0.499E+03      0.145E+02      0.337E+11     -0.990E+02     -0.990E+02
      0.110E-02      0.499E+03      0.145E+02      0.337E+11     -0.990E+02     -0.990E+02
      0.115E-02      0.499E+03      0.145E+02      0.337E+11     -0.990E+02     -0.990E+02
      0.120E-02      0.499E+03      0.145E+02      0.337E+11     -0.990E+02     -0.990E+02
      0.126E-02      0.499E+03      0.145E+02      0.337E+11     -0.990E+02     -0.990E+02
      0.132E-02      0.499E+03      0.145E+02      0.337E+11     -0.990E+02     -0.990E+02
      0.138E-02      0.499E+03      0.145E+02      0.337E+11     -0.990E+02     -0.990E+02
      0.145E-02      0.499E+03      0.145E+02      0.337E+11     -0.990E+02     -0.990E+02
      0.151E-02      0.499E+03      0.145E+02      0.337E+11     -0.990E+02     -0.990E+02
      0.158E-02      0.499E+03      0.145E+02      0.337E+11     -0.990E+02     -0.990E+02
      0.166E-02      0.499E+03      0.145E+02      0.337E+11     -0.990E+02     -0.990E+02
      0.174E-02      0.499E+03      0.145E+02      0.337E+11     -0.990E+02     -0.990E+02
      0.182E-02      0.499E+03      0.145E+02      0.337E+11     -0.990E+02     -0.990E+02
      0.191E-02      0.499E+03      0.145E+02      0.337E+11     -0.990E+02     -0.990E+02
      0.200E-02      0.499E+03      0.145E+02      0.337E+11     -0.990E+02     -0.990E+02
      0.209E-02      0.499E+03      0.145E+02      0.337E+11     -0.990E+02     -0.990E+02
      0.219E-02      0.499E+03      0.145E+02      0.337E+11     -0.990E+02     -0.990E+02
      0.229E-02      0.499E+03      0.145E+02      0.337E+11     -0.990E+02     -0.990E+02
      0.240E-02      0.499E+03      0.145E+02      0.337E+11     -0.990E+02     -0.990E+02
      0.251E-02      0.499E+03      0.145E+02      0.337E+11     -0.990E+02     -0.990E+02
      0.263E-02      0.499E+03      0.145E+02      0.337E+11     -0.990E+02     -0.990E+02
      0.275E-02      0.499E+03      0.145E+02      0.337E+11     -0.990E+02     -0.990E+02
      0.288E-02      0.499E+03      0.145E+02      0.337E+11     -0.990E+02     -0.990E+02
      0.302E-02      0.499E+03      0.145E+02      0.337E+11     -0.990E+02     -0.990E+02
      0.316E-02      0.499E+03      0.145E+02      0.337E+11     -0.990E+02     -0.990E+02
      0.331E-02      0.499E+03      0.145E+02      0.337E+11     -0.990E+02     -0.990E+02
      0.347E-02      0.499E+03      0.145E+02      0.337E+11     -0.990E+02     -0.990E+02
      0.363E-02      0.499E+03      0.145E+02      0.337E+11     -0.990E+02     -0.990E+02
      0.380E-02      0.499E+03      0.145E+02      0.337E+11     -0.990E+02     -0.990E+02
      0.398E-02      0.499E+03      0.145E+02      0.337E+11     -0.990E+02     -0.990E+02
      0.417E-02      0.499E+03      0.145E+02      0.337E+11     -0.990E+02     -0.990E+02
      0.437E-02      0.499E+03      0.145E+02      0.337E+11     -0.990E+02     -0.990E+02
      0.457E-02      0.499E+03      0.145E+02      0.337E+11     -0.990E+02     -0.990E+02
      0.479E-02      0.499E+03      0.145E+02      0.337E+11     -0.990E+02     -0.990E+02
      0.501E-02      0.499E+03      0.145E+02      0.337E+11     -0.990E+02     -0.990E+02
      0.525E-02      0.499E+03      0.145E+02      0.337E+11     -0.990E+02     -0.990E+02
      0.550E-02      0.499E+03      0.145E+02      0.337E+11     -0.990E+02     -0.990E+02
      0.575E-02      0.499E+03      0.145E+02      0.337E+11     -0.990E+02     -0.990E+02
      0.603E-02      0.499E+03      0.145E+02      0.337E+11     -0.990E+02     -0.990E+02
      0.631E-02      0.499E+03      0.145E+02      0.337E+11     -0.990E+02     -0.990E+02
      0.661E-02      0.499E+03      0.145E+02      0.337E+11     -0.990E+02     -0.990E+02
      0.692E-02      0.499E+03      0.145E+02      0.337E+11     -0.990E+02     -0.990E+02
      0.724E-02      0.499E+03      0.145E+02      0.337E+11     -0.990E+02     -0.990E+02
      0.759E-02      0.499E+03      0.145E+02      0.337E+11     -0.990E+02     -0.990E+02
      0.794E-02      0.499E+03      0.145E+02      0.337E+11     -0.990E+02     -0.990E+02
      0.832E-02      0.499E+03      0.145E+02      0.337E+11     -0.990E+02     -0.990E+02
      0.871E-02      0.499E+03      0.145E+02      0.337E+11     -0.990E+02     -0.990E+02
      0.912E-02      0.499E+03      0.145E+02      0.337E+11     -0.990E+02     -0.990E+02
      0.955E-02      0.499E+03      0.145E+02      0.337E+11     -0.990E+02     -0.990E+02
      0.100E-01      0.499E+03      0.145E+02      0.337E+11     -0.975E-01      0.974E-01
      0.105E-01      0.392E+02      0.173E+02      0.287E+11     -0.974E-01      0.973E-01
      0.110E-01      0.390E+02      0.172E+02      0.287E+11     -0.972E-01      0.972E-01
      0.115E-01      0.389E+02      0.172E+02      0.287E+11     -0.972E-01      0.971E-01
      0.120E-01      0.387E+02      0.171E+02      0.286E+11     -0.971E-01      0.970E-01
      0.126E-01      0.388E+02      0.172E+02      0.286E+11     -0.969E-01      0.968E-01
      0.132E-01      0.390E+02      0.172E+02      0.286E+11     -0.968E-01      0.966E-01
      0.138E-01      0.388E+02      0.172E+02      0.286E+11     -0.967E-01      0.965E-01
      0.144E-01      0.384E+02      0.170E+02      0.286E+11     -0.964E-01      0.962E-01
      0.151E-01      0.384E+02      0.170E+02      0.285E+11     -0.962E-01      0.959E-01
      0.159E-01      0.386E+02      0.171E+02      0.285E+11     -0.960E-01      0.957E-01
      0.166E-01      0.385E+02      0.171E+02      0.285E+11     -0.958E-01      0.956E-01
      0.174E-01      0.384E+02      0.171E+02      0.285E+11     -0.957E-01      0.954E-01
      0.182E-01      0.385E+02      0.171E+02      0.284E+11     -0.954E-01      0.951E-01
      0.191E-01      0.385E+02      0.171E+02      0.284E+11     -0.953E-01      0.949E-01
      0.200E-01      0.381E+02      0.170E+02      0.284E+11     -0.950E-01      0.946E-01
      0.209E-01      0.380E+02      0.169E+02      0.284E+11     -0.948E-01      0.943E-01
      0.219E-01      0.380E+02      0.169E+02      0.283E+11     -0.945E-01      0.941E-01
      0.229E-01      0.380E+02      0.170E+02      0.283E+11     -0.941E-01      0.937E-01
      0.240E-01      0.378E+02      0.169E+02      0.283E+11     -0.942E-01      0.936E-01
      0.251E-01      0.379E+02      0.170E+02      0.282E+11     -0.934E-01      0.930E-01
      0.263E-01      0.377E+02      0.169E+02      0.282E+11     -0.932E-01      0.927E-01
      0.275E-01      0.375E+02      0.169E+02      0.282E+11     -0.930E-01      0.924E-01
      0.290E-01      0.374E+02      0.168E+02      0.281E+11     -0.929E-01      0.921E-01
      0.300E-01      0.374E+02      0.169E+02      0.281E+11     -0.924E-01      0.918E-01
      0.310E-01      0.373E+02      0.168E+02      0.280E+11     -0.920E-01      0.914E-01
      0.320E-01      0.372E+02      0.168E+02      0.280E+11     -0.918E-01      0.911E-01
      0.330E-01      0.371E+02      0.168E+02      0.280E+11     -0.917E-01      0.909E-01
      0.340E-01      0.370E+02      0.168E+02      0.280E+11     -0.913E-01      0.905E-01
      0.350E-01      0.369E+02      0.168E+02      0.279E+11     -0.911E-01      0.903E-01
      0.360E-01      0.369E+02      0.168E+02      0.279E+11     -0.908E-01      0.900E-01
      0.370E-01      0.368E+02      0.168E+02      0.279E+11     -0.905E-01      0.897E-01
      0.380E-01      0.367E+02      0.168E+02      0.278E+11     -0.903E-01      0.895E-01
      0.390E-01      0.366E+02      0.168E+02      0.278E+11     -0.900E-01      0.892E-01
      0.400E-01      0.365E+02      0.167E+02      0.278E+11     -0.898E-01      0.889E-01
      0.425E-01      0.363E+02      0.167E+02      0.277E+11     -0.891E-01      0.882E-01
      0.450E-01      0.361E+02      0.167E+02      0.276E+11     -0.883E-01      0.874E-01
      0.475E-01      0.359E+02      0.167E+02      0.276E+11     -0.874E-01      0.866E-01
      0.500E-01      0.357E+02      0.167E+02      0.275E+11     -0.868E-01      0.860E-01
      0.525E-01      0.355E+02      0.166E+02      0.274E+11     -0.861E-01      0.853E-01
      0.550E-01      0.352E+02      0.166E+02      0.274E+11     -0.852E-01      0.845E-01
      0.571E-01      0.351E+02      0.166E+02      0.273E+11     -0.847E-01      0.839E-01
      0.640E-01      0.347E+02      0.165E+02      0.272E+11     -0.841E-01      0.829E-01
      0.719E-01      0.345E+02      0.163E+02      0.270E+11     -0.846E-01      0.826E-01
      0.806E-01      0.342E+02      0.161E+02      0.267E+11     -0.849E-01      0.821E-01
      0.905E-01      0.339E+02      0.159E+02      0.265E+11     -0.854E-01      0.815E-01
      0.102E+00      0.336E+02      0.156E+02      0.262E+11     -0.859E-01      0.809E-01
      0.114E+00      0.333E+02      0.153E+02      0.259E+11     -0.864E-01      0.802E-01
      0.128E+00      0.328E+02      0.150E+02      0.256E+11     -0.874E-01      0.797E-01
      0.143E+00      0.324E+02      0.146E+02      0.252E+11     -0.882E-01      0.789E-01
      0.161E+00      0.319E+02      0.143E+02      0.248E+11     -0.892E-01      0.782E-01
      0.181E+00      0.313E+02      0.139E+02      0.244E+11     -0.902E-01      0.774E-01
      0.203E+00      0.306E+02      0.134E+02      0.239E+11     -0.917E-01      0.768E-01
      0.227E+00      0.299E+02      0.130E+02      0.234E+11     -0.932E-01      0.762E-01
      0.255E+00      0.291E+02      0.125E+02      0.228E+11     -0.950E-01      0.759E-01
      0.286E+00      0.282E+02      0.121E+02      0.222E+11     -0.973E-01      0.763E-01
      0.321E+00      0.274E+02      0.114E+02      0.215E+11     -0.100E+00      0.761E-01
      0.360E+00      0.271E+02      0.105E+02      0.208E+11     -0.104E+00      0.743E-01
      0.404E+00      0.267E+02      0.982E+01      0.200E+11     -0.107E+00      0.714E-01
      0.453E+00      0.263E+02      0.958E+01      0.191E+11     -0.111E+00      0.707E-01
      0.509E+00      0.259E+02      0.101E+02      0.182E+11     -0.116E+00      0.737E-01
      0.571E+00      0.253E+02      0.109E+02      0.171E+11     -0.120E+00      0.791E-01
      0.641E+00      0.239E+02      0.979E+01      0.160E+11     -0.121E+00      0.724E-01
      0.719E+00      0.223E+02      0.894E+01      0.148E+11     -0.123E+00      0.703E-01
      0.806E+00      0.206E+02      0.866E+01      0.136E+11     -0.124E+00      0.787E-01
      0.905E+00      0.231E+02      0.578E+01      0.123E+11     -0.135E+00      0.637E-01
      0.102E+01      0.262E+02      0.698E+01      0.107E+11     -0.146E+00      0.808E-01
      0.114E+01      0.249E+02      0.746E+01      0.866E+10     -0.163E+00      0.935E-01
      0.128E+01      0.201E+02      0.768E+01      0.653E+10     -0.195E+00      0.133E+00
      0.143E+01      0.165E+02      0.605E+01      0.461E+10     -0.210E+00      0.116E+00
      0.161E+01      0.127E+02      0.519E+01      0.286E+10     -0.250E+00      0.138E+00
      0.168E+01      0.108E+02      0.390E+01      0.187E+10     -0.314E+00      0.144E+00
      0.170E+01      0.102E+02      0.364E+01      0.156E+10     -0.337E+00      0.151E+00
      0.180E+01      0.756E+01      0.333E+01      0.118E+10     -0.495E+00      0.288E+00
      0.190E+01      0.512E+01      0.271E+01      0.707E+09     -0.514E+00      0.335E+00
      0.200E+01      0.280E+01      0.245E+01      0.390E+09     -0.495E+00      0.519E+00
      0.210E+01      0.130E+01      0.280E+01      0.218E+09     -0.458E+00      0.130E+01
      0.220E+01      0.884E+00      0.216E+01      0.138E+09     -0.494E+00      0.171E+01
      0.230E+01      0.451E+00      0.174E+01      0.845E+08     -0.590E+00      0.332E+01
      0.240E+01      0.315E+00      0.154E+01      0.572E+08     -0.704E+00      0.476E+01
      0.250E+01      0.235E+00      0.116E+01      0.383E+08     -0.707E+00      0.480E+01
      0.260E+01      0.158E+00      0.775E+00      0.243E+08     -0.711E+00      0.481E+01
      0.275E+01      0.860E-01      0.364E+00      0.125E+08     -0.839E+00      0.471E+01
      0.300E+01      0.153E-01      0.563E-01      0.225E+07     -0.124E+01      0.603E+01
      0.325E+01      0.000E+00      0.000E+00      0.000E+00     -0.990E+02     -0.990E+02
      0.350E+01      0.000E+00      0.000E+00      0.000E+00     -0.990E+02     -0.990E+02
      0.375E+01      0.000E+00      0.000E+00      0.000E+00     -0.990E+02     -0.990E+02
      0.400E+01      0.000E+00      0.000E+00      0.000E+00     -0.990E+02     -0.990E+02
      0.425E+01      0.000E+00      0.000E+00      0.000E+00     -0.990E+02     -0.990E+02
      0.450E+01      0.000E+00      0.000E+00      0.000E+00     -0.990E+02     -0.990E+02
      0.475E+01      0.000E+00      0.000E+00      0.000E+00     -0.990E+02     -0.990E+02
      0.500E+01      0.000E+00      0.000E+00      0.000E+00     -0.990E+02     -0.990E+02
      0.525E+01      0.000E+00      0.000E+00      0.000E+00     -0.990E+02     -0.990E+02
      0.550E+01      0.000E+00      0.000E+00      0.000E+00     -0.990E+02     -0.990E+02
      0.575E+01      0.000E+00      0.000E+00      0.000E+00     -0.990E+02     -0.990E+02
      0.600E+01      0.000E+00      0.000E+00      0.000E+00     -0.990E+02     -0.990E+02
      0.625E+01      0.000E+00      0.000E+00      0.000E+00     -0.990E+02     -0.990E+02
      0.650E+01      0.000E+00      0.000E+00      0.000E+00     -0.990E+02     -0.990E+02
      0.675E+01      0.000E+00      0.000E+00      0.000E+00     -0.990E+02     -0.990E+02
      0.700E+01      0.000E+00      0.000E+00      0.000E+00     -0.990E+02     -0.990E+02
      0.725E+01      0.000E+00      0.000E+00      0.000E+00     -0.990E+02     -0.990E+02
      0.750E+01      0.000E+00      0.000E+00      0.000E+00     -0.990E+02     -0.990E+02
      0.775E+01      0.000E+00      0.000E+00      0.000E+00     -0.990E+02     -0.990E+02
      0.800E+01      0.000E+00      0.000E+00      0.000E+00     -0.990E+02     -0.990E+02
      0.825E+01      0.000E+00      0.000E+00      0.000E+00     -0.990E+02     -0.990E+02
      0.850E+01      0.000E+00      0.000E+00      0.000E+00     -0.990E+02     -0.990E+02
      0.875E+01      0.000E+00      0.000E+00      0.000E+00     -0.990E+02     -0.990E+02
      0.900E+01      0.000E+00      0.000E+00      0.000E+00     -0.990E+02     -0.990E+02
      0.925E+01      0.000E+00      0.000E+00      0.000E+00     -0.990E+02     -0.990E+02
      0.950E+01      0.000E+00      0.000E+00      0.000E+00     -0.990E+02     -0.990E+02
      0.975E+01      0.000E+00      0.000E+00      0.000E+00     -0.990E+02     -0.990E+02
      0.100E+02      0.000E+00      0.000E+00      0.000E+00     -0.990E+02     -0.990E+02
      0.102E+02      0.000E+00      0.000E+00      0.000E+00     -0.990E+02     -0.990E+02
      0.105E+02      0.000E+00      0.000E+00      0.000E+00     -0.990E+02     -0.990E+02
      0.108E+02      0.000E+00      0.000E+00      0.000E+00     -0.990E+02     -0.990E+02
      0.110E+02      0.000E+00      0.000E+00      0.000E+00     -0.990E+02     -0.990E+02
      0.112E+02      0.000E+00      0.000E+00      0.000E+00     -0.990E+02     -0.990E+02
      0.115E+02      0.000E+00      0.000E+00      0.000E+00     -0.990E+02     -0.990E+02
      0.118E+02      0.000E+00      0.000E+00      0.000E+00     -0.990E+02     -0.990E+02
      0.120E+02      0.000E+00      0.000E+00      0.000E+00     -0.990E+02     -0.990E+02
      0.122E+02      0.000E+00      0.000E+00      0.000E+00     -0.990E+02     -0.990E+02
      0.125E+02      0.000E+00      0.000E+00      0.000E+00     -0.990E+02     -0.990E+02
      0.128E+02      0.000E+00      0.000E+00      0.000E+00     -0.990E+02     -0.990E+02
      0.130E+02      0.000E+00      0.000E+00      0.000E+00     -0.990E+02     -0.990E+02
      0.132E+02      0.000E+00      0.000E+00      0.000E+00     -0.990E+02     -0.990E+02
      0.135E+02      0.000E+00      0.000E+00      0.000E+00     -0.990E+02     -0.990E+02
      0.138E+02      0.000E+00      0.000E+00      0.000E+00     -0.990E+02     -0.990E+02
      0.140E+02      0.000E+00      0.000E+00      0.000E+00     -0.990E+02     -0.990E+02
      0.142E+02      0.000E+00      0.000E+00      0.000E+00     -0.990E+02     -0.990E+02
      0.145E+02      0.000E+00      0.000E+00      0.000E+00     -0.990E+02     -0.990E+02
      0.148E+02      0.000E+00      0.000E+00      0.000E+00     -0.990E+02     -0.990E+02
      0.150E+02      0.000E+00      0.000E+00      0.000E+00     -0.990E+02     -0.990E+02
      0.152E+02      0.000E+00      0.000E+00      0.000E+00     -0.990E+02     -0.990E+02
      0.155E+02      0.000E+00      0.000E+00      0.000E+00     -0.990E+02     -0.990E+02
      0.158E+02      0.000E+00      0.000E+00      0.000E+00     -0.990E+02     -0.990E+02
      0.160E+02      0.000E+00      0.000E+00      0.000E+00     -0.990E+02     -0.990E+02
      0.162E+02      0.000E+00      0.000E+00      0.000E+00     -0.990E+02     -0.990E+02
      0.165E+02      0.000E+00      0.000E+00      0.000E+00     -0.990E+02     -0.990E+02
      0.168E+02      0.000E+00      0.000E+00      0.000E+00     -0.990E+02     -0.990E+02
      0.170E+02      0.000E+00      0.000E+00      0.000E+00     -0.990E+02     -0.990E+02
      0.172E+02      0.000E+00      0.000E+00      0.000E+00     -0.990E+02     -0.990E+02
      0.175E+02      0.000E+00      0.000E+00      0.000E+00     -0.990E+02     -0.990E+02
      0.178E+02      0.000E+00      0.000E+00      0.000E+00     -0.990E+02     -0.990E+02
      0.180E+02      0.000E+00      0.000E+00      0.000E+00     -0.990E+02     -0.990E+02
      0.182E+02      0.000E+00      0.000E+00      0.000E+00     -0.990E+02     -0.990E+02
      0.185E+02      0.000E+00      0.000E+00      0.000E+00     -0.990E+02     -0.990E+02
      0.188E+02      0.000E+00      0.000E+00      0.000E+00     -0.990E+02     -0.990E+02
      0.190E+02      0.000E+00      0.000E+00      0.000E+00     -0.990E+02     -0.990E+02
      0.192E+02      0.000E+00      0.000E+00      0.000E+00     -0.990E+02     -0.990E+02
      0.195E+02      0.000E+00      0.000E+00      0.000E+00     -0.990E+02     -0.990E+02
      0.198E+02      0.000E+00      0.000E+00      0.000E+00     -0.990E+02     -0.990E+02
      0.200E+02      0.000E+00      0.000E+00      0.000E+00     -0.990E+02     -0.990E+02
