      0.000E+00      0.425E+03      0.117E+02      0.112E+11     -0.990E+02     -0.990E+02
      0.100E-03      0.425E+03      0.117E+02      0.112E+11     -0.990E+02     -0.990E+02
      0.140E-03      0.425E+03      0.117E+02      0.112E+11     -0.990E+02     -0.990E+02
      0.160E-03      0.425E+03      0.117E+02      0.112E+11     -0.990E+02     -0.990E+02
      0.180E-03      0.425E+03      0.117E+02      0.112E+11     -0.990E+02     -0.990E+02
      0.200E-03      0.425E+03      0.117E+02      0.112E+11     -0.990E+02     -0.990E+02
      0.220E-03      0.425E+03      0.117E+02      0.112E+11     -0.990E+02     -0.990E+02
      0.250E-03      0.425E+03      0.117E+02      0.112E+11     -0.990E+02     -0.990E+02
      0.280E-03      0.425E+03      0.117E+02      0.112E+11     -0.990E+02     -0.990E+02
      0.320E-03      0.425E+03      0.117E+02      0.112E+11     -0.990E+02     -0.990E+02
      0.350E-03      0.425E+03      0.117E+02      0.112E+11     -0.990E+02     -0.990E+02
      0.400E-03      0.425E+03      0.117E+02      0.112E+11     -0.990E+02     -0.990E+02
      0.450E-03      0.425E+03      0.117E+02      0.112E+11     -0.990E+02     -0.990E+02
      0.500E-03      0.425E+03      0.117E+02      0.112E+11     -0.990E+02     -0.990E+02
      0.560E-03      0.425E+03      0.117E+02      0.112E+11     -0.990E+02     -0.990E+02
      0.630E-03      0.425E+03      0.117E+02      0.112E+11     -0.990E+02     -0.990E+02
      0.710E-03      0.425E+03      0.117E+02      0.112E+11     -0.990E+02     -0.990E+02
      0.790E-03      0.425E+03      0.117E+02      0.112E+11     -0.990E+02     -0.990E+02
      0.890E-03      0.425E+03      0.117E+02      0.112E+11     -0.990E+02     -0.990E+02
      0.100E-02      0.425E+03      0.117E+02      0.112E+11     -0.990E+02     -0.990E+02
      0.105E-02      0.425E+03      0.117E+02      0.112E+11     -0.990E+02     -0.990E+02
      0.110E-02      0.425E+03      0.117E+02      0.112E+11     -0.990E+02     -0.990E+02
      0.115E-02      0.425E+03      0.117E+02      0.112E+11     -0.990E+02     -0.990E+02
      0.120E-02      0.425E+03      0.117E+02      0.112E+11     -0.990E+02     -0.990E+02
      0.126E-02      0.425E+03      0.117E+02      0.112E+11     -0.990E+02     -0.990E+02
      0.132E-02      0.425E+03      0.117E+02      0.112E+11     -0.990E+02     -0.990E+02
      0.138E-02      0.425E+03      0.117E+02      0.112E+11     -0.990E+02     -0.990E+02
      0.145E-02      0.425E+03      0.117E+02      0.112E+11     -0.990E+02     -0.990E+02
      0.151E-02      0.425E+03      0.117E+02      0.112E+11     -0.990E+02     -0.990E+02
      0.158E-02      0.425E+03      0.117E+02      0.112E+11     -0.990E+02     -0.990E+02
      0.166E-02      0.425E+03      0.117E+02      0.112E+11     -0.990E+02     -0.990E+02
      0.174E-02      0.425E+03      0.117E+02      0.112E+11     -0.990E+02     -0.990E+02
      0.182E-02      0.425E+03      0.117E+02      0.112E+11     -0.990E+02     -0.990E+02
      0.191E-02      0.425E+03      0.117E+02      0.112E+11     -0.990E+02     -0.990E+02
      0.200E-02      0.425E+03      0.117E+02      0.112E+11     -0.990E+02     -0.990E+02
      0.209E-02      0.425E+03      0.117E+02      0.112E+11     -0.990E+02     -0.990E+02
      0.219E-02      0.425E+03      0.117E+02      0.112E+11     -0.990E+02     -0.990E+02
      0.229E-02      0.425E+03      0.117E+02      0.112E+11     -0.990E+02     -0.990E+02
      0.240E-02      0.425E+03      0.117E+02      0.112E+11     -0.990E+02     -0.990E+02
      0.251E-02      0.425E+03      0.117E+02      0.112E+11     -0.990E+02     -0.990E+02
      0.263E-02      0.425E+03      0.117E+02      0.112E+11     -0.990E+02     -0.990E+02
      0.275E-02      0.425E+03      0.117E+02      0.112E+11     -0.990E+02     -0.990E+02
      0.288E-02      0.425E+03      0.117E+02      0.112E+11     -0.990E+02     -0.990E+02
      0.302E-02      0.425E+03      0.117E+02      0.112E+11     -0.990E+02     -0.990E+02
      0.316E-02      0.425E+03      0.117E+02      0.112E+11     -0.990E+02     -0.990E+02
      0.331E-02      0.425E+03      0.117E+02      0.112E+11     -0.990E+02     -0.990E+02
      0.347E-02      0.425E+03      0.117E+02      0.112E+11     -0.990E+02     -0.990E+02
      0.363E-02      0.425E+03      0.117E+02      0.112E+11     -0.990E+02     -0.990E+02
      0.380E-02      0.425E+03      0.117E+02      0.112E+11     -0.990E+02     -0.990E+02
      0.398E-02      0.425E+03      0.117E+02      0.112E+11     -0.990E+02     -0.990E+02
      0.417E-02      0.425E+03      0.117E+02      0.112E+11     -0.990E+02     -0.990E+02
      0.437E-02      0.425E+03      0.117E+02      0.112E+11     -0.990E+02     -0.990E+02
      0.457E-02      0.425E+03      0.117E+02      0.112E+11     -0.990E+02     -0.990E+02
      0.479E-02      0.425E+03      0.117E+02      0.112E+11     -0.990E+02     -0.990E+02
      0.501E-02      0.425E+03      0.117E+02      0.112E+11     -0.990E+02     -0.990E+02
      0.525E-02      0.425E+03      0.117E+02      0.112E+11     -0.990E+02     -0.990E+02
      0.550E-02      0.425E+03      0.117E+02      0.112E+11     -0.990E+02     -0.990E+02
      0.575E-02      0.425E+03      0.117E+02      0.112E+11     -0.990E+02     -0.990E+02
      0.603E-02      0.425E+03      0.117E+02      0.112E+11     -0.990E+02     -0.990E+02
      0.631E-02      0.425E+03      0.117E+02      0.112E+11     -0.990E+02     -0.990E+02
      0.661E-02      0.425E+03      0.117E+02      0.112E+11     -0.990E+02     -0.990E+02
      0.692E-02      0.425E+03      0.117E+02      0.112E+11     -0.990E+02     -0.990E+02
      0.724E-02      0.425E+03      0.117E+02      0.112E+11     -0.990E+02     -0.990E+02
      0.759E-02      0.425E+03      0.117E+02      0.112E+11     -0.990E+02     -0.990E+02
      0.794E-02      0.425E+03      0.117E+02      0.112E+11     -0.990E+02     -0.990E+02
      0.832E-02      0.425E+03      0.117E+02      0.112E+11     -0.990E+02     -0.990E+02
      0.871E-02      0.425E+03      0.117E+02      0.112E+11     -0.990E+02     -0.990E+02
      0.912E-02      0.425E+03      0.117E+02      0.112E+11     -0.990E+02     -0.990E+02
      0.955E-02      0.425E+03      0.117E+02      0.112E+11     -0.990E+02     -0.990E+02
      0.100E-01      0.425E+03      0.117E+02      0.112E+11     -0.842E+00      0.236E-01
      0.105E-01      0.614E+02      0.108E+01      0.695E+10     -0.843E+00      0.235E-01
      0.110E-01      0.611E+02      0.107E+01      0.693E+10     -0.843E+00      0.235E-01
      0.115E-01      0.610E+02      0.107E+01      0.690E+10     -0.843E+00      0.235E-01
      0.120E-01      0.607E+02      0.106E+01      0.687E+10     -0.843E+00      0.235E-01
      0.126E-01      0.607E+02      0.106E+01      0.684E+10     -0.843E+00      0.235E-01
      0.132E-01      0.608E+02      0.106E+01      0.681E+10     -0.843E+00      0.235E-01
      0.138E-01      0.606E+02      0.106E+01      0.678E+10     -0.844E+00      0.235E-01
      0.144E-01      0.600E+02      0.105E+01      0.675E+10     -0.843E+00      0.235E-01
      0.151E-01      0.600E+02      0.104E+01      0.671E+10     -0.844E+00      0.235E-01
      0.159E-01      0.600E+02      0.105E+01      0.667E+10     -0.844E+00      0.235E-01
      0.166E-01      0.598E+02      0.104E+01      0.664E+10     -0.844E+00      0.235E-01
      0.174E-01      0.598E+02      0.104E+01      0.660E+10     -0.844E+00      0.234E-01
      0.182E-01      0.597E+02      0.104E+01      0.656E+10     -0.845E+00      0.235E-01
      0.191E-01      0.595E+02      0.103E+01      0.651E+10     -0.845E+00      0.235E-01
      0.200E-01      0.590E+02      0.102E+01      0.647E+10     -0.845E+00      0.234E-01
      0.209E-01      0.588E+02      0.102E+01      0.642E+10     -0.846E+00      0.234E-01
      0.219E-01      0.586E+02      0.101E+01      0.637E+10     -0.846E+00      0.234E-01
      0.229E-01      0.584E+02      0.101E+01      0.632E+10     -0.846E+00      0.234E-01
      0.240E-01      0.582E+02      0.100E+01      0.627E+10     -0.847E+00      0.234E-01
      0.251E-01      0.581E+02      0.999E+00      0.622E+10     -0.847E+00      0.233E-01
      0.263E-01      0.578E+02      0.994E+00      0.616E+10     -0.847E+00      0.233E-01
      0.275E-01      0.574E+02      0.985E+00      0.610E+10     -0.848E+00      0.233E-01
      0.290E-01      0.571E+02      0.977E+00      0.604E+10     -0.848E+00      0.232E-01
      0.300E-01      0.569E+02      0.974E+00      0.598E+10     -0.848E+00      0.233E-01
      0.310E-01      0.567E+02      0.969E+00      0.594E+10     -0.849E+00      0.232E-01
      0.320E-01      0.564E+02      0.964E+00      0.589E+10     -0.849E+00      0.233E-01
      0.330E-01      0.562E+02      0.957E+00      0.584E+10     -0.849E+00      0.232E-01
      0.340E-01      0.560E+02      0.954E+00      0.580E+10     -0.850E+00      0.232E-01
      0.350E-01      0.557E+02      0.947E+00      0.575E+10     -0.850E+00      0.232E-01
      0.360E-01      0.555E+02      0.944E+00      0.571E+10     -0.851E+00      0.232E-01
      0.370E-01      0.554E+02      0.940E+00      0.566E+10     -0.851E+00      0.232E-01
      0.380E-01      0.551E+02      0.937E+00      0.562E+10     -0.851E+00      0.232E-01
      0.390E-01      0.549E+02      0.932E+00      0.557E+10     -0.851E+00      0.232E-01
      0.400E-01      0.547E+02      0.927E+00      0.553E+10     -0.852E+00      0.232E-01
      0.425E-01      0.541E+02      0.915E+00      0.545E+10     -0.853E+00      0.232E-01
      0.450E-01      0.535E+02      0.903E+00      0.534E+10     -0.854E+00      0.232E-01
      0.475E-01      0.530E+02      0.891E+00      0.523E+10     -0.855E+00      0.232E-01
      0.500E-01      0.524E+02      0.879E+00      0.513E+10     -0.856E+00      0.232E-01
      0.525E-01      0.518E+02      0.869E+00      0.502E+10     -0.856E+00      0.233E-01
      0.550E-01      0.513E+02      0.857E+00      0.492E+10     -0.857E+00      0.233E-01
      0.571E-01      0.509E+02      0.848E+00      0.483E+10     -0.858E+00      0.233E-01
      0.640E-01      0.493E+02      0.818E+00      0.465E+10     -0.861E+00      0.234E-01
      0.719E-01      0.474E+02      0.783E+00      0.436E+10     -0.865E+00      0.234E-01
      0.806E-01      0.455E+02      0.747E+00      0.405E+10     -0.869E+00      0.233E-01
      0.905E-01      0.433E+02      0.705E+00      0.373E+10     -0.874E+00      0.232E-01
      0.102E+00      0.409E+02      0.660E+00      0.338E+10     -0.880E+00      0.231E-01
      0.114E+00      0.380E+02      0.608E+00      0.302E+10     -0.889E+00      0.231E-01
      0.128E+00      0.350E+02      0.551E+00      0.264E+10     -0.900E+00      0.231E-01
      0.143E+00      0.315E+02      0.489E+00      0.226E+10     -0.915E+00      0.232E-01
      0.161E+00      0.276E+02      0.424E+00      0.187E+10     -0.935E+00      0.236E-01
      0.181E+00      0.231E+02      0.356E+00      0.149E+10     -0.968E+00      0.247E-01
      0.203E+00      0.182E+02      0.296E+00      0.114E+10     -0.102E+01      0.280E-01
      0.227E+00      0.127E+02      0.257E+00      0.835E+09     -0.113E+01      0.382E-01
      0.255E+00      0.650E+01      0.269E+00      0.597E+09     -0.148E+01      0.875E-01
      0.286E+00      0.527E+01      0.242E+00      0.462E+09     -0.155E+01      0.999E-01
      0.321E+00      0.444E+01      0.204E+00      0.340E+09     -0.155E+01      0.100E+00
      0.360E+00      0.350E+01      0.162E+00      0.225E+09     -0.155E+01      0.101E+00
      0.404E+00      0.246E+01      0.116E+00      0.124E+09     -0.155E+01      0.103E+00
      0.453E+00      0.129E+01      0.642E-01      0.458E+08     -0.155E+01      0.110E+00
      0.509E+00      0.961E-03      0.140E-01      0.392E+05     -0.184E+01      0.388E+02
      0.571E+00      0.936E-05      0.210E-02      0.970E+03     -0.358E+01      0.866E+03
      0.641E+00      0.670E-05      0.165E-02      0.563E+03     -0.362E+01      0.971E+03
      0.719E+00      0.381E-05      0.107E-02      0.240E+03     -0.353E+01      0.109E+04
      0.806E+00      0.583E-06      0.433E-03      0.354E+02     -0.237E+01      0.209E+04
      0.905E+00      0.918E-09      0.426E-04      0.125E+00     -0.130E+01      0.805E+05
      0.102E+01      0.580E-09      0.299E-04      0.628E-01     -0.152E+01      0.106E+06
      0.114E+01      0.226E-09      0.121E-04      0.189E-01     -0.154E+01      0.112E+06
      0.128E+01      0.165E-13      0.396E-07      0.172E-05     -0.321E+00      0.915E+06
      0.143E+01      0.144E-14      0.286E-08      0.152E-06     -0.393E+00      0.100E+07
      0.161E+01      0.000E+00      0.000E+00      0.000E+00     -0.990E+02     -0.990E+02
      0.168E+01      0.000E+00      0.000E+00      0.000E+00     -0.990E+02     -0.990E+02
      0.170E+01      0.000E+00      0.000E+00      0.000E+00     -0.990E+02     -0.990E+02
      0.180E+01      0.000E+00      0.000E+00      0.000E+00     -0.990E+02     -0.990E+02
      0.190E+01      0.000E+00      0.000E+00      0.000E+00     -0.990E+02     -0.990E+02
      0.200E+01      0.000E+00      0.000E+00      0.000E+00     -0.990E+02     -0.990E+02
      0.210E+01      0.000E+00      0.000E+00      0.000E+00     -0.990E+02     -0.990E+02
      0.220E+01      0.000E+00      0.000E+00      0.000E+00     -0.990E+02     -0.990E+02
      0.230E+01      0.000E+00      0.000E+00      0.000E+00     -0.990E+02     -0.990E+02
      0.240E+01      0.000E+00      0.000E+00      0.000E+00     -0.990E+02     -0.990E+02
      0.250E+01      0.000E+00      0.000E+00      0.000E+00     -0.990E+02     -0.990E+02
      0.260E+01      0.000E+00      0.000E+00      0.000E+00     -0.990E+02     -0.990E+02
      0.275E+01      0.000E+00      0.000E+00      0.000E+00     -0.990E+02     -0.990E+02
      0.300E+01      0.000E+00      0.000E+00      0.000E+00     -0.990E+02     -0.990E+02
      0.325E+01      0.000E+00      0.000E+00      0.000E+00     -0.990E+02     -0.990E+02
      0.350E+01      0.000E+00      0.000E+00      0.000E+00     -0.990E+02     -0.990E+02
      0.375E+01      0.000E+00      0.000E+00      0.000E+00     -0.990E+02     -0.990E+02
      0.400E+01      0.000E+00      0.000E+00      0.000E+00     -0.990E+02     -0.990E+02
      0.425E+01      0.000E+00      0.000E+00      0.000E+00     -0.990E+02     -0.990E+02
      0.450E+01      0.000E+00      0.000E+00      0.000E+00     -0.990E+02     -0.990E+02
      0.475E+01      0.000E+00      0.000E+00      0.000E+00     -0.990E+02     -0.990E+02
      0.500E+01      0.000E+00      0.000E+00      0.000E+00     -0.990E+02     -0.990E+02
      0.525E+01      0.000E+00      0.000E+00      0.000E+00     -0.990E+02     -0.990E+02
      0.550E+01      0.000E+00      0.000E+00      0.000E+00     -0.990E+02     -0.990E+02
      0.575E+01      0.000E+00      0.000E+00      0.000E+00     -0.990E+02     -0.990E+02
      0.600E+01      0.000E+00      0.000E+00      0.000E+00     -0.990E+02     -0.990E+02
      0.625E+01      0.000E+00      0.000E+00      0.000E+00     -0.990E+02     -0.990E+02
      0.650E+01      0.000E+00      0.000E+00      0.000E+00     -0.990E+02     -0.990E+02
      0.675E+01      0.000E+00      0.000E+00      0.000E+00     -0.990E+02     -0.990E+02
      0.700E+01      0.000E+00      0.000E+00      0.000E+00     -0.990E+02     -0.990E+02
      0.725E+01      0.000E+00      0.000E+00      0.000E+00     -0.990E+02     -0.990E+02
      0.750E+01      0.000E+00      0.000E+00      0.000E+00     -0.990E+02     -0.990E+02
      0.775E+01      0.000E+00      0.000E+00      0.000E+00     -0.990E+02     -0.990E+02
      0.800E+01      0.000E+00      0.000E+00      0.000E+00     -0.990E+02     -0.990E+02
      0.825E+01      0.000E+00      0.000E+00      0.000E+00     -0.990E+02     -0.990E+02
      0.850E+01      0.000E+00      0.000E+00      0.000E+00     -0.990E+02     -0.990E+02
      0.875E+01      0.000E+00      0.000E+00      0.000E+00     -0.990E+02     -0.990E+02
      0.900E+01      0.000E+00      0.000E+00      0.000E+00     -0.990E+02     -0.990E+02
      0.925E+01      0.000E+00      0.000E+00      0.000E+00     -0.990E+02     -0.990E+02
      0.950E+01      0.000E+00      0.000E+00      0.000E+00     -0.990E+02     -0.990E+02
      0.975E+01      0.000E+00      0.000E+00      0.000E+00     -0.990E+02     -0.990E+02
      0.100E+02      0.000E+00      0.000E+00      0.000E+00     -0.990E+02     -0.990E+02
      0.102E+02      0.000E+00      0.000E+00      0.000E+00     -0.990E+02     -0.990E+02
      0.105E+02      0.000E+00      0.000E+00      0.000E+00     -0.990E+02     -0.990E+02
      0.108E+02      0.000E+00      0.000E+00      0.000E+00     -0.990E+02     -0.990E+02
      0.110E+02      0.000E+00      0.000E+00      0.000E+00     -0.990E+02     -0.990E+02
      0.112E+02      0.000E+00      0.000E+00      0.000E+00     -0.990E+02     -0.990E+02
      0.115E+02      0.000E+00      0.000E+00      0.000E+00     -0.990E+02     -0.990E+02
      0.118E+02      0.000E+00      0.000E+00      0.000E+00     -0.990E+02     -0.990E+02
      0.120E+02      0.000E+00      0.000E+00      0.000E+00     -0.990E+02     -0.990E+02
      0.122E+02      0.000E+00      0.000E+00      0.000E+00     -0.990E+02     -0.990E+02
      0.125E+02      0.000E+00      0.000E+00      0.000E+00     -0.990E+02     -0.990E+02
      0.128E+02      0.000E+00      0.000E+00      0.000E+00     -0.990E+02     -0.990E+02
      0.130E+02      0.000E+00      0.000E+00      0.000E+00     -0.990E+02     -0.990E+02
      0.132E+02      0.000E+00      0.000E+00      0.000E+00     -0.990E+02     -0.990E+02
      0.135E+02      0.000E+00      0.000E+00      0.000E+00     -0.990E+02     -0.990E+02
      0.138E+02      0.000E+00      0.000E+00      0.000E+00     -0.990E+02     -0.990E+02
      0.140E+02      0.000E+00      0.000E+00      0.000E+00     -0.990E+02     -0.990E+02
      0.142E+02      0.000E+00      0.000E+00      0.000E+00     -0.990E+02     -0.990E+02
      0.145E+02      0.000E+00      0.000E+00      0.000E+00     -0.990E+02     -0.990E+02
      0.148E+02      0.000E+00      0.000E+00      0.000E+00     -0.990E+02     -0.990E+02
      0.150E+02      0.000E+00      0.000E+00      0.000E+00     -0.990E+02     -0.990E+02
      0.152E+02      0.000E+00      0.000E+00      0.000E+00     -0.990E+02     -0.990E+02
      0.155E+02      0.000E+00      0.000E+00      0.000E+00     -0.990E+02     -0.990E+02
      0.158E+02      0.000E+00      0.000E+00      0.000E+00     -0.990E+02     -0.990E+02
      0.160E+02      0.000E+00      0.000E+00      0.000E+00     -0.990E+02     -0.990E+02
      0.162E+02      0.000E+00      0.000E+00      0.000E+00     -0.990E+02     -0.990E+02
      0.165E+02      0.000E+00      0.000E+00      0.000E+00     -0.990E+02     -0.990E+02
      0.168E+02      0.000E+00      0.000E+00      0.000E+00     -0.990E+02     -0.990E+02
      0.170E+02      0.000E+00      0.000E+00      0.000E+00     -0.990E+02     -0.990E+02
      0.172E+02      0.000E+00      0.000E+00      0.000E+00     -0.990E+02     -0.990E+02
      0.175E+02      0.000E+00      0.000E+00      0.000E+00     -0.990E+02     -0.990E+02
      0.178E+02      0.000E+00      0.000E+00      0.000E+00     -0.990E+02     -0.990E+02
      0.180E+02      0.000E+00      0.000E+00      0.000E+00     -0.990E+02     -0.990E+02
      0.182E+02      0.000E+00      0.000E+00      0.000E+00     -0.990E+02     -0.990E+02
      0.185E+02      0.000E+00      0.000E+00      0.000E+00     -0.990E+02     -0.990E+02
      0.188E+02      0.000E+00      0.000E+00      0.000E+00     -0.990E+02     -0.990E+02
      0.190E+02      0.000E+00      0.000E+00      0.000E+00     -0.990E+02     -0.990E+02
      0.192E+02      0.000E+00      0.000E+00      0.000E+00     -0.990E+02     -0.990E+02
      0.195E+02      0.000E+00      0.000E+00      0.000E+00     -0.990E+02     -0.990E+02
      0.198E+02      0.000E+00      0.000E+00      0.000E+00     -0.990E+02     -0.990E+02
      0.200E+02      0.000E+00      0.000E+00      0.000E+00     -0.990E+02     -0.990E+02
