      0.000E+00      0.247E+02      0.224E+01      0.532E+10     -0.990E+02     -0.990E+02
      0.100E-03      0.247E+02      0.224E+01      0.532E+10     -0.990E+02     -0.990E+02
      0.140E-03      0.247E+02      0.224E+01      0.532E+10     -0.990E+02     -0.990E+02
      0.160E-03      0.247E+02      0.224E+01      0.532E+10     -0.990E+02     -0.990E+02
      0.180E-03      0.247E+02      0.224E+01      0.532E+10     -0.990E+02     -0.990E+02
      0.200E-03      0.247E+02      0.224E+01      0.532E+10     -0.990E+02     -0.990E+02
      0.220E-03      0.247E+02      0.224E+01      0.532E+10     -0.990E+02     -0.990E+02
      0.250E-03      0.247E+02      0.224E+01      0.532E+10     -0.990E+02     -0.990E+02
      0.280E-03      0.247E+02      0.224E+01      0.532E+10     -0.990E+02     -0.990E+02
      0.320E-03      0.247E+02      0.224E+01      0.532E+10     -0.990E+02     -0.990E+02
      0.350E-03      0.247E+02      0.224E+01      0.532E+10     -0.990E+02     -0.990E+02
      0.400E-03      0.247E+02      0.224E+01      0.532E+10     -0.990E+02     -0.990E+02
      0.450E-03      0.247E+02      0.224E+01      0.532E+10     -0.990E+02     -0.990E+02
      0.500E-03      0.247E+02      0.224E+01      0.532E+10     -0.990E+02     -0.990E+02
      0.560E-03      0.247E+02      0.224E+01      0.532E+10     -0.990E+02     -0.990E+02
      0.630E-03      0.247E+02      0.224E+01      0.532E+10     -0.990E+02     -0.990E+02
      0.710E-03      0.247E+02      0.224E+01      0.532E+10     -0.990E+02     -0.990E+02
      0.790E-03      0.247E+02      0.224E+01      0.532E+10     -0.990E+02     -0.990E+02
      0.890E-03      0.247E+02      0.224E+01      0.532E+10     -0.990E+02     -0.990E+02
      0.100E-02      0.247E+02      0.224E+01      0.532E+10     -0.990E+02     -0.990E+02
      0.105E-02      0.247E+02      0.224E+01      0.532E+10     -0.990E+02     -0.990E+02
      0.110E-02      0.247E+02      0.224E+01      0.532E+10     -0.990E+02     -0.990E+02
      0.115E-02      0.247E+02      0.224E+01      0.532E+10     -0.990E+02     -0.990E+02
      0.120E-02      0.247E+02      0.224E+01      0.532E+10     -0.990E+02     -0.990E+02
      0.126E-02      0.247E+02      0.224E+01      0.532E+10     -0.990E+02     -0.990E+02
      0.132E-02      0.247E+02      0.224E+01      0.532E+10     -0.990E+02     -0.990E+02
      0.138E-02      0.247E+02      0.224E+01      0.532E+10     -0.990E+02     -0.990E+02
      0.145E-02      0.247E+02      0.224E+01      0.532E+10     -0.990E+02     -0.990E+02
      0.151E-02      0.247E+02      0.224E+01      0.532E+10     -0.990E+02     -0.990E+02
      0.158E-02      0.247E+02      0.224E+01      0.532E+10     -0.990E+02     -0.990E+02
      0.166E-02      0.247E+02      0.224E+01      0.532E+10     -0.990E+02     -0.990E+02
      0.174E-02      0.247E+02      0.224E+01      0.532E+10     -0.990E+02     -0.990E+02
      0.182E-02      0.247E+02      0.224E+01      0.532E+10     -0.990E+02     -0.990E+02
      0.191E-02      0.247E+02      0.224E+01      0.532E+10     -0.990E+02     -0.990E+02
      0.200E-02      0.247E+02      0.224E+01      0.532E+10     -0.990E+02     -0.990E+02
      0.209E-02      0.247E+02      0.224E+01      0.532E+10     -0.990E+02     -0.990E+02
      0.219E-02      0.247E+02      0.224E+01      0.532E+10     -0.990E+02     -0.990E+02
      0.229E-02      0.247E+02      0.224E+01      0.532E+10     -0.990E+02     -0.990E+02
      0.240E-02      0.247E+02      0.224E+01      0.532E+10     -0.990E+02     -0.990E+02
      0.251E-02      0.247E+02      0.224E+01      0.532E+10     -0.990E+02     -0.990E+02
      0.263E-02      0.247E+02      0.224E+01      0.532E+10     -0.990E+02     -0.990E+02
      0.275E-02      0.247E+02      0.224E+01      0.532E+10     -0.990E+02     -0.990E+02
      0.288E-02      0.247E+02      0.224E+01      0.532E+10     -0.990E+02     -0.990E+02
      0.302E-02      0.247E+02      0.224E+01      0.532E+10     -0.990E+02     -0.990E+02
      0.316E-02      0.247E+02      0.224E+01      0.532E+10     -0.990E+02     -0.990E+02
      0.331E-02      0.247E+02      0.224E+01      0.532E+10     -0.990E+02     -0.990E+02
      0.347E-02      0.247E+02      0.224E+01      0.532E+10     -0.990E+02     -0.990E+02
      0.363E-02      0.247E+02      0.224E+01      0.532E+10     -0.990E+02     -0.990E+02
      0.380E-02      0.247E+02      0.224E+01      0.532E+10     -0.990E+02     -0.990E+02
      0.398E-02      0.247E+02      0.224E+01      0.532E+10     -0.990E+02     -0.990E+02
      0.417E-02      0.247E+02      0.224E+01      0.532E+10     -0.990E+02     -0.990E+02
      0.437E-02      0.247E+02      0.224E+01      0.532E+10     -0.990E+02     -0.990E+02
      0.457E-02      0.247E+02      0.224E+01      0.532E+10     -0.990E+02     -0.990E+02
      0.479E-02      0.247E+02      0.224E+01      0.532E+10     -0.990E+02     -0.990E+02
      0.501E-02      0.247E+02      0.224E+01      0.532E+10     -0.990E+02     -0.990E+02
      0.525E-02      0.247E+02      0.224E+01      0.532E+10     -0.990E+02     -0.990E+02
      0.550E-02      0.247E+02      0.224E+01      0.532E+10     -0.990E+02     -0.990E+02
      0.575E-02      0.247E+02      0.224E+01      0.532E+10     -0.990E+02     -0.990E+02
      0.603E-02      0.247E+02      0.224E+01      0.532E+10     -0.990E+02     -0.990E+02
      0.631E-02      0.247E+02      0.224E+01      0.532E+10     -0.990E+02     -0.990E+02
      0.661E-02      0.247E+02      0.224E+01      0.532E+10     -0.990E+02     -0.990E+02
      0.692E-02      0.247E+02      0.224E+01      0.532E+10     -0.990E+02     -0.990E+02
      0.724E-02      0.247E+02      0.224E+01      0.532E+10     -0.990E+02     -0.990E+02
      0.759E-02      0.247E+02      0.224E+01      0.532E+10     -0.990E+02     -0.990E+02
      0.794E-02      0.247E+02      0.224E+01      0.532E+10     -0.990E+02     -0.990E+02
      0.832E-02      0.247E+02      0.224E+01      0.532E+10     -0.990E+02     -0.990E+02
      0.871E-02      0.247E+02      0.224E+01      0.532E+10     -0.990E+02     -0.990E+02
      0.912E-02      0.247E+02      0.224E+01      0.532E+10     -0.990E+02     -0.990E+02
      0.955E-02      0.247E+02      0.224E+01      0.532E+10     -0.990E+02     -0.990E+02
      0.100E-01      0.247E+02      0.224E+01      0.532E+10     -0.394E+00      0.418E+00
      0.105E-01      0.989E+01      0.566E+01      0.507E+10     -0.394E+00      0.418E+00
      0.110E-01      0.984E+01      0.563E+01      0.506E+10     -0.395E+00      0.418E+00
      0.115E-01      0.982E+01      0.561E+01      0.506E+10     -0.395E+00      0.417E+00
      0.120E-01      0.982E+01      0.560E+01      0.505E+10     -0.395E+00      0.417E+00
      0.126E-01      0.984E+01      0.560E+01      0.505E+10     -0.395E+00      0.416E+00
      0.132E-01      0.989E+01      0.562E+01      0.504E+10     -0.395E+00      0.415E+00
      0.138E-01      0.987E+01      0.560E+01      0.504E+10     -0.395E+00      0.415E+00
      0.144E-01      0.980E+01      0.555E+01      0.503E+10     -0.395E+00      0.414E+00
      0.151E-01      0.982E+01      0.555E+01      0.503E+10     -0.395E+00      0.413E+00
      0.159E-01      0.986E+01      0.557E+01      0.502E+10     -0.395E+00      0.412E+00
      0.166E-01      0.985E+01      0.556E+01      0.501E+10     -0.395E+00      0.412E+00
      0.174E-01      0.987E+01      0.555E+01      0.501E+10     -0.395E+00      0.411E+00
      0.182E-01      0.992E+01      0.557E+01      0.500E+10     -0.396E+00      0.410E+00
      0.191E-01      0.991E+01      0.555E+01      0.499E+10     -0.396E+00      0.410E+00
      0.200E-01      0.987E+01      0.552E+01      0.499E+10     -0.396E+00      0.408E+00
      0.209E-01      0.986E+01      0.550E+01      0.498E+10     -0.396E+00      0.407E+00
      0.219E-01      0.987E+01      0.549E+01      0.497E+10     -0.396E+00      0.407E+00
      0.229E-01      0.989E+01      0.549E+01      0.496E+10     -0.396E+00      0.405E+00
      0.240E-01      0.990E+01      0.546E+01      0.495E+10     -0.396E+00      0.403E+00
      0.251E-01      0.993E+01      0.545E+01      0.494E+10     -0.396E+00      0.401E+00
      0.263E-01      0.993E+01      0.543E+01      0.493E+10     -0.397E+00      0.399E+00
      0.275E-01      0.991E+01      0.539E+01      0.492E+10     -0.397E+00      0.398E+00
      0.290E-01      0.992E+01      0.536E+01      0.491E+10     -0.397E+00      0.395E+00
      0.300E-01      0.994E+01      0.535E+01      0.490E+10     -0.397E+00      0.393E+00
      0.310E-01      0.994E+01      0.534E+01      0.490E+10     -0.397E+00      0.392E+00
      0.320E-01      0.995E+01      0.532E+01      0.489E+10     -0.397E+00      0.391E+00
      0.330E-01      0.995E+01      0.530E+01      0.488E+10     -0.397E+00      0.389E+00
      0.340E-01      0.996E+01      0.528E+01      0.487E+10     -0.398E+00      0.387E+00
      0.350E-01      0.996E+01      0.526E+01      0.486E+10     -0.398E+00      0.386E+00
      0.360E-01      0.997E+01      0.525E+01      0.485E+10     -0.398E+00      0.385E+00
      0.370E-01      0.997E+01      0.523E+01      0.485E+10     -0.398E+00      0.383E+00
      0.380E-01      0.998E+01      0.521E+01      0.484E+10     -0.398E+00      0.382E+00
      0.390E-01      0.998E+01      0.519E+01      0.483E+10     -0.398E+00      0.380E+00
      0.400E-01      0.999E+01      0.518E+01      0.482E+10     -0.398E+00      0.379E+00
      0.425E-01      0.100E+02      0.514E+01      0.481E+10     -0.399E+00      0.375E+00
      0.450E-01      0.100E+02      0.510E+01      0.479E+10     -0.399E+00      0.372E+00
      0.475E-01      0.100E+02      0.504E+01      0.477E+10     -0.399E+00      0.367E+00
      0.500E-01      0.100E+02      0.501E+01      0.475E+10     -0.400E+00      0.364E+00
      0.525E-01      0.101E+02      0.497E+01      0.473E+10     -0.400E+00      0.361E+00
      0.550E-01      0.101E+02      0.492E+01      0.471E+10     -0.400E+00      0.357E+00
      0.571E-01      0.101E+02      0.490E+01      0.469E+10     -0.400E+00      0.354E+00
      0.640E-01      0.101E+02      0.479E+01      0.465E+10     -0.401E+00      0.345E+00
      0.719E-01      0.102E+02      0.467E+01      0.459E+10     -0.402E+00      0.335E+00
      0.806E-01      0.102E+02      0.455E+01      0.453E+10     -0.403E+00      0.324E+00
      0.905E-01      0.103E+02      0.437E+01      0.446E+10     -0.405E+00      0.309E+00
      0.102E+00      0.105E+02      0.417E+01      0.437E+10     -0.406E+00      0.294E+00
      0.114E+00      0.106E+02      0.396E+01      0.428E+10     -0.408E+00      0.278E+00
      0.128E+00      0.108E+02      0.374E+01      0.417E+10     -0.409E+00      0.262E+00
      0.143E+00      0.110E+02      0.351E+01      0.405E+10     -0.410E+00      0.245E+00
      0.161E+00      0.113E+02      0.329E+01      0.392E+10     -0.412E+00      0.227E+00
      0.181E+00      0.115E+02      0.310E+01      0.376E+10     -0.414E+00      0.211E+00
      0.203E+00      0.118E+02      0.296E+01      0.359E+10     -0.417E+00      0.200E+00
      0.227E+00      0.120E+02      0.278E+01      0.339E+10     -0.461E+00      0.194E+00
      0.255E+00      0.122E+02      0.258E+01      0.316E+10     -0.544E+00      0.194E+00
      0.286E+00      0.124E+02      0.241E+01      0.290E+10     -0.632E+00      0.194E+00
      0.321E+00      0.126E+02      0.227E+01      0.261E+10     -0.727E+00      0.195E+00
      0.360E+00      0.128E+02      0.213E+01      0.228E+10     -0.830E+00      0.203E+00
      0.404E+00      0.130E+02      0.216E+01      0.192E+10     -0.943E+00      0.231E+00
      0.453E+00      0.132E+02      0.248E+01      0.150E+10     -0.106E+01      0.284E+00
      0.509E+00      0.107E+02      0.214E+01      0.103E+10     -0.110E+01      0.305E+00
      0.571E+00      0.743E+01      0.151E+01      0.600E+09     -0.111E+01      0.312E+00
      0.641E+00      0.399E+01      0.912E+00      0.271E+09     -0.111E+01      0.342E+00
      0.719E+00      0.432E+00      0.668E+00      0.746E+08     -0.867E+00      0.188E+01
      0.806E+00      0.204E+00      0.587E+00      0.508E+08     -0.714E+00      0.265E+01
      0.905E+00      0.169E+00      0.664E+00      0.382E+08     -0.606E+00      0.322E+01
      0.102E+01      0.167E+00      0.629E+00      0.267E+08     -0.652E+00      0.358E+01
      0.114E+01      0.963E-01      0.372E+00      0.140E+08     -0.618E+00      0.346E+01
      0.128E+01      0.369E-01      0.182E+00      0.578E+07     -0.633E+00      0.432E+01
      0.143E+01      0.197E-01      0.903E-01      0.231E+07     -0.999E+00      0.618E+01
      0.161E+01      0.337E-02      0.154E-01      0.257E+06     -0.999E+00      0.618E+01
      0.168E+01      0.123E-11      0.822E-06      0.136E-03      0.618E-01      0.871E+05
      0.170E+01      0.110E-11      0.779E-06      0.101E-03      0.278E-01      0.685E+05
      0.180E+01      0.658E-12      0.521E-06      0.590E-04     -0.228E-01      0.658E+05
      0.190E+01      0.278E-12      0.220E-06      0.175E-04     -0.228E-01      0.658E+05
      0.200E+01      0.000E+00      0.259E-19      0.263E-28     -0.291E+01            NaN
      0.210E+01      0.000E+00      0.199E-20      0.186E-29     -0.291E+01            NaN
      0.220E+01      0.000E+00      0.000E+00      0.000E+00     -0.990E+02     -0.990E+02
      0.230E+01      0.000E+00      0.000E+00      0.000E+00     -0.990E+02     -0.990E+02
      0.240E+01      0.000E+00      0.000E+00      0.000E+00     -0.990E+02     -0.990E+02
      0.250E+01      0.000E+00      0.000E+00      0.000E+00     -0.990E+02     -0.990E+02
      0.260E+01      0.000E+00      0.000E+00      0.000E+00     -0.990E+02     -0.990E+02
      0.275E+01      0.000E+00      0.000E+00      0.000E+00     -0.990E+02     -0.990E+02
      0.300E+01      0.000E+00      0.000E+00      0.000E+00     -0.990E+02     -0.990E+02
      0.325E+01      0.000E+00      0.000E+00      0.000E+00     -0.990E+02     -0.990E+02
      0.350E+01      0.000E+00      0.000E+00      0.000E+00     -0.990E+02     -0.990E+02
      0.375E+01      0.000E+00      0.000E+00      0.000E+00     -0.990E+02     -0.990E+02
      0.400E+01      0.000E+00      0.000E+00      0.000E+00     -0.990E+02     -0.990E+02
      0.425E+01      0.000E+00      0.000E+00      0.000E+00     -0.990E+02     -0.990E+02
      0.450E+01      0.000E+00      0.000E+00      0.000E+00     -0.990E+02     -0.990E+02
      0.475E+01      0.000E+00      0.000E+00      0.000E+00     -0.990E+02     -0.990E+02
      0.500E+01      0.000E+00      0.000E+00      0.000E+00     -0.990E+02     -0.990E+02
      0.525E+01      0.000E+00      0.000E+00      0.000E+00     -0.990E+02     -0.990E+02
      0.550E+01      0.000E+00      0.000E+00      0.000E+00     -0.990E+02     -0.990E+02
      0.575E+01      0.000E+00      0.000E+00      0.000E+00     -0.990E+02     -0.990E+02
      0.600E+01      0.000E+00      0.000E+00      0.000E+00     -0.990E+02     -0.990E+02
      0.625E+01      0.000E+00      0.000E+00      0.000E+00     -0.990E+02     -0.990E+02
      0.650E+01      0.000E+00      0.000E+00      0.000E+00     -0.990E+02     -0.990E+02
      0.675E+01      0.000E+00      0.000E+00      0.000E+00     -0.990E+02     -0.990E+02
      0.700E+01      0.000E+00      0.000E+00      0.000E+00     -0.990E+02     -0.990E+02
      0.725E+01      0.000E+00      0.000E+00      0.000E+00     -0.990E+02     -0.990E+02
      0.750E+01      0.000E+00      0.000E+00      0.000E+00     -0.990E+02     -0.990E+02
      0.775E+01      0.000E+00      0.000E+00      0.000E+00     -0.990E+02     -0.990E+02
      0.800E+01      0.000E+00      0.000E+00      0.000E+00     -0.990E+02     -0.990E+02
      0.825E+01      0.000E+00      0.000E+00      0.000E+00     -0.990E+02     -0.990E+02
      0.850E+01      0.000E+00      0.000E+00      0.000E+00     -0.990E+02     -0.990E+02
      0.875E+01      0.000E+00      0.000E+00      0.000E+00     -0.990E+02     -0.990E+02
      0.900E+01      0.000E+00      0.000E+00      0.000E+00     -0.990E+02     -0.990E+02
      0.925E+01      0.000E+00      0.000E+00      0.000E+00     -0.990E+02     -0.990E+02
      0.950E+01      0.000E+00      0.000E+00      0.000E+00     -0.990E+02     -0.990E+02
      0.975E+01      0.000E+00      0.000E+00      0.000E+00     -0.990E+02     -0.990E+02
      0.100E+02      0.000E+00      0.000E+00      0.000E+00     -0.990E+02     -0.990E+02
      0.102E+02      0.000E+00      0.000E+00      0.000E+00     -0.990E+02     -0.990E+02
      0.105E+02      0.000E+00      0.000E+00      0.000E+00     -0.990E+02     -0.990E+02
      0.108E+02      0.000E+00      0.000E+00      0.000E+00     -0.990E+02     -0.990E+02
      0.110E+02      0.000E+00      0.000E+00      0.000E+00     -0.990E+02     -0.990E+02
      0.112E+02      0.000E+00      0.000E+00      0.000E+00     -0.990E+02     -0.990E+02
      0.115E+02      0.000E+00      0.000E+00      0.000E+00     -0.990E+02     -0.990E+02
      0.118E+02      0.000E+00      0.000E+00      0.000E+00     -0.990E+02     -0.990E+02
      0.120E+02      0.000E+00      0.000E+00      0.000E+00     -0.990E+02     -0.990E+02
      0.122E+02      0.000E+00      0.000E+00      0.000E+00     -0.990E+02     -0.990E+02
      0.125E+02      0.000E+00      0.000E+00      0.000E+00     -0.990E+02     -0.990E+02
      0.128E+02      0.000E+00      0.000E+00      0.000E+00     -0.990E+02     -0.990E+02
      0.130E+02      0.000E+00      0.000E+00      0.000E+00     -0.990E+02     -0.990E+02
      0.132E+02      0.000E+00      0.000E+00      0.000E+00     -0.990E+02     -0.990E+02
      0.135E+02      0.000E+00      0.000E+00      0.000E+00     -0.990E+02     -0.990E+02
      0.138E+02      0.000E+00      0.000E+00      0.000E+00     -0.990E+02     -0.990E+02
      0.140E+02      0.000E+00      0.000E+00      0.000E+00     -0.990E+02     -0.990E+02
      0.142E+02      0.000E+00      0.000E+00      0.000E+00     -0.990E+02     -0.990E+02
      0.145E+02      0.000E+00      0.000E+00      0.000E+00     -0.990E+02     -0.990E+02
      0.148E+02      0.000E+00      0.000E+00      0.000E+00     -0.990E+02     -0.990E+02
      0.150E+02      0.000E+00      0.000E+00      0.000E+00     -0.990E+02     -0.990E+02
      0.152E+02      0.000E+00      0.000E+00      0.000E+00     -0.990E+02     -0.990E+02
      0.155E+02      0.000E+00      0.000E+00      0.000E+00     -0.990E+02     -0.990E+02
      0.158E+02      0.000E+00      0.000E+00      0.000E+00     -0.990E+02     -0.990E+02
      0.160E+02      0.000E+00      0.000E+00      0.000E+00     -0.990E+02     -0.990E+02
      0.162E+02      0.000E+00      0.000E+00      0.000E+00     -0.990E+02     -0.990E+02
      0.165E+02      0.000E+00      0.000E+00      0.000E+00     -0.990E+02     -0.990E+02
      0.168E+02      0.000E+00      0.000E+00      0.000E+00     -0.990E+02     -0.990E+02
      0.170E+02      0.000E+00      0.000E+00      0.000E+00     -0.990E+02     -0.990E+02
      0.172E+02      0.000E+00      0.000E+00      0.000E+00     -0.990E+02     -0.990E+02
      0.175E+02      0.000E+00      0.000E+00      0.000E+00     -0.990E+02     -0.990E+02
      0.178E+02      0.000E+00      0.000E+00      0.000E+00     -0.990E+02     -0.990E+02
      0.180E+02      0.000E+00      0.000E+00      0.000E+00     -0.990E+02     -0.990E+02
      0.182E+02      0.000E+00      0.000E+00      0.000E+00     -0.990E+02     -0.990E+02
      0.185E+02      0.000E+00      0.000E+00      0.000E+00     -0.990E+02     -0.990E+02
      0.188E+02      0.000E+00      0.000E+00      0.000E+00     -0.990E+02     -0.990E+02
      0.190E+02      0.000E+00      0.000E+00      0.000E+00     -0.990E+02     -0.990E+02
      0.192E+02      0.000E+00      0.000E+00      0.000E+00     -0.990E+02     -0.990E+02
      0.195E+02      0.000E+00      0.000E+00      0.000E+00     -0.990E+02     -0.990E+02
      0.198E+02      0.000E+00      0.000E+00      0.000E+00     -0.990E+02     -0.990E+02
      0.200E+02      0.000E+00      0.000E+00      0.000E+00     -0.990E+02     -0.990E+02
