      0.000E+00      0.730E+01      0.363E+00      0.326E+12     -0.990E+02     -0.990E+02
      0.100E-03      0.730E+01      0.363E+00      0.326E+12     -0.990E+02     -0.990E+02
      0.140E-03      0.730E+01      0.363E+00      0.326E+12     -0.990E+02     -0.990E+02
      0.160E-03      0.730E+01      0.363E+00      0.326E+12     -0.990E+02     -0.990E+02
      0.180E-03      0.730E+01      0.363E+00      0.326E+12     -0.990E+02     -0.990E+02
      0.200E-03      0.730E+01      0.363E+00      0.326E+12     -0.990E+02     -0.990E+02
      0.220E-03      0.730E+01      0.363E+00      0.326E+12     -0.990E+02     -0.990E+02
      0.250E-03      0.730E+01      0.363E+00      0.326E+12     -0.990E+02     -0.990E+02
      0.280E-03      0.730E+01      0.363E+00      0.326E+12     -0.990E+02     -0.990E+02
      0.320E-03      0.730E+01      0.363E+00      0.326E+12     -0.990E+02     -0.990E+02
      0.350E-03      0.730E+01      0.363E+00      0.326E+12     -0.990E+02     -0.990E+02
      0.400E-03      0.730E+01      0.363E+00      0.326E+12     -0.990E+02     -0.990E+02
      0.450E-03      0.730E+01      0.363E+00      0.326E+12     -0.990E+02     -0.990E+02
      0.500E-03      0.730E+01      0.363E+00      0.326E+12     -0.990E+02     -0.990E+02
      0.560E-03      0.730E+01      0.363E+00      0.326E+12     -0.990E+02     -0.990E+02
      0.630E-03      0.730E+01      0.363E+00      0.326E+12     -0.990E+02     -0.990E+02
      0.710E-03      0.730E+01      0.363E+00      0.326E+12     -0.990E+02     -0.990E+02
      0.790E-03      0.730E+01      0.363E+00      0.326E+12     -0.990E+02     -0.990E+02
      0.890E-03      0.730E+01      0.363E+00      0.326E+12     -0.990E+02     -0.990E+02
      0.100E-02      0.730E+01      0.363E+00      0.326E+12     -0.990E+02     -0.990E+02
      0.105E-02      0.730E+01      0.363E+00      0.326E+12     -0.990E+02     -0.990E+02
      0.110E-02      0.730E+01      0.363E+00      0.326E+12     -0.990E+02     -0.990E+02
      0.115E-02      0.730E+01      0.363E+00      0.326E+12     -0.990E+02     -0.990E+02
      0.120E-02      0.730E+01      0.363E+00      0.326E+12     -0.990E+02     -0.990E+02
      0.126E-02      0.730E+01      0.363E+00      0.326E+12     -0.990E+02     -0.990E+02
      0.132E-02      0.730E+01      0.363E+00      0.326E+12     -0.990E+02     -0.990E+02
      0.138E-02      0.730E+01      0.363E+00      0.326E+12     -0.990E+02     -0.990E+02
      0.145E-02      0.730E+01      0.363E+00      0.326E+12     -0.990E+02     -0.990E+02
      0.151E-02      0.730E+01      0.363E+00      0.326E+12     -0.990E+02     -0.990E+02
      0.158E-02      0.730E+01      0.363E+00      0.326E+12     -0.990E+02     -0.990E+02
      0.166E-02      0.730E+01      0.363E+00      0.326E+12     -0.990E+02     -0.990E+02
      0.174E-02      0.730E+01      0.363E+00      0.326E+12     -0.990E+02     -0.990E+02
      0.182E-02      0.730E+01      0.363E+00      0.326E+12     -0.990E+02     -0.990E+02
      0.191E-02      0.730E+01      0.363E+00      0.326E+12     -0.990E+02     -0.990E+02
      0.200E-02      0.730E+01      0.363E+00      0.326E+12     -0.990E+02     -0.990E+02
      0.209E-02      0.730E+01      0.363E+00      0.326E+12     -0.990E+02     -0.990E+02
      0.219E-02      0.730E+01      0.363E+00      0.326E+12     -0.990E+02     -0.990E+02
      0.229E-02      0.730E+01      0.363E+00      0.326E+12     -0.990E+02     -0.990E+02
      0.240E-02      0.730E+01      0.363E+00      0.326E+12     -0.990E+02     -0.990E+02
      0.251E-02      0.730E+01      0.363E+00      0.326E+12     -0.990E+02     -0.990E+02
      0.263E-02      0.730E+01      0.363E+00      0.326E+12     -0.990E+02     -0.990E+02
      0.275E-02      0.730E+01      0.363E+00      0.326E+12     -0.990E+02     -0.990E+02
      0.288E-02      0.730E+01      0.363E+00      0.326E+12     -0.990E+02     -0.990E+02
      0.302E-02      0.730E+01      0.363E+00      0.326E+12     -0.990E+02     -0.990E+02
      0.316E-02      0.730E+01      0.363E+00      0.326E+12     -0.990E+02     -0.990E+02
      0.331E-02      0.730E+01      0.363E+00      0.326E+12     -0.990E+02     -0.990E+02
      0.347E-02      0.730E+01      0.363E+00      0.326E+12     -0.990E+02     -0.990E+02
      0.363E-02      0.730E+01      0.363E+00      0.326E+12     -0.990E+02     -0.990E+02
      0.380E-02      0.730E+01      0.363E+00      0.326E+12     -0.990E+02     -0.990E+02
      0.398E-02      0.730E+01      0.363E+00      0.326E+12     -0.990E+02     -0.990E+02
      0.417E-02      0.730E+01      0.363E+00      0.326E+12     -0.990E+02     -0.990E+02
      0.437E-02      0.730E+01      0.363E+00      0.326E+12     -0.990E+02     -0.990E+02
      0.457E-02      0.730E+01      0.363E+00      0.326E+12     -0.990E+02     -0.990E+02
      0.479E-02      0.730E+01      0.363E+00      0.326E+12     -0.990E+02     -0.990E+02
      0.501E-02      0.730E+01      0.363E+00      0.326E+12     -0.990E+02     -0.990E+02
      0.525E-02      0.730E+01      0.363E+00      0.326E+12     -0.990E+02     -0.990E+02
      0.550E-02      0.730E+01      0.363E+00      0.326E+12     -0.990E+02     -0.990E+02
      0.575E-02      0.730E+01      0.363E+00      0.326E+12     -0.990E+02     -0.990E+02
      0.603E-02      0.730E+01      0.363E+00      0.326E+12     -0.990E+02     -0.990E+02
      0.631E-02      0.730E+01      0.363E+00      0.326E+12     -0.990E+02     -0.990E+02
      0.661E-02      0.730E+01      0.363E+00      0.326E+12     -0.990E+02     -0.990E+02
      0.692E-02      0.730E+01      0.363E+00      0.326E+12     -0.990E+02     -0.990E+02
      0.724E-02      0.730E+01      0.363E+00      0.326E+12     -0.990E+02     -0.990E+02
      0.759E-02      0.730E+01      0.363E+00      0.326E+12     -0.990E+02     -0.990E+02
      0.794E-02      0.730E+01      0.363E+00      0.326E+12     -0.990E+02     -0.990E+02
      0.832E-02      0.730E+01      0.363E+00      0.326E+12     -0.990E+02     -0.990E+02
      0.871E-02      0.730E+01      0.363E+00      0.326E+12     -0.990E+02     -0.990E+02
      0.912E-02      0.730E+01      0.363E+00      0.326E+12     -0.990E+02     -0.990E+02
      0.955E-02      0.730E+01      0.363E+00      0.326E+12     -0.990E+02     -0.990E+02
      0.100E-01      0.730E+01      0.363E+00      0.326E+12      0.233E+00      0.157E+00
      0.105E-01      0.676E+02      0.371E+02      0.326E+12      0.233E+00      0.157E+00
      0.110E-01      0.672E+02      0.369E+02      0.326E+12      0.233E+00      0.157E+00
      0.115E-01      0.670E+02      0.369E+02      0.326E+12      0.234E+00      0.158E+00
      0.120E-01      0.669E+02      0.368E+02      0.326E+12      0.234E+00      0.158E+00
      0.126E-01      0.670E+02      0.369E+02      0.326E+12      0.234E+00      0.158E+00
      0.132E-01      0.673E+02      0.370E+02      0.326E+12      0.234E+00      0.158E+00
      0.138E-01      0.671E+02      0.369E+02      0.326E+12      0.235E+00      0.159E+00
      0.144E-01      0.665E+02      0.366E+02      0.326E+12      0.235E+00      0.159E+00
      0.151E-01      0.667E+02      0.367E+02      0.326E+12      0.235E+00      0.159E+00
      0.159E-01      0.668E+02      0.368E+02      0.326E+12      0.236E+00      0.160E+00
      0.166E-01      0.668E+02      0.368E+02      0.326E+12      0.236E+00      0.160E+00
      0.174E-01      0.667E+02      0.368E+02      0.326E+12      0.236E+00      0.160E+00
      0.182E-01      0.670E+02      0.370E+02      0.326E+12      0.237E+00      0.161E+00
      0.191E-01      0.668E+02      0.369E+02      0.326E+12      0.237E+00      0.161E+00
      0.200E-01      0.665E+02      0.367E+02      0.326E+12      0.238E+00      0.162E+00
      0.209E-01      0.663E+02      0.366E+02      0.326E+12      0.238E+00      0.162E+00
      0.219E-01      0.663E+02      0.366E+02      0.326E+12      0.239E+00      0.163E+00
      0.229E-01      0.663E+02      0.367E+02      0.326E+12      0.239E+00      0.163E+00
      0.240E-01      0.662E+02      0.366E+02      0.326E+12      0.240E+00      0.164E+00
      0.251E-01      0.663E+02      0.367E+02      0.325E+12      0.240E+00      0.164E+00
      0.263E-01      0.662E+02      0.367E+02      0.325E+12      0.241E+00      0.165E+00
      0.275E-01      0.660E+02      0.366E+02      0.325E+12      0.242E+00      0.166E+00
      0.290E-01      0.659E+02      0.366E+02      0.325E+12      0.243E+00      0.167E+00
      0.300E-01      0.658E+02      0.365E+02      0.325E+12      0.243E+00      0.167E+00
      0.310E-01      0.658E+02      0.365E+02      0.325E+12      0.244E+00      0.168E+00
      0.320E-01      0.657E+02      0.365E+02      0.325E+12      0.244E+00      0.168E+00
      0.330E-01      0.656E+02      0.365E+02      0.325E+12      0.245E+00      0.169E+00
      0.340E-01      0.655E+02      0.365E+02      0.325E+12      0.245E+00      0.169E+00
      0.350E-01      0.655E+02      0.365E+02      0.325E+12      0.245E+00      0.170E+00
      0.360E-01      0.655E+02      0.365E+02      0.325E+12      0.246E+00      0.171E+00
      0.370E-01      0.653E+02      0.364E+02      0.325E+12      0.246E+00      0.171E+00
      0.380E-01      0.653E+02      0.364E+02      0.325E+12      0.247E+00      0.172E+00
      0.390E-01      0.651E+02      0.364E+02      0.325E+12      0.247E+00      0.172E+00
      0.400E-01      0.651E+02      0.364E+02      0.325E+12      0.248E+00      0.173E+00
      0.425E-01      0.650E+02      0.364E+02      0.325E+12      0.249E+00      0.174E+00
      0.450E-01      0.648E+02      0.363E+02      0.324E+12      0.250E+00      0.176E+00
      0.475E-01      0.646E+02      0.362E+02      0.324E+12      0.252E+00      0.177E+00
      0.500E-01      0.644E+02      0.363E+02      0.324E+12      0.253E+00      0.179E+00
      0.525E-01      0.642E+02      0.362E+02      0.324E+12      0.255E+00      0.180E+00
      0.550E-01      0.641E+02      0.362E+02      0.324E+12      0.256E+00      0.182E+00
      0.571E-01      0.641E+02      0.362E+02      0.324E+12      0.257E+00      0.183E+00
      0.640E-01      0.651E+02      0.362E+02      0.324E+12      0.263E+00      0.186E+00
      0.719E-01      0.663E+02      0.362E+02      0.323E+12      0.270E+00      0.189E+00
      0.806E-01      0.675E+02      0.363E+02      0.323E+12      0.277E+00      0.192E+00
      0.905E-01      0.690E+02      0.364E+02      0.322E+12      0.284E+00      0.195E+00
      0.102E+00      0.708E+02      0.365E+02      0.322E+12      0.292E+00      0.199E+00
      0.114E+00      0.726E+02      0.366E+02      0.321E+12      0.300E+00      0.202E+00
      0.128E+00      0.748E+02      0.369E+02      0.320E+12      0.309E+00      0.207E+00
      0.143E+00      0.772E+02      0.373E+02      0.320E+12      0.318E+00      0.211E+00
      0.161E+00      0.799E+02      0.377E+02      0.319E+12      0.328E+00      0.217E+00
      0.181E+00      0.830E+02      0.385E+02      0.318E+12      0.338E+00      0.222E+00
      0.203E+00      0.864E+02      0.393E+02      0.316E+12      0.348E+00      0.228E+00
      0.227E+00      0.903E+02      0.404E+02      0.315E+12      0.359E+00      0.234E+00
      0.255E+00      0.953E+02      0.426E+02      0.313E+12      0.370E+00      0.241E+00
      0.286E+00      0.101E+03      0.453E+02      0.311E+12      0.381E+00      0.249E+00
      0.321E+00      0.105E+03      0.464E+02      0.309E+12      0.383E+00      0.244E+00
      0.360E+00      0.107E+03      0.456E+02      0.306E+12      0.370E+00      0.222E+00
      0.404E+00      0.109E+03      0.456E+02      0.303E+12      0.357E+00      0.204E+00
      0.453E+00      0.111E+03      0.473E+02      0.299E+12      0.342E+00      0.191E+00
      0.509E+00      0.116E+03      0.474E+02      0.295E+12      0.311E+00      0.168E+00
      0.571E+00      0.127E+03      0.482E+02      0.291E+12      0.266E+00      0.140E+00
      0.641E+00      0.151E+03      0.524E+02      0.285E+12      0.217E+00      0.104E+00
      0.719E+00      0.178E+03      0.688E+02      0.277E+12      0.178E+00      0.969E-01
      0.806E+00      0.204E+03      0.819E+02      0.268E+12      0.146E+00      0.994E-01
      0.905E+00      0.200E+03      0.769E+02      0.255E+12      0.105E+00      0.838E-01
      0.102E+01      0.196E+03      0.786E+02      0.241E+12      0.599E-01      0.766E-01
      0.114E+01      0.206E+03      0.836E+02      0.226E+12      0.217E-01      0.727E-01
      0.128E+01      0.227E+03      0.984E+02      0.208E+12     -0.218E-01      0.791E-01
      0.143E+01      0.237E+03      0.106E+03      0.186E+12     -0.788E-01      0.108E+00
      0.161E+01      0.222E+03      0.918E+02      0.161E+12     -0.101E+00      0.112E+00
      0.168E+01      0.212E+03      0.849E+02      0.144E+12     -0.104E+00      0.111E+00
      0.170E+01      0.209E+03      0.833E+02      0.138E+12     -0.106E+00      0.111E+00
      0.180E+01      0.206E+03      0.867E+02      0.130E+12     -0.110E+00      0.107E+00
      0.190E+01      0.186E+03      0.817E+02      0.117E+12     -0.105E+00      0.110E+00
      0.200E+01      0.164E+03      0.760E+02      0.105E+12     -0.104E+00      0.122E+00
      0.210E+01      0.151E+03      0.668E+02      0.950E+11     -0.117E+00      0.153E+00
      0.220E+01      0.154E+03      0.683E+02      0.856E+11     -0.121E+00      0.187E+00
      0.230E+01      0.156E+03      0.718E+02      0.761E+11     -0.107E+00      0.185E+00
      0.240E+01      0.155E+03      0.671E+02      0.665E+11     -0.938E-01      0.171E+00
      0.250E+01      0.154E+03      0.612E+02      0.570E+11     -0.790E-01      0.149E+00
      0.260E+01      0.147E+03      0.532E+02      0.476E+11     -0.599E-01      0.109E+00
      0.275E+01      0.133E+03      0.451E+02      0.364E+11     -0.325E-01      0.749E-01
      0.300E+01      0.102E+03      0.324E+02      0.202E+11     -0.362E-01      0.323E-01
      0.325E+01      0.294E+02      0.120E+02      0.485E+10     -0.156E+00      0.832E-01
      0.350E+01      0.287E+01      0.573E+01      0.448E+09     -0.314E+00      0.647E+00
      0.375E+01      0.152E+00      0.914E+00      0.232E+08     -0.132E+00      0.101E+01
      0.400E+01      0.436E-02      0.242E-01      0.630E+06     -0.826E+00      0.624E+01
      0.425E+01      0.000E+00      0.238E-27      0.000E+00     -0.990E+02     -0.990E+02
      0.450E+01      0.000E+00      0.000E+00      0.000E+00     -0.990E+02     -0.990E+02
      0.475E+01      0.000E+00      0.000E+00      0.000E+00     -0.990E+02     -0.990E+02
      0.500E+01      0.000E+00      0.000E+00      0.000E+00     -0.990E+02     -0.990E+02
      0.525E+01      0.000E+00      0.000E+00      0.000E+00     -0.990E+02     -0.990E+02
      0.550E+01      0.000E+00      0.000E+00      0.000E+00     -0.990E+02     -0.990E+02
      0.575E+01      0.000E+00      0.000E+00      0.000E+00     -0.990E+02     -0.990E+02
      0.600E+01      0.000E+00      0.000E+00      0.000E+00     -0.990E+02     -0.990E+02
      0.625E+01      0.000E+00      0.000E+00      0.000E+00     -0.990E+02     -0.990E+02
      0.650E+01      0.000E+00      0.000E+00      0.000E+00     -0.990E+02     -0.990E+02
      0.675E+01      0.000E+00      0.000E+00      0.000E+00     -0.990E+02     -0.990E+02
      0.700E+01      0.000E+00      0.000E+00      0.000E+00     -0.990E+02     -0.990E+02
      0.725E+01      0.000E+00      0.000E+00      0.000E+00     -0.990E+02     -0.990E+02
      0.750E+01      0.000E+00      0.000E+00      0.000E+00     -0.990E+02     -0.990E+02
      0.775E+01      0.000E+00      0.000E+00      0.000E+00     -0.990E+02     -0.990E+02
      0.800E+01      0.000E+00      0.000E+00      0.000E+00     -0.990E+02     -0.990E+02
      0.825E+01      0.000E+00      0.000E+00      0.000E+00     -0.990E+02     -0.990E+02
      0.850E+01      0.000E+00      0.000E+00      0.000E+00     -0.990E+02     -0.990E+02
      0.875E+01      0.000E+00      0.000E+00      0.000E+00     -0.990E+02     -0.990E+02
      0.900E+01      0.000E+00      0.000E+00      0.000E+00     -0.990E+02     -0.990E+02
      0.925E+01      0.000E+00      0.000E+00      0.000E+00     -0.990E+02     -0.990E+02
      0.950E+01      0.000E+00      0.000E+00      0.000E+00     -0.990E+02     -0.990E+02
      0.975E+01      0.000E+00      0.000E+00      0.000E+00     -0.990E+02     -0.990E+02
      0.100E+02      0.000E+00      0.000E+00      0.000E+00     -0.990E+02     -0.990E+02
      0.102E+02      0.000E+00      0.000E+00      0.000E+00     -0.990E+02     -0.990E+02
      0.105E+02      0.000E+00      0.000E+00      0.000E+00     -0.990E+02     -0.990E+02
      0.108E+02      0.000E+00      0.000E+00      0.000E+00     -0.990E+02     -0.990E+02
      0.110E+02      0.000E+00      0.000E+00      0.000E+00     -0.990E+02     -0.990E+02
      0.112E+02      0.000E+00      0.000E+00      0.000E+00     -0.990E+02     -0.990E+02
      0.115E+02      0.000E+00      0.000E+00      0.000E+00     -0.990E+02     -0.990E+02
      0.118E+02      0.000E+00      0.000E+00      0.000E+00     -0.990E+02     -0.990E+02
      0.120E+02      0.000E+00      0.000E+00      0.000E+00     -0.990E+02     -0.990E+02
      0.122E+02      0.000E+00      0.000E+00      0.000E+00     -0.990E+02     -0.990E+02
      0.125E+02      0.000E+00      0.000E+00      0.000E+00     -0.990E+02     -0.990E+02
      0.128E+02      0.000E+00      0.000E+00      0.000E+00     -0.990E+02     -0.990E+02
      0.130E+02      0.000E+00      0.000E+00      0.000E+00     -0.990E+02     -0.990E+02
      0.132E+02      0.000E+00      0.000E+00      0.000E+00     -0.990E+02     -0.990E+02
      0.135E+02      0.000E+00      0.000E+00      0.000E+00     -0.990E+02     -0.990E+02
      0.138E+02      0.000E+00      0.000E+00      0.000E+00     -0.990E+02     -0.990E+02
      0.140E+02      0.000E+00      0.000E+00      0.000E+00     -0.990E+02     -0.990E+02
      0.142E+02      0.000E+00      0.000E+00      0.000E+00     -0.990E+02     -0.990E+02
      0.145E+02      0.000E+00      0.000E+00      0.000E+00     -0.990E+02     -0.990E+02
      0.148E+02      0.000E+00      0.000E+00      0.000E+00     -0.990E+02     -0.990E+02
      0.150E+02      0.000E+00      0.000E+00      0.000E+00     -0.990E+02     -0.990E+02
      0.152E+02      0.000E+00      0.000E+00      0.000E+00     -0.990E+02     -0.990E+02
      0.155E+02      0.000E+00      0.000E+00      0.000E+00     -0.990E+02     -0.990E+02
      0.158E+02      0.000E+00      0.000E+00      0.000E+00     -0.990E+02     -0.990E+02
      0.160E+02      0.000E+00      0.000E+00      0.000E+00     -0.990E+02     -0.990E+02
      0.162E+02      0.000E+00      0.000E+00      0.000E+00     -0.990E+02     -0.990E+02
      0.165E+02      0.000E+00      0.000E+00      0.000E+00     -0.990E+02     -0.990E+02
      0.168E+02      0.000E+00      0.000E+00      0.000E+00     -0.990E+02     -0.990E+02
      0.170E+02      0.000E+00      0.000E+00      0.000E+00     -0.990E+02     -0.990E+02
      0.172E+02      0.000E+00      0.000E+00      0.000E+00     -0.990E+02     -0.990E+02
      0.175E+02      0.000E+00      0.000E+00      0.000E+00     -0.990E+02     -0.990E+02
      0.178E+02      0.000E+00      0.000E+00      0.000E+00     -0.990E+02     -0.990E+02
      0.180E+02      0.000E+00      0.000E+00      0.000E+00     -0.990E+02     -0.990E+02
      0.182E+02      0.000E+00      0.000E+00      0.000E+00     -0.990E+02     -0.990E+02
      0.185E+02      0.000E+00      0.000E+00      0.000E+00     -0.990E+02     -0.990E+02
      0.188E+02      0.000E+00      0.000E+00      0.000E+00     -0.990E+02     -0.990E+02
      0.190E+02      0.000E+00      0.000E+00      0.000E+00     -0.990E+02     -0.990E+02
      0.192E+02      0.000E+00      0.000E+00      0.000E+00     -0.990E+02     -0.990E+02
      0.195E+02      0.000E+00      0.000E+00      0.000E+00     -0.990E+02     -0.990E+02
      0.198E+02      0.000E+00      0.000E+00      0.000E+00     -0.990E+02     -0.990E+02
      0.200E+02      0.000E+00      0.000E+00      0.000E+00     -0.990E+02     -0.990E+02
