      0.000E+00      0.524E+01      0.281E+01      0.654E+09     -0.990E+02     -0.990E+02
      0.100E-03      0.524E+01      0.281E+01      0.654E+09     -0.990E+02     -0.990E+02
      0.140E-03      0.524E+01      0.281E+01      0.654E+09     -0.990E+02     -0.990E+02
      0.160E-03      0.524E+01      0.281E+01      0.654E+09     -0.990E+02     -0.990E+02
      0.180E-03      0.524E+01      0.281E+01      0.654E+09     -0.990E+02     -0.990E+02
      0.200E-03      0.524E+01      0.281E+01      0.654E+09     -0.990E+02     -0.990E+02
      0.220E-03      0.524E+01      0.281E+01      0.654E+09     -0.990E+02     -0.990E+02
      0.250E-03      0.524E+01      0.281E+01      0.654E+09     -0.990E+02     -0.990E+02
      0.280E-03      0.524E+01      0.281E+01      0.654E+09     -0.990E+02     -0.990E+02
      0.320E-03      0.524E+01      0.281E+01      0.654E+09     -0.990E+02     -0.990E+02
      0.350E-03      0.524E+01      0.281E+01      0.654E+09     -0.990E+02     -0.990E+02
      0.400E-03      0.524E+01      0.281E+01      0.654E+09     -0.990E+02     -0.990E+02
      0.450E-03      0.524E+01      0.281E+01      0.654E+09     -0.990E+02     -0.990E+02
      0.500E-03      0.524E+01      0.281E+01      0.654E+09     -0.990E+02     -0.990E+02
      0.560E-03      0.524E+01      0.281E+01      0.654E+09     -0.990E+02     -0.990E+02
      0.630E-03      0.524E+01      0.281E+01      0.654E+09     -0.990E+02     -0.990E+02
      0.710E-03      0.524E+01      0.281E+01      0.654E+09     -0.990E+02     -0.990E+02
      0.790E-03      0.524E+01      0.281E+01      0.654E+09     -0.990E+02     -0.990E+02
      0.890E-03      0.524E+01      0.281E+01      0.654E+09     -0.990E+02     -0.990E+02
      0.100E-02      0.524E+01      0.281E+01      0.654E+09     -0.990E+02     -0.990E+02
      0.105E-02      0.524E+01      0.281E+01      0.654E+09     -0.990E+02     -0.990E+02
      0.110E-02      0.524E+01      0.281E+01      0.654E+09     -0.990E+02     -0.990E+02
      0.115E-02      0.524E+01      0.281E+01      0.654E+09     -0.990E+02     -0.990E+02
      0.120E-02      0.524E+01      0.281E+01      0.654E+09     -0.990E+02     -0.990E+02
      0.126E-02      0.524E+01      0.281E+01      0.654E+09     -0.990E+02     -0.990E+02
      0.132E-02      0.524E+01      0.281E+01      0.654E+09     -0.990E+02     -0.990E+02
      0.138E-02      0.524E+01      0.281E+01      0.654E+09     -0.990E+02     -0.990E+02
      0.145E-02      0.524E+01      0.281E+01      0.654E+09     -0.990E+02     -0.990E+02
      0.151E-02      0.524E+01      0.281E+01      0.654E+09     -0.990E+02     -0.990E+02
      0.158E-02      0.524E+01      0.281E+01      0.654E+09     -0.990E+02     -0.990E+02
      0.166E-02      0.524E+01      0.281E+01      0.654E+09     -0.990E+02     -0.990E+02
      0.174E-02      0.524E+01      0.281E+01      0.654E+09     -0.990E+02     -0.990E+02
      0.182E-02      0.524E+01      0.281E+01      0.654E+09     -0.990E+02     -0.990E+02
      0.191E-02      0.524E+01      0.281E+01      0.654E+09     -0.990E+02     -0.990E+02
      0.200E-02      0.524E+01      0.281E+01      0.654E+09     -0.990E+02     -0.990E+02
      0.209E-02      0.524E+01      0.281E+01      0.654E+09     -0.990E+02     -0.990E+02
      0.219E-02      0.524E+01      0.281E+01      0.654E+09     -0.990E+02     -0.990E+02
      0.229E-02      0.524E+01      0.281E+01      0.654E+09     -0.990E+02     -0.990E+02
      0.240E-02      0.524E+01      0.281E+01      0.654E+09     -0.990E+02     -0.990E+02
      0.251E-02      0.524E+01      0.281E+01      0.654E+09     -0.990E+02     -0.990E+02
      0.263E-02      0.524E+01      0.281E+01      0.654E+09     -0.990E+02     -0.990E+02
      0.275E-02      0.524E+01      0.281E+01      0.654E+09     -0.990E+02     -0.990E+02
      0.288E-02      0.524E+01      0.281E+01      0.654E+09     -0.990E+02     -0.990E+02
      0.302E-02      0.524E+01      0.281E+01      0.654E+09     -0.990E+02     -0.990E+02
      0.316E-02      0.524E+01      0.281E+01      0.654E+09     -0.990E+02     -0.990E+02
      0.331E-02      0.524E+01      0.281E+01      0.654E+09     -0.990E+02     -0.990E+02
      0.347E-02      0.524E+01      0.281E+01      0.654E+09     -0.990E+02     -0.990E+02
      0.363E-02      0.524E+01      0.281E+01      0.654E+09     -0.990E+02     -0.990E+02
      0.380E-02      0.524E+01      0.281E+01      0.654E+09     -0.990E+02     -0.990E+02
      0.398E-02      0.524E+01      0.281E+01      0.654E+09     -0.990E+02     -0.990E+02
      0.417E-02      0.524E+01      0.281E+01      0.654E+09     -0.990E+02     -0.990E+02
      0.437E-02      0.524E+01      0.281E+01      0.654E+09     -0.990E+02     -0.990E+02
      0.457E-02      0.524E+01      0.281E+01      0.654E+09     -0.990E+02     -0.990E+02
      0.479E-02      0.524E+01      0.281E+01      0.654E+09     -0.990E+02     -0.990E+02
      0.501E-02      0.524E+01      0.281E+01      0.654E+09     -0.990E+02     -0.990E+02
      0.525E-02      0.524E+01      0.281E+01      0.654E+09     -0.990E+02     -0.990E+02
      0.550E-02      0.524E+01      0.281E+01      0.654E+09     -0.990E+02     -0.990E+02
      0.575E-02      0.524E+01      0.281E+01      0.654E+09     -0.990E+02     -0.990E+02
      0.603E-02      0.524E+01      0.281E+01      0.654E+09     -0.990E+02     -0.990E+02
      0.631E-02      0.524E+01      0.281E+01      0.654E+09     -0.990E+02     -0.990E+02
      0.661E-02      0.524E+01      0.281E+01      0.654E+09     -0.990E+02     -0.990E+02
      0.692E-02      0.524E+01      0.281E+01      0.654E+09     -0.990E+02     -0.990E+02
      0.724E-02      0.524E+01      0.281E+01      0.654E+09     -0.990E+02     -0.990E+02
      0.759E-02      0.524E+01      0.281E+01      0.654E+09     -0.990E+02     -0.990E+02
      0.794E-02      0.524E+01      0.281E+01      0.654E+09     -0.990E+02     -0.990E+02
      0.832E-02      0.524E+01      0.281E+01      0.654E+09     -0.990E+02     -0.990E+02
      0.871E-02      0.524E+01      0.281E+01      0.654E+09     -0.990E+02     -0.990E+02
      0.912E-02      0.524E+01      0.281E+01      0.654E+09     -0.990E+02     -0.990E+02
      0.955E-02      0.524E+01      0.281E+01      0.654E+09     -0.990E+02     -0.990E+02
      0.100E-01      0.524E+01      0.281E+01      0.654E+09     -0.850E+00      0.143E+01
      0.105E-01      0.981E+00      0.862E+00      0.601E+09     -0.850E+00      0.143E+01
      0.110E-01      0.977E+00      0.858E+00      0.601E+09     -0.850E+00      0.143E+01
      0.115E-01      0.974E+00      0.854E+00      0.600E+09     -0.850E+00      0.143E+01
      0.120E-01      0.972E+00      0.851E+00      0.600E+09     -0.849E+00      0.143E+01
      0.126E-01      0.974E+00      0.852E+00      0.599E+09     -0.849E+00      0.142E+01
      0.132E-01      0.978E+00      0.855E+00      0.599E+09     -0.849E+00      0.142E+01
      0.138E-01      0.975E+00      0.851E+00      0.598E+09     -0.849E+00      0.142E+01
      0.144E-01      0.968E+00      0.844E+00      0.598E+09     -0.849E+00      0.142E+01
      0.151E-01      0.970E+00      0.844E+00      0.597E+09     -0.849E+00      0.142E+01
      0.159E-01      0.973E+00      0.846E+00      0.597E+09     -0.848E+00      0.141E+01
      0.166E-01      0.971E+00      0.843E+00      0.596E+09     -0.848E+00      0.141E+01
      0.174E-01      0.972E+00      0.843E+00      0.595E+09     -0.848E+00      0.141E+01
      0.182E-01      0.975E+00      0.844E+00      0.595E+09     -0.848E+00      0.141E+01
      0.191E-01      0.973E+00      0.841E+00      0.594E+09     -0.848E+00      0.141E+01
      0.200E-01      0.969E+00      0.836E+00      0.593E+09     -0.847E+00      0.140E+01
      0.209E-01      0.967E+00      0.833E+00      0.592E+09     -0.847E+00      0.140E+01
      0.219E-01      0.967E+00      0.831E+00      0.592E+09     -0.847E+00      0.140E+01
      0.229E-01      0.968E+00      0.830E+00      0.591E+09     -0.846E+00      0.139E+01
      0.240E-01      0.967E+00      0.828E+00      0.590E+09     -0.846E+00      0.139E+01
      0.251E-01      0.968E+00      0.826E+00      0.589E+09     -0.845E+00      0.138E+01
      0.263E-01      0.968E+00      0.825E+00      0.588E+09     -0.846E+00      0.138E+01
      0.275E-01      0.964E+00      0.819E+00      0.587E+09     -0.845E+00      0.138E+01
      0.290E-01      0.964E+00      0.816E+00      0.586E+09     -0.845E+00      0.137E+01
      0.300E-01      0.964E+00      0.815E+00      0.585E+09     -0.845E+00      0.137E+01
      0.310E-01      0.964E+00      0.813E+00      0.584E+09     -0.844E+00      0.137E+01
      0.320E-01      0.964E+00      0.811E+00      0.584E+09     -0.844E+00      0.136E+01
      0.330E-01      0.964E+00      0.809E+00      0.583E+09     -0.844E+00      0.136E+01
      0.340E-01      0.962E+00      0.807E+00      0.582E+09     -0.843E+00      0.136E+01
      0.350E-01      0.962E+00      0.805E+00      0.581E+09     -0.843E+00      0.135E+01
      0.360E-01      0.962E+00      0.802E+00      0.580E+09     -0.843E+00      0.135E+01
      0.370E-01      0.962E+00      0.801E+00      0.580E+09     -0.842E+00      0.135E+01
      0.380E-01      0.962E+00      0.799E+00      0.579E+09     -0.842E+00      0.134E+01
      0.390E-01      0.960E+00      0.796E+00      0.578E+09     -0.842E+00      0.134E+01
      0.400E-01      0.960E+00      0.795E+00      0.577E+09     -0.841E+00      0.134E+01
      0.425E-01      0.959E+00      0.789E+00      0.576E+09     -0.841E+00      0.133E+01
      0.450E-01      0.959E+00      0.785E+00      0.574E+09     -0.840E+00      0.132E+01
      0.475E-01      0.957E+00      0.780E+00      0.572E+09     -0.839E+00      0.131E+01
      0.500E-01      0.956E+00      0.775E+00      0.570E+09     -0.839E+00      0.130E+01
      0.525E-01      0.956E+00      0.770E+00      0.568E+09     -0.838E+00      0.130E+01
      0.550E-01      0.954E+00      0.766E+00      0.566E+09     -0.837E+00      0.129E+01
      0.571E-01      0.954E+00      0.762E+00      0.565E+09     -0.836E+00      0.128E+01
      0.640E-01      0.952E+00      0.749E+00      0.561E+09     -0.834E+00      0.126E+01
      0.719E-01      0.948E+00      0.735E+00      0.556E+09     -0.832E+00      0.124E+01
      0.806E-01      0.946E+00      0.721E+00      0.550E+09     -0.829E+00      0.121E+01
      0.905E-01      0.942E+00      0.705E+00      0.543E+09     -0.826E+00      0.119E+01
      0.102E+00      0.939E+00      0.689E+00      0.535E+09     -0.823E+00      0.116E+01
      0.114E+00      0.935E+00      0.671E+00      0.527E+09     -0.819E+00      0.113E+01
      0.128E+00      0.932E+00      0.655E+00      0.518E+09     -0.818E+00      0.111E+01
      0.143E+00      0.929E+00      0.640E+00      0.507E+09     -0.816E+00      0.109E+01
      0.161E+00      0.925E+00      0.628E+00      0.496E+09     -0.814E+00      0.108E+01
      0.181E+00      0.921E+00      0.618E+00      0.483E+09     -0.811E+00      0.107E+01
      0.203E+00      0.913E+00      0.605E+00      0.469E+09     -0.808E+00      0.106E+01
      0.227E+00      0.904E+00      0.594E+00      0.454E+09     -0.805E+00      0.105E+01
      0.255E+00      0.892E+00      0.586E+00      0.437E+09     -0.801E+00      0.105E+01
      0.286E+00      0.855E+00      0.548E+00      0.418E+09     -0.812E+00      0.109E+01
      0.321E+00      0.804E+00      0.505E+00      0.398E+09     -0.833E+00      0.115E+01
      0.360E+00      0.745E+00      0.464E+00      0.377E+09     -0.859E+00      0.127E+01
      0.404E+00      0.672E+00      0.411E+00      0.355E+09     -0.872E+00      0.121E+01
      0.453E+00      0.605E+00      0.366E+00      0.334E+09     -0.902E+00      0.113E+01
      0.509E+00      0.543E+00      0.329E+00      0.312E+09     -0.943E+00      0.105E+01
      0.571E+00      0.497E+00      0.296E+00      0.291E+09     -0.925E+00      0.915E+00
      0.641E+00      0.448E+00      0.272E+00      0.268E+09     -0.901E+00      0.929E+00
      0.719E+00      0.406E+00      0.255E+00      0.246E+09     -0.860E+00      0.908E+00
      0.806E+00      0.381E+00      0.243E+00      0.224E+09     -0.798E+00      0.797E+00
      0.905E+00      0.373E+00      0.244E+00      0.201E+09     -0.742E+00      0.731E+00
      0.102E+01      0.371E+00      0.227E+00      0.175E+09     -0.804E+00      0.733E+00
      0.114E+01      0.375E+00      0.225E+00      0.147E+09     -0.912E+00      0.792E+00
      0.128E+01      0.313E+00      0.202E+00      0.115E+09     -0.947E+00      0.868E+00
      0.143E+01      0.201E+00      0.157E+00      0.860E+08     -0.870E+00      0.967E+00
      0.161E+01      0.165E+00      0.131E+00      0.651E+08     -0.832E+00      0.937E+00
      0.168E+01      0.158E+00      0.133E+00      0.524E+08     -0.842E+00      0.104E+01
      0.170E+01      0.157E+00      0.134E+00      0.480E+08     -0.852E+00      0.106E+01
      0.180E+01      0.151E+00      0.128E+00      0.421E+08     -0.902E+00      0.111E+01
      0.190E+01      0.137E+00      0.113E+00      0.328E+08     -0.962E+00      0.111E+01
      0.200E+01      0.120E+00      0.109E+00      0.244E+08     -0.103E+01      0.131E+01
      0.210E+01      0.934E-01      0.884E-01      0.171E+08     -0.934E+00      0.121E+01
      0.220E+01      0.683E-01      0.769E-01      0.114E+08     -0.754E+00      0.117E+01
      0.230E+01      0.506E-01      0.658E-01      0.724E+07     -0.619E+00      0.122E+01
      0.240E+01      0.340E-01      0.415E-01      0.417E+07     -0.661E+00      0.119E+01
      0.250E+01      0.182E-01      0.247E-01      0.211E+07     -0.803E+00      0.162E+01
      0.260E+01      0.107E-01      0.155E-01      0.101E+07     -0.844E+00      0.180E+01
      0.275E+01      0.165E-02      0.476E-02      0.203E+06     -0.101E+01      0.369E+01
      0.300E+01      0.420E-04      0.138E-03      0.619E+04     -0.126E+01      0.566E+01
      0.325E+01      0.655E-09      0.133E-07      0.964E-01     -0.140E+01      0.405E+02
      0.350E+01      0.000E+00      0.000E+00      0.000E+00     -0.990E+02     -0.990E+02
      0.375E+01      0.000E+00      0.000E+00      0.000E+00     -0.990E+02     -0.990E+02
      0.400E+01      0.000E+00      0.000E+00      0.000E+00     -0.990E+02     -0.990E+02
      0.425E+01      0.000E+00      0.000E+00      0.000E+00     -0.990E+02     -0.990E+02
      0.450E+01      0.000E+00      0.000E+00      0.000E+00     -0.990E+02     -0.990E+02
      0.475E+01      0.000E+00      0.000E+00      0.000E+00     -0.990E+02     -0.990E+02
      0.500E+01      0.000E+00      0.000E+00      0.000E+00     -0.990E+02     -0.990E+02
      0.525E+01      0.000E+00      0.000E+00      0.000E+00     -0.990E+02     -0.990E+02
      0.550E+01      0.000E+00      0.000E+00      0.000E+00     -0.990E+02     -0.990E+02
      0.575E+01      0.000E+00      0.000E+00      0.000E+00     -0.990E+02     -0.990E+02
      0.600E+01      0.000E+00      0.000E+00      0.000E+00     -0.990E+02     -0.990E+02
      0.625E+01      0.000E+00      0.000E+00      0.000E+00     -0.990E+02     -0.990E+02
      0.650E+01      0.000E+00      0.000E+00      0.000E+00     -0.990E+02     -0.990E+02
      0.675E+01      0.000E+00      0.000E+00      0.000E+00     -0.990E+02     -0.990E+02
      0.700E+01      0.000E+00      0.000E+00      0.000E+00     -0.990E+02     -0.990E+02
      0.725E+01      0.000E+00      0.000E+00      0.000E+00     -0.990E+02     -0.990E+02
      0.750E+01      0.000E+00      0.000E+00      0.000E+00     -0.990E+02     -0.990E+02
      0.775E+01      0.000E+00      0.000E+00      0.000E+00     -0.990E+02     -0.990E+02
      0.800E+01      0.000E+00      0.000E+00      0.000E+00     -0.990E+02     -0.990E+02
      0.825E+01      0.000E+00      0.000E+00      0.000E+00     -0.990E+02     -0.990E+02
      0.850E+01      0.000E+00      0.000E+00      0.000E+00     -0.990E+02     -0.990E+02
      0.875E+01      0.000E+00      0.000E+00      0.000E+00     -0.990E+02     -0.990E+02
      0.900E+01      0.000E+00      0.000E+00      0.000E+00     -0.990E+02     -0.990E+02
      0.925E+01      0.000E+00      0.000E+00      0.000E+00     -0.990E+02     -0.990E+02
      0.950E+01      0.000E+00      0.000E+00      0.000E+00     -0.990E+02     -0.990E+02
      0.975E+01      0.000E+00      0.000E+00      0.000E+00     -0.990E+02     -0.990E+02
      0.100E+02      0.000E+00      0.000E+00      0.000E+00     -0.990E+02     -0.990E+02
      0.102E+02      0.000E+00      0.000E+00      0.000E+00     -0.990E+02     -0.990E+02
      0.105E+02      0.000E+00      0.000E+00      0.000E+00     -0.990E+02     -0.990E+02
      0.108E+02      0.000E+00      0.000E+00      0.000E+00     -0.990E+02     -0.990E+02
      0.110E+02      0.000E+00      0.000E+00      0.000E+00     -0.990E+02     -0.990E+02
      0.112E+02      0.000E+00      0.000E+00      0.000E+00     -0.990E+02     -0.990E+02
      0.115E+02      0.000E+00      0.000E+00      0.000E+00     -0.990E+02     -0.990E+02
      0.118E+02      0.000E+00      0.000E+00      0.000E+00     -0.990E+02     -0.990E+02
      0.120E+02      0.000E+00      0.000E+00      0.000E+00     -0.990E+02     -0.990E+02
      0.122E+02      0.000E+00      0.000E+00      0.000E+00     -0.990E+02     -0.990E+02
      0.125E+02      0.000E+00      0.000E+00      0.000E+00     -0.990E+02     -0.990E+02
      0.128E+02      0.000E+00      0.000E+00      0.000E+00     -0.990E+02     -0.990E+02
      0.130E+02      0.000E+00      0.000E+00      0.000E+00     -0.990E+02     -0.990E+02
      0.132E+02      0.000E+00      0.000E+00      0.000E+00     -0.990E+02     -0.990E+02
      0.135E+02      0.000E+00      0.000E+00      0.000E+00     -0.990E+02     -0.990E+02
      0.138E+02      0.000E+00      0.000E+00      0.000E+00     -0.990E+02     -0.990E+02
      0.140E+02      0.000E+00      0.000E+00      0.000E+00     -0.990E+02     -0.990E+02
      0.142E+02      0.000E+00      0.000E+00      0.000E+00     -0.990E+02     -0.990E+02
      0.145E+02      0.000E+00      0.000E+00      0.000E+00     -0.990E+02     -0.990E+02
      0.148E+02      0.000E+00      0.000E+00      0.000E+00     -0.990E+02     -0.990E+02
      0.150E+02      0.000E+00      0.000E+00      0.000E+00     -0.990E+02     -0.990E+02
      0.152E+02      0.000E+00      0.000E+00      0.000E+00     -0.990E+02     -0.990E+02
      0.155E+02      0.000E+00      0.000E+00      0.000E+00     -0.990E+02     -0.990E+02
      0.158E+02      0.000E+00      0.000E+00      0.000E+00     -0.990E+02     -0.990E+02
      0.160E+02      0.000E+00      0.000E+00      0.000E+00     -0.990E+02     -0.990E+02
      0.162E+02      0.000E+00      0.000E+00      0.000E+00     -0.990E+02     -0.990E+02
      0.165E+02      0.000E+00      0.000E+00      0.000E+00     -0.990E+02     -0.990E+02
      0.168E+02      0.000E+00      0.000E+00      0.000E+00     -0.990E+02     -0.990E+02
      0.170E+02      0.000E+00      0.000E+00      0.000E+00     -0.990E+02     -0.990E+02
      0.172E+02      0.000E+00      0.000E+00      0.000E+00     -0.990E+02     -0.990E+02
      0.175E+02      0.000E+00      0.000E+00      0.000E+00     -0.990E+02     -0.990E+02
      0.178E+02      0.000E+00      0.000E+00      0.000E+00     -0.990E+02     -0.990E+02
      0.180E+02      0.000E+00      0.000E+00      0.000E+00     -0.990E+02     -0.990E+02
      0.182E+02      0.000E+00      0.000E+00      0.000E+00     -0.990E+02     -0.990E+02
      0.185E+02      0.000E+00      0.000E+00      0.000E+00     -0.990E+02     -0.990E+02
      0.188E+02      0.000E+00      0.000E+00      0.000E+00     -0.990E+02     -0.990E+02
      0.190E+02      0.000E+00      0.000E+00      0.000E+00     -0.990E+02     -0.990E+02
      0.192E+02      0.000E+00      0.000E+00      0.000E+00     -0.990E+02     -0.990E+02
      0.195E+02      0.000E+00      0.000E+00      0.000E+00     -0.990E+02     -0.990E+02
      0.198E+02      0.000E+00      0.000E+00      0.000E+00     -0.990E+02     -0.990E+02
      0.200E+02      0.000E+00      0.000E+00      0.000E+00     -0.990E+02     -0.990E+02
