      0.000E+00      0.100E-02      0.376E-02      0.302E+09     -0.990E+02     -0.990E+02
      0.100E-03      0.100E-02      0.376E-02      0.302E+09     -0.990E+02     -0.990E+02
      0.140E-03      0.100E-02      0.376E-02      0.302E+09     -0.990E+02     -0.990E+02
      0.160E-03      0.100E-02      0.376E-02      0.302E+09     -0.990E+02     -0.990E+02
      0.180E-03      0.100E-02      0.376E-02      0.302E+09     -0.990E+02     -0.990E+02
      0.200E-03      0.100E-02      0.376E-02      0.302E+09     -0.990E+02     -0.990E+02
      0.220E-03      0.100E-02      0.376E-02      0.302E+09     -0.990E+02     -0.990E+02
      0.250E-03      0.100E-02      0.376E-02      0.302E+09     -0.990E+02     -0.990E+02
      0.280E-03      0.100E-02      0.376E-02      0.302E+09     -0.990E+02     -0.990E+02
      0.320E-03      0.100E-02      0.376E-02      0.302E+09     -0.990E+02     -0.990E+02
      0.350E-03      0.100E-02      0.376E-02      0.302E+09     -0.990E+02     -0.990E+02
      0.400E-03      0.100E-02      0.376E-02      0.302E+09     -0.990E+02     -0.990E+02
      0.450E-03      0.100E-02      0.376E-02      0.302E+09     -0.990E+02     -0.990E+02
      0.500E-03      0.100E-02      0.376E-02      0.302E+09     -0.990E+02     -0.990E+02
      0.560E-03      0.100E-02      0.376E-02      0.302E+09     -0.990E+02     -0.990E+02
      0.630E-03      0.100E-02      0.376E-02      0.302E+09     -0.990E+02     -0.990E+02
      0.710E-03      0.100E-02      0.376E-02      0.302E+09     -0.990E+02     -0.990E+02
      0.790E-03      0.100E-02      0.376E-02      0.302E+09     -0.990E+02     -0.990E+02
      0.890E-03      0.100E-02      0.376E-02      0.302E+09     -0.990E+02     -0.990E+02
      0.100E-02      0.100E-02      0.376E-02      0.302E+09     -0.990E+02     -0.990E+02
      0.105E-02      0.100E-02      0.376E-02      0.302E+09     -0.990E+02     -0.990E+02
      0.110E-02      0.100E-02      0.376E-02      0.302E+09     -0.990E+02     -0.990E+02
      0.115E-02      0.100E-02      0.376E-02      0.302E+09     -0.990E+02     -0.990E+02
      0.120E-02      0.100E-02      0.376E-02      0.302E+09     -0.990E+02     -0.990E+02
      0.126E-02      0.100E-02      0.376E-02      0.302E+09     -0.990E+02     -0.990E+02
      0.132E-02      0.100E-02      0.376E-02      0.302E+09     -0.990E+02     -0.990E+02
      0.138E-02      0.100E-02      0.376E-02      0.302E+09     -0.990E+02     -0.990E+02
      0.145E-02      0.100E-02      0.376E-02      0.302E+09     -0.990E+02     -0.990E+02
      0.151E-02      0.100E-02      0.376E-02      0.302E+09     -0.990E+02     -0.990E+02
      0.158E-02      0.100E-02      0.376E-02      0.302E+09     -0.990E+02     -0.990E+02
      0.166E-02      0.100E-02      0.376E-02      0.302E+09     -0.990E+02     -0.990E+02
      0.174E-02      0.100E-02      0.376E-02      0.302E+09     -0.990E+02     -0.990E+02
      0.182E-02      0.100E-02      0.376E-02      0.302E+09     -0.990E+02     -0.990E+02
      0.191E-02      0.100E-02      0.376E-02      0.302E+09     -0.990E+02     -0.990E+02
      0.200E-02      0.100E-02      0.376E-02      0.302E+09     -0.990E+02     -0.990E+02
      0.209E-02      0.100E-02      0.376E-02      0.302E+09     -0.990E+02     -0.990E+02
      0.219E-02      0.100E-02      0.376E-02      0.302E+09     -0.990E+02     -0.990E+02
      0.229E-02      0.100E-02      0.376E-02      0.302E+09     -0.990E+02     -0.990E+02
      0.240E-02      0.100E-02      0.376E-02      0.302E+09     -0.990E+02     -0.990E+02
      0.251E-02      0.100E-02      0.376E-02      0.302E+09     -0.990E+02     -0.990E+02
      0.263E-02      0.100E-02      0.376E-02      0.302E+09     -0.990E+02     -0.990E+02
      0.275E-02      0.100E-02      0.376E-02      0.302E+09     -0.990E+02     -0.990E+02
      0.288E-02      0.100E-02      0.376E-02      0.302E+09     -0.990E+02     -0.990E+02
      0.302E-02      0.100E-02      0.376E-02      0.302E+09     -0.990E+02     -0.990E+02
      0.316E-02      0.100E-02      0.376E-02      0.302E+09     -0.990E+02     -0.990E+02
      0.331E-02      0.100E-02      0.376E-02      0.302E+09     -0.990E+02     -0.990E+02
      0.347E-02      0.100E-02      0.376E-02      0.302E+09     -0.990E+02     -0.990E+02
      0.363E-02      0.100E-02      0.376E-02      0.302E+09     -0.990E+02     -0.990E+02
      0.380E-02      0.100E-02      0.376E-02      0.302E+09     -0.990E+02     -0.990E+02
      0.398E-02      0.100E-02      0.376E-02      0.302E+09     -0.990E+02     -0.990E+02
      0.417E-02      0.100E-02      0.376E-02      0.302E+09     -0.990E+02     -0.990E+02
      0.437E-02      0.100E-02      0.376E-02      0.302E+09     -0.990E+02     -0.990E+02
      0.457E-02      0.100E-02      0.376E-02      0.302E+09     -0.990E+02     -0.990E+02
      0.479E-02      0.100E-02      0.376E-02      0.302E+09     -0.990E+02     -0.990E+02
      0.501E-02      0.100E-02      0.376E-02      0.302E+09     -0.990E+02     -0.990E+02
      0.525E-02      0.100E-02      0.376E-02      0.302E+09     -0.990E+02     -0.990E+02
      0.550E-02      0.100E-02      0.376E-02      0.302E+09     -0.990E+02     -0.990E+02
      0.575E-02      0.100E-02      0.376E-02      0.302E+09     -0.990E+02     -0.990E+02
      0.603E-02      0.100E-02      0.376E-02      0.302E+09     -0.990E+02     -0.990E+02
      0.631E-02      0.100E-02      0.376E-02      0.302E+09     -0.990E+02     -0.990E+02
      0.661E-02      0.100E-02      0.376E-02      0.302E+09     -0.990E+02     -0.990E+02
      0.692E-02      0.100E-02      0.376E-02      0.302E+09     -0.990E+02     -0.990E+02
      0.724E-02      0.100E-02      0.376E-02      0.302E+09     -0.990E+02     -0.990E+02
      0.759E-02      0.100E-02      0.376E-02      0.302E+09     -0.990E+02     -0.990E+02
      0.794E-02      0.100E-02      0.376E-02      0.302E+09     -0.990E+02     -0.990E+02
      0.832E-02      0.100E-02      0.376E-02      0.302E+09     -0.990E+02     -0.990E+02
      0.871E-02      0.100E-02      0.376E-02      0.302E+09     -0.990E+02     -0.990E+02
      0.912E-02      0.100E-02      0.376E-02      0.302E+09     -0.990E+02     -0.990E+02
      0.955E-02      0.100E-02      0.376E-02      0.302E+09     -0.990E+02     -0.990E+02
      0.100E-01      0.100E-02      0.376E-02      0.302E+09     -0.130E+00      0.185E+00
      0.105E-01      0.808E-02      0.744E-02      0.302E+09     -0.130E+00      0.185E+00
      0.110E-01      0.805E-02      0.741E-02      0.302E+09     -0.130E+00      0.185E+00
      0.115E-01      0.803E-02      0.739E-02      0.302E+09     -0.130E+00      0.185E+00
      0.120E-01      0.801E-02      0.737E-02      0.302E+09     -0.130E+00      0.185E+00
      0.126E-01      0.803E-02      0.739E-02      0.302E+09     -0.130E+00      0.185E+00
      0.132E-01      0.807E-02      0.742E-02      0.302E+09     -0.130E+00      0.185E+00
      0.138E-01      0.804E-02      0.740E-02      0.302E+09     -0.130E+00      0.185E+00
      0.144E-01      0.798E-02      0.734E-02      0.302E+09     -0.130E+00      0.185E+00
      0.151E-01      0.799E-02      0.735E-02      0.302E+09     -0.130E+00      0.185E+00
      0.159E-01      0.802E-02      0.738E-02      0.302E+09     -0.130E+00      0.185E+00
      0.166E-01      0.801E-02      0.737E-02      0.302E+09     -0.130E+00      0.185E+00
      0.174E-01      0.802E-02      0.738E-02      0.302E+09     -0.130E+00      0.185E+00
      0.182E-01      0.805E-02      0.740E-02      0.302E+09     -0.130E+00      0.185E+00
      0.191E-01      0.803E-02      0.739E-02      0.302E+09     -0.130E+00      0.185E+00
      0.200E-01      0.799E-02      0.735E-02      0.302E+09     -0.130E+00      0.186E+00
      0.209E-01      0.799E-02      0.735E-02      0.302E+09     -0.130E+00      0.185E+00
      0.219E-01      0.796E-02      0.732E-02      0.302E+09     -0.130E+00      0.186E+00
      0.229E-01      0.797E-02      0.734E-02      0.302E+09     -0.130E+00      0.186E+00
      0.240E-01      0.800E-02      0.736E-02      0.302E+09     -0.130E+00      0.185E+00
      0.251E-01      0.799E-02      0.736E-02      0.302E+09     -0.130E+00      0.186E+00
      0.263E-01      0.800E-02      0.736E-02      0.302E+09     -0.130E+00      0.186E+00
      0.275E-01      0.796E-02      0.732E-02      0.302E+09     -0.130E+00      0.186E+00
      0.290E-01      0.794E-02      0.731E-02      0.302E+09     -0.130E+00      0.186E+00
      0.300E-01      0.796E-02      0.732E-02      0.302E+09     -0.130E+00      0.186E+00
      0.310E-01      0.795E-02      0.732E-02      0.302E+09     -0.130E+00      0.186E+00
      0.320E-01      0.795E-02      0.732E-02      0.302E+09     -0.130E+00      0.186E+00
      0.330E-01      0.795E-02      0.732E-02      0.302E+09     -0.130E+00      0.186E+00
      0.340E-01      0.795E-02      0.732E-02      0.302E+09     -0.130E+00      0.186E+00
      0.350E-01      0.795E-02      0.732E-02      0.302E+09     -0.130E+00      0.186E+00
      0.360E-01      0.791E-02      0.728E-02      0.302E+09     -0.130E+00      0.186E+00
      0.370E-01      0.791E-02      0.728E-02      0.302E+09     -0.130E+00      0.186E+00
      0.380E-01      0.791E-02      0.728E-02      0.302E+09     -0.130E+00      0.186E+00
      0.390E-01      0.791E-02      0.728E-02      0.302E+09     -0.130E+00      0.186E+00
      0.400E-01      0.789E-02      0.727E-02      0.302E+09     -0.130E+00      0.186E+00
      0.425E-01      0.789E-02      0.727E-02      0.302E+09     -0.130E+00      0.186E+00
      0.450E-01      0.788E-02      0.725E-02      0.302E+09     -0.130E+00      0.186E+00
      0.475E-01      0.788E-02      0.725E-02      0.302E+09     -0.130E+00      0.186E+00
      0.500E-01      0.786E-02      0.724E-02      0.302E+09     -0.130E+00      0.187E+00
      0.525E-01      0.786E-02      0.724E-02      0.302E+09     -0.130E+00      0.187E+00
      0.550E-01      0.784E-02      0.722E-02      0.302E+09     -0.130E+00      0.187E+00
      0.571E-01      0.784E-02      0.722E-02      0.302E+09     -0.130E+00      0.187E+00
      0.640E-01      0.782E-02      0.720E-02      0.302E+09     -0.130E+00      0.187E+00
      0.719E-01      0.780E-02      0.718E-02      0.302E+09     -0.131E+00      0.187E+00
      0.806E-01      0.778E-02      0.716E-02      0.302E+09     -0.131E+00      0.187E+00
      0.905E-01      0.776E-02      0.715E-02      0.302E+09     -0.131E+00      0.187E+00
      0.102E+00      0.771E-02      0.711E-02      0.302E+09     -0.131E+00      0.187E+00
      0.114E+00      0.769E-02      0.708E-02      0.301E+09     -0.131E+00      0.189E+00
      0.128E+00      0.763E-02      0.703E-02      0.301E+09     -0.131E+00      0.188E+00
      0.143E+00      0.754E-02      0.695E-02      0.301E+09     -0.131E+00      0.188E+00
      0.161E+00      0.753E-02      0.695E-02      0.301E+09     -0.131E+00      0.188E+00
      0.181E+00      0.751E-02      0.695E-02      0.301E+09     -0.130E+00      0.189E+00
      0.203E+00      0.750E-02      0.696E-02      0.301E+09     -0.130E+00      0.189E+00
      0.227E+00      0.748E-02      0.697E-02      0.301E+09     -0.130E+00      0.189E+00
      0.255E+00      0.744E-02      0.695E-02      0.301E+09     -0.129E+00      0.188E+00
      0.286E+00      0.732E-02      0.685E-02      0.301E+09     -0.128E+00      0.187E+00
      0.321E+00      0.720E-02      0.677E-02      0.300E+09     -0.127E+00      0.186E+00
      0.360E+00      0.705E-02      0.666E-02      0.300E+09     -0.125E+00      0.184E+00
      0.404E+00      0.684E-02      0.651E-02      0.300E+09     -0.123E+00      0.181E+00
      0.453E+00      0.671E-02      0.643E-02      0.300E+09     -0.120E+00      0.176E+00
      0.509E+00      0.705E-02      0.670E-02      0.300E+09     -0.115E+00      0.166E+00
      0.571E+00      0.732E-02      0.693E-02      0.299E+09     -0.110E+00      0.157E+00
      0.641E+00      0.746E-02      0.706E-02      0.299E+09     -0.104E+00      0.148E+00
      0.719E+00      0.712E-02      0.683E-02      0.299E+09     -0.949E-01      0.137E+00
      0.806E+00      0.654E-02      0.652E-02      0.298E+09     -0.846E-01      0.128E+00
      0.905E+00      0.569E-02      0.605E-02      0.298E+09     -0.696E-01      0.117E+00
      0.102E+01      0.466E-02      0.533E-02      0.297E+09     -0.466E-01      0.981E-01
      0.114E+01      0.374E-02      0.378E-02      0.297E+09     -0.806E-02      0.751E-01
      0.128E+01      0.280E-02      0.286E-02      0.297E+09      0.402E-01      0.990E-01
      0.143E+01      0.177E-02      0.225E-02      0.296E+09      0.130E+00      0.221E+00
      0.161E+01      0.797E-03      0.173E-02      0.296E+09      0.116E+00      0.350E+00
      0.168E+01      0.408E-03      0.167E-02      0.296E+09      0.732E-01      0.581E+00
      0.170E+01      0.341E-03      0.167E-02      0.296E+09      0.544E-01      0.657E+00
      0.180E+01      0.487E-03      0.163E-02      0.296E+09      0.449E-01      0.386E+00
      0.190E+01      0.641E-03      0.163E-02      0.296E+09      0.395E-01      0.274E+00
      0.200E+01      0.671E-03      0.170E-02      0.296E+09      0.393E-01      0.280E+00
      0.210E+01      0.537E-03      0.178E-02      0.296E+09      0.456E-01      0.382E+00
      0.220E+01      0.406E-03      0.187E-02      0.296E+09      0.568E-01      0.577E+00
      0.230E+01      0.491E-03      0.170E-02      0.296E+09      0.456E-01      0.448E+00
      0.240E+01      0.590E-03      0.154E-02      0.296E+09      0.364E-01      0.357E+00
      0.250E+01      0.832E-03      0.155E-02      0.296E+09      0.475E-01      0.268E+00
      0.260E+01      0.122E-02      0.172E-02      0.296E+09      0.584E-01      0.212E+00
      0.275E+01      0.181E-02      0.207E-02      0.296E+09      0.691E-01      0.173E+00
      0.300E+01      0.284E-02      0.300E-02      0.296E+09      0.109E+00      0.206E+00
      0.325E+01      0.375E-02      0.406E-02      0.295E+09      0.206E+00      0.343E+00
      0.350E+01      0.395E-02      0.440E-02      0.295E+09      0.314E+00      0.481E+00
      0.375E+01      0.563E-02      0.538E-02      0.294E+09      0.298E+00      0.401E+00
      0.400E+01      0.646E-02      0.640E-02      0.293E+09      0.275E+00      0.380E+00
      0.425E+01      0.607E-02      0.681E-02      0.292E+09      0.255E+00      0.391E+00
      0.450E+01      0.726E-02      0.826E-02      0.291E+09      0.222E+00      0.368E+00
      0.475E+01      0.128E-01      0.121E-01      0.290E+09      0.182E+00      0.271E+00
      0.500E+01      0.152E-01      0.138E-01      0.288E+09      0.135E+00      0.180E+00
      0.525E+01      0.166E-01      0.165E-01      0.286E+09      0.109E+00      0.148E+00
      0.550E+01      0.197E-01      0.213E-01      0.284E+09      0.836E-01      0.123E+00
      0.575E+01      0.183E-01      0.191E-01      0.281E+09      0.524E-01      0.995E-01
      0.600E+01      0.209E-01      0.155E-01      0.278E+09      0.392E-02      0.557E-01
      0.625E+01      0.347E-01      0.172E-01      0.275E+09     -0.743E-01      0.700E-01
      0.650E+01      0.537E-01      0.268E-01      0.270E+09     -0.121E+00      0.992E-01
      0.675E+01      0.521E-01      0.246E-01      0.262E+09     -0.138E+00      0.102E+00
      0.700E+01      0.590E-01      0.245E-01      0.255E+09     -0.134E+00      0.129E+00
      0.725E+01      0.980E-01      0.380E-01      0.247E+09     -0.190E+00      0.176E+00
      0.750E+01      0.890E-01      0.383E-01      0.233E+09     -0.312E+00      0.290E+00
      0.775E+01      0.120E+00      0.553E-01      0.220E+09     -0.432E+00      0.344E+00
      0.800E+01      0.870E-01      0.640E-01      0.203E+09     -0.388E+00      0.558E+00
      0.825E+01      0.130E+00      0.762E-01      0.191E+09     -0.469E+00      0.453E+00
      0.850E+01      0.113E+00      0.756E-01      0.173E+09     -0.385E+00      0.486E+00
      0.875E+01      0.144E+00      0.614E-01      0.157E+09     -0.342E+00      0.278E+00
      0.900E+01      0.138E+00      0.453E-01      0.137E+09     -0.541E+00      0.262E+00
      0.925E+01      0.159E+00      0.475E-01      0.118E+09     -0.569E+00      0.249E+00
      0.950E+01      0.241E+00      0.650E-01      0.955E+08     -0.608E+00      0.248E+00
      0.975E+01      0.177E+00      0.675E-01      0.621E+08     -0.785E+00      0.426E+00
      0.100E+02      0.113E+00      0.427E-01      0.378E+08     -0.838E+00      0.439E+00
      0.102E+02      0.831E-01      0.305E-01      0.222E+08     -0.881E+00      0.420E+00
      0.105E+02      0.457E-01      0.359E-01      0.108E+08     -0.943E+00      0.824E+00
      0.108E+02      0.152E-01      0.175E-01      0.441E+07     -0.253E+00      0.410E+00
      0.110E+02      0.908E-02      0.856E-02      0.231E+07     -0.199E+00      0.274E+00
      0.112E+02      0.738E-02      0.682E-02      0.105E+07     -0.306E+00      0.365E+00
      0.115E+02      0.181E-03      0.230E-03      0.255E+05     -0.220E+01      0.395E+01
      0.118E+02      0.854E-09      0.417E-05      0.119E+00     -0.761E+00      0.511E+04
      0.120E+02      0.128E-10      0.459E-07      0.176E-02     -0.155E+01      0.759E+04
      0.122E+02      0.000E+00      0.000E+00      0.000E+00     -0.990E+02     -0.990E+02
      0.125E+02      0.000E+00      0.000E+00      0.000E+00     -0.990E+02     -0.990E+02
      0.128E+02      0.000E+00      0.000E+00      0.000E+00     -0.990E+02     -0.990E+02
      0.130E+02      0.000E+00      0.000E+00      0.000E+00     -0.990E+02     -0.990E+02
      0.132E+02      0.000E+00      0.000E+00      0.000E+00     -0.990E+02     -0.990E+02
      0.135E+02      0.000E+00      0.000E+00      0.000E+00     -0.990E+02     -0.990E+02
      0.138E+02      0.000E+00      0.000E+00      0.000E+00     -0.990E+02     -0.990E+02
      0.140E+02      0.000E+00      0.000E+00      0.000E+00     -0.990E+02     -0.990E+02
      0.142E+02      0.000E+00      0.000E+00      0.000E+00     -0.990E+02     -0.990E+02
      0.145E+02      0.000E+00      0.000E+00      0.000E+00     -0.990E+02     -0.990E+02
      0.148E+02      0.000E+00      0.000E+00      0.000E+00     -0.990E+02     -0.990E+02
      0.150E+02      0.000E+00      0.000E+00      0.000E+00     -0.990E+02     -0.990E+02
      0.152E+02      0.000E+00      0.000E+00      0.000E+00     -0.990E+02     -0.990E+02
      0.155E+02      0.000E+00      0.000E+00      0.000E+00     -0.990E+02     -0.990E+02
      0.158E+02      0.000E+00      0.000E+00      0.000E+00     -0.990E+02     -0.990E+02
      0.160E+02      0.000E+00      0.000E+00      0.000E+00     -0.990E+02     -0.990E+02
      0.162E+02      0.000E+00      0.000E+00      0.000E+00     -0.990E+02     -0.990E+02
      0.165E+02      0.000E+00      0.000E+00      0.000E+00     -0.990E+02     -0.990E+02
      0.168E+02      0.000E+00      0.000E+00      0.000E+00     -0.990E+02     -0.990E+02
      0.170E+02      0.000E+00      0.000E+00      0.000E+00     -0.990E+02     -0.990E+02
      0.172E+02      0.000E+00      0.000E+00      0.000E+00     -0.990E+02     -0.990E+02
      0.175E+02      0.000E+00      0.000E+00      0.000E+00     -0.990E+02     -0.990E+02
      0.178E+02      0.000E+00      0.000E+00      0.000E+00     -0.990E+02     -0.990E+02
      0.180E+02      0.000E+00      0.000E+00      0.000E+00     -0.990E+02     -0.990E+02
      0.182E+02      0.000E+00      0.000E+00      0.000E+00     -0.990E+02     -0.990E+02
      0.185E+02      0.000E+00      0.000E+00      0.000E+00     -0.990E+02     -0.990E+02
      0.188E+02      0.000E+00      0.000E+00      0.000E+00     -0.990E+02     -0.990E+02
      0.190E+02      0.000E+00      0.000E+00      0.000E+00     -0.990E+02     -0.990E+02
      0.192E+02      0.000E+00      0.000E+00      0.000E+00     -0.990E+02     -0.990E+02
      0.195E+02      0.000E+00      0.000E+00      0.000E+00     -0.990E+02     -0.990E+02
      0.198E+02      0.000E+00      0.000E+00      0.000E+00     -0.990E+02     -0.990E+02
      0.200E+02      0.000E+00      0.000E+00      0.000E+00     -0.990E+02     -0.990E+02
