      0.000E+00      0.483E+01      0.509E+00      0.813E+09     -0.990E+02     -0.990E+02
      0.100E-03      0.483E+01      0.509E+00      0.813E+09     -0.990E+02     -0.990E+02
      0.140E-03      0.483E+01      0.509E+00      0.813E+09     -0.990E+02     -0.990E+02
      0.160E-03      0.483E+01      0.509E+00      0.813E+09     -0.990E+02     -0.990E+02
      0.180E-03      0.483E+01      0.509E+00      0.813E+09     -0.990E+02     -0.990E+02
      0.200E-03      0.483E+01      0.509E+00      0.813E+09     -0.990E+02     -0.990E+02
      0.220E-03      0.483E+01      0.509E+00      0.813E+09     -0.990E+02     -0.990E+02
      0.250E-03      0.483E+01      0.509E+00      0.813E+09     -0.990E+02     -0.990E+02
      0.280E-03      0.483E+01      0.509E+00      0.813E+09     -0.990E+02     -0.990E+02
      0.320E-03      0.483E+01      0.509E+00      0.813E+09     -0.990E+02     -0.990E+02
      0.350E-03      0.483E+01      0.509E+00      0.813E+09     -0.990E+02     -0.990E+02
      0.400E-03      0.483E+01      0.509E+00      0.813E+09     -0.990E+02     -0.990E+02
      0.450E-03      0.483E+01      0.509E+00      0.813E+09     -0.990E+02     -0.990E+02
      0.500E-03      0.483E+01      0.509E+00      0.813E+09     -0.990E+02     -0.990E+02
      0.560E-03      0.483E+01      0.509E+00      0.813E+09     -0.990E+02     -0.990E+02
      0.630E-03      0.483E+01      0.509E+00      0.813E+09     -0.990E+02     -0.990E+02
      0.710E-03      0.483E+01      0.509E+00      0.813E+09     -0.990E+02     -0.990E+02
      0.790E-03      0.483E+01      0.509E+00      0.813E+09     -0.990E+02     -0.990E+02
      0.890E-03      0.483E+01      0.509E+00      0.813E+09     -0.990E+02     -0.990E+02
      0.100E-02      0.483E+01      0.509E+00      0.813E+09     -0.990E+02     -0.990E+02
      0.105E-02      0.483E+01      0.509E+00      0.813E+09     -0.990E+02     -0.990E+02
      0.110E-02      0.483E+01      0.509E+00      0.813E+09     -0.990E+02     -0.990E+02
      0.115E-02      0.483E+01      0.509E+00      0.813E+09     -0.990E+02     -0.990E+02
      0.120E-02      0.483E+01      0.509E+00      0.813E+09     -0.990E+02     -0.990E+02
      0.126E-02      0.483E+01      0.509E+00      0.813E+09     -0.990E+02     -0.990E+02
      0.132E-02      0.483E+01      0.509E+00      0.813E+09     -0.990E+02     -0.990E+02
      0.138E-02      0.483E+01      0.509E+00      0.813E+09     -0.990E+02     -0.990E+02
      0.145E-02      0.483E+01      0.509E+00      0.813E+09     -0.990E+02     -0.990E+02
      0.151E-02      0.483E+01      0.509E+00      0.813E+09     -0.990E+02     -0.990E+02
      0.158E-02      0.483E+01      0.509E+00      0.813E+09     -0.990E+02     -0.990E+02
      0.166E-02      0.483E+01      0.509E+00      0.813E+09     -0.990E+02     -0.990E+02
      0.174E-02      0.483E+01      0.509E+00      0.813E+09     -0.990E+02     -0.990E+02
      0.182E-02      0.483E+01      0.509E+00      0.813E+09     -0.990E+02     -0.990E+02
      0.191E-02      0.483E+01      0.509E+00      0.813E+09     -0.990E+02     -0.990E+02
      0.200E-02      0.483E+01      0.509E+00      0.813E+09     -0.990E+02     -0.990E+02
      0.209E-02      0.483E+01      0.509E+00      0.813E+09     -0.990E+02     -0.990E+02
      0.219E-02      0.483E+01      0.509E+00      0.813E+09     -0.990E+02     -0.990E+02
      0.229E-02      0.483E+01      0.509E+00      0.813E+09     -0.990E+02     -0.990E+02
      0.240E-02      0.483E+01      0.509E+00      0.813E+09     -0.990E+02     -0.990E+02
      0.251E-02      0.483E+01      0.509E+00      0.813E+09     -0.990E+02     -0.990E+02
      0.263E-02      0.483E+01      0.509E+00      0.813E+09     -0.990E+02     -0.990E+02
      0.275E-02      0.483E+01      0.509E+00      0.813E+09     -0.990E+02     -0.990E+02
      0.288E-02      0.483E+01      0.509E+00      0.813E+09     -0.990E+02     -0.990E+02
      0.302E-02      0.483E+01      0.509E+00      0.813E+09     -0.990E+02     -0.990E+02
      0.316E-02      0.483E+01      0.509E+00      0.813E+09     -0.990E+02     -0.990E+02
      0.331E-02      0.483E+01      0.509E+00      0.813E+09     -0.990E+02     -0.990E+02
      0.347E-02      0.483E+01      0.509E+00      0.813E+09     -0.990E+02     -0.990E+02
      0.363E-02      0.483E+01      0.509E+00      0.813E+09     -0.990E+02     -0.990E+02
      0.380E-02      0.483E+01      0.509E+00      0.813E+09     -0.990E+02     -0.990E+02
      0.398E-02      0.483E+01      0.509E+00      0.813E+09     -0.990E+02     -0.990E+02
      0.417E-02      0.483E+01      0.509E+00      0.813E+09     -0.990E+02     -0.990E+02
      0.437E-02      0.483E+01      0.509E+00      0.813E+09     -0.990E+02     -0.990E+02
      0.457E-02      0.483E+01      0.509E+00      0.813E+09     -0.990E+02     -0.990E+02
      0.479E-02      0.483E+01      0.509E+00      0.813E+09     -0.990E+02     -0.990E+02
      0.501E-02      0.483E+01      0.509E+00      0.813E+09     -0.990E+02     -0.990E+02
      0.525E-02      0.483E+01      0.509E+00      0.813E+09     -0.990E+02     -0.990E+02
      0.550E-02      0.483E+01      0.509E+00      0.813E+09     -0.990E+02     -0.990E+02
      0.575E-02      0.483E+01      0.509E+00      0.813E+09     -0.990E+02     -0.990E+02
      0.603E-02      0.483E+01      0.509E+00      0.813E+09     -0.990E+02     -0.990E+02
      0.631E-02      0.483E+01      0.509E+00      0.813E+09     -0.990E+02     -0.990E+02
      0.661E-02      0.483E+01      0.509E+00      0.813E+09     -0.990E+02     -0.990E+02
      0.692E-02      0.483E+01      0.509E+00      0.813E+09     -0.990E+02     -0.990E+02
      0.724E-02      0.483E+01      0.509E+00      0.813E+09     -0.990E+02     -0.990E+02
      0.759E-02      0.483E+01      0.509E+00      0.813E+09     -0.990E+02     -0.990E+02
      0.794E-02      0.483E+01      0.509E+00      0.813E+09     -0.990E+02     -0.990E+02
      0.832E-02      0.483E+01      0.509E+00      0.813E+09     -0.990E+02     -0.990E+02
      0.871E-02      0.483E+01      0.509E+00      0.813E+09     -0.990E+02     -0.990E+02
      0.912E-02      0.483E+01      0.509E+00      0.813E+09     -0.990E+02     -0.990E+02
      0.955E-02      0.483E+01      0.509E+00      0.813E+09     -0.990E+02     -0.990E+02
      0.100E-01      0.483E+01      0.509E+00      0.813E+09     -0.394E+00      0.440E+00
      0.105E-01      0.612E+00      0.318E+00      0.765E+09     -0.394E+00      0.440E+00
      0.110E-01      0.609E+00      0.317E+00      0.765E+09     -0.394E+00      0.440E+00
      0.115E-01      0.608E+00      0.316E+00      0.764E+09     -0.395E+00      0.441E+00
      0.120E-01      0.607E+00      0.316E+00      0.764E+09     -0.395E+00      0.441E+00
      0.126E-01      0.609E+00      0.317E+00      0.764E+09     -0.395E+00      0.441E+00
      0.132E-01      0.612E+00      0.319E+00      0.764E+09     -0.396E+00      0.442E+00
      0.138E-01      0.610E+00      0.318E+00      0.763E+09     -0.396E+00      0.443E+00
      0.144E-01      0.607E+00      0.316E+00      0.763E+09     -0.396E+00      0.442E+00
      0.151E-01      0.608E+00      0.317E+00      0.762E+09     -0.397E+00      0.444E+00
      0.159E-01      0.611E+00      0.319E+00      0.762E+09     -0.397E+00      0.444E+00
      0.166E-01      0.610E+00      0.319E+00      0.762E+09     -0.398E+00      0.444E+00
      0.174E-01      0.612E+00      0.320E+00      0.761E+09     -0.398E+00      0.445E+00
      0.182E-01      0.613E+00      0.321E+00      0.761E+09     -0.399E+00      0.446E+00
      0.191E-01      0.614E+00      0.322E+00      0.760E+09     -0.399E+00      0.446E+00
      0.200E-01      0.611E+00      0.321E+00      0.760E+09     -0.400E+00      0.448E+00
      0.209E-01      0.610E+00      0.320E+00      0.760E+09     -0.401E+00      0.449E+00
      0.219E-01      0.610E+00      0.320E+00      0.759E+09     -0.401E+00      0.449E+00
      0.229E-01      0.612E+00      0.321E+00      0.759E+09     -0.402E+00      0.450E+00
      0.240E-01      0.611E+00      0.321E+00      0.758E+09     -0.403E+00      0.452E+00
      0.251E-01      0.612E+00      0.321E+00      0.757E+09     -0.404E+00      0.452E+00
      0.263E-01      0.611E+00      0.320E+00      0.757E+09     -0.404E+00      0.452E+00
      0.275E-01      0.610E+00      0.319E+00      0.756E+09     -0.405E+00      0.453E+00
      0.290E-01      0.610E+00      0.319E+00      0.756E+09     -0.406E+00      0.455E+00
      0.300E-01      0.610E+00      0.320E+00      0.755E+09     -0.407E+00      0.456E+00
      0.310E-01      0.609E+00      0.319E+00      0.754E+09     -0.408E+00      0.457E+00
      0.320E-01      0.609E+00      0.319E+00      0.754E+09     -0.408E+00      0.457E+00
      0.330E-01      0.610E+00      0.319E+00      0.753E+09     -0.410E+00      0.459E+00
      0.340E-01      0.610E+00      0.319E+00      0.753E+09     -0.410E+00      0.460E+00
      0.350E-01      0.610E+00      0.319E+00      0.752E+09     -0.410E+00      0.460E+00
      0.360E-01      0.609E+00      0.318E+00      0.752E+09     -0.411E+00      0.461E+00
      0.370E-01      0.610E+00      0.319E+00      0.751E+09     -0.413E+00      0.463E+00
      0.380E-01      0.609E+00      0.319E+00      0.751E+09     -0.413E+00      0.464E+00
      0.390E-01      0.609E+00      0.319E+00      0.750E+09     -0.413E+00      0.464E+00
      0.400E-01      0.609E+00      0.318E+00      0.750E+09     -0.414E+00      0.465E+00
      0.425E-01      0.608E+00      0.318E+00      0.749E+09     -0.416E+00      0.467E+00
      0.450E-01      0.608E+00      0.318E+00      0.748E+09     -0.418E+00      0.469E+00
      0.475E-01      0.608E+00      0.318E+00      0.747E+09     -0.420E+00      0.471E+00
      0.500E-01      0.608E+00      0.318E+00      0.745E+09     -0.422E+00      0.474E+00
      0.525E-01      0.607E+00      0.317E+00      0.744E+09     -0.423E+00      0.476E+00
      0.550E-01      0.606E+00      0.317E+00      0.743E+09     -0.426E+00      0.479E+00
      0.571E-01      0.607E+00      0.317E+00      0.742E+09     -0.427E+00      0.481E+00
      0.640E-01      0.605E+00      0.316E+00      0.740E+09     -0.432E+00      0.488E+00
      0.719E-01      0.604E+00      0.316E+00      0.736E+09     -0.438E+00      0.495E+00
      0.806E-01      0.604E+00      0.316E+00      0.732E+09     -0.445E+00      0.506E+00
      0.905E-01      0.602E+00      0.316E+00      0.728E+09     -0.452E+00      0.515E+00
      0.102E+00      0.601E+00      0.317E+00      0.723E+09     -0.461E+00      0.529E+00
      0.114E+00      0.599E+00      0.317E+00      0.718E+09     -0.470E+00      0.542E+00
      0.128E+00      0.597E+00      0.318E+00      0.712E+09     -0.480E+00      0.558E+00
      0.143E+00      0.595E+00      0.320E+00      0.705E+09     -0.492E+00      0.578E+00
      0.161E+00      0.592E+00      0.323E+00      0.698E+09     -0.506E+00      0.599E+00
      0.181E+00      0.582E+00      0.315E+00      0.690E+09     -0.509E+00      0.599E+00
      0.203E+00      0.567E+00      0.303E+00      0.681E+09     -0.506E+00      0.587E+00
      0.227E+00      0.550E+00      0.291E+00      0.671E+09     -0.503E+00      0.574E+00
      0.255E+00      0.530E+00      0.278E+00      0.661E+09     -0.498E+00      0.557E+00
      0.286E+00      0.513E+00      0.262E+00      0.650E+09     -0.490E+00      0.534E+00
      0.321E+00      0.502E+00      0.244E+00      0.637E+09     -0.477E+00      0.500E+00
      0.360E+00      0.488E+00      0.227E+00      0.624E+09     -0.462E+00      0.465E+00
      0.404E+00      0.473E+00      0.212E+00      0.610E+09     -0.445E+00      0.433E+00
      0.453E+00      0.469E+00      0.209E+00      0.595E+09     -0.450E+00      0.431E+00
      0.509E+00      0.469E+00      0.213E+00      0.578E+09     -0.466E+00      0.447E+00
      0.571E+00      0.477E+00      0.212E+00      0.559E+09     -0.475E+00      0.460E+00
      0.641E+00      0.488E+00      0.217E+00      0.538E+09     -0.482E+00      0.482E+00
      0.719E+00      0.489E+00      0.223E+00      0.513E+09     -0.453E+00      0.442E+00
      0.806E+00      0.484E+00      0.222E+00      0.486E+09     -0.400E+00      0.360E+00
      0.905E+00      0.481E+00      0.211E+00      0.456E+09     -0.342E+00      0.281E+00
      0.102E+01      0.502E+00      0.221E+00      0.423E+09     -0.347E+00      0.294E+00
      0.114E+01      0.494E+00      0.203E+00      0.384E+09     -0.378E+00      0.311E+00
      0.128E+01      0.480E+00      0.234E+00      0.342E+09     -0.413E+00      0.362E+00
      0.143E+01      0.473E+00      0.204E+00      0.297E+09     -0.410E+00      0.320E+00
      0.161E+01      0.524E+00      0.204E+00      0.247E+09     -0.497E+00      0.338E+00
      0.168E+01      0.548E+00      0.212E+00      0.206E+09     -0.524E+00      0.349E+00
      0.170E+01      0.546E+00      0.215E+00      0.190E+09     -0.518E+00      0.345E+00
      0.180E+01      0.519E+00      0.217E+00      0.170E+09     -0.495E+00      0.333E+00
      0.190E+01      0.442E+00      0.172E+00      0.138E+09     -0.499E+00      0.327E+00
      0.200E+01      0.386E+00      0.153E+00      0.110E+09     -0.520E+00      0.326E+00
      0.210E+01      0.321E+00      0.124E+00      0.865E+08     -0.501E+00      0.280E+00
      0.220E+01      0.254E+00      0.101E+00      0.669E+08     -0.477E+00      0.259E+00
      0.230E+01      0.202E+00      0.930E-01      0.514E+08     -0.501E+00      0.309E+00
      0.240E+01      0.176E+00      0.836E-01      0.391E+08     -0.524E+00      0.321E+00
      0.250E+01      0.150E+00      0.971E-01      0.285E+08     -0.554E+00      0.455E+00
      0.260E+01      0.117E+00      0.769E-01      0.194E+08     -0.594E+00      0.498E+00
      0.275E+01      0.642E-01      0.466E-01      0.107E+08     -0.740E+00      0.731E+00
      0.300E+01      0.125E-01      0.186E-01      0.303E+07     -0.815E+00      0.174E+01
      0.325E+01      0.541E-02      0.102E-01      0.119E+07     -0.846E+00      0.217E+01
      0.350E+01      0.271E-02      0.399E-02      0.396E+06     -0.160E+01      0.316E+01
      0.375E+01      0.997E-06      0.234E-03      0.223E+03     -0.119E+00      0.334E+02
      0.400E+01      0.514E-06      0.992E-04      0.751E+02     -0.461E+00      0.125E+03
      0.425E+01      0.428E-24      0.157E-13      0.610E-16     -0.409E+01       Infinity
      0.450E+01      0.398E-33      0.152E-17      0.570E-25     -0.104E+01            NaN
      0.475E+01      0.000E+00      0.662E-23      0.375E-34     -0.122E+01            NaN
      0.500E+01      0.000E+00      0.000E+00      0.000E+00     -0.990E+02     -0.990E+02
      0.525E+01      0.000E+00      0.000E+00      0.000E+00     -0.990E+02     -0.990E+02
      0.550E+01      0.000E+00      0.000E+00      0.000E+00     -0.990E+02     -0.990E+02
      0.575E+01      0.000E+00      0.000E+00      0.000E+00     -0.990E+02     -0.990E+02
      0.600E+01      0.000E+00      0.000E+00      0.000E+00     -0.990E+02     -0.990E+02
      0.625E+01      0.000E+00      0.000E+00      0.000E+00     -0.990E+02     -0.990E+02
      0.650E+01      0.000E+00      0.000E+00      0.000E+00     -0.990E+02     -0.990E+02
      0.675E+01      0.000E+00      0.000E+00      0.000E+00     -0.990E+02     -0.990E+02
      0.700E+01      0.000E+00      0.000E+00      0.000E+00     -0.990E+02     -0.990E+02
      0.725E+01      0.000E+00      0.000E+00      0.000E+00     -0.990E+02     -0.990E+02
      0.750E+01      0.000E+00      0.000E+00      0.000E+00     -0.990E+02     -0.990E+02
      0.775E+01      0.000E+00      0.000E+00      0.000E+00     -0.990E+02     -0.990E+02
      0.800E+01      0.000E+00      0.000E+00      0.000E+00     -0.990E+02     -0.990E+02
      0.825E+01      0.000E+00      0.000E+00      0.000E+00     -0.990E+02     -0.990E+02
      0.850E+01      0.000E+00      0.000E+00      0.000E+00     -0.990E+02     -0.990E+02
      0.875E+01      0.000E+00      0.000E+00      0.000E+00     -0.990E+02     -0.990E+02
      0.900E+01      0.000E+00      0.000E+00      0.000E+00     -0.990E+02     -0.990E+02
      0.925E+01      0.000E+00      0.000E+00      0.000E+00     -0.990E+02     -0.990E+02
      0.950E+01      0.000E+00      0.000E+00      0.000E+00     -0.990E+02     -0.990E+02
      0.975E+01      0.000E+00      0.000E+00      0.000E+00     -0.990E+02     -0.990E+02
      0.100E+02      0.000E+00      0.000E+00      0.000E+00     -0.990E+02     -0.990E+02
      0.102E+02      0.000E+00      0.000E+00      0.000E+00     -0.990E+02     -0.990E+02
      0.105E+02      0.000E+00      0.000E+00      0.000E+00     -0.990E+02     -0.990E+02
      0.108E+02      0.000E+00      0.000E+00      0.000E+00     -0.990E+02     -0.990E+02
      0.110E+02      0.000E+00      0.000E+00      0.000E+00     -0.990E+02     -0.990E+02
      0.112E+02      0.000E+00      0.000E+00      0.000E+00     -0.990E+02     -0.990E+02
      0.115E+02      0.000E+00      0.000E+00      0.000E+00     -0.990E+02     -0.990E+02
      0.118E+02      0.000E+00      0.000E+00      0.000E+00     -0.990E+02     -0.990E+02
      0.120E+02      0.000E+00      0.000E+00      0.000E+00     -0.990E+02     -0.990E+02
      0.122E+02      0.000E+00      0.000E+00      0.000E+00     -0.990E+02     -0.990E+02
      0.125E+02      0.000E+00      0.000E+00      0.000E+00     -0.990E+02     -0.990E+02
      0.128E+02      0.000E+00      0.000E+00      0.000E+00     -0.990E+02     -0.990E+02
      0.130E+02      0.000E+00      0.000E+00      0.000E+00     -0.990E+02     -0.990E+02
      0.132E+02      0.000E+00      0.000E+00      0.000E+00     -0.990E+02     -0.990E+02
      0.135E+02      0.000E+00      0.000E+00      0.000E+00     -0.990E+02     -0.990E+02
      0.138E+02      0.000E+00      0.000E+00      0.000E+00     -0.990E+02     -0.990E+02
      0.140E+02      0.000E+00      0.000E+00      0.000E+00     -0.990E+02     -0.990E+02
      0.142E+02      0.000E+00      0.000E+00      0.000E+00     -0.990E+02     -0.990E+02
      0.145E+02      0.000E+00      0.000E+00      0.000E+00     -0.990E+02     -0.990E+02
      0.148E+02      0.000E+00      0.000E+00      0.000E+00     -0.990E+02     -0.990E+02
      0.150E+02      0.000E+00      0.000E+00      0.000E+00     -0.990E+02     -0.990E+02
      0.152E+02      0.000E+00      0.000E+00      0.000E+00     -0.990E+02     -0.990E+02
      0.155E+02      0.000E+00      0.000E+00      0.000E+00     -0.990E+02     -0.990E+02
      0.158E+02      0.000E+00      0.000E+00      0.000E+00     -0.990E+02     -0.990E+02
      0.160E+02      0.000E+00      0.000E+00      0.000E+00     -0.990E+02     -0.990E+02
      0.162E+02      0.000E+00      0.000E+00      0.000E+00     -0.990E+02     -0.990E+02
      0.165E+02      0.000E+00      0.000E+00      0.000E+00     -0.990E+02     -0.990E+02
      0.168E+02      0.000E+00      0.000E+00      0.000E+00     -0.990E+02     -0.990E+02
      0.170E+02      0.000E+00      0.000E+00      0.000E+00     -0.990E+02     -0.990E+02
      0.172E+02      0.000E+00      0.000E+00      0.000E+00     -0.990E+02     -0.990E+02
      0.175E+02      0.000E+00      0.000E+00      0.000E+00     -0.990E+02     -0.990E+02
      0.178E+02      0.000E+00      0.000E+00      0.000E+00     -0.990E+02     -0.990E+02
      0.180E+02      0.000E+00      0.000E+00      0.000E+00     -0.990E+02     -0.990E+02
      0.182E+02      0.000E+00      0.000E+00      0.000E+00     -0.990E+02     -0.990E+02
      0.185E+02      0.000E+00      0.000E+00      0.000E+00     -0.990E+02     -0.990E+02
      0.188E+02      0.000E+00      0.000E+00      0.000E+00     -0.990E+02     -0.990E+02
      0.190E+02      0.000E+00      0.000E+00      0.000E+00     -0.990E+02     -0.990E+02
      0.192E+02      0.000E+00      0.000E+00      0.000E+00     -0.990E+02     -0.990E+02
      0.195E+02      0.000E+00      0.000E+00      0.000E+00     -0.990E+02     -0.990E+02
      0.198E+02      0.000E+00      0.000E+00      0.000E+00     -0.990E+02     -0.990E+02
      0.200E+02      0.000E+00      0.000E+00      0.000E+00     -0.990E+02     -0.990E+02
