      0.000E+00      0.361E-01      0.438E-01      0.205E+09     -0.990E+02     -0.990E+02
      0.100E-03      0.361E-01      0.438E-01      0.205E+09     -0.990E+02     -0.990E+02
      0.140E-03      0.361E-01      0.438E-01      0.205E+09     -0.990E+02     -0.990E+02
      0.160E-03      0.361E-01      0.438E-01      0.205E+09     -0.990E+02     -0.990E+02
      0.180E-03      0.361E-01      0.438E-01      0.205E+09     -0.990E+02     -0.990E+02
      0.200E-03      0.361E-01      0.438E-01      0.205E+09     -0.990E+02     -0.990E+02
      0.220E-03      0.361E-01      0.438E-01      0.205E+09     -0.990E+02     -0.990E+02
      0.250E-03      0.361E-01      0.438E-01      0.205E+09     -0.990E+02     -0.990E+02
      0.280E-03      0.361E-01      0.438E-01      0.205E+09     -0.990E+02     -0.990E+02
      0.320E-03      0.361E-01      0.438E-01      0.205E+09     -0.990E+02     -0.990E+02
      0.350E-03      0.361E-01      0.438E-01      0.205E+09     -0.990E+02     -0.990E+02
      0.400E-03      0.361E-01      0.438E-01      0.205E+09     -0.990E+02     -0.990E+02
      0.450E-03      0.361E-01      0.438E-01      0.205E+09     -0.990E+02     -0.990E+02
      0.500E-03      0.361E-01      0.438E-01      0.205E+09     -0.990E+02     -0.990E+02
      0.560E-03      0.361E-01      0.438E-01      0.205E+09     -0.990E+02     -0.990E+02
      0.630E-03      0.361E-01      0.438E-01      0.205E+09     -0.990E+02     -0.990E+02
      0.710E-03      0.361E-01      0.438E-01      0.205E+09     -0.990E+02     -0.990E+02
      0.790E-03      0.361E-01      0.438E-01      0.205E+09     -0.990E+02     -0.990E+02
      0.890E-03      0.361E-01      0.438E-01      0.205E+09     -0.990E+02     -0.990E+02
      0.100E-02      0.361E-01      0.438E-01      0.205E+09     -0.990E+02     -0.990E+02
      0.105E-02      0.361E-01      0.438E-01      0.205E+09     -0.990E+02     -0.990E+02
      0.110E-02      0.361E-01      0.438E-01      0.205E+09     -0.990E+02     -0.990E+02
      0.115E-02      0.361E-01      0.438E-01      0.205E+09     -0.990E+02     -0.990E+02
      0.120E-02      0.361E-01      0.438E-01      0.205E+09     -0.990E+02     -0.990E+02
      0.126E-02      0.361E-01      0.438E-01      0.205E+09     -0.990E+02     -0.990E+02
      0.132E-02      0.361E-01      0.438E-01      0.205E+09     -0.990E+02     -0.990E+02
      0.138E-02      0.361E-01      0.438E-01      0.205E+09     -0.990E+02     -0.990E+02
      0.145E-02      0.361E-01      0.438E-01      0.205E+09     -0.990E+02     -0.990E+02
      0.151E-02      0.361E-01      0.438E-01      0.205E+09     -0.990E+02     -0.990E+02
      0.158E-02      0.361E-01      0.438E-01      0.205E+09     -0.990E+02     -0.990E+02
      0.166E-02      0.361E-01      0.438E-01      0.205E+09     -0.990E+02     -0.990E+02
      0.174E-02      0.361E-01      0.438E-01      0.205E+09     -0.990E+02     -0.990E+02
      0.182E-02      0.361E-01      0.438E-01      0.205E+09     -0.990E+02     -0.990E+02
      0.191E-02      0.361E-01      0.438E-01      0.205E+09     -0.990E+02     -0.990E+02
      0.200E-02      0.361E-01      0.438E-01      0.205E+09     -0.990E+02     -0.990E+02
      0.209E-02      0.361E-01      0.438E-01      0.205E+09     -0.990E+02     -0.990E+02
      0.219E-02      0.361E-01      0.438E-01      0.205E+09     -0.990E+02     -0.990E+02
      0.229E-02      0.361E-01      0.438E-01      0.205E+09     -0.990E+02     -0.990E+02
      0.240E-02      0.361E-01      0.438E-01      0.205E+09     -0.990E+02     -0.990E+02
      0.251E-02      0.361E-01      0.438E-01      0.205E+09     -0.990E+02     -0.990E+02
      0.263E-02      0.361E-01      0.438E-01      0.205E+09     -0.990E+02     -0.990E+02
      0.275E-02      0.361E-01      0.438E-01      0.205E+09     -0.990E+02     -0.990E+02
      0.288E-02      0.361E-01      0.438E-01      0.205E+09     -0.990E+02     -0.990E+02
      0.302E-02      0.361E-01      0.438E-01      0.205E+09     -0.990E+02     -0.990E+02
      0.316E-02      0.361E-01      0.438E-01      0.205E+09     -0.990E+02     -0.990E+02
      0.331E-02      0.361E-01      0.438E-01      0.205E+09     -0.990E+02     -0.990E+02
      0.347E-02      0.361E-01      0.438E-01      0.205E+09     -0.990E+02     -0.990E+02
      0.363E-02      0.361E-01      0.438E-01      0.205E+09     -0.990E+02     -0.990E+02
      0.380E-02      0.361E-01      0.438E-01      0.205E+09     -0.990E+02     -0.990E+02
      0.398E-02      0.361E-01      0.438E-01      0.205E+09     -0.990E+02     -0.990E+02
      0.417E-02      0.361E-01      0.438E-01      0.205E+09     -0.990E+02     -0.990E+02
      0.437E-02      0.361E-01      0.438E-01      0.205E+09     -0.990E+02     -0.990E+02
      0.457E-02      0.361E-01      0.438E-01      0.205E+09     -0.990E+02     -0.990E+02
      0.479E-02      0.361E-01      0.438E-01      0.205E+09     -0.990E+02     -0.990E+02
      0.501E-02      0.361E-01      0.438E-01      0.205E+09     -0.990E+02     -0.990E+02
      0.525E-02      0.361E-01      0.438E-01      0.205E+09     -0.990E+02     -0.990E+02
      0.550E-02      0.361E-01      0.438E-01      0.205E+09     -0.990E+02     -0.990E+02
      0.575E-02      0.361E-01      0.438E-01      0.205E+09     -0.990E+02     -0.990E+02
      0.603E-02      0.361E-01      0.438E-01      0.205E+09     -0.990E+02     -0.990E+02
      0.631E-02      0.361E-01      0.438E-01      0.205E+09     -0.990E+02     -0.990E+02
      0.661E-02      0.361E-01      0.438E-01      0.205E+09     -0.990E+02     -0.990E+02
      0.692E-02      0.361E-01      0.438E-01      0.205E+09     -0.990E+02     -0.990E+02
      0.724E-02      0.361E-01      0.438E-01      0.205E+09     -0.990E+02     -0.990E+02
      0.759E-02      0.361E-01      0.438E-01      0.205E+09     -0.990E+02     -0.990E+02
      0.794E-02      0.361E-01      0.438E-01      0.205E+09     -0.990E+02     -0.990E+02
      0.832E-02      0.361E-01      0.438E-01      0.205E+09     -0.990E+02     -0.990E+02
      0.871E-02      0.361E-01      0.438E-01      0.205E+09     -0.990E+02     -0.990E+02
      0.912E-02      0.361E-01      0.438E-01      0.205E+09     -0.990E+02     -0.990E+02
      0.955E-02      0.361E-01      0.438E-01      0.205E+09     -0.990E+02     -0.990E+02
      0.100E-01      0.361E-01      0.438E-01      0.205E+09     -0.576E+00      0.620E+00
      0.105E-01      0.105E+00      0.738E-01      0.205E+09     -0.576E+00      0.620E+00
      0.110E-01      0.104E+00      0.735E-01      0.205E+09     -0.576E+00      0.620E+00
      0.115E-01      0.104E+00      0.733E-01      0.205E+09     -0.577E+00      0.620E+00
      0.120E-01      0.104E+00      0.732E-01      0.205E+09     -0.577E+00      0.620E+00
      0.126E-01      0.104E+00      0.734E-01      0.205E+09     -0.577E+00      0.620E+00
      0.132E-01      0.105E+00      0.738E-01      0.205E+09     -0.577E+00      0.620E+00
      0.138E-01      0.105E+00      0.736E-01      0.205E+09     -0.577E+00      0.620E+00
      0.144E-01      0.104E+00      0.731E-01      0.204E+09     -0.577E+00      0.620E+00
      0.151E-01      0.104E+00      0.733E-01      0.204E+09     -0.577E+00      0.620E+00
      0.159E-01      0.105E+00      0.736E-01      0.204E+09     -0.577E+00      0.620E+00
      0.166E-01      0.104E+00      0.736E-01      0.204E+09     -0.577E+00      0.620E+00
      0.174E-01      0.105E+00      0.737E-01      0.204E+09     -0.577E+00      0.620E+00
      0.182E-01      0.105E+00      0.740E-01      0.204E+09     -0.577E+00      0.620E+00
      0.191E-01      0.105E+00      0.739E-01      0.204E+09     -0.578E+00      0.620E+00
      0.200E-01      0.105E+00      0.737E-01      0.204E+09     -0.578E+00      0.620E+00
      0.209E-01      0.105E+00      0.736E-01      0.204E+09     -0.578E+00      0.620E+00
      0.219E-01      0.105E+00      0.737E-01      0.204E+09     -0.578E+00      0.620E+00
      0.229E-01      0.105E+00      0.738E-01      0.204E+09     -0.578E+00      0.620E+00
      0.240E-01      0.105E+00      0.739E-01      0.204E+09     -0.578E+00      0.620E+00
      0.251E-01      0.105E+00      0.741E-01      0.204E+09     -0.578E+00      0.620E+00
      0.263E-01      0.105E+00      0.741E-01      0.203E+09     -0.579E+00      0.620E+00
      0.275E-01      0.105E+00      0.739E-01      0.203E+09     -0.579E+00      0.620E+00
      0.290E-01      0.105E+00      0.740E-01      0.203E+09     -0.579E+00      0.620E+00
      0.300E-01      0.105E+00      0.741E-01      0.203E+09     -0.579E+00      0.621E+00
      0.310E-01      0.105E+00      0.741E-01      0.203E+09     -0.580E+00      0.621E+00
      0.320E-01      0.105E+00      0.742E-01      0.203E+09     -0.580E+00      0.621E+00
      0.330E-01      0.105E+00      0.742E-01      0.203E+09     -0.580E+00      0.621E+00
      0.340E-01      0.106E+00      0.743E-01      0.203E+09     -0.580E+00      0.621E+00
      0.350E-01      0.106E+00      0.743E-01      0.203E+09     -0.580E+00      0.621E+00
      0.360E-01      0.106E+00      0.743E-01      0.203E+09     -0.580E+00      0.621E+00
      0.370E-01      0.106E+00      0.744E-01      0.203E+09     -0.581E+00      0.622E+00
      0.380E-01      0.106E+00      0.744E-01      0.202E+09     -0.581E+00      0.622E+00
      0.390E-01      0.106E+00      0.745E-01      0.202E+09     -0.581E+00      0.622E+00
      0.400E-01      0.106E+00      0.745E-01      0.202E+09     -0.581E+00      0.622E+00
      0.425E-01      0.106E+00      0.746E-01      0.202E+09     -0.582E+00      0.623E+00
      0.450E-01      0.106E+00      0.747E-01      0.202E+09     -0.582E+00      0.623E+00
      0.475E-01      0.106E+00      0.748E-01      0.202E+09     -0.583E+00      0.624E+00
      0.500E-01      0.106E+00      0.749E-01      0.201E+09     -0.583E+00      0.624E+00
      0.525E-01      0.106E+00      0.750E-01      0.201E+09     -0.584E+00      0.625E+00
      0.550E-01      0.107E+00      0.751E-01      0.201E+09     -0.584E+00      0.625E+00
      0.571E-01      0.107E+00      0.753E-01      0.201E+09     -0.585E+00      0.626E+00
      0.640E-01      0.107E+00      0.756E-01      0.200E+09     -0.586E+00      0.628E+00
      0.719E-01      0.107E+00      0.758E-01      0.200E+09     -0.587E+00      0.629E+00
      0.806E-01      0.107E+00      0.762E-01      0.199E+09     -0.588E+00      0.632E+00
      0.905E-01      0.108E+00      0.766E-01      0.198E+09     -0.590E+00      0.635E+00
      0.102E+00      0.108E+00      0.771E-01      0.198E+09     -0.592E+00      0.638E+00
      0.114E+00      0.108E+00      0.776E-01      0.197E+09     -0.595E+00      0.644E+00
      0.128E+00      0.108E+00      0.774E-01      0.195E+09     -0.598E+00      0.646E+00
      0.143E+00      0.108E+00      0.770E-01      0.194E+09     -0.601E+00      0.648E+00
      0.161E+00      0.107E+00      0.767E-01      0.193E+09     -0.604E+00      0.653E+00
      0.181E+00      0.106E+00      0.759E-01      0.191E+09     -0.608E+00      0.656E+00
      0.203E+00      0.105E+00      0.748E-01      0.190E+09     -0.612E+00      0.660E+00
      0.227E+00      0.104E+00      0.737E-01      0.188E+09     -0.616E+00      0.663E+00
      0.255E+00      0.102E+00      0.720E-01      0.186E+09     -0.620E+00      0.664E+00
      0.286E+00      0.998E-01      0.697E-01      0.184E+09     -0.620E+00      0.657E+00
      0.321E+00      0.970E-01      0.674E-01      0.182E+09     -0.618E+00      0.647E+00
      0.360E+00      0.940E-01      0.655E-01      0.179E+09     -0.617E+00      0.644E+00
      0.404E+00      0.910E-01      0.632E-01      0.176E+09     -0.616E+00      0.641E+00
      0.453E+00      0.885E-01      0.617E-01      0.173E+09     -0.616E+00      0.645E+00
      0.509E+00      0.863E-01      0.611E-01      0.170E+09     -0.618E+00      0.661E+00
      0.571E+00      0.849E-01      0.603E-01      0.167E+09     -0.625E+00      0.681E+00
      0.641E+00      0.837E-01      0.604E-01      0.163E+09     -0.634E+00      0.720E+00
      0.719E+00      0.820E-01      0.582E-01      0.159E+09     -0.638E+00      0.707E+00
      0.806E+00      0.794E-01      0.551E-01      0.154E+09     -0.638E+00      0.680E+00
      0.905E+00      0.770E-01      0.531E-01      0.150E+09     -0.636E+00      0.666E+00
      0.102E+01      0.765E-01      0.545E-01      0.144E+09     -0.652E+00      0.729E+00
      0.114E+01      0.768E-01      0.574E-01      0.138E+09     -0.674E+00      0.822E+00
      0.128E+01      0.752E-01      0.530E-01      0.132E+09     -0.674E+00      0.737E+00
      0.143E+01      0.756E-01      0.536E-01      0.125E+09     -0.675E+00      0.722E+00
      0.161E+01      0.732E-01      0.513E-01      0.117E+09     -0.672E+00      0.696E+00
      0.168E+01      0.736E-01      0.517E-01      0.111E+09     -0.672E+00      0.705E+00
      0.170E+01      0.736E-01      0.517E-01      0.109E+09     -0.672E+00      0.706E+00
      0.180E+01      0.755E-01      0.539E-01      0.107E+09     -0.677E+00      0.730E+00
      0.190E+01      0.775E-01      0.569E-01      0.102E+09     -0.683E+00      0.777E+00
      0.200E+01      0.799E-01      0.569E-01      0.972E+08     -0.691E+00      0.759E+00
      0.210E+01      0.812E-01      0.554E-01      0.923E+08     -0.698E+00      0.726E+00
      0.220E+01      0.821E-01      0.544E-01      0.874E+08     -0.702E+00      0.703E+00
      0.230E+01      0.817E-01      0.530E-01      0.824E+08     -0.710E+00      0.698E+00
      0.240E+01      0.810E-01      0.531E-01      0.775E+08     -0.722E+00      0.721E+00
      0.250E+01      0.799E-01      0.520E-01      0.726E+08     -0.725E+00      0.711E+00
      0.260E+01      0.787E-01      0.510E-01      0.678E+08     -0.725E+00      0.697E+00
      0.275E+01      0.770E-01      0.518E-01      0.619E+08     -0.730E+00      0.722E+00
      0.300E+01      0.709E-01      0.460E-01      0.527E+08     -0.765E+00      0.733E+00
      0.325E+01      0.689E-01      0.453E-01      0.423E+08     -0.831E+00      0.793E+00
      0.350E+01      0.613E-01      0.428E-01      0.321E+08     -0.841E+00      0.848E+00
      0.375E+01      0.483E-01      0.349E-01      0.232E+08     -0.883E+00      0.913E+00
      0.400E+01      0.392E-01      0.314E-01      0.161E+08     -0.936E+00      0.106E+01
      0.425E+01      0.286E-01      0.275E-01      0.105E+08     -0.997E+00      0.134E+01
      0.450E+01      0.195E-01      0.228E-01      0.637E+07     -0.103E+01      0.170E+01
      0.475E+01      0.125E-01      0.174E-01      0.357E+07     -0.119E+01      0.234E+01
      0.500E+01      0.655E-02      0.118E-01      0.177E+07     -0.120E+01      0.306E+01
      0.525E+01      0.323E-02      0.744E-02      0.836E+06     -0.105E+01      0.321E+01
      0.550E+01      0.170E-02      0.506E-02      0.375E+06     -0.101E+01      0.389E+01
      0.575E+01      0.754E-03      0.339E-02      0.133E+06     -0.127E+01      0.724E+01
      0.600E+01      0.157E-03      0.156E-02      0.264E+05     -0.102E+01      0.140E+02
      0.625E+01      0.306E-04      0.328E-03      0.430E+04     -0.152E+01      0.218E+02
      0.650E+01      0.152E-19      0.138E-11      0.215E-11     -0.960E+00      0.112E+09
      0.675E+01      0.000E+00      0.000E+00      0.000E+00     -0.990E+02     -0.990E+02
      0.700E+01      0.000E+00      0.000E+00      0.000E+00     -0.990E+02     -0.990E+02
      0.725E+01      0.000E+00      0.000E+00      0.000E+00     -0.990E+02     -0.990E+02
      0.750E+01      0.000E+00      0.000E+00      0.000E+00     -0.990E+02     -0.990E+02
      0.775E+01      0.000E+00      0.000E+00      0.000E+00     -0.990E+02     -0.990E+02
      0.800E+01      0.000E+00      0.000E+00      0.000E+00     -0.990E+02     -0.990E+02
      0.825E+01      0.000E+00      0.000E+00      0.000E+00     -0.990E+02     -0.990E+02
      0.850E+01      0.000E+00      0.000E+00      0.000E+00     -0.990E+02     -0.990E+02
      0.875E+01      0.000E+00      0.000E+00      0.000E+00     -0.990E+02     -0.990E+02
      0.900E+01      0.000E+00      0.000E+00      0.000E+00     -0.990E+02     -0.990E+02
      0.925E+01      0.000E+00      0.000E+00      0.000E+00     -0.990E+02     -0.990E+02
      0.950E+01      0.000E+00      0.000E+00      0.000E+00     -0.990E+02     -0.990E+02
      0.975E+01      0.000E+00      0.000E+00      0.000E+00     -0.990E+02     -0.990E+02
      0.100E+02      0.000E+00      0.000E+00      0.000E+00     -0.990E+02     -0.990E+02
      0.102E+02      0.000E+00      0.000E+00      0.000E+00     -0.990E+02     -0.990E+02
      0.105E+02      0.000E+00      0.000E+00      0.000E+00     -0.990E+02     -0.990E+02
      0.108E+02      0.000E+00      0.000E+00      0.000E+00     -0.990E+02     -0.990E+02
      0.110E+02      0.000E+00      0.000E+00      0.000E+00     -0.990E+02     -0.990E+02
      0.112E+02      0.000E+00      0.000E+00      0.000E+00     -0.990E+02     -0.990E+02
      0.115E+02      0.000E+00      0.000E+00      0.000E+00     -0.990E+02     -0.990E+02
      0.118E+02      0.000E+00      0.000E+00      0.000E+00     -0.990E+02     -0.990E+02
      0.120E+02      0.000E+00      0.000E+00      0.000E+00     -0.990E+02     -0.990E+02
      0.122E+02      0.000E+00      0.000E+00      0.000E+00     -0.990E+02     -0.990E+02
      0.125E+02      0.000E+00      0.000E+00      0.000E+00     -0.990E+02     -0.990E+02
      0.128E+02      0.000E+00      0.000E+00      0.000E+00     -0.990E+02     -0.990E+02
      0.130E+02      0.000E+00      0.000E+00      0.000E+00     -0.990E+02     -0.990E+02
      0.132E+02      0.000E+00      0.000E+00      0.000E+00     -0.990E+02     -0.990E+02
      0.135E+02      0.000E+00      0.000E+00      0.000E+00     -0.990E+02     -0.990E+02
      0.138E+02      0.000E+00      0.000E+00      0.000E+00     -0.990E+02     -0.990E+02
      0.140E+02      0.000E+00      0.000E+00      0.000E+00     -0.990E+02     -0.990E+02
      0.142E+02      0.000E+00      0.000E+00      0.000E+00     -0.990E+02     -0.990E+02
      0.145E+02      0.000E+00      0.000E+00      0.000E+00     -0.990E+02     -0.990E+02
      0.148E+02      0.000E+00      0.000E+00      0.000E+00     -0.990E+02     -0.990E+02
      0.150E+02      0.000E+00      0.000E+00      0.000E+00     -0.990E+02     -0.990E+02
      0.152E+02      0.000E+00      0.000E+00      0.000E+00     -0.990E+02     -0.990E+02
      0.155E+02      0.000E+00      0.000E+00      0.000E+00     -0.990E+02     -0.990E+02
      0.158E+02      0.000E+00      0.000E+00      0.000E+00     -0.990E+02     -0.990E+02
      0.160E+02      0.000E+00      0.000E+00      0.000E+00     -0.990E+02     -0.990E+02
      0.162E+02      0.000E+00      0.000E+00      0.000E+00     -0.990E+02     -0.990E+02
      0.165E+02      0.000E+00      0.000E+00      0.000E+00     -0.990E+02     -0.990E+02
      0.168E+02      0.000E+00      0.000E+00      0.000E+00     -0.990E+02     -0.990E+02
      0.170E+02      0.000E+00      0.000E+00      0.000E+00     -0.990E+02     -0.990E+02
      0.172E+02      0.000E+00      0.000E+00      0.000E+00     -0.990E+02     -0.990E+02
      0.175E+02      0.000E+00      0.000E+00      0.000E+00     -0.990E+02     -0.990E+02
      0.178E+02      0.000E+00      0.000E+00      0.000E+00     -0.990E+02     -0.990E+02
      0.180E+02      0.000E+00      0.000E+00      0.000E+00     -0.990E+02     -0.990E+02
      0.182E+02      0.000E+00      0.000E+00      0.000E+00     -0.990E+02     -0.990E+02
      0.185E+02      0.000E+00      0.000E+00      0.000E+00     -0.990E+02     -0.990E+02
      0.188E+02      0.000E+00      0.000E+00      0.000E+00     -0.990E+02     -0.990E+02
      0.190E+02      0.000E+00      0.000E+00      0.000E+00     -0.990E+02     -0.990E+02
      0.192E+02      0.000E+00      0.000E+00      0.000E+00     -0.990E+02     -0.990E+02
      0.195E+02      0.000E+00      0.000E+00      0.000E+00     -0.990E+02     -0.990E+02
      0.198E+02      0.000E+00      0.000E+00      0.000E+00     -0.990E+02     -0.990E+02
      0.200E+02      0.000E+00      0.000E+00      0.000E+00     -0.990E+02     -0.990E+02
