      0.000E+00      0.732E+01      0.181E+02      0.107E+12     -0.990E+02     -0.990E+02
      0.100E-03      0.732E+01      0.181E+02      0.107E+12     -0.990E+02     -0.990E+02
      0.140E-03      0.732E+01      0.181E+02      0.107E+12     -0.990E+02     -0.990E+02
      0.160E-03      0.732E+01      0.181E+02      0.107E+12     -0.990E+02     -0.990E+02
      0.180E-03      0.732E+01      0.181E+02      0.107E+12     -0.990E+02     -0.990E+02
      0.200E-03      0.732E+01      0.181E+02      0.107E+12     -0.990E+02     -0.990E+02
      0.220E-03      0.732E+01      0.181E+02      0.107E+12     -0.990E+02     -0.990E+02
      0.250E-03      0.732E+01      0.181E+02      0.107E+12     -0.990E+02     -0.990E+02
      0.280E-03      0.732E+01      0.181E+02      0.107E+12     -0.990E+02     -0.990E+02
      0.320E-03      0.732E+01      0.181E+02      0.107E+12     -0.990E+02     -0.990E+02
      0.350E-03      0.732E+01      0.181E+02      0.107E+12     -0.990E+02     -0.990E+02
      0.400E-03      0.732E+01      0.181E+02      0.107E+12     -0.990E+02     -0.990E+02
      0.450E-03      0.732E+01      0.181E+02      0.107E+12     -0.990E+02     -0.990E+02
      0.500E-03      0.732E+01      0.181E+02      0.107E+12     -0.990E+02     -0.990E+02
      0.560E-03      0.732E+01      0.181E+02      0.107E+12     -0.990E+02     -0.990E+02
      0.630E-03      0.732E+01      0.181E+02      0.107E+12     -0.990E+02     -0.990E+02
      0.710E-03      0.732E+01      0.181E+02      0.107E+12     -0.990E+02     -0.990E+02
      0.790E-03      0.732E+01      0.181E+02      0.107E+12     -0.990E+02     -0.990E+02
      0.890E-03      0.732E+01      0.181E+02      0.107E+12     -0.990E+02     -0.990E+02
      0.100E-02      0.732E+01      0.181E+02      0.107E+12     -0.990E+02     -0.990E+02
      0.105E-02      0.732E+01      0.181E+02      0.107E+12     -0.990E+02     -0.990E+02
      0.110E-02      0.732E+01      0.181E+02      0.107E+12     -0.990E+02     -0.990E+02
      0.115E-02      0.732E+01      0.181E+02      0.107E+12     -0.990E+02     -0.990E+02
      0.120E-02      0.732E+01      0.181E+02      0.107E+12     -0.990E+02     -0.990E+02
      0.126E-02      0.732E+01      0.181E+02      0.107E+12     -0.990E+02     -0.990E+02
      0.132E-02      0.732E+01      0.181E+02      0.107E+12     -0.990E+02     -0.990E+02
      0.138E-02      0.732E+01      0.181E+02      0.107E+12     -0.990E+02     -0.990E+02
      0.145E-02      0.732E+01      0.181E+02      0.107E+12     -0.990E+02     -0.990E+02
      0.151E-02      0.732E+01      0.181E+02      0.107E+12     -0.990E+02     -0.990E+02
      0.158E-02      0.732E+01      0.181E+02      0.107E+12     -0.990E+02     -0.990E+02
      0.166E-02      0.732E+01      0.181E+02      0.107E+12     -0.990E+02     -0.990E+02
      0.174E-02      0.732E+01      0.181E+02      0.107E+12     -0.990E+02     -0.990E+02
      0.182E-02      0.732E+01      0.181E+02      0.107E+12     -0.990E+02     -0.990E+02
      0.191E-02      0.732E+01      0.181E+02      0.107E+12     -0.990E+02     -0.990E+02
      0.200E-02      0.732E+01      0.181E+02      0.107E+12     -0.990E+02     -0.990E+02
      0.209E-02      0.732E+01      0.181E+02      0.107E+12     -0.990E+02     -0.990E+02
      0.219E-02      0.732E+01      0.181E+02      0.107E+12     -0.990E+02     -0.990E+02
      0.229E-02      0.732E+01      0.181E+02      0.107E+12     -0.990E+02     -0.990E+02
      0.240E-02      0.732E+01      0.181E+02      0.107E+12     -0.990E+02     -0.990E+02
      0.251E-02      0.732E+01      0.181E+02      0.107E+12     -0.990E+02     -0.990E+02
      0.263E-02      0.732E+01      0.181E+02      0.107E+12     -0.990E+02     -0.990E+02
      0.275E-02      0.732E+01      0.181E+02      0.107E+12     -0.990E+02     -0.990E+02
      0.288E-02      0.732E+01      0.181E+02      0.107E+12     -0.990E+02     -0.990E+02
      0.302E-02      0.732E+01      0.181E+02      0.107E+12     -0.990E+02     -0.990E+02
      0.316E-02      0.732E+01      0.181E+02      0.107E+12     -0.990E+02     -0.990E+02
      0.331E-02      0.732E+01      0.181E+02      0.107E+12     -0.990E+02     -0.990E+02
      0.347E-02      0.732E+01      0.181E+02      0.107E+12     -0.990E+02     -0.990E+02
      0.363E-02      0.732E+01      0.181E+02      0.107E+12     -0.990E+02     -0.990E+02
      0.380E-02      0.732E+01      0.181E+02      0.107E+12     -0.990E+02     -0.990E+02
      0.398E-02      0.732E+01      0.181E+02      0.107E+12     -0.990E+02     -0.990E+02
      0.417E-02      0.732E+01      0.181E+02      0.107E+12     -0.990E+02     -0.990E+02
      0.437E-02      0.732E+01      0.181E+02      0.107E+12     -0.990E+02     -0.990E+02
      0.457E-02      0.732E+01      0.181E+02      0.107E+12     -0.990E+02     -0.990E+02
      0.479E-02      0.732E+01      0.181E+02      0.107E+12     -0.990E+02     -0.990E+02
      0.501E-02      0.732E+01      0.181E+02      0.107E+12     -0.990E+02     -0.990E+02
      0.525E-02      0.732E+01      0.181E+02      0.107E+12     -0.990E+02     -0.990E+02
      0.550E-02      0.732E+01      0.181E+02      0.107E+12     -0.990E+02     -0.990E+02
      0.575E-02      0.732E+01      0.181E+02      0.107E+12     -0.990E+02     -0.990E+02
      0.603E-02      0.732E+01      0.181E+02      0.107E+12     -0.990E+02     -0.990E+02
      0.631E-02      0.732E+01      0.181E+02      0.107E+12     -0.990E+02     -0.990E+02
      0.661E-02      0.732E+01      0.181E+02      0.107E+12     -0.990E+02     -0.990E+02
      0.692E-02      0.732E+01      0.181E+02      0.107E+12     -0.990E+02     -0.990E+02
      0.724E-02      0.732E+01      0.181E+02      0.107E+12     -0.990E+02     -0.990E+02
      0.759E-02      0.732E+01      0.181E+02      0.107E+12     -0.990E+02     -0.990E+02
      0.794E-02      0.732E+01      0.181E+02      0.107E+12     -0.990E+02     -0.990E+02
      0.832E-02      0.732E+01      0.181E+02      0.107E+12     -0.990E+02     -0.990E+02
      0.871E-02      0.732E+01      0.181E+02      0.107E+12     -0.990E+02     -0.990E+02
      0.912E-02      0.732E+01      0.181E+02      0.107E+12     -0.990E+02     -0.990E+02
      0.955E-02      0.732E+01      0.181E+02      0.107E+12     -0.990E+02     -0.990E+02
      0.100E-01      0.732E+01      0.181E+02      0.107E+12     -0.267E-01      0.950E-01
      0.105E-01      0.627E+02      0.322E+02      0.107E+12     -0.266E-01      0.950E-01
      0.110E-01      0.625E+02      0.321E+02      0.107E+12     -0.266E-01      0.950E-01
      0.115E-01      0.623E+02      0.320E+02      0.107E+12     -0.265E-01      0.950E-01
      0.120E-01      0.622E+02      0.320E+02      0.107E+12     -0.264E-01      0.950E-01
      0.126E-01      0.624E+02      0.321E+02      0.107E+12     -0.265E-01      0.950E-01
      0.132E-01      0.627E+02      0.323E+02      0.107E+12     -0.263E-01      0.950E-01
      0.138E-01      0.625E+02      0.322E+02      0.107E+12     -0.261E-01      0.950E-01
      0.144E-01      0.622E+02      0.320E+02      0.107E+12     -0.261E-01      0.950E-01
      0.151E-01      0.623E+02      0.321E+02      0.107E+12     -0.261E-01      0.950E-01
      0.159E-01      0.625E+02      0.322E+02      0.107E+12     -0.259E-01      0.950E-01
      0.166E-01      0.626E+02      0.322E+02      0.107E+12     -0.259E-01      0.950E-01
      0.174E-01      0.626E+02      0.322E+02      0.107E+12     -0.258E-01      0.950E-01
      0.182E-01      0.629E+02      0.324E+02      0.107E+12     -0.256E-01      0.950E-01
      0.191E-01      0.629E+02      0.324E+02      0.107E+12     -0.254E-01      0.950E-01
      0.200E-01      0.626E+02      0.323E+02      0.107E+12     -0.253E-01      0.950E-01
      0.209E-01      0.625E+02      0.322E+02      0.107E+12     -0.253E-01      0.950E-01
      0.219E-01      0.626E+02      0.323E+02      0.107E+12     -0.251E-01      0.950E-01
      0.229E-01      0.628E+02      0.324E+02      0.107E+12     -0.250E-01      0.950E-01
      0.240E-01      0.628E+02      0.324E+02      0.107E+12     -0.248E-01      0.950E-01
      0.251E-01      0.630E+02      0.325E+02      0.107E+12     -0.247E-01      0.950E-01
      0.263E-01      0.630E+02      0.325E+02      0.107E+12     -0.245E-01      0.950E-01
      0.275E-01      0.629E+02      0.325E+02      0.106E+12     -0.243E-01      0.949E-01
      0.290E-01      0.629E+02      0.325E+02      0.106E+12     -0.243E-01      0.950E-01
      0.300E-01      0.630E+02      0.326E+02      0.106E+12     -0.241E-01      0.951E-01
      0.310E-01      0.630E+02      0.326E+02      0.106E+12     -0.238E-01      0.951E-01
      0.320E-01      0.630E+02      0.326E+02      0.106E+12     -0.239E-01      0.951E-01
      0.330E-01      0.631E+02      0.326E+02      0.106E+12     -0.236E-01      0.951E-01
      0.340E-01      0.631E+02      0.327E+02      0.106E+12     -0.236E-01      0.951E-01
      0.350E-01      0.632E+02      0.327E+02      0.106E+12     -0.234E-01      0.951E-01
      0.360E-01      0.632E+02      0.327E+02      0.106E+12     -0.234E-01      0.951E-01
      0.370E-01      0.632E+02      0.328E+02      0.106E+12     -0.231E-01      0.952E-01
      0.380E-01      0.633E+02      0.328E+02      0.106E+12     -0.231E-01      0.951E-01
      0.390E-01      0.633E+02      0.328E+02      0.106E+12     -0.228E-01      0.951E-01
      0.400E-01      0.633E+02      0.328E+02      0.106E+12     -0.227E-01      0.952E-01
      0.425E-01      0.634E+02      0.329E+02      0.106E+12     -0.224E-01      0.951E-01
      0.450E-01      0.635E+02      0.330E+02      0.106E+12     -0.222E-01      0.953E-01
      0.475E-01      0.636E+02      0.331E+02      0.105E+12     -0.219E-01      0.953E-01
      0.500E-01      0.636E+02      0.331E+02      0.105E+12     -0.214E-01      0.953E-01
      0.525E-01      0.637E+02      0.332E+02      0.105E+12     -0.212E-01      0.954E-01
      0.550E-01      0.638E+02      0.332E+02      0.105E+12     -0.209E-01      0.954E-01
      0.571E-01      0.639E+02      0.333E+02      0.105E+12     -0.206E-01      0.955E-01
      0.640E-01      0.641E+02      0.335E+02      0.105E+12     -0.197E-01      0.957E-01
      0.719E-01      0.643E+02      0.338E+02      0.104E+12     -0.187E-01      0.959E-01
      0.806E-01      0.646E+02      0.340E+02      0.104E+12     -0.176E-01      0.962E-01
      0.905E-01      0.649E+02      0.343E+02      0.104E+12     -0.165E-01      0.965E-01
      0.102E+00      0.654E+02      0.346E+02      0.103E+12     -0.147E-01      0.966E-01
      0.114E+00      0.658E+02      0.349E+02      0.102E+12     -0.129E-01      0.964E-01
      0.128E+00      0.663E+02      0.352E+02      0.102E+12     -0.113E-01      0.965E-01
      0.143E+00      0.667E+02      0.354E+02      0.101E+12     -0.923E-02      0.968E-01
      0.161E+00      0.676E+02      0.359E+02      0.100E+12     -0.752E-02      0.972E-01
      0.181E+00      0.684E+02      0.364E+02      0.993E+11     -0.637E-02      0.981E-01
      0.203E+00      0.694E+02      0.369E+02      0.982E+11     -0.497E-02      0.992E-01
      0.227E+00      0.705E+02      0.376E+02      0.970E+11     -0.350E-02      0.100E+00
      0.255E+00      0.711E+02      0.376E+02      0.957E+11     -0.383E-02      0.102E+00
      0.286E+00      0.714E+02      0.370E+02      0.942E+11     -0.740E-02      0.103E+00
      0.321E+00      0.718E+02      0.367E+02      0.925E+11     -0.109E-01      0.104E+00
      0.360E+00      0.723E+02      0.365E+02      0.906E+11     -0.159E-01      0.106E+00
      0.404E+00      0.733E+02      0.370E+02      0.885E+11     -0.217E-01      0.108E+00
      0.453E+00      0.745E+02      0.379E+02      0.861E+11     -0.275E-01      0.111E+00
      0.509E+00      0.768E+02      0.393E+02      0.834E+11     -0.326E-01      0.113E+00
      0.571E+00      0.786E+02      0.392E+02      0.803E+11     -0.433E-01      0.110E+00
      0.641E+00      0.786E+02      0.382E+02      0.768E+11     -0.477E-01      0.104E+00
      0.719E+00      0.786E+02      0.371E+02      0.728E+11     -0.539E-01      0.965E-01
      0.806E+00      0.756E+02      0.353E+02      0.684E+11     -0.577E-01      0.984E-01
      0.905E+00      0.782E+02      0.359E+02      0.638E+11     -0.923E-01      0.112E+00
      0.102E+01      0.836E+02      0.383E+02      0.583E+11     -0.137E+00      0.139E+00
      0.114E+01      0.829E+02      0.385E+02      0.519E+11     -0.157E+00      0.165E+00
      0.128E+01      0.765E+02      0.349E+02      0.448E+11     -0.123E+00      0.166E+00
      0.143E+01      0.976E+02      0.450E+02      0.375E+11      0.243E-03      0.162E+00
      0.161E+01      0.102E+03      0.374E+02      0.272E+11     -0.336E-01      0.134E+00
      0.168E+01      0.946E+02      0.310E+02      0.192E+11     -0.724E-01      0.109E+00
      0.170E+01      0.925E+02      0.302E+02      0.165E+11     -0.838E-01      0.103E+00
      0.180E+01      0.737E+02      0.259E+02      0.130E+11     -0.126E+00      0.101E+00
      0.190E+01      0.510E+02      0.166E+02      0.837E+10     -0.194E+00      0.125E+00
      0.200E+01      0.316E+02      0.106E+02      0.519E+10     -0.409E+00      0.224E+00
      0.210E+01      0.253E+02      0.968E+01      0.324E+10     -0.568E+00      0.337E+00
      0.220E+01      0.158E+02      0.681E+01      0.168E+10     -0.622E+00      0.402E+00
      0.230E+01      0.734E+01      0.450E+01      0.722E+09     -0.595E+00      0.547E+00
      0.240E+01      0.243E+01      0.384E+01      0.277E+09     -0.431E+00      0.134E+01
      0.250E+01      0.594E+00      0.363E+01      0.130E+09     -0.814E+00      0.705E+01
      0.260E+01      0.562E+00      0.375E+01      0.948E+08     -0.842E+00      0.799E+01
      0.275E+01      0.343E+00      0.191E+01      0.530E+08     -0.105E+01      0.781E+01
      0.300E+01      0.836E-01      0.428E+00      0.123E+08     -0.145E+01      0.988E+01
      0.325E+01      0.683E-04      0.773E-02      0.101E+05     -0.449E+00      0.669E+02
      0.350E+01      0.123E-07      0.460E-04      0.179E+01     -0.932E+00      0.482E+04
      0.375E+01      0.000E+00      0.147E-17      0.791E-27     -0.421E+00            NaN
      0.400E+01      0.000E+00      0.000E+00      0.000E+00     -0.990E+02     -0.990E+02
      0.425E+01      0.000E+00      0.000E+00      0.000E+00     -0.990E+02     -0.990E+02
      0.450E+01      0.000E+00      0.000E+00      0.000E+00     -0.990E+02     -0.990E+02
      0.475E+01      0.000E+00      0.000E+00      0.000E+00     -0.990E+02     -0.990E+02
      0.500E+01      0.000E+00      0.000E+00      0.000E+00     -0.990E+02     -0.990E+02
      0.525E+01      0.000E+00      0.000E+00      0.000E+00     -0.990E+02     -0.990E+02
      0.550E+01      0.000E+00      0.000E+00      0.000E+00     -0.990E+02     -0.990E+02
      0.575E+01      0.000E+00      0.000E+00      0.000E+00     -0.990E+02     -0.990E+02
      0.600E+01      0.000E+00      0.000E+00      0.000E+00     -0.990E+02     -0.990E+02
      0.625E+01      0.000E+00      0.000E+00      0.000E+00     -0.990E+02     -0.990E+02
      0.650E+01      0.000E+00      0.000E+00      0.000E+00     -0.990E+02     -0.990E+02
      0.675E+01      0.000E+00      0.000E+00      0.000E+00     -0.990E+02     -0.990E+02
      0.700E+01      0.000E+00      0.000E+00      0.000E+00     -0.990E+02     -0.990E+02
      0.725E+01      0.000E+00      0.000E+00      0.000E+00     -0.990E+02     -0.990E+02
      0.750E+01      0.000E+00      0.000E+00      0.000E+00     -0.990E+02     -0.990E+02
      0.775E+01      0.000E+00      0.000E+00      0.000E+00     -0.990E+02     -0.990E+02
      0.800E+01      0.000E+00      0.000E+00      0.000E+00     -0.990E+02     -0.990E+02
      0.825E+01      0.000E+00      0.000E+00      0.000E+00     -0.990E+02     -0.990E+02
      0.850E+01      0.000E+00      0.000E+00      0.000E+00     -0.990E+02     -0.990E+02
      0.875E+01      0.000E+00      0.000E+00      0.000E+00     -0.990E+02     -0.990E+02
      0.900E+01      0.000E+00      0.000E+00      0.000E+00     -0.990E+02     -0.990E+02
      0.925E+01      0.000E+00      0.000E+00      0.000E+00     -0.990E+02     -0.990E+02
      0.950E+01      0.000E+00      0.000E+00      0.000E+00     -0.990E+02     -0.990E+02
      0.975E+01      0.000E+00      0.000E+00      0.000E+00     -0.990E+02     -0.990E+02
      0.100E+02      0.000E+00      0.000E+00      0.000E+00     -0.990E+02     -0.990E+02
      0.102E+02      0.000E+00      0.000E+00      0.000E+00     -0.990E+02     -0.990E+02
      0.105E+02      0.000E+00      0.000E+00      0.000E+00     -0.990E+02     -0.990E+02
      0.108E+02      0.000E+00      0.000E+00      0.000E+00     -0.990E+02     -0.990E+02
      0.110E+02      0.000E+00      0.000E+00      0.000E+00     -0.990E+02     -0.990E+02
      0.112E+02      0.000E+00      0.000E+00      0.000E+00     -0.990E+02     -0.990E+02
      0.115E+02      0.000E+00      0.000E+00      0.000E+00     -0.990E+02     -0.990E+02
      0.118E+02      0.000E+00      0.000E+00      0.000E+00     -0.990E+02     -0.990E+02
      0.120E+02      0.000E+00      0.000E+00      0.000E+00     -0.990E+02     -0.990E+02
      0.122E+02      0.000E+00      0.000E+00      0.000E+00     -0.990E+02     -0.990E+02
      0.125E+02      0.000E+00      0.000E+00      0.000E+00     -0.990E+02     -0.990E+02
      0.128E+02      0.000E+00      0.000E+00      0.000E+00     -0.990E+02     -0.990E+02
      0.130E+02      0.000E+00      0.000E+00      0.000E+00     -0.990E+02     -0.990E+02
      0.132E+02      0.000E+00      0.000E+00      0.000E+00     -0.990E+02     -0.990E+02
      0.135E+02      0.000E+00      0.000E+00      0.000E+00     -0.990E+02     -0.990E+02
      0.138E+02      0.000E+00      0.000E+00      0.000E+00     -0.990E+02     -0.990E+02
      0.140E+02      0.000E+00      0.000E+00      0.000E+00     -0.990E+02     -0.990E+02
      0.142E+02      0.000E+00      0.000E+00      0.000E+00     -0.990E+02     -0.990E+02
      0.145E+02      0.000E+00      0.000E+00      0.000E+00     -0.990E+02     -0.990E+02
      0.148E+02      0.000E+00      0.000E+00      0.000E+00     -0.990E+02     -0.990E+02
      0.150E+02      0.000E+00      0.000E+00      0.000E+00     -0.990E+02     -0.990E+02
      0.152E+02      0.000E+00      0.000E+00      0.000E+00     -0.990E+02     -0.990E+02
      0.155E+02      0.000E+00      0.000E+00      0.000E+00     -0.990E+02     -0.990E+02
      0.158E+02      0.000E+00      0.000E+00      0.000E+00     -0.990E+02     -0.990E+02
      0.160E+02      0.000E+00      0.000E+00      0.000E+00     -0.990E+02     -0.990E+02
      0.162E+02      0.000E+00      0.000E+00      0.000E+00     -0.990E+02     -0.990E+02
      0.165E+02      0.000E+00      0.000E+00      0.000E+00     -0.990E+02     -0.990E+02
      0.168E+02      0.000E+00      0.000E+00      0.000E+00     -0.990E+02     -0.990E+02
      0.170E+02      0.000E+00      0.000E+00      0.000E+00     -0.990E+02     -0.990E+02
      0.172E+02      0.000E+00      0.000E+00      0.000E+00     -0.990E+02     -0.990E+02
      0.175E+02      0.000E+00      0.000E+00      0.000E+00     -0.990E+02     -0.990E+02
      0.178E+02      0.000E+00      0.000E+00      0.000E+00     -0.990E+02     -0.990E+02
      0.180E+02      0.000E+00      0.000E+00      0.000E+00     -0.990E+02     -0.990E+02
      0.182E+02      0.000E+00      0.000E+00      0.000E+00     -0.990E+02     -0.990E+02
      0.185E+02      0.000E+00      0.000E+00      0.000E+00     -0.990E+02     -0.990E+02
      0.188E+02      0.000E+00      0.000E+00      0.000E+00     -0.990E+02     -0.990E+02
      0.190E+02      0.000E+00      0.000E+00      0.000E+00     -0.990E+02     -0.990E+02
      0.192E+02      0.000E+00      0.000E+00      0.000E+00     -0.990E+02     -0.990E+02
      0.195E+02      0.000E+00      0.000E+00      0.000E+00     -0.990E+02     -0.990E+02
      0.198E+02      0.000E+00      0.000E+00      0.000E+00     -0.990E+02     -0.990E+02
      0.200E+02      0.000E+00      0.000E+00      0.000E+00     -0.990E+02     -0.990E+02
