      0.000E+00      0.686E+01      0.137E+01      0.405E+09     -0.990E+02     -0.990E+02
      0.100E-03      0.686E+01      0.137E+01      0.405E+09     -0.990E+02     -0.990E+02
      0.140E-03      0.686E+01      0.137E+01      0.405E+09     -0.990E+02     -0.990E+02
      0.160E-03      0.686E+01      0.137E+01      0.405E+09     -0.990E+02     -0.990E+02
      0.180E-03      0.686E+01      0.137E+01      0.405E+09     -0.990E+02     -0.990E+02
      0.200E-03      0.686E+01      0.137E+01      0.405E+09     -0.990E+02     -0.990E+02
      0.220E-03      0.686E+01      0.137E+01      0.405E+09     -0.990E+02     -0.990E+02
      0.250E-03      0.686E+01      0.137E+01      0.405E+09     -0.990E+02     -0.990E+02
      0.280E-03      0.686E+01      0.137E+01      0.405E+09     -0.990E+02     -0.990E+02
      0.320E-03      0.686E+01      0.137E+01      0.405E+09     -0.990E+02     -0.990E+02
      0.350E-03      0.686E+01      0.137E+01      0.405E+09     -0.990E+02     -0.990E+02
      0.400E-03      0.686E+01      0.137E+01      0.405E+09     -0.990E+02     -0.990E+02
      0.450E-03      0.686E+01      0.137E+01      0.405E+09     -0.990E+02     -0.990E+02
      0.500E-03      0.686E+01      0.137E+01      0.405E+09     -0.990E+02     -0.990E+02
      0.560E-03      0.686E+01      0.137E+01      0.405E+09     -0.990E+02     -0.990E+02
      0.630E-03      0.686E+01      0.137E+01      0.405E+09     -0.990E+02     -0.990E+02
      0.710E-03      0.686E+01      0.137E+01      0.405E+09     -0.990E+02     -0.990E+02
      0.790E-03      0.686E+01      0.137E+01      0.405E+09     -0.990E+02     -0.990E+02
      0.890E-03      0.686E+01      0.137E+01      0.405E+09     -0.990E+02     -0.990E+02
      0.100E-02      0.686E+01      0.137E+01      0.405E+09     -0.990E+02     -0.990E+02
      0.105E-02      0.686E+01      0.137E+01      0.405E+09     -0.990E+02     -0.990E+02
      0.110E-02      0.686E+01      0.137E+01      0.405E+09     -0.990E+02     -0.990E+02
      0.115E-02      0.686E+01      0.137E+01      0.405E+09     -0.990E+02     -0.990E+02
      0.120E-02      0.686E+01      0.137E+01      0.405E+09     -0.990E+02     -0.990E+02
      0.126E-02      0.686E+01      0.137E+01      0.405E+09     -0.990E+02     -0.990E+02
      0.132E-02      0.686E+01      0.137E+01      0.405E+09     -0.990E+02     -0.990E+02
      0.138E-02      0.686E+01      0.137E+01      0.405E+09     -0.990E+02     -0.990E+02
      0.145E-02      0.686E+01      0.137E+01      0.405E+09     -0.990E+02     -0.990E+02
      0.151E-02      0.686E+01      0.137E+01      0.405E+09     -0.990E+02     -0.990E+02
      0.158E-02      0.686E+01      0.137E+01      0.405E+09     -0.990E+02     -0.990E+02
      0.166E-02      0.686E+01      0.137E+01      0.405E+09     -0.990E+02     -0.990E+02
      0.174E-02      0.686E+01      0.137E+01      0.405E+09     -0.990E+02     -0.990E+02
      0.182E-02      0.686E+01      0.137E+01      0.405E+09     -0.990E+02     -0.990E+02
      0.191E-02      0.686E+01      0.137E+01      0.405E+09     -0.990E+02     -0.990E+02
      0.200E-02      0.686E+01      0.137E+01      0.405E+09     -0.990E+02     -0.990E+02
      0.209E-02      0.686E+01      0.137E+01      0.405E+09     -0.990E+02     -0.990E+02
      0.219E-02      0.686E+01      0.137E+01      0.405E+09     -0.990E+02     -0.990E+02
      0.229E-02      0.686E+01      0.137E+01      0.405E+09     -0.990E+02     -0.990E+02
      0.240E-02      0.686E+01      0.137E+01      0.405E+09     -0.990E+02     -0.990E+02
      0.251E-02      0.686E+01      0.137E+01      0.405E+09     -0.990E+02     -0.990E+02
      0.263E-02      0.686E+01      0.137E+01      0.405E+09     -0.990E+02     -0.990E+02
      0.275E-02      0.686E+01      0.137E+01      0.405E+09     -0.990E+02     -0.990E+02
      0.288E-02      0.686E+01      0.137E+01      0.405E+09     -0.990E+02     -0.990E+02
      0.302E-02      0.686E+01      0.137E+01      0.405E+09     -0.990E+02     -0.990E+02
      0.316E-02      0.686E+01      0.137E+01      0.405E+09     -0.990E+02     -0.990E+02
      0.331E-02      0.686E+01      0.137E+01      0.405E+09     -0.990E+02     -0.990E+02
      0.347E-02      0.686E+01      0.137E+01      0.405E+09     -0.990E+02     -0.990E+02
      0.363E-02      0.686E+01      0.137E+01      0.405E+09     -0.990E+02     -0.990E+02
      0.380E-02      0.686E+01      0.137E+01      0.405E+09     -0.990E+02     -0.990E+02
      0.398E-02      0.686E+01      0.137E+01      0.405E+09     -0.990E+02     -0.990E+02
      0.417E-02      0.686E+01      0.137E+01      0.405E+09     -0.990E+02     -0.990E+02
      0.437E-02      0.686E+01      0.137E+01      0.405E+09     -0.990E+02     -0.990E+02
      0.457E-02      0.686E+01      0.137E+01      0.405E+09     -0.990E+02     -0.990E+02
      0.479E-02      0.686E+01      0.137E+01      0.405E+09     -0.990E+02     -0.990E+02
      0.501E-02      0.686E+01      0.137E+01      0.405E+09     -0.990E+02     -0.990E+02
      0.525E-02      0.686E+01      0.137E+01      0.405E+09     -0.990E+02     -0.990E+02
      0.550E-02      0.686E+01      0.137E+01      0.405E+09     -0.990E+02     -0.990E+02
      0.575E-02      0.686E+01      0.137E+01      0.405E+09     -0.990E+02     -0.990E+02
      0.603E-02      0.686E+01      0.137E+01      0.405E+09     -0.990E+02     -0.990E+02
      0.631E-02      0.686E+01      0.137E+01      0.405E+09     -0.990E+02     -0.990E+02
      0.661E-02      0.686E+01      0.137E+01      0.405E+09     -0.990E+02     -0.990E+02
      0.692E-02      0.686E+01      0.137E+01      0.405E+09     -0.990E+02     -0.990E+02
      0.724E-02      0.686E+01      0.137E+01      0.405E+09     -0.990E+02     -0.990E+02
      0.759E-02      0.686E+01      0.137E+01      0.405E+09     -0.990E+02     -0.990E+02
      0.794E-02      0.686E+01      0.137E+01      0.405E+09     -0.990E+02     -0.990E+02
      0.832E-02      0.686E+01      0.137E+01      0.405E+09     -0.990E+02     -0.990E+02
      0.871E-02      0.686E+01      0.137E+01      0.405E+09     -0.990E+02     -0.990E+02
      0.912E-02      0.686E+01      0.137E+01      0.405E+09     -0.990E+02     -0.990E+02
      0.955E-02      0.686E+01      0.137E+01      0.405E+09     -0.990E+02     -0.990E+02
      0.100E-01      0.686E+01      0.137E+01      0.405E+09     -0.884E+00      0.717E+00
      0.105E-01      0.597E+00      0.298E+00      0.336E+09     -0.884E+00      0.716E+00
      0.110E-01      0.595E+00      0.296E+00      0.336E+09     -0.884E+00      0.715E+00
      0.115E-01      0.592E+00      0.295E+00      0.335E+09     -0.885E+00      0.716E+00
      0.120E-01      0.592E+00      0.294E+00      0.335E+09     -0.885E+00      0.715E+00
      0.126E-01      0.594E+00      0.295E+00      0.335E+09     -0.884E+00      0.713E+00
      0.132E-01      0.595E+00      0.296E+00      0.334E+09     -0.885E+00      0.714E+00
      0.138E-01      0.594E+00      0.295E+00      0.334E+09     -0.885E+00      0.713E+00
      0.144E-01      0.589E+00      0.291E+00      0.334E+09     -0.884E+00      0.711E+00
      0.151E-01      0.591E+00      0.293E+00      0.333E+09     -0.884E+00      0.710E+00
      0.159E-01      0.593E+00      0.293E+00      0.333E+09     -0.885E+00      0.711E+00
      0.166E-01      0.592E+00      0.292E+00      0.333E+09     -0.885E+00      0.710E+00
      0.174E-01      0.593E+00      0.292E+00      0.332E+09     -0.884E+00      0.707E+00
      0.182E-01      0.594E+00      0.293E+00      0.332E+09     -0.885E+00      0.709E+00
      0.191E-01      0.595E+00      0.293E+00      0.331E+09     -0.885E+00      0.708E+00
      0.200E-01      0.591E+00      0.291E+00      0.331E+09     -0.885E+00      0.708E+00
      0.209E-01      0.590E+00      0.290E+00      0.331E+09     -0.885E+00      0.706E+00
      0.219E-01      0.590E+00      0.290E+00      0.330E+09     -0.885E+00      0.707E+00
      0.229E-01      0.591E+00      0.290E+00      0.330E+09     -0.885E+00      0.704E+00
      0.240E-01      0.592E+00      0.289E+00      0.329E+09     -0.885E+00      0.702E+00
      0.251E-01      0.592E+00      0.290E+00      0.328E+09     -0.885E+00      0.703E+00
      0.263E-01      0.591E+00      0.289E+00      0.328E+09     -0.885E+00      0.701E+00
      0.275E-01      0.589E+00      0.288E+00      0.327E+09     -0.886E+00      0.700E+00
      0.290E-01      0.590E+00      0.287E+00      0.327E+09     -0.886E+00      0.698E+00
      0.300E-01      0.589E+00      0.287E+00      0.326E+09     -0.886E+00      0.698E+00
      0.310E-01      0.591E+00      0.287E+00      0.326E+09     -0.886E+00      0.698E+00
      0.320E-01      0.590E+00      0.286E+00      0.325E+09     -0.886E+00      0.696E+00
      0.330E-01      0.589E+00      0.286E+00      0.325E+09     -0.887E+00      0.698E+00
      0.340E-01      0.589E+00      0.285E+00      0.324E+09     -0.886E+00      0.695E+00
      0.350E-01      0.589E+00      0.285E+00      0.324E+09     -0.887E+00      0.696E+00
      0.360E-01      0.588E+00      0.284E+00      0.323E+09     -0.887E+00      0.694E+00
      0.370E-01      0.589E+00      0.285E+00      0.323E+09     -0.887E+00      0.693E+00
      0.380E-01      0.589E+00      0.284E+00      0.322E+09     -0.887E+00      0.692E+00
      0.390E-01      0.587E+00      0.284E+00      0.322E+09     -0.887E+00      0.693E+00
      0.400E-01      0.587E+00      0.283E+00      0.321E+09     -0.887E+00      0.692E+00
      0.425E-01      0.587E+00      0.282E+00      0.320E+09     -0.887E+00      0.689E+00
      0.450E-01      0.586E+00      0.281E+00      0.319E+09     -0.887E+00      0.687E+00
      0.475E-01      0.586E+00      0.280E+00      0.318E+09     -0.888E+00      0.686E+00
      0.500E-01      0.586E+00      0.280E+00      0.317E+09     -0.888E+00      0.685E+00
      0.525E-01      0.585E+00      0.278E+00      0.316E+09     -0.888E+00      0.683E+00
      0.550E-01      0.585E+00      0.278E+00      0.315E+09     -0.889E+00      0.681E+00
      0.571E-01      0.584E+00      0.277E+00      0.313E+09     -0.889E+00      0.680E+00
      0.640E-01      0.583E+00      0.275E+00      0.311E+09     -0.890E+00      0.677E+00
      0.719E-01      0.582E+00      0.271E+00      0.308E+09     -0.894E+00      0.672E+00
      0.806E-01      0.579E+00      0.265E+00      0.304E+09     -0.898E+00      0.665E+00
      0.905E-01      0.578E+00      0.261E+00      0.300E+09     -0.903E+00      0.660E+00
      0.102E+00      0.575E+00      0.256E+00      0.296E+09     -0.909E+00      0.658E+00
      0.114E+00      0.572E+00      0.251E+00      0.290E+09     -0.915E+00      0.655E+00
      0.128E+00      0.570E+00      0.247E+00      0.285E+09     -0.923E+00      0.657E+00
      0.143E+00      0.566E+00      0.244E+00      0.278E+09     -0.930E+00      0.661E+00
      0.161E+00      0.562E+00      0.242E+00      0.271E+09     -0.940E+00      0.672E+00
      0.181E+00      0.558E+00      0.243E+00      0.264E+09     -0.951E+00      0.691E+00
      0.203E+00      0.554E+00      0.247E+00      0.255E+09     -0.963E+00      0.718E+00
      0.227E+00      0.548E+00      0.253E+00      0.246E+09     -0.977E+00      0.757E+00
      0.255E+00      0.541E+00      0.247E+00      0.236E+09     -0.981E+00      0.742E+00
      0.286E+00      0.533E+00      0.243E+00      0.224E+09     -0.984E+00      0.726E+00
      0.321E+00      0.518E+00      0.237E+00      0.212E+09     -0.986E+00      0.715E+00
      0.360E+00      0.479E+00      0.217E+00      0.199E+09     -0.976E+00      0.697E+00
      0.404E+00      0.435E+00      0.196E+00      0.185E+09     -0.963E+00      0.679E+00
      0.453E+00      0.385E+00      0.174E+00      0.171E+09     -0.943E+00      0.660E+00
      0.509E+00      0.335E+00      0.146E+00      0.157E+09     -0.927E+00      0.627E+00
      0.571E+00      0.289E+00      0.122E+00      0.144E+09     -0.918E+00      0.610E+00
      0.641E+00      0.282E+00      0.110E+00      0.131E+09     -0.904E+00      0.558E+00
      0.719E+00      0.273E+00      0.101E+00      0.117E+09     -0.888E+00      0.523E+00
      0.806E+00      0.267E+00      0.910E-01      0.102E+09     -0.863E+00      0.467E+00
      0.905E+00      0.279E+00      0.836E-01      0.857E+08     -0.101E+01      0.429E+00
      0.102E+01      0.301E+00      0.804E-01      0.667E+08     -0.118E+01      0.421E+00
      0.114E+01      0.235E+00      0.569E-01      0.439E+08     -0.126E+01      0.401E+00
      0.128E+01      0.835E-01      0.478E-01      0.241E+08     -0.132E+01      0.101E+01
      0.143E+01      0.463E-01      0.567E-01      0.163E+08     -0.167E+01      0.272E+01
      0.161E+01      0.280E-01      0.372E-01      0.115E+08     -0.166E+01      0.293E+01
      0.168E+01      0.179E-01      0.324E-01      0.931E+07     -0.152E+01      0.386E+01
      0.170E+01      0.151E-01      0.312E-01      0.880E+07     -0.141E+01      0.420E+01
      0.180E+01      0.106E-01      0.281E-01      0.824E+07     -0.113E+01      0.456E+01
      0.190E+01      0.930E-02      0.251E-01      0.759E+07     -0.101E+01      0.396E+01
      0.200E+01      0.836E-02      0.235E-01      0.702E+07     -0.898E+00      0.356E+01
      0.210E+01      0.946E-02      0.264E-01      0.650E+07     -0.758E+00      0.293E+01
      0.220E+01      0.109E-01      0.319E-01      0.593E+07     -0.669E+00      0.276E+01
      0.230E+01      0.118E-01      0.350E-01      0.527E+07     -0.671E+00      0.278E+01
      0.240E+01      0.119E-01      0.370E-01      0.456E+07     -0.674E+00      0.294E+01
      0.250E+01      0.118E-01      0.390E-01      0.384E+07     -0.680E+00      0.320E+01
      0.260E+01      0.103E-01      0.312E-01      0.314E+07     -0.753E+00      0.328E+01
      0.275E+01      0.883E-02      0.323E-01      0.237E+07     -0.915E+00      0.479E+01
      0.300E+01      0.537E-02      0.173E-01      0.133E+07     -0.101E+01      0.473E+01
      0.325E+01      0.349E-02      0.102E-01      0.535E+06     -0.124E+01      0.483E+01
      0.350E+01      0.160E-03      0.111E-02      0.243E+05     -0.193E+01      0.174E+02
      0.375E+01      0.679E-05      0.704E-04      0.998E+03     -0.216E+01      0.305E+02
      0.400E+01      0.756E-10      0.243E-06      0.112E-01     -0.138E+00      0.709E+03
      0.425E+01      0.000E+00      0.000E+00      0.000E+00     -0.990E+02     -0.990E+02
      0.450E+01      0.000E+00      0.000E+00      0.000E+00     -0.990E+02     -0.990E+02
      0.475E+01      0.000E+00      0.000E+00      0.000E+00     -0.990E+02     -0.990E+02
      0.500E+01      0.000E+00      0.000E+00      0.000E+00     -0.990E+02     -0.990E+02
      0.525E+01      0.000E+00      0.000E+00      0.000E+00     -0.990E+02     -0.990E+02
      0.550E+01      0.000E+00      0.000E+00      0.000E+00     -0.990E+02     -0.990E+02
      0.575E+01      0.000E+00      0.000E+00      0.000E+00     -0.990E+02     -0.990E+02
      0.600E+01      0.000E+00      0.000E+00      0.000E+00     -0.990E+02     -0.990E+02
      0.625E+01      0.000E+00      0.000E+00      0.000E+00     -0.990E+02     -0.990E+02
      0.650E+01      0.000E+00      0.000E+00      0.000E+00     -0.990E+02     -0.990E+02
      0.675E+01      0.000E+00      0.000E+00      0.000E+00     -0.990E+02     -0.990E+02
      0.700E+01      0.000E+00      0.000E+00      0.000E+00     -0.990E+02     -0.990E+02
      0.725E+01      0.000E+00      0.000E+00      0.000E+00     -0.990E+02     -0.990E+02
      0.750E+01      0.000E+00      0.000E+00      0.000E+00     -0.990E+02     -0.990E+02
      0.775E+01      0.000E+00      0.000E+00      0.000E+00     -0.990E+02     -0.990E+02
      0.800E+01      0.000E+00      0.000E+00      0.000E+00     -0.990E+02     -0.990E+02
      0.825E+01      0.000E+00      0.000E+00      0.000E+00     -0.990E+02     -0.990E+02
      0.850E+01      0.000E+00      0.000E+00      0.000E+00     -0.990E+02     -0.990E+02
      0.875E+01      0.000E+00      0.000E+00      0.000E+00     -0.990E+02     -0.990E+02
      0.900E+01      0.000E+00      0.000E+00      0.000E+00     -0.990E+02     -0.990E+02
      0.925E+01      0.000E+00      0.000E+00      0.000E+00     -0.990E+02     -0.990E+02
      0.950E+01      0.000E+00      0.000E+00      0.000E+00     -0.990E+02     -0.990E+02
      0.975E+01      0.000E+00      0.000E+00      0.000E+00     -0.990E+02     -0.990E+02
      0.100E+02      0.000E+00      0.000E+00      0.000E+00     -0.990E+02     -0.990E+02
      0.102E+02      0.000E+00      0.000E+00      0.000E+00     -0.990E+02     -0.990E+02
      0.105E+02      0.000E+00      0.000E+00      0.000E+00     -0.990E+02     -0.990E+02
      0.108E+02      0.000E+00      0.000E+00      0.000E+00     -0.990E+02     -0.990E+02
      0.110E+02      0.000E+00      0.000E+00      0.000E+00     -0.990E+02     -0.990E+02
      0.112E+02      0.000E+00      0.000E+00      0.000E+00     -0.990E+02     -0.990E+02
      0.115E+02      0.000E+00      0.000E+00      0.000E+00     -0.990E+02     -0.990E+02
      0.118E+02      0.000E+00      0.000E+00      0.000E+00     -0.990E+02     -0.990E+02
      0.120E+02      0.000E+00      0.000E+00      0.000E+00     -0.990E+02     -0.990E+02
      0.122E+02      0.000E+00      0.000E+00      0.000E+00     -0.990E+02     -0.990E+02
      0.125E+02      0.000E+00      0.000E+00      0.000E+00     -0.990E+02     -0.990E+02
      0.128E+02      0.000E+00      0.000E+00      0.000E+00     -0.990E+02     -0.990E+02
      0.130E+02      0.000E+00      0.000E+00      0.000E+00     -0.990E+02     -0.990E+02
      0.132E+02      0.000E+00      0.000E+00      0.000E+00     -0.990E+02     -0.990E+02
      0.135E+02      0.000E+00      0.000E+00      0.000E+00     -0.990E+02     -0.990E+02
      0.138E+02      0.000E+00      0.000E+00      0.000E+00     -0.990E+02     -0.990E+02
      0.140E+02      0.000E+00      0.000E+00      0.000E+00     -0.990E+02     -0.990E+02
      0.142E+02      0.000E+00      0.000E+00      0.000E+00     -0.990E+02     -0.990E+02
      0.145E+02      0.000E+00      0.000E+00      0.000E+00     -0.990E+02     -0.990E+02
      0.148E+02      0.000E+00      0.000E+00      0.000E+00     -0.990E+02     -0.990E+02
      0.150E+02      0.000E+00      0.000E+00      0.000E+00     -0.990E+02     -0.990E+02
      0.152E+02      0.000E+00      0.000E+00      0.000E+00     -0.990E+02     -0.990E+02
      0.155E+02      0.000E+00      0.000E+00      0.000E+00     -0.990E+02     -0.990E+02
      0.158E+02      0.000E+00      0.000E+00      0.000E+00     -0.990E+02     -0.990E+02
      0.160E+02      0.000E+00      0.000E+00      0.000E+00     -0.990E+02     -0.990E+02
      0.162E+02      0.000E+00      0.000E+00      0.000E+00     -0.990E+02     -0.990E+02
      0.165E+02      0.000E+00      0.000E+00      0.000E+00     -0.990E+02     -0.990E+02
      0.168E+02      0.000E+00      0.000E+00      0.000E+00     -0.990E+02     -0.990E+02
      0.170E+02      0.000E+00      0.000E+00      0.000E+00     -0.990E+02     -0.990E+02
      0.172E+02      0.000E+00      0.000E+00      0.000E+00     -0.990E+02     -0.990E+02
      0.175E+02      0.000E+00      0.000E+00      0.000E+00     -0.990E+02     -0.990E+02
      0.178E+02      0.000E+00      0.000E+00      0.000E+00     -0.990E+02     -0.990E+02
      0.180E+02      0.000E+00      0.000E+00      0.000E+00     -0.990E+02     -0.990E+02
      0.182E+02      0.000E+00      0.000E+00      0.000E+00     -0.990E+02     -0.990E+02
      0.185E+02      0.000E+00      0.000E+00      0.000E+00     -0.990E+02     -0.990E+02
      0.188E+02      0.000E+00      0.000E+00      0.000E+00     -0.990E+02     -0.990E+02
      0.190E+02      0.000E+00      0.000E+00      0.000E+00     -0.990E+02     -0.990E+02
      0.192E+02      0.000E+00      0.000E+00      0.000E+00     -0.990E+02     -0.990E+02
      0.195E+02      0.000E+00      0.000E+00      0.000E+00     -0.990E+02     -0.990E+02
      0.198E+02      0.000E+00      0.000E+00      0.000E+00     -0.990E+02     -0.990E+02
      0.200E+02      0.000E+00      0.000E+00      0.000E+00     -0.990E+02     -0.990E+02
