      0.000E+00      0.136E+00      0.205E+00      0.224E+09     -0.990E+02     -0.990E+02
      0.100E-03      0.136E+00      0.205E+00      0.224E+09     -0.990E+02     -0.990E+02
      0.140E-03      0.136E+00      0.205E+00      0.224E+09     -0.990E+02     -0.990E+02
      0.160E-03      0.136E+00      0.205E+00      0.224E+09     -0.990E+02     -0.990E+02
      0.180E-03      0.136E+00      0.205E+00      0.224E+09     -0.990E+02     -0.990E+02
      0.200E-03      0.136E+00      0.205E+00      0.224E+09     -0.990E+02     -0.990E+02
      0.220E-03      0.136E+00      0.205E+00      0.224E+09     -0.990E+02     -0.990E+02
      0.250E-03      0.136E+00      0.205E+00      0.224E+09     -0.990E+02     -0.990E+02
      0.280E-03      0.136E+00      0.205E+00      0.224E+09     -0.990E+02     -0.990E+02
      0.320E-03      0.136E+00      0.205E+00      0.224E+09     -0.990E+02     -0.990E+02
      0.350E-03      0.136E+00      0.205E+00      0.224E+09     -0.990E+02     -0.990E+02
      0.400E-03      0.136E+00      0.205E+00      0.224E+09     -0.990E+02     -0.990E+02
      0.450E-03      0.136E+00      0.205E+00      0.224E+09     -0.990E+02     -0.990E+02
      0.500E-03      0.136E+00      0.205E+00      0.224E+09     -0.990E+02     -0.990E+02
      0.560E-03      0.136E+00      0.205E+00      0.224E+09     -0.990E+02     -0.990E+02
      0.630E-03      0.136E+00      0.205E+00      0.224E+09     -0.990E+02     -0.990E+02
      0.710E-03      0.136E+00      0.205E+00      0.224E+09     -0.990E+02     -0.990E+02
      0.790E-03      0.136E+00      0.205E+00      0.224E+09     -0.990E+02     -0.990E+02
      0.890E-03      0.136E+00      0.205E+00      0.224E+09     -0.990E+02     -0.990E+02
      0.100E-02      0.136E+00      0.205E+00      0.224E+09     -0.990E+02     -0.990E+02
      0.105E-02      0.136E+00      0.205E+00      0.224E+09     -0.990E+02     -0.990E+02
      0.110E-02      0.136E+00      0.205E+00      0.224E+09     -0.990E+02     -0.990E+02
      0.115E-02      0.136E+00      0.205E+00      0.224E+09     -0.990E+02     -0.990E+02
      0.120E-02      0.136E+00      0.205E+00      0.224E+09     -0.990E+02     -0.990E+02
      0.126E-02      0.136E+00      0.205E+00      0.224E+09     -0.990E+02     -0.990E+02
      0.132E-02      0.136E+00      0.205E+00      0.224E+09     -0.990E+02     -0.990E+02
      0.138E-02      0.136E+00      0.205E+00      0.224E+09     -0.990E+02     -0.990E+02
      0.145E-02      0.136E+00      0.205E+00      0.224E+09     -0.990E+02     -0.990E+02
      0.151E-02      0.136E+00      0.205E+00      0.224E+09     -0.990E+02     -0.990E+02
      0.158E-02      0.136E+00      0.205E+00      0.224E+09     -0.990E+02     -0.990E+02
      0.166E-02      0.136E+00      0.205E+00      0.224E+09     -0.990E+02     -0.990E+02
      0.174E-02      0.136E+00      0.205E+00      0.224E+09     -0.990E+02     -0.990E+02
      0.182E-02      0.136E+00      0.205E+00      0.224E+09     -0.990E+02     -0.990E+02
      0.191E-02      0.136E+00      0.205E+00      0.224E+09     -0.990E+02     -0.990E+02
      0.200E-02      0.136E+00      0.205E+00      0.224E+09     -0.990E+02     -0.990E+02
      0.209E-02      0.136E+00      0.205E+00      0.224E+09     -0.990E+02     -0.990E+02
      0.219E-02      0.136E+00      0.205E+00      0.224E+09     -0.990E+02     -0.990E+02
      0.229E-02      0.136E+00      0.205E+00      0.224E+09     -0.990E+02     -0.990E+02
      0.240E-02      0.136E+00      0.205E+00      0.224E+09     -0.990E+02     -0.990E+02
      0.251E-02      0.136E+00      0.205E+00      0.224E+09     -0.990E+02     -0.990E+02
      0.263E-02      0.136E+00      0.205E+00      0.224E+09     -0.990E+02     -0.990E+02
      0.275E-02      0.136E+00      0.205E+00      0.224E+09     -0.990E+02     -0.990E+02
      0.288E-02      0.136E+00      0.205E+00      0.224E+09     -0.990E+02     -0.990E+02
      0.302E-02      0.136E+00      0.205E+00      0.224E+09     -0.990E+02     -0.990E+02
      0.316E-02      0.136E+00      0.205E+00      0.224E+09     -0.990E+02     -0.990E+02
      0.331E-02      0.136E+00      0.205E+00      0.224E+09     -0.990E+02     -0.990E+02
      0.347E-02      0.136E+00      0.205E+00      0.224E+09     -0.990E+02     -0.990E+02
      0.363E-02      0.136E+00      0.205E+00      0.224E+09     -0.990E+02     -0.990E+02
      0.380E-02      0.136E+00      0.205E+00      0.224E+09     -0.990E+02     -0.990E+02
      0.398E-02      0.136E+00      0.205E+00      0.224E+09     -0.990E+02     -0.990E+02
      0.417E-02      0.136E+00      0.205E+00      0.224E+09     -0.990E+02     -0.990E+02
      0.437E-02      0.136E+00      0.205E+00      0.224E+09     -0.990E+02     -0.990E+02
      0.457E-02      0.136E+00      0.205E+00      0.224E+09     -0.990E+02     -0.990E+02
      0.479E-02      0.136E+00      0.205E+00      0.224E+09     -0.990E+02     -0.990E+02
      0.501E-02      0.136E+00      0.205E+00      0.224E+09     -0.990E+02     -0.990E+02
      0.525E-02      0.136E+00      0.205E+00      0.224E+09     -0.990E+02     -0.990E+02
      0.550E-02      0.136E+00      0.205E+00      0.224E+09     -0.990E+02     -0.990E+02
      0.575E-02      0.136E+00      0.205E+00      0.224E+09     -0.990E+02     -0.990E+02
      0.603E-02      0.136E+00      0.205E+00      0.224E+09     -0.990E+02     -0.990E+02
      0.631E-02      0.136E+00      0.205E+00      0.224E+09     -0.990E+02     -0.990E+02
      0.661E-02      0.136E+00      0.205E+00      0.224E+09     -0.990E+02     -0.990E+02
      0.692E-02      0.136E+00      0.205E+00      0.224E+09     -0.990E+02     -0.990E+02
      0.724E-02      0.136E+00      0.205E+00      0.224E+09     -0.990E+02     -0.990E+02
      0.759E-02      0.136E+00      0.205E+00      0.224E+09     -0.990E+02     -0.990E+02
      0.794E-02      0.136E+00      0.205E+00      0.224E+09     -0.990E+02     -0.990E+02
      0.832E-02      0.136E+00      0.205E+00      0.224E+09     -0.990E+02     -0.990E+02
      0.871E-02      0.136E+00      0.205E+00      0.224E+09     -0.990E+02     -0.990E+02
      0.912E-02      0.136E+00      0.205E+00      0.224E+09     -0.990E+02     -0.990E+02
      0.955E-02      0.136E+00      0.205E+00      0.224E+09     -0.990E+02     -0.990E+02
      0.100E-01      0.136E+00      0.205E+00      0.224E+09     -0.674E+00      0.109E+01
      0.105E-01      0.195E+00      0.178E+00      0.223E+09     -0.674E+00      0.109E+01
      0.110E-01      0.194E+00      0.177E+00      0.222E+09     -0.674E+00      0.109E+01
      0.115E-01      0.193E+00      0.176E+00      0.222E+09     -0.674E+00      0.109E+01
      0.120E-01      0.193E+00      0.176E+00      0.222E+09     -0.674E+00      0.109E+01
      0.126E-01      0.193E+00      0.176E+00      0.222E+09     -0.674E+00      0.109E+01
      0.132E-01      0.194E+00      0.176E+00      0.222E+09     -0.674E+00      0.108E+01
      0.138E-01      0.194E+00      0.176E+00      0.222E+09     -0.673E+00      0.108E+01
      0.144E-01      0.192E+00      0.174E+00      0.222E+09     -0.673E+00      0.108E+01
      0.151E-01      0.193E+00      0.174E+00      0.222E+09     -0.673E+00      0.108E+01
      0.159E-01      0.193E+00      0.175E+00      0.222E+09     -0.673E+00      0.108E+01
      0.166E-01      0.193E+00      0.174E+00      0.222E+09     -0.673E+00      0.108E+01
      0.174E-01      0.193E+00      0.174E+00      0.221E+09     -0.673E+00      0.107E+01
      0.182E-01      0.194E+00      0.174E+00      0.221E+09     -0.673E+00      0.107E+01
      0.191E-01      0.194E+00      0.174E+00      0.221E+09     -0.672E+00      0.107E+01
      0.200E-01      0.193E+00      0.173E+00      0.221E+09     -0.672E+00      0.107E+01
      0.209E-01      0.192E+00      0.172E+00      0.221E+09     -0.672E+00      0.106E+01
      0.219E-01      0.192E+00      0.172E+00      0.221E+09     -0.672E+00      0.106E+01
      0.229E-01      0.193E+00      0.172E+00      0.221E+09     -0.671E+00      0.106E+01
      0.240E-01      0.192E+00      0.171E+00      0.220E+09     -0.671E+00      0.106E+01
      0.251E-01      0.193E+00      0.171E+00      0.220E+09     -0.671E+00      0.105E+01
      0.263E-01      0.192E+00      0.171E+00      0.220E+09     -0.671E+00      0.105E+01
      0.275E-01      0.192E+00      0.170E+00      0.220E+09     -0.670E+00      0.105E+01
      0.290E-01      0.192E+00      0.169E+00      0.220E+09     -0.670E+00      0.104E+01
      0.300E-01      0.192E+00      0.169E+00      0.219E+09     -0.670E+00      0.104E+01
      0.310E-01      0.192E+00      0.169E+00      0.219E+09     -0.669E+00      0.104E+01
      0.320E-01      0.192E+00      0.168E+00      0.219E+09     -0.669E+00      0.104E+01
      0.330E-01      0.191E+00      0.168E+00      0.219E+09     -0.669E+00      0.103E+01
      0.340E-01      0.191E+00      0.168E+00      0.219E+09     -0.669E+00      0.103E+01
      0.350E-01      0.191E+00      0.167E+00      0.219E+09     -0.669E+00      0.103E+01
      0.360E-01      0.191E+00      0.167E+00      0.218E+09     -0.668E+00      0.102E+01
      0.370E-01      0.191E+00      0.166E+00      0.218E+09     -0.668E+00      0.102E+01
      0.380E-01      0.191E+00      0.166E+00      0.218E+09     -0.668E+00      0.102E+01
      0.390E-01      0.191E+00      0.166E+00      0.218E+09     -0.668E+00      0.102E+01
      0.400E-01      0.191E+00      0.165E+00      0.218E+09     -0.667E+00      0.102E+01
      0.425E-01      0.190E+00      0.164E+00      0.218E+09     -0.667E+00      0.101E+01
      0.450E-01      0.190E+00      0.163E+00      0.217E+09     -0.666E+00      0.100E+01
      0.475E-01      0.190E+00      0.162E+00      0.217E+09     -0.666E+00      0.997E+00
      0.500E-01      0.189E+00      0.162E+00      0.216E+09     -0.665E+00      0.992E+00
      0.525E-01      0.189E+00      0.161E+00      0.216E+09     -0.665E+00      0.986E+00
      0.550E-01      0.189E+00      0.160E+00      0.216E+09     -0.664E+00      0.980E+00
      0.571E-01      0.188E+00      0.159E+00      0.215E+09     -0.664E+00      0.975E+00
      0.640E-01      0.187E+00      0.157E+00      0.215E+09     -0.663E+00      0.961E+00
      0.719E-01      0.186E+00      0.154E+00      0.214E+09     -0.661E+00      0.942E+00
      0.806E-01      0.185E+00      0.151E+00      0.212E+09     -0.659E+00      0.924E+00
      0.905E-01      0.183E+00      0.148E+00      0.211E+09     -0.657E+00      0.905E+00
      0.102E+00      0.182E+00      0.145E+00      0.210E+09     -0.655E+00      0.884E+00
      0.114E+00      0.180E+00      0.142E+00      0.208E+09     -0.652E+00      0.862E+00
      0.128E+00      0.177E+00      0.139E+00      0.206E+09     -0.651E+00      0.840E+00
      0.143E+00      0.174E+00      0.135E+00      0.204E+09     -0.649E+00      0.819E+00
      0.161E+00      0.170E+00      0.130E+00      0.202E+09     -0.649E+00      0.798E+00
      0.181E+00      0.167E+00      0.125E+00      0.200E+09     -0.650E+00      0.775E+00
      0.203E+00      0.162E+00      0.119E+00      0.197E+09     -0.650E+00      0.754E+00
      0.227E+00      0.157E+00      0.114E+00      0.194E+09     -0.651E+00      0.741E+00
      0.255E+00      0.153E+00      0.110E+00      0.191E+09     -0.656E+00      0.744E+00
      0.286E+00      0.149E+00      0.107E+00      0.188E+09     -0.664E+00      0.752E+00
      0.321E+00      0.144E+00      0.105E+00      0.185E+09     -0.672E+00      0.765E+00
      0.360E+00      0.138E+00      0.101E+00      0.181E+09     -0.678E+00      0.774E+00
      0.404E+00      0.133E+00      0.981E-01      0.177E+09     -0.682E+00      0.785E+00
      0.453E+00      0.128E+00      0.940E-01      0.173E+09     -0.683E+00      0.783E+00
      0.509E+00      0.123E+00      0.889E-01      0.168E+09     -0.685E+00      0.778E+00
      0.571E+00      0.119E+00      0.863E-01      0.163E+09     -0.686E+00      0.790E+00
      0.641E+00      0.116E+00      0.838E-01      0.158E+09     -0.688E+00      0.789E+00
      0.719E+00      0.113E+00      0.804E-01      0.152E+09     -0.696E+00      0.773E+00
      0.806E+00      0.110E+00      0.793E-01      0.146E+09     -0.706E+00      0.800E+00
      0.905E+00      0.109E+00      0.795E-01      0.139E+09     -0.733E+00      0.855E+00
      0.102E+01      0.104E+00      0.728E-01      0.132E+09     -0.739E+00      0.829E+00
      0.114E+01      0.984E-01      0.688E-01      0.124E+09     -0.738E+00      0.805E+00
      0.128E+01      0.977E-01      0.688E-01      0.116E+09     -0.742E+00      0.811E+00
      0.143E+01      0.975E-01      0.684E-01      0.106E+09     -0.753E+00      0.836E+00
      0.161E+01      0.930E-01      0.634E-01      0.963E+08     -0.723E+00      0.759E+00
      0.168E+01      0.903E-01      0.611E-01      0.891E+08     -0.710E+00      0.731E+00
      0.170E+01      0.893E-01      0.603E-01      0.866E+08     -0.706E+00      0.722E+00
      0.180E+01      0.863E-01      0.578E-01      0.832E+08     -0.707E+00      0.707E+00
      0.190E+01      0.850E-01      0.570E-01      0.779E+08     -0.724E+00      0.734E+00
      0.200E+01      0.844E-01      0.560E-01      0.727E+08     -0.737E+00      0.759E+00
      0.210E+01      0.831E-01      0.557E-01      0.675E+08     -0.732E+00      0.733E+00
      0.220E+01      0.820E-01      0.558E-01      0.625E+08     -0.732E+00      0.738E+00
      0.230E+01      0.798E-01      0.533E-01      0.575E+08     -0.741E+00      0.738E+00
      0.240E+01      0.786E-01      0.527E-01      0.527E+08     -0.757E+00      0.760E+00
      0.250E+01      0.779E-01      0.526E-01      0.480E+08     -0.775E+00      0.788E+00
      0.260E+01      0.765E-01      0.533E-01      0.433E+08     -0.779E+00      0.826E+00
      0.275E+01      0.712E-01      0.517E-01      0.376E+08     -0.791E+00      0.867E+00
      0.300E+01      0.584E-01      0.430E-01      0.291E+08     -0.874E+00      0.959E+00
      0.325E+01      0.463E-01      0.389E-01      0.204E+08     -0.844E+00      0.107E+01
      0.350E+01      0.353E-01      0.338E-01      0.136E+08     -0.820E+00      0.114E+01
      0.375E+01      0.240E-01      0.263E-01      0.843E+07     -0.843E+00      0.131E+01
      0.400E+01      0.155E-01      0.196E-01      0.493E+07     -0.857E+00      0.147E+01
      0.425E+01      0.966E-02      0.152E-01      0.267E+07     -0.787E+00      0.167E+01
      0.450E+01      0.565E-02      0.104E-01      0.126E+07     -0.815E+00      0.200E+01
      0.475E+01      0.243E-02      0.635E-02      0.447E+06     -0.659E+00      0.229E+01
      0.500E+01      0.564E-03      0.285E-02      0.963E+05     -0.600E+00      0.415E+01
      0.525E+01      0.104E-03      0.651E-03      0.151E+05     -0.683E+00      0.570E+01
      0.550E+01      0.474E-06      0.317E-04      0.675E+02     -0.150E+01      0.122E+03
      0.575E+01      0.670E-12      0.283E-07      0.974E-04     -0.533E+00      0.300E+05
      0.600E+01      0.118E-13      0.531E-09      0.167E-05     -0.583E+00      0.343E+05
      0.625E+01      0.000E+00      0.000E+00      0.000E+00     -0.990E+02     -0.990E+02
      0.650E+01      0.000E+00      0.000E+00      0.000E+00     -0.990E+02     -0.990E+02
      0.675E+01      0.000E+00      0.000E+00      0.000E+00     -0.990E+02     -0.990E+02
      0.700E+01      0.000E+00      0.000E+00      0.000E+00     -0.990E+02     -0.990E+02
      0.725E+01      0.000E+00      0.000E+00      0.000E+00     -0.990E+02     -0.990E+02
      0.750E+01      0.000E+00      0.000E+00      0.000E+00     -0.990E+02     -0.990E+02
      0.775E+01      0.000E+00      0.000E+00      0.000E+00     -0.990E+02     -0.990E+02
      0.800E+01      0.000E+00      0.000E+00      0.000E+00     -0.990E+02     -0.990E+02
      0.825E+01      0.000E+00      0.000E+00      0.000E+00     -0.990E+02     -0.990E+02
      0.850E+01      0.000E+00      0.000E+00      0.000E+00     -0.990E+02     -0.990E+02
      0.875E+01      0.000E+00      0.000E+00      0.000E+00     -0.990E+02     -0.990E+02
      0.900E+01      0.000E+00      0.000E+00      0.000E+00     -0.990E+02     -0.990E+02
      0.925E+01      0.000E+00      0.000E+00      0.000E+00     -0.990E+02     -0.990E+02
      0.950E+01      0.000E+00      0.000E+00      0.000E+00     -0.990E+02     -0.990E+02
      0.975E+01      0.000E+00      0.000E+00      0.000E+00     -0.990E+02     -0.990E+02
      0.100E+02      0.000E+00      0.000E+00      0.000E+00     -0.990E+02     -0.990E+02
      0.102E+02      0.000E+00      0.000E+00      0.000E+00     -0.990E+02     -0.990E+02
      0.105E+02      0.000E+00      0.000E+00      0.000E+00     -0.990E+02     -0.990E+02
      0.108E+02      0.000E+00      0.000E+00      0.000E+00     -0.990E+02     -0.990E+02
      0.110E+02      0.000E+00      0.000E+00      0.000E+00     -0.990E+02     -0.990E+02
      0.112E+02      0.000E+00      0.000E+00      0.000E+00     -0.990E+02     -0.990E+02
      0.115E+02      0.000E+00      0.000E+00      0.000E+00     -0.990E+02     -0.990E+02
      0.118E+02      0.000E+00      0.000E+00      0.000E+00     -0.990E+02     -0.990E+02
      0.120E+02      0.000E+00      0.000E+00      0.000E+00     -0.990E+02     -0.990E+02
      0.122E+02      0.000E+00      0.000E+00      0.000E+00     -0.990E+02     -0.990E+02
      0.125E+02      0.000E+00      0.000E+00      0.000E+00     -0.990E+02     -0.990E+02
      0.128E+02      0.000E+00      0.000E+00      0.000E+00     -0.990E+02     -0.990E+02
      0.130E+02      0.000E+00      0.000E+00      0.000E+00     -0.990E+02     -0.990E+02
      0.132E+02      0.000E+00      0.000E+00      0.000E+00     -0.990E+02     -0.990E+02
      0.135E+02      0.000E+00      0.000E+00      0.000E+00     -0.990E+02     -0.990E+02
      0.138E+02      0.000E+00      0.000E+00      0.000E+00     -0.990E+02     -0.990E+02
      0.140E+02      0.000E+00      0.000E+00      0.000E+00     -0.990E+02     -0.990E+02
      0.142E+02      0.000E+00      0.000E+00      0.000E+00     -0.990E+02     -0.990E+02
      0.145E+02      0.000E+00      0.000E+00      0.000E+00     -0.990E+02     -0.990E+02
      0.148E+02      0.000E+00      0.000E+00      0.000E+00     -0.990E+02     -0.990E+02
      0.150E+02      0.000E+00      0.000E+00      0.000E+00     -0.990E+02     -0.990E+02
      0.152E+02      0.000E+00      0.000E+00      0.000E+00     -0.990E+02     -0.990E+02
      0.155E+02      0.000E+00      0.000E+00      0.000E+00     -0.990E+02     -0.990E+02
      0.158E+02      0.000E+00      0.000E+00      0.000E+00     -0.990E+02     -0.990E+02
      0.160E+02      0.000E+00      0.000E+00      0.000E+00     -0.990E+02     -0.990E+02
      0.162E+02      0.000E+00      0.000E+00      0.000E+00     -0.990E+02     -0.990E+02
      0.165E+02      0.000E+00      0.000E+00      0.000E+00     -0.990E+02     -0.990E+02
      0.168E+02      0.000E+00      0.000E+00      0.000E+00     -0.990E+02     -0.990E+02
      0.170E+02      0.000E+00      0.000E+00      0.000E+00     -0.990E+02     -0.990E+02
      0.172E+02      0.000E+00      0.000E+00      0.000E+00     -0.990E+02     -0.990E+02
      0.175E+02      0.000E+00      0.000E+00      0.000E+00     -0.990E+02     -0.990E+02
      0.178E+02      0.000E+00      0.000E+00      0.000E+00     -0.990E+02     -0.990E+02
      0.180E+02      0.000E+00      0.000E+00      0.000E+00     -0.990E+02     -0.990E+02
      0.182E+02      0.000E+00      0.000E+00      0.000E+00     -0.990E+02     -0.990E+02
      0.185E+02      0.000E+00      0.000E+00      0.000E+00     -0.990E+02     -0.990E+02
      0.188E+02      0.000E+00      0.000E+00      0.000E+00     -0.990E+02     -0.990E+02
      0.190E+02      0.000E+00      0.000E+00      0.000E+00     -0.990E+02     -0.990E+02
      0.192E+02      0.000E+00      0.000E+00      0.000E+00     -0.990E+02     -0.990E+02
      0.195E+02      0.000E+00      0.000E+00      0.000E+00     -0.990E+02     -0.990E+02
      0.198E+02      0.000E+00      0.000E+00      0.000E+00     -0.990E+02     -0.990E+02
      0.200E+02      0.000E+00      0.000E+00      0.000E+00     -0.990E+02     -0.990E+02
