      0.000E+00      0.512E+00      0.472E+00      0.107E+10     -0.990E+02     -0.990E+02
      0.100E-03      0.512E+00      0.472E+00      0.107E+10     -0.990E+02     -0.990E+02
      0.140E-03      0.512E+00      0.472E+00      0.107E+10     -0.990E+02     -0.990E+02
      0.160E-03      0.512E+00      0.472E+00      0.107E+10     -0.990E+02     -0.990E+02
      0.180E-03      0.512E+00      0.472E+00      0.107E+10     -0.990E+02     -0.990E+02
      0.200E-03      0.512E+00      0.472E+00      0.107E+10     -0.990E+02     -0.990E+02
      0.220E-03      0.512E+00      0.472E+00      0.107E+10     -0.990E+02     -0.990E+02
      0.250E-03      0.512E+00      0.472E+00      0.107E+10     -0.990E+02     -0.990E+02
      0.280E-03      0.512E+00      0.472E+00      0.107E+10     -0.990E+02     -0.990E+02
      0.320E-03      0.512E+00      0.472E+00      0.107E+10     -0.990E+02     -0.990E+02
      0.350E-03      0.512E+00      0.472E+00      0.107E+10     -0.990E+02     -0.990E+02
      0.400E-03      0.512E+00      0.472E+00      0.107E+10     -0.990E+02     -0.990E+02
      0.450E-03      0.512E+00      0.472E+00      0.107E+10     -0.990E+02     -0.990E+02
      0.500E-03      0.512E+00      0.472E+00      0.107E+10     -0.990E+02     -0.990E+02
      0.560E-03      0.512E+00      0.472E+00      0.107E+10     -0.990E+02     -0.990E+02
      0.630E-03      0.512E+00      0.472E+00      0.107E+10     -0.990E+02     -0.990E+02
      0.710E-03      0.512E+00      0.472E+00      0.107E+10     -0.990E+02     -0.990E+02
      0.790E-03      0.512E+00      0.472E+00      0.107E+10     -0.990E+02     -0.990E+02
      0.890E-03      0.512E+00      0.472E+00      0.107E+10     -0.990E+02     -0.990E+02
      0.100E-02      0.512E+00      0.472E+00      0.107E+10     -0.990E+02     -0.990E+02
      0.105E-02      0.512E+00      0.472E+00      0.107E+10     -0.990E+02     -0.990E+02
      0.110E-02      0.512E+00      0.472E+00      0.107E+10     -0.990E+02     -0.990E+02
      0.115E-02      0.512E+00      0.472E+00      0.107E+10     -0.990E+02     -0.990E+02
      0.120E-02      0.512E+00      0.472E+00      0.107E+10     -0.990E+02     -0.990E+02
      0.126E-02      0.512E+00      0.472E+00      0.107E+10     -0.990E+02     -0.990E+02
      0.132E-02      0.512E+00      0.472E+00      0.107E+10     -0.990E+02     -0.990E+02
      0.138E-02      0.512E+00      0.472E+00      0.107E+10     -0.990E+02     -0.990E+02
      0.145E-02      0.512E+00      0.472E+00      0.107E+10     -0.990E+02     -0.990E+02
      0.151E-02      0.512E+00      0.472E+00      0.107E+10     -0.990E+02     -0.990E+02
      0.158E-02      0.512E+00      0.472E+00      0.107E+10     -0.990E+02     -0.990E+02
      0.166E-02      0.512E+00      0.472E+00      0.107E+10     -0.990E+02     -0.990E+02
      0.174E-02      0.512E+00      0.472E+00      0.107E+10     -0.990E+02     -0.990E+02
      0.182E-02      0.512E+00      0.472E+00      0.107E+10     -0.990E+02     -0.990E+02
      0.191E-02      0.512E+00      0.472E+00      0.107E+10     -0.990E+02     -0.990E+02
      0.200E-02      0.512E+00      0.472E+00      0.107E+10     -0.990E+02     -0.990E+02
      0.209E-02      0.512E+00      0.472E+00      0.107E+10     -0.990E+02     -0.990E+02
      0.219E-02      0.512E+00      0.472E+00      0.107E+10     -0.990E+02     -0.990E+02
      0.229E-02      0.512E+00      0.472E+00      0.107E+10     -0.990E+02     -0.990E+02
      0.240E-02      0.512E+00      0.472E+00      0.107E+10     -0.990E+02     -0.990E+02
      0.251E-02      0.512E+00      0.472E+00      0.107E+10     -0.990E+02     -0.990E+02
      0.263E-02      0.512E+00      0.472E+00      0.107E+10     -0.990E+02     -0.990E+02
      0.275E-02      0.512E+00      0.472E+00      0.107E+10     -0.990E+02     -0.990E+02
      0.288E-02      0.512E+00      0.472E+00      0.107E+10     -0.990E+02     -0.990E+02
      0.302E-02      0.512E+00      0.472E+00      0.107E+10     -0.990E+02     -0.990E+02
      0.316E-02      0.512E+00      0.472E+00      0.107E+10     -0.990E+02     -0.990E+02
      0.331E-02      0.512E+00      0.472E+00      0.107E+10     -0.990E+02     -0.990E+02
      0.347E-02      0.512E+00      0.472E+00      0.107E+10     -0.990E+02     -0.990E+02
      0.363E-02      0.512E+00      0.472E+00      0.107E+10     -0.990E+02     -0.990E+02
      0.380E-02      0.512E+00      0.472E+00      0.107E+10     -0.990E+02     -0.990E+02
      0.398E-02      0.512E+00      0.472E+00      0.107E+10     -0.990E+02     -0.990E+02
      0.417E-02      0.512E+00      0.472E+00      0.107E+10     -0.990E+02     -0.990E+02
      0.437E-02      0.512E+00      0.472E+00      0.107E+10     -0.990E+02     -0.990E+02
      0.457E-02      0.512E+00      0.472E+00      0.107E+10     -0.990E+02     -0.990E+02
      0.479E-02      0.512E+00      0.472E+00      0.107E+10     -0.990E+02     -0.990E+02
      0.501E-02      0.512E+00      0.472E+00      0.107E+10     -0.990E+02     -0.990E+02
      0.525E-02      0.512E+00      0.472E+00      0.107E+10     -0.990E+02     -0.990E+02
      0.550E-02      0.512E+00      0.472E+00      0.107E+10     -0.990E+02     -0.990E+02
      0.575E-02      0.512E+00      0.472E+00      0.107E+10     -0.990E+02     -0.990E+02
      0.603E-02      0.512E+00      0.472E+00      0.107E+10     -0.990E+02     -0.990E+02
      0.631E-02      0.512E+00      0.472E+00      0.107E+10     -0.990E+02     -0.990E+02
      0.661E-02      0.512E+00      0.472E+00      0.107E+10     -0.990E+02     -0.990E+02
      0.692E-02      0.512E+00      0.472E+00      0.107E+10     -0.990E+02     -0.990E+02
      0.724E-02      0.512E+00      0.472E+00      0.107E+10     -0.990E+02     -0.990E+02
      0.759E-02      0.512E+00      0.472E+00      0.107E+10     -0.990E+02     -0.990E+02
      0.794E-02      0.512E+00      0.472E+00      0.107E+10     -0.990E+02     -0.990E+02
      0.832E-02      0.512E+00      0.472E+00      0.107E+10     -0.990E+02     -0.990E+02
      0.871E-02      0.512E+00      0.472E+00      0.107E+10     -0.990E+02     -0.990E+02
      0.912E-02      0.512E+00      0.472E+00      0.107E+10     -0.990E+02     -0.990E+02
      0.955E-02      0.512E+00      0.472E+00      0.107E+10     -0.990E+02     -0.990E+02
      0.100E-01      0.512E+00      0.472E+00      0.107E+10     -0.494E+00      0.696E+00
      0.105E-01      0.717E+00      0.555E+00      0.107E+10     -0.494E+00      0.696E+00
      0.110E-01      0.715E+00      0.553E+00      0.107E+10     -0.494E+00      0.695E+00
      0.115E-01      0.713E+00      0.551E+00      0.107E+10     -0.494E+00      0.695E+00
      0.120E-01      0.712E+00      0.551E+00      0.107E+10     -0.494E+00      0.695E+00
      0.126E-01      0.713E+00      0.552E+00      0.106E+10     -0.494E+00      0.696E+00
      0.132E-01      0.717E+00      0.554E+00      0.106E+10     -0.494E+00      0.696E+00
      0.138E-01      0.715E+00      0.553E+00      0.106E+10     -0.494E+00      0.696E+00
      0.144E-01      0.710E+00      0.549E+00      0.106E+10     -0.494E+00      0.696E+00
      0.151E-01      0.712E+00      0.550E+00      0.106E+10     -0.494E+00      0.696E+00
      0.159E-01      0.714E+00      0.552E+00      0.106E+10     -0.495E+00      0.696E+00
      0.166E-01      0.714E+00      0.552E+00      0.106E+10     -0.494E+00      0.696E+00
      0.174E-01      0.716E+00      0.553E+00      0.106E+10     -0.494E+00      0.696E+00
      0.182E-01      0.718E+00      0.555E+00      0.106E+10     -0.494E+00      0.696E+00
      0.191E-01      0.718E+00      0.554E+00      0.106E+10     -0.494E+00      0.696E+00
      0.200E-01      0.715E+00      0.552E+00      0.106E+10     -0.494E+00      0.696E+00
      0.209E-01      0.714E+00      0.551E+00      0.106E+10     -0.495E+00      0.697E+00
      0.219E-01      0.715E+00      0.552E+00      0.106E+10     -0.495E+00      0.697E+00
      0.229E-01      0.716E+00      0.552E+00      0.106E+10     -0.495E+00      0.697E+00
      0.240E-01      0.717E+00      0.553E+00      0.106E+10     -0.495E+00      0.698E+00
      0.251E-01      0.718E+00      0.554E+00      0.106E+10     -0.495E+00      0.697E+00
      0.263E-01      0.718E+00      0.554E+00      0.106E+10     -0.495E+00      0.699E+00
      0.275E-01      0.717E+00      0.553E+00      0.106E+10     -0.495E+00      0.699E+00
      0.290E-01      0.717E+00      0.554E+00      0.106E+10     -0.495E+00      0.699E+00
      0.300E-01      0.718E+00      0.554E+00      0.105E+10     -0.496E+00      0.700E+00
      0.310E-01      0.718E+00      0.554E+00      0.105E+10     -0.496E+00      0.700E+00
      0.320E-01      0.718E+00      0.554E+00      0.105E+10     -0.496E+00      0.700E+00
      0.330E-01      0.718E+00      0.554E+00      0.105E+10     -0.496E+00      0.700E+00
      0.340E-01      0.718E+00      0.555E+00      0.105E+10     -0.496E+00      0.701E+00
      0.350E-01      0.718E+00      0.554E+00      0.105E+10     -0.496E+00      0.701E+00
      0.360E-01      0.719E+00      0.555E+00      0.105E+10     -0.496E+00      0.701E+00
      0.370E-01      0.719E+00      0.555E+00      0.105E+10     -0.496E+00      0.701E+00
      0.380E-01      0.719E+00      0.555E+00      0.105E+10     -0.496E+00      0.702E+00
      0.390E-01      0.719E+00      0.555E+00      0.105E+10     -0.496E+00      0.702E+00
      0.400E-01      0.720E+00      0.555E+00      0.105E+10     -0.496E+00      0.702E+00
      0.425E-01      0.720E+00      0.555E+00      0.105E+10     -0.496E+00      0.703E+00
      0.450E-01      0.720E+00      0.556E+00      0.105E+10     -0.496E+00      0.703E+00
      0.475E-01      0.721E+00      0.557E+00      0.104E+10     -0.497E+00      0.705E+00
      0.500E-01      0.721E+00      0.557E+00      0.104E+10     -0.497E+00      0.705E+00
      0.525E-01      0.721E+00      0.557E+00      0.104E+10     -0.497E+00      0.706E+00
      0.550E-01      0.721E+00      0.558E+00      0.104E+10     -0.497E+00      0.707E+00
      0.571E-01      0.722E+00      0.558E+00      0.104E+10     -0.497E+00      0.708E+00
      0.640E-01      0.722E+00      0.559E+00      0.104E+10     -0.497E+00      0.710E+00
      0.719E-01      0.721E+00      0.558E+00      0.103E+10     -0.496E+00      0.709E+00
      0.806E-01      0.719E+00      0.556E+00      0.103E+10     -0.494E+00      0.704E+00
      0.905E-01      0.718E+00      0.554E+00      0.102E+10     -0.491E+00      0.699E+00
      0.102E+00      0.713E+00      0.549E+00      0.102E+10     -0.489E+00      0.696E+00
      0.114E+00      0.705E+00      0.538E+00      0.101E+10     -0.485E+00      0.684E+00
      0.128E+00      0.698E+00      0.524E+00      0.100E+10     -0.479E+00      0.665E+00
      0.143E+00      0.690E+00      0.508E+00      0.996E+09     -0.472E+00      0.643E+00
      0.161E+00      0.680E+00      0.492E+00      0.987E+09     -0.464E+00      0.621E+00
      0.181E+00      0.669E+00      0.473E+00      0.978E+09     -0.456E+00      0.598E+00
      0.203E+00      0.654E+00      0.453E+00      0.968E+09     -0.446E+00      0.576E+00
      0.227E+00      0.637E+00      0.435E+00      0.956E+09     -0.435E+00      0.556E+00
      0.255E+00      0.617E+00      0.418E+00      0.944E+09     -0.424E+00      0.543E+00
      0.286E+00      0.591E+00      0.390E+00      0.931E+09     -0.415E+00      0.518E+00
      0.321E+00      0.563E+00      0.366E+00      0.917E+09     -0.405E+00      0.502E+00
      0.360E+00      0.539E+00      0.350E+00      0.903E+09     -0.401E+00      0.500E+00
      0.404E+00      0.512E+00      0.331E+00      0.887E+09     -0.408E+00      0.507E+00
      0.453E+00      0.481E+00      0.314E+00      0.871E+09     -0.415E+00      0.517E+00
      0.509E+00      0.450E+00      0.295E+00      0.853E+09     -0.423E+00      0.524E+00
      0.571E+00      0.424E+00      0.279E+00      0.835E+09     -0.429E+00      0.525E+00
      0.641E+00      0.409E+00      0.267E+00      0.816E+09     -0.441E+00      0.518E+00
      0.719E+00      0.400E+00      0.260E+00      0.796E+09     -0.455E+00      0.521E+00
      0.806E+00      0.397E+00      0.259E+00      0.774E+09     -0.462E+00      0.532E+00
      0.905E+00      0.416E+00      0.261E+00      0.749E+09     -0.468E+00      0.520E+00
      0.102E+01      0.466E+00      0.301E+00      0.721E+09     -0.490E+00      0.569E+00
      0.114E+01      0.496E+00      0.329E+00      0.685E+09     -0.490E+00      0.596E+00
      0.128E+01      0.474E+00      0.295E+00      0.643E+09     -0.428E+00      0.463E+00
      0.143E+01      0.457E+00      0.265E+00      0.598E+09     -0.425E+00      0.440E+00
      0.161E+01      0.461E+00      0.270E+00      0.550E+09     -0.454E+00      0.462E+00
      0.168E+01      0.456E+00      0.270E+00      0.515E+09     -0.467E+00      0.475E+00
      0.170E+01      0.453E+00      0.270E+00      0.502E+09     -0.473E+00      0.485E+00
      0.180E+01      0.435E+00      0.268E+00      0.485E+09     -0.483E+00      0.510E+00
      0.190E+01      0.423E+00      0.273E+00      0.458E+09     -0.504E+00      0.564E+00
      0.200E+01      0.428E+00      0.276E+00      0.431E+09     -0.527E+00      0.604E+00
      0.210E+01      0.434E+00      0.271E+00      0.405E+09     -0.537E+00      0.588E+00
      0.220E+01      0.436E+00      0.268E+00      0.379E+09     -0.514E+00      0.532E+00
      0.230E+01      0.442E+00      0.275E+00      0.352E+09     -0.508E+00      0.526E+00
      0.240E+01      0.432E+00      0.276E+00      0.325E+09     -0.531E+00      0.580E+00
      0.250E+01      0.404E+00      0.262E+00      0.299E+09     -0.549E+00      0.609E+00
      0.260E+01      0.380E+00      0.254E+00      0.275E+09     -0.546E+00      0.607E+00
      0.275E+01      0.377E+00      0.248E+00      0.246E+09     -0.585E+00      0.614E+00
      0.300E+01      0.372E+00      0.240E+00      0.201E+09     -0.603E+00      0.589E+00
      0.325E+01      0.353E+00      0.212E+00      0.146E+09     -0.590E+00      0.543E+00
      0.350E+01      0.246E+00      0.148E+00      0.933E+08     -0.646E+00      0.636E+00
      0.375E+01      0.168E+00      0.113E+00      0.570E+08     -0.630E+00      0.694E+00
      0.400E+01      0.116E+00      0.790E-01      0.324E+08     -0.889E+00      0.987E+00
      0.425E+01      0.572E-01      0.488E-01      0.155E+08     -0.107E+01      0.129E+01
      0.450E+01      0.192E-01      0.311E-01      0.721E+07     -0.134E+01      0.292E+01
      0.475E+01      0.143E-01      0.332E-01      0.444E+07     -0.122E+01      0.387E+01
      0.500E+01      0.954E-02      0.243E-01      0.240E+07     -0.124E+01      0.425E+01
      0.525E+01      0.735E-02      0.149E-01      0.105E+07     -0.163E+01      0.452E+01
      0.550E+01      0.904E-05      0.127E-03      0.128E+04     -0.274E+01      0.454E+02
      0.575E+01      0.102E-07      0.603E-06      0.143E+01     -0.393E+01      0.253E+03
      0.600E+01      0.116E-21      0.131E-12      0.163E-13     -0.966E+00       Infinity
      0.625E+01      0.000E+00      0.167E-26      0.000E+00     -0.329E+01            NaN
      0.650E+01      0.000E+00      0.000E+00      0.000E+00     -0.990E+02     -0.990E+02
      0.675E+01      0.000E+00      0.000E+00      0.000E+00     -0.990E+02     -0.990E+02
      0.700E+01      0.000E+00      0.000E+00      0.000E+00     -0.990E+02     -0.990E+02
      0.725E+01      0.000E+00      0.000E+00      0.000E+00     -0.990E+02     -0.990E+02
      0.750E+01      0.000E+00      0.000E+00      0.000E+00     -0.990E+02     -0.990E+02
      0.775E+01      0.000E+00      0.000E+00      0.000E+00     -0.990E+02     -0.990E+02
      0.800E+01      0.000E+00      0.000E+00      0.000E+00     -0.990E+02     -0.990E+02
      0.825E+01      0.000E+00      0.000E+00      0.000E+00     -0.990E+02     -0.990E+02
      0.850E+01      0.000E+00      0.000E+00      0.000E+00     -0.990E+02     -0.990E+02
      0.875E+01      0.000E+00      0.000E+00      0.000E+00     -0.990E+02     -0.990E+02
      0.900E+01      0.000E+00      0.000E+00      0.000E+00     -0.990E+02     -0.990E+02
      0.925E+01      0.000E+00      0.000E+00      0.000E+00     -0.990E+02     -0.990E+02
      0.950E+01      0.000E+00      0.000E+00      0.000E+00     -0.990E+02     -0.990E+02
      0.975E+01      0.000E+00      0.000E+00      0.000E+00     -0.990E+02     -0.990E+02
      0.100E+02      0.000E+00      0.000E+00      0.000E+00     -0.990E+02     -0.990E+02
      0.102E+02      0.000E+00      0.000E+00      0.000E+00     -0.990E+02     -0.990E+02
      0.105E+02      0.000E+00      0.000E+00      0.000E+00     -0.990E+02     -0.990E+02
      0.108E+02      0.000E+00      0.000E+00      0.000E+00     -0.990E+02     -0.990E+02
      0.110E+02      0.000E+00      0.000E+00      0.000E+00     -0.990E+02     -0.990E+02
      0.112E+02      0.000E+00      0.000E+00      0.000E+00     -0.990E+02     -0.990E+02
      0.115E+02      0.000E+00      0.000E+00      0.000E+00     -0.990E+02     -0.990E+02
      0.118E+02      0.000E+00      0.000E+00      0.000E+00     -0.990E+02     -0.990E+02
      0.120E+02      0.000E+00      0.000E+00      0.000E+00     -0.990E+02     -0.990E+02
      0.122E+02      0.000E+00      0.000E+00      0.000E+00     -0.990E+02     -0.990E+02
      0.125E+02      0.000E+00      0.000E+00      0.000E+00     -0.990E+02     -0.990E+02
      0.128E+02      0.000E+00      0.000E+00      0.000E+00     -0.990E+02     -0.990E+02
      0.130E+02      0.000E+00      0.000E+00      0.000E+00     -0.990E+02     -0.990E+02
      0.132E+02      0.000E+00      0.000E+00      0.000E+00     -0.990E+02     -0.990E+02
      0.135E+02      0.000E+00      0.000E+00      0.000E+00     -0.990E+02     -0.990E+02
      0.138E+02      0.000E+00      0.000E+00      0.000E+00     -0.990E+02     -0.990E+02
      0.140E+02      0.000E+00      0.000E+00      0.000E+00     -0.990E+02     -0.990E+02
      0.142E+02      0.000E+00      0.000E+00      0.000E+00     -0.990E+02     -0.990E+02
      0.145E+02      0.000E+00      0.000E+00      0.000E+00     -0.990E+02     -0.990E+02
      0.148E+02      0.000E+00      0.000E+00      0.000E+00     -0.990E+02     -0.990E+02
      0.150E+02      0.000E+00      0.000E+00      0.000E+00     -0.990E+02     -0.990E+02
      0.152E+02      0.000E+00      0.000E+00      0.000E+00     -0.990E+02     -0.990E+02
      0.155E+02      0.000E+00      0.000E+00      0.000E+00     -0.990E+02     -0.990E+02
      0.158E+02      0.000E+00      0.000E+00      0.000E+00     -0.990E+02     -0.990E+02
      0.160E+02      0.000E+00      0.000E+00      0.000E+00     -0.990E+02     -0.990E+02
      0.162E+02      0.000E+00      0.000E+00      0.000E+00     -0.990E+02     -0.990E+02
      0.165E+02      0.000E+00      0.000E+00      0.000E+00     -0.990E+02     -0.990E+02
      0.168E+02      0.000E+00      0.000E+00      0.000E+00     -0.990E+02     -0.990E+02
      0.170E+02      0.000E+00      0.000E+00      0.000E+00     -0.990E+02     -0.990E+02
      0.172E+02      0.000E+00      0.000E+00      0.000E+00     -0.990E+02     -0.990E+02
      0.175E+02      0.000E+00      0.000E+00      0.000E+00     -0.990E+02     -0.990E+02
      0.178E+02      0.000E+00      0.000E+00      0.000E+00     -0.990E+02     -0.990E+02
      0.180E+02      0.000E+00      0.000E+00      0.000E+00     -0.990E+02     -0.990E+02
      0.182E+02      0.000E+00      0.000E+00      0.000E+00     -0.990E+02     -0.990E+02
      0.185E+02      0.000E+00      0.000E+00      0.000E+00     -0.990E+02     -0.990E+02
      0.188E+02      0.000E+00      0.000E+00      0.000E+00     -0.990E+02     -0.990E+02
      0.190E+02      0.000E+00      0.000E+00      0.000E+00     -0.990E+02     -0.990E+02
      0.192E+02      0.000E+00      0.000E+00      0.000E+00     -0.990E+02     -0.990E+02
      0.195E+02      0.000E+00      0.000E+00      0.000E+00     -0.990E+02     -0.990E+02
      0.198E+02      0.000E+00      0.000E+00      0.000E+00     -0.990E+02     -0.990E+02
      0.200E+02      0.000E+00      0.000E+00      0.000E+00     -0.990E+02     -0.990E+02
