      0.000E+00      0.562E-01      0.407E-01      0.338E+09     -0.990E+02     -0.990E+02
      0.100E-03      0.562E-01      0.407E-01      0.338E+09     -0.990E+02     -0.990E+02
      0.140E-03      0.562E-01      0.407E-01      0.338E+09     -0.990E+02     -0.990E+02
      0.160E-03      0.562E-01      0.407E-01      0.338E+09     -0.990E+02     -0.990E+02
      0.180E-03      0.562E-01      0.407E-01      0.338E+09     -0.990E+02     -0.990E+02
      0.200E-03      0.562E-01      0.407E-01      0.338E+09     -0.990E+02     -0.990E+02
      0.220E-03      0.562E-01      0.407E-01      0.338E+09     -0.990E+02     -0.990E+02
      0.250E-03      0.562E-01      0.407E-01      0.338E+09     -0.990E+02     -0.990E+02
      0.280E-03      0.562E-01      0.407E-01      0.338E+09     -0.990E+02     -0.990E+02
      0.320E-03      0.562E-01      0.407E-01      0.338E+09     -0.990E+02     -0.990E+02
      0.350E-03      0.562E-01      0.407E-01      0.338E+09     -0.990E+02     -0.990E+02
      0.400E-03      0.562E-01      0.407E-01      0.338E+09     -0.990E+02     -0.990E+02
      0.450E-03      0.562E-01      0.407E-01      0.338E+09     -0.990E+02     -0.990E+02
      0.500E-03      0.562E-01      0.407E-01      0.338E+09     -0.990E+02     -0.990E+02
      0.560E-03      0.562E-01      0.407E-01      0.338E+09     -0.990E+02     -0.990E+02
      0.630E-03      0.562E-01      0.407E-01      0.338E+09     -0.990E+02     -0.990E+02
      0.710E-03      0.562E-01      0.407E-01      0.338E+09     -0.990E+02     -0.990E+02
      0.790E-03      0.562E-01      0.407E-01      0.338E+09     -0.990E+02     -0.990E+02
      0.890E-03      0.562E-01      0.407E-01      0.338E+09     -0.990E+02     -0.990E+02
      0.100E-02      0.562E-01      0.407E-01      0.338E+09     -0.990E+02     -0.990E+02
      0.105E-02      0.562E-01      0.407E-01      0.338E+09     -0.990E+02     -0.990E+02
      0.110E-02      0.562E-01      0.407E-01      0.338E+09     -0.990E+02     -0.990E+02
      0.115E-02      0.562E-01      0.407E-01      0.338E+09     -0.990E+02     -0.990E+02
      0.120E-02      0.562E-01      0.407E-01      0.338E+09     -0.990E+02     -0.990E+02
      0.126E-02      0.562E-01      0.407E-01      0.338E+09     -0.990E+02     -0.990E+02
      0.132E-02      0.562E-01      0.407E-01      0.338E+09     -0.990E+02     -0.990E+02
      0.138E-02      0.562E-01      0.407E-01      0.338E+09     -0.990E+02     -0.990E+02
      0.145E-02      0.562E-01      0.407E-01      0.338E+09     -0.990E+02     -0.990E+02
      0.151E-02      0.562E-01      0.407E-01      0.338E+09     -0.990E+02     -0.990E+02
      0.158E-02      0.562E-01      0.407E-01      0.338E+09     -0.990E+02     -0.990E+02
      0.166E-02      0.562E-01      0.407E-01      0.338E+09     -0.990E+02     -0.990E+02
      0.174E-02      0.562E-01      0.407E-01      0.338E+09     -0.990E+02     -0.990E+02
      0.182E-02      0.562E-01      0.407E-01      0.338E+09     -0.990E+02     -0.990E+02
      0.191E-02      0.562E-01      0.407E-01      0.338E+09     -0.990E+02     -0.990E+02
      0.200E-02      0.562E-01      0.407E-01      0.338E+09     -0.990E+02     -0.990E+02
      0.209E-02      0.562E-01      0.407E-01      0.338E+09     -0.990E+02     -0.990E+02
      0.219E-02      0.562E-01      0.407E-01      0.338E+09     -0.990E+02     -0.990E+02
      0.229E-02      0.562E-01      0.407E-01      0.338E+09     -0.990E+02     -0.990E+02
      0.240E-02      0.562E-01      0.407E-01      0.338E+09     -0.990E+02     -0.990E+02
      0.251E-02      0.562E-01      0.407E-01      0.338E+09     -0.990E+02     -0.990E+02
      0.263E-02      0.562E-01      0.407E-01      0.338E+09     -0.990E+02     -0.990E+02
      0.275E-02      0.562E-01      0.407E-01      0.338E+09     -0.990E+02     -0.990E+02
      0.288E-02      0.562E-01      0.407E-01      0.338E+09     -0.990E+02     -0.990E+02
      0.302E-02      0.562E-01      0.407E-01      0.338E+09     -0.990E+02     -0.990E+02
      0.316E-02      0.562E-01      0.407E-01      0.338E+09     -0.990E+02     -0.990E+02
      0.331E-02      0.562E-01      0.407E-01      0.338E+09     -0.990E+02     -0.990E+02
      0.347E-02      0.562E-01      0.407E-01      0.338E+09     -0.990E+02     -0.990E+02
      0.363E-02      0.562E-01      0.407E-01      0.338E+09     -0.990E+02     -0.990E+02
      0.380E-02      0.562E-01      0.407E-01      0.338E+09     -0.990E+02     -0.990E+02
      0.398E-02      0.562E-01      0.407E-01      0.338E+09     -0.990E+02     -0.990E+02
      0.417E-02      0.562E-01      0.407E-01      0.338E+09     -0.990E+02     -0.990E+02
      0.437E-02      0.562E-01      0.407E-01      0.338E+09     -0.990E+02     -0.990E+02
      0.457E-02      0.562E-01      0.407E-01      0.338E+09     -0.990E+02     -0.990E+02
      0.479E-02      0.562E-01      0.407E-01      0.338E+09     -0.990E+02     -0.990E+02
      0.501E-02      0.562E-01      0.407E-01      0.338E+09     -0.990E+02     -0.990E+02
      0.525E-02      0.562E-01      0.407E-01      0.338E+09     -0.990E+02     -0.990E+02
      0.550E-02      0.562E-01      0.407E-01      0.338E+09     -0.990E+02     -0.990E+02
      0.575E-02      0.562E-01      0.407E-01      0.338E+09     -0.990E+02     -0.990E+02
      0.603E-02      0.562E-01      0.407E-01      0.338E+09     -0.990E+02     -0.990E+02
      0.631E-02      0.562E-01      0.407E-01      0.338E+09     -0.990E+02     -0.990E+02
      0.661E-02      0.562E-01      0.407E-01      0.338E+09     -0.990E+02     -0.990E+02
      0.692E-02      0.562E-01      0.407E-01      0.338E+09     -0.990E+02     -0.990E+02
      0.724E-02      0.562E-01      0.407E-01      0.338E+09     -0.990E+02     -0.990E+02
      0.759E-02      0.562E-01      0.407E-01      0.338E+09     -0.990E+02     -0.990E+02
      0.794E-02      0.562E-01      0.407E-01      0.338E+09     -0.990E+02     -0.990E+02
      0.832E-02      0.562E-01      0.407E-01      0.338E+09     -0.990E+02     -0.990E+02
      0.871E-02      0.562E-01      0.407E-01      0.338E+09     -0.990E+02     -0.990E+02
      0.912E-02      0.562E-01      0.407E-01      0.338E+09     -0.990E+02     -0.990E+02
      0.955E-02      0.562E-01      0.407E-01      0.338E+09     -0.990E+02     -0.990E+02
      0.100E-01      0.562E-01      0.407E-01      0.338E+09     -0.652E+00      0.733E+00
      0.105E-01      0.206E+00      0.151E+00      0.337E+09     -0.652E+00      0.732E+00
      0.110E-01      0.205E+00      0.150E+00      0.337E+09     -0.652E+00      0.732E+00
      0.115E-01      0.204E+00      0.150E+00      0.337E+09     -0.652E+00      0.733E+00
      0.120E-01      0.204E+00      0.150E+00      0.337E+09     -0.652E+00      0.733E+00
      0.126E-01      0.204E+00      0.150E+00      0.337E+09     -0.652E+00      0.733E+00
      0.132E-01      0.205E+00      0.151E+00      0.336E+09     -0.653E+00      0.733E+00
      0.138E-01      0.205E+00      0.150E+00      0.336E+09     -0.653E+00      0.734E+00
      0.144E-01      0.203E+00      0.149E+00      0.336E+09     -0.653E+00      0.733E+00
      0.151E-01      0.203E+00      0.149E+00      0.336E+09     -0.653E+00      0.734E+00
      0.159E-01      0.204E+00      0.150E+00      0.336E+09     -0.653E+00      0.734E+00
      0.166E-01      0.204E+00      0.150E+00      0.336E+09     -0.653E+00      0.734E+00
      0.174E-01      0.204E+00      0.150E+00      0.336E+09     -0.654E+00      0.734E+00
      0.182E-01      0.205E+00      0.150E+00      0.336E+09     -0.654E+00      0.735E+00
      0.191E-01      0.204E+00      0.150E+00      0.335E+09     -0.654E+00      0.735E+00
      0.200E-01      0.204E+00      0.150E+00      0.335E+09     -0.654E+00      0.735E+00
      0.209E-01      0.203E+00      0.149E+00      0.335E+09     -0.654E+00      0.735E+00
      0.219E-01      0.203E+00      0.149E+00      0.335E+09     -0.655E+00      0.736E+00
      0.229E-01      0.204E+00      0.150E+00      0.335E+09     -0.655E+00      0.736E+00
      0.240E-01      0.203E+00      0.150E+00      0.335E+09     -0.655E+00      0.736E+00
      0.251E-01      0.204E+00      0.150E+00      0.334E+09     -0.656E+00      0.737E+00
      0.263E-01      0.204E+00      0.150E+00      0.334E+09     -0.656E+00      0.737E+00
      0.275E-01      0.203E+00      0.149E+00      0.334E+09     -0.656E+00      0.737E+00
      0.290E-01      0.203E+00      0.149E+00      0.334E+09     -0.657E+00      0.738E+00
      0.300E-01      0.203E+00      0.149E+00      0.334E+09     -0.657E+00      0.739E+00
      0.310E-01      0.203E+00      0.149E+00      0.333E+09     -0.657E+00      0.739E+00
      0.320E-01      0.203E+00      0.149E+00      0.333E+09     -0.657E+00      0.739E+00
      0.330E-01      0.203E+00      0.149E+00      0.333E+09     -0.658E+00      0.740E+00
      0.340E-01      0.203E+00      0.149E+00      0.333E+09     -0.658E+00      0.740E+00
      0.350E-01      0.203E+00      0.149E+00      0.333E+09     -0.658E+00      0.741E+00
      0.360E-01      0.203E+00      0.149E+00      0.333E+09     -0.658E+00      0.741E+00
      0.370E-01      0.202E+00      0.149E+00      0.332E+09     -0.659E+00      0.741E+00
      0.380E-01      0.202E+00      0.149E+00      0.332E+09     -0.659E+00      0.742E+00
      0.390E-01      0.202E+00      0.149E+00      0.332E+09     -0.659E+00      0.742E+00
      0.400E-01      0.202E+00      0.149E+00      0.332E+09     -0.659E+00      0.742E+00
      0.425E-01      0.202E+00      0.149E+00      0.332E+09     -0.660E+00      0.744E+00
      0.450E-01      0.202E+00      0.149E+00      0.331E+09     -0.661E+00      0.745E+00
      0.475E-01      0.201E+00      0.149E+00      0.331E+09     -0.661E+00      0.746E+00
      0.500E-01      0.201E+00      0.148E+00      0.330E+09     -0.662E+00      0.746E+00
      0.525E-01      0.201E+00      0.148E+00      0.330E+09     -0.662E+00      0.748E+00
      0.550E-01      0.200E+00      0.148E+00      0.330E+09     -0.663E+00      0.748E+00
      0.571E-01      0.200E+00      0.148E+00      0.329E+09     -0.663E+00      0.749E+00
      0.640E-01      0.199E+00      0.147E+00      0.329E+09     -0.665E+00      0.752E+00
      0.719E-01      0.198E+00      0.147E+00      0.327E+09     -0.666E+00      0.756E+00
      0.806E-01      0.197E+00      0.145E+00      0.326E+09     -0.666E+00      0.751E+00
      0.905E-01      0.194E+00      0.142E+00      0.325E+09     -0.666E+00      0.744E+00
      0.102E+00      0.192E+00      0.139E+00      0.323E+09     -0.665E+00      0.736E+00
      0.114E+00      0.189E+00      0.135E+00      0.321E+09     -0.665E+00      0.724E+00
      0.128E+00      0.185E+00      0.131E+00      0.320E+09     -0.664E+00      0.712E+00
      0.143E+00      0.181E+00      0.127E+00      0.317E+09     -0.664E+00      0.700E+00
      0.161E+00      0.176E+00      0.122E+00      0.315E+09     -0.663E+00      0.687E+00
      0.181E+00      0.170E+00      0.117E+00      0.313E+09     -0.662E+00      0.673E+00
      0.203E+00      0.165E+00      0.112E+00      0.310E+09     -0.661E+00      0.660E+00
      0.227E+00      0.160E+00      0.108E+00      0.307E+09     -0.661E+00      0.648E+00
      0.255E+00      0.154E+00      0.103E+00      0.304E+09     -0.660E+00      0.637E+00
      0.286E+00      0.147E+00      0.983E-01      0.301E+09     -0.659E+00      0.631E+00
      0.321E+00      0.140E+00      0.937E-01      0.298E+09     -0.656E+00      0.634E+00
      0.360E+00      0.135E+00      0.897E-01      0.294E+09     -0.659E+00      0.632E+00
      0.404E+00      0.130E+00      0.862E-01      0.290E+09     -0.660E+00      0.630E+00
      0.453E+00      0.124E+00      0.823E-01      0.286E+09     -0.658E+00      0.624E+00
      0.509E+00      0.119E+00      0.786E-01      0.282E+09     -0.654E+00      0.618E+00
      0.571E+00      0.112E+00      0.746E-01      0.277E+09     -0.646E+00      0.614E+00
      0.641E+00      0.106E+00      0.716E-01      0.272E+09     -0.637E+00      0.621E+00
      0.719E+00      0.106E+00      0.699E-01      0.267E+09     -0.632E+00      0.609E+00
      0.806E+00      0.105E+00      0.678E-01      0.261E+09     -0.624E+00      0.594E+00
      0.905E+00      0.105E+00      0.686E-01      0.254E+09     -0.620E+00      0.605E+00
      0.102E+01      0.101E+00      0.685E-01      0.247E+09     -0.629E+00      0.637E+00
      0.114E+01      0.979E-01      0.689E-01      0.239E+09     -0.645E+00      0.682E+00
      0.128E+01      0.949E-01      0.671E-01      0.231E+09     -0.637E+00      0.706E+00
      0.143E+01      0.969E-01      0.689E-01      0.222E+09     -0.608E+00      0.680E+00
      0.161E+01      0.104E+00      0.684E-01      0.212E+09     -0.614E+00      0.626E+00
      0.168E+01      0.111E+00      0.700E-01      0.204E+09     -0.617E+00      0.597E+00
      0.170E+01      0.113E+00      0.703E-01      0.201E+09     -0.618E+00      0.582E+00
      0.180E+01      0.124E+00      0.695E-01      0.197E+09     -0.628E+00      0.521E+00
      0.190E+01      0.131E+00      0.696E-01      0.189E+09     -0.656E+00      0.511E+00
      0.200E+01      0.121E+00      0.653E-01      0.181E+09     -0.643E+00      0.491E+00
      0.210E+01      0.111E+00      0.632E-01      0.174E+09     -0.615E+00      0.506E+00
      0.220E+01      0.103E+00      0.635E-01      0.167E+09     -0.603E+00      0.540E+00
      0.230E+01      0.106E+00      0.654E-01      0.161E+09     -0.602E+00      0.537E+00
      0.240E+01      0.107E+00      0.715E-01      0.154E+09     -0.593E+00      0.561E+00
      0.250E+01      0.113E+00      0.769E-01      0.148E+09     -0.607E+00      0.581E+00
      0.260E+01      0.118E+00      0.753E-01      0.141E+09     -0.632E+00      0.590E+00
      0.275E+01      0.133E+00      0.775E-01      0.132E+09     -0.721E+00      0.611E+00
      0.300E+01      0.149E+00      0.863E-01      0.116E+09     -0.824E+00      0.709E+00
      0.325E+01      0.136E+00      0.801E-01      0.945E+08     -0.866E+00      0.786E+00
      0.350E+01      0.123E+00      0.646E-01      0.746E+08     -0.858E+00      0.636E+00
      0.375E+01      0.102E+00      0.536E-01      0.566E+08     -0.964E+00      0.726E+00
      0.400E+01      0.905E-01      0.497E-01      0.418E+08     -0.101E+01      0.801E+00
      0.425E+01      0.786E-01      0.465E-01      0.287E+08     -0.102E+01      0.830E+00
      0.450E+01      0.501E-01      0.384E-01      0.174E+08     -0.116E+01      0.120E+01
      0.475E+01      0.329E-01      0.358E-01      0.102E+08     -0.112E+01      0.167E+01
      0.500E+01      0.210E-01      0.253E-01      0.552E+07     -0.107E+01      0.176E+01
      0.525E+01      0.989E-02      0.143E-01      0.254E+07     -0.112E+01      0.220E+01
      0.550E+01      0.688E-02      0.967E-02      0.114E+07     -0.140E+01      0.267E+01
      0.575E+01      0.102E-02      0.353E-02      0.160E+06     -0.146E+01      0.616E+01
      0.600E+01      0.100E-03      0.153E-02      0.166E+05     -0.981E+00      0.208E+02
      0.625E+01      0.178E-04      0.322E-03      0.251E+04     -0.152E+01      0.366E+02
      0.650E+01      0.000E+00      0.626E-31      0.000E+00     -0.990E+02     -0.990E+02
      0.675E+01      0.000E+00      0.000E+00      0.000E+00     -0.990E+02     -0.990E+02
      0.700E+01      0.000E+00      0.000E+00      0.000E+00     -0.990E+02     -0.990E+02
      0.725E+01      0.000E+00      0.000E+00      0.000E+00     -0.990E+02     -0.990E+02
      0.750E+01      0.000E+00      0.000E+00      0.000E+00     -0.990E+02     -0.990E+02
      0.775E+01      0.000E+00      0.000E+00      0.000E+00     -0.990E+02     -0.990E+02
      0.800E+01      0.000E+00      0.000E+00      0.000E+00     -0.990E+02     -0.990E+02
      0.825E+01      0.000E+00      0.000E+00      0.000E+00     -0.990E+02     -0.990E+02
      0.850E+01      0.000E+00      0.000E+00      0.000E+00     -0.990E+02     -0.990E+02
      0.875E+01      0.000E+00      0.000E+00      0.000E+00     -0.990E+02     -0.990E+02
      0.900E+01      0.000E+00      0.000E+00      0.000E+00     -0.990E+02     -0.990E+02
      0.925E+01      0.000E+00      0.000E+00      0.000E+00     -0.990E+02     -0.990E+02
      0.950E+01      0.000E+00      0.000E+00      0.000E+00     -0.990E+02     -0.990E+02
      0.975E+01      0.000E+00      0.000E+00      0.000E+00     -0.990E+02     -0.990E+02
      0.100E+02      0.000E+00      0.000E+00      0.000E+00     -0.990E+02     -0.990E+02
      0.102E+02      0.000E+00      0.000E+00      0.000E+00     -0.990E+02     -0.990E+02
      0.105E+02      0.000E+00      0.000E+00      0.000E+00     -0.990E+02     -0.990E+02
      0.108E+02      0.000E+00      0.000E+00      0.000E+00     -0.990E+02     -0.990E+02
      0.110E+02      0.000E+00      0.000E+00      0.000E+00     -0.990E+02     -0.990E+02
      0.112E+02      0.000E+00      0.000E+00      0.000E+00     -0.990E+02     -0.990E+02
      0.115E+02      0.000E+00      0.000E+00      0.000E+00     -0.990E+02     -0.990E+02
      0.118E+02      0.000E+00      0.000E+00      0.000E+00     -0.990E+02     -0.990E+02
      0.120E+02      0.000E+00      0.000E+00      0.000E+00     -0.990E+02     -0.990E+02
      0.122E+02      0.000E+00      0.000E+00      0.000E+00     -0.990E+02     -0.990E+02
      0.125E+02      0.000E+00      0.000E+00      0.000E+00     -0.990E+02     -0.990E+02
      0.128E+02      0.000E+00      0.000E+00      0.000E+00     -0.990E+02     -0.990E+02
      0.130E+02      0.000E+00      0.000E+00      0.000E+00     -0.990E+02     -0.990E+02
      0.132E+02      0.000E+00      0.000E+00      0.000E+00     -0.990E+02     -0.990E+02
      0.135E+02      0.000E+00      0.000E+00      0.000E+00     -0.990E+02     -0.990E+02
      0.138E+02      0.000E+00      0.000E+00      0.000E+00     -0.990E+02     -0.990E+02
      0.140E+02      0.000E+00      0.000E+00      0.000E+00     -0.990E+02     -0.990E+02
      0.142E+02      0.000E+00      0.000E+00      0.000E+00     -0.990E+02     -0.990E+02
      0.145E+02      0.000E+00      0.000E+00      0.000E+00     -0.990E+02     -0.990E+02
      0.148E+02      0.000E+00      0.000E+00      0.000E+00     -0.990E+02     -0.990E+02
      0.150E+02      0.000E+00      0.000E+00      0.000E+00     -0.990E+02     -0.990E+02
      0.152E+02      0.000E+00      0.000E+00      0.000E+00     -0.990E+02     -0.990E+02
      0.155E+02      0.000E+00      0.000E+00      0.000E+00     -0.990E+02     -0.990E+02
      0.158E+02      0.000E+00      0.000E+00      0.000E+00     -0.990E+02     -0.990E+02
      0.160E+02      0.000E+00      0.000E+00      0.000E+00     -0.990E+02     -0.990E+02
      0.162E+02      0.000E+00      0.000E+00      0.000E+00     -0.990E+02     -0.990E+02
      0.165E+02      0.000E+00      0.000E+00      0.000E+00     -0.990E+02     -0.990E+02
      0.168E+02      0.000E+00      0.000E+00      0.000E+00     -0.990E+02     -0.990E+02
      0.170E+02      0.000E+00      0.000E+00      0.000E+00     -0.990E+02     -0.990E+02
      0.172E+02      0.000E+00      0.000E+00      0.000E+00     -0.990E+02     -0.990E+02
      0.175E+02      0.000E+00      0.000E+00      0.000E+00     -0.990E+02     -0.990E+02
      0.178E+02      0.000E+00      0.000E+00      0.000E+00     -0.990E+02     -0.990E+02
      0.180E+02      0.000E+00      0.000E+00      0.000E+00     -0.990E+02     -0.990E+02
      0.182E+02      0.000E+00      0.000E+00      0.000E+00     -0.990E+02     -0.990E+02
      0.185E+02      0.000E+00      0.000E+00      0.000E+00     -0.990E+02     -0.990E+02
      0.188E+02      0.000E+00      0.000E+00      0.000E+00     -0.990E+02     -0.990E+02
      0.190E+02      0.000E+00      0.000E+00      0.000E+00     -0.990E+02     -0.990E+02
      0.192E+02      0.000E+00      0.000E+00      0.000E+00     -0.990E+02     -0.990E+02
      0.195E+02      0.000E+00      0.000E+00      0.000E+00     -0.990E+02     -0.990E+02
      0.198E+02      0.000E+00      0.000E+00      0.000E+00     -0.990E+02     -0.990E+02
      0.200E+02      0.000E+00      0.000E+00      0.000E+00     -0.990E+02     -0.990E+02
