      0.000E+00      0.234E+01      0.161E+01      0.241E+10     -0.990E+02     -0.990E+02
      0.100E-03      0.234E+01      0.161E+01      0.241E+10     -0.990E+02     -0.990E+02
      0.140E-03      0.234E+01      0.161E+01      0.241E+10     -0.990E+02     -0.990E+02
      0.160E-03      0.234E+01      0.161E+01      0.241E+10     -0.990E+02     -0.990E+02
      0.180E-03      0.234E+01      0.161E+01      0.241E+10     -0.990E+02     -0.990E+02
      0.200E-03      0.234E+01      0.161E+01      0.241E+10     -0.990E+02     -0.990E+02
      0.220E-03      0.234E+01      0.161E+01      0.241E+10     -0.990E+02     -0.990E+02
      0.250E-03      0.234E+01      0.161E+01      0.241E+10     -0.990E+02     -0.990E+02
      0.280E-03      0.234E+01      0.161E+01      0.241E+10     -0.990E+02     -0.990E+02
      0.320E-03      0.234E+01      0.161E+01      0.241E+10     -0.990E+02     -0.990E+02
      0.350E-03      0.234E+01      0.161E+01      0.241E+10     -0.990E+02     -0.990E+02
      0.400E-03      0.234E+01      0.161E+01      0.241E+10     -0.990E+02     -0.990E+02
      0.450E-03      0.234E+01      0.161E+01      0.241E+10     -0.990E+02     -0.990E+02
      0.500E-03      0.234E+01      0.161E+01      0.241E+10     -0.990E+02     -0.990E+02
      0.560E-03      0.234E+01      0.161E+01      0.241E+10     -0.990E+02     -0.990E+02
      0.630E-03      0.234E+01      0.161E+01      0.241E+10     -0.990E+02     -0.990E+02
      0.710E-03      0.234E+01      0.161E+01      0.241E+10     -0.990E+02     -0.990E+02
      0.790E-03      0.234E+01      0.161E+01      0.241E+10     -0.990E+02     -0.990E+02
      0.890E-03      0.234E+01      0.161E+01      0.241E+10     -0.990E+02     -0.990E+02
      0.100E-02      0.234E+01      0.161E+01      0.241E+10     -0.990E+02     -0.990E+02
      0.105E-02      0.234E+01      0.161E+01      0.241E+10     -0.990E+02     -0.990E+02
      0.110E-02      0.234E+01      0.161E+01      0.241E+10     -0.990E+02     -0.990E+02
      0.115E-02      0.234E+01      0.161E+01      0.241E+10     -0.990E+02     -0.990E+02
      0.120E-02      0.234E+01      0.161E+01      0.241E+10     -0.990E+02     -0.990E+02
      0.126E-02      0.234E+01      0.161E+01      0.241E+10     -0.990E+02     -0.990E+02
      0.132E-02      0.234E+01      0.161E+01      0.241E+10     -0.990E+02     -0.990E+02
      0.138E-02      0.234E+01      0.161E+01      0.241E+10     -0.990E+02     -0.990E+02
      0.145E-02      0.234E+01      0.161E+01      0.241E+10     -0.990E+02     -0.990E+02
      0.151E-02      0.234E+01      0.161E+01      0.241E+10     -0.990E+02     -0.990E+02
      0.158E-02      0.234E+01      0.161E+01      0.241E+10     -0.990E+02     -0.990E+02
      0.166E-02      0.234E+01      0.161E+01      0.241E+10     -0.990E+02     -0.990E+02
      0.174E-02      0.234E+01      0.161E+01      0.241E+10     -0.990E+02     -0.990E+02
      0.182E-02      0.234E+01      0.161E+01      0.241E+10     -0.990E+02     -0.990E+02
      0.191E-02      0.234E+01      0.161E+01      0.241E+10     -0.990E+02     -0.990E+02
      0.200E-02      0.234E+01      0.161E+01      0.241E+10     -0.990E+02     -0.990E+02
      0.209E-02      0.234E+01      0.161E+01      0.241E+10     -0.990E+02     -0.990E+02
      0.219E-02      0.234E+01      0.161E+01      0.241E+10     -0.990E+02     -0.990E+02
      0.229E-02      0.234E+01      0.161E+01      0.241E+10     -0.990E+02     -0.990E+02
      0.240E-02      0.234E+01      0.161E+01      0.241E+10     -0.990E+02     -0.990E+02
      0.251E-02      0.234E+01      0.161E+01      0.241E+10     -0.990E+02     -0.990E+02
      0.263E-02      0.234E+01      0.161E+01      0.241E+10     -0.990E+02     -0.990E+02
      0.275E-02      0.234E+01      0.161E+01      0.241E+10     -0.990E+02     -0.990E+02
      0.288E-02      0.234E+01      0.161E+01      0.241E+10     -0.990E+02     -0.990E+02
      0.302E-02      0.234E+01      0.161E+01      0.241E+10     -0.990E+02     -0.990E+02
      0.316E-02      0.234E+01      0.161E+01      0.241E+10     -0.990E+02     -0.990E+02
      0.331E-02      0.234E+01      0.161E+01      0.241E+10     -0.990E+02     -0.990E+02
      0.347E-02      0.234E+01      0.161E+01      0.241E+10     -0.990E+02     -0.990E+02
      0.363E-02      0.234E+01      0.161E+01      0.241E+10     -0.990E+02     -0.990E+02
      0.380E-02      0.234E+01      0.161E+01      0.241E+10     -0.990E+02     -0.990E+02
      0.398E-02      0.234E+01      0.161E+01      0.241E+10     -0.990E+02     -0.990E+02
      0.417E-02      0.234E+01      0.161E+01      0.241E+10     -0.990E+02     -0.990E+02
      0.437E-02      0.234E+01      0.161E+01      0.241E+10     -0.990E+02     -0.990E+02
      0.457E-02      0.234E+01      0.161E+01      0.241E+10     -0.990E+02     -0.990E+02
      0.479E-02      0.234E+01      0.161E+01      0.241E+10     -0.990E+02     -0.990E+02
      0.501E-02      0.234E+01      0.161E+01      0.241E+10     -0.990E+02     -0.990E+02
      0.525E-02      0.234E+01      0.161E+01      0.241E+10     -0.990E+02     -0.990E+02
      0.550E-02      0.234E+01      0.161E+01      0.241E+10     -0.990E+02     -0.990E+02
      0.575E-02      0.234E+01      0.161E+01      0.241E+10     -0.990E+02     -0.990E+02
      0.603E-02      0.234E+01      0.161E+01      0.241E+10     -0.990E+02     -0.990E+02
      0.631E-02      0.234E+01      0.161E+01      0.241E+10     -0.990E+02     -0.990E+02
      0.661E-02      0.234E+01      0.161E+01      0.241E+10     -0.990E+02     -0.990E+02
      0.692E-02      0.234E+01      0.161E+01      0.241E+10     -0.990E+02     -0.990E+02
      0.724E-02      0.234E+01      0.161E+01      0.241E+10     -0.990E+02     -0.990E+02
      0.759E-02      0.234E+01      0.161E+01      0.241E+10     -0.990E+02     -0.990E+02
      0.794E-02      0.234E+01      0.161E+01      0.241E+10     -0.990E+02     -0.990E+02
      0.832E-02      0.234E+01      0.161E+01      0.241E+10     -0.990E+02     -0.990E+02
      0.871E-02      0.234E+01      0.161E+01      0.241E+10     -0.990E+02     -0.990E+02
      0.912E-02      0.234E+01      0.161E+01      0.241E+10     -0.990E+02     -0.990E+02
      0.955E-02      0.234E+01      0.161E+01      0.241E+10     -0.990E+02     -0.990E+02
      0.100E-01      0.234E+01      0.161E+01      0.241E+10     -0.425E+00      0.526E+00
      0.105E-01      0.211E+01      0.161E+01      0.239E+10     -0.425E+00      0.526E+00
      0.110E-01      0.210E+01      0.160E+01      0.239E+10     -0.425E+00      0.526E+00
      0.115E-01      0.209E+01      0.160E+01      0.239E+10     -0.425E+00      0.526E+00
      0.120E-01      0.209E+01      0.160E+01      0.239E+10     -0.425E+00      0.526E+00
      0.126E-01      0.210E+01      0.160E+01      0.238E+10     -0.425E+00      0.525E+00
      0.132E-01      0.211E+01      0.161E+01      0.238E+10     -0.425E+00      0.525E+00
      0.138E-01      0.210E+01      0.161E+01      0.238E+10     -0.425E+00      0.525E+00
      0.144E-01      0.209E+01      0.159E+01      0.238E+10     -0.425E+00      0.525E+00
      0.151E-01      0.209E+01      0.160E+01      0.238E+10     -0.425E+00      0.525E+00
      0.159E-01      0.210E+01      0.160E+01      0.238E+10     -0.425E+00      0.525E+00
      0.166E-01      0.210E+01      0.160E+01      0.238E+10     -0.425E+00      0.525E+00
      0.174E-01      0.210E+01      0.160E+01      0.238E+10     -0.426E+00      0.525E+00
      0.182E-01      0.211E+01      0.161E+01      0.237E+10     -0.426E+00      0.525E+00
      0.191E-01      0.211E+01      0.161E+01      0.237E+10     -0.426E+00      0.525E+00
      0.200E-01      0.210E+01      0.160E+01      0.237E+10     -0.426E+00      0.524E+00
      0.209E-01      0.210E+01      0.160E+01      0.237E+10     -0.426E+00      0.524E+00
      0.219E-01      0.210E+01      0.160E+01      0.237E+10     -0.427E+00      0.524E+00
      0.229E-01      0.210E+01      0.160E+01      0.237E+10     -0.427E+00      0.524E+00
      0.240E-01      0.210E+01      0.160E+01      0.236E+10     -0.427E+00      0.524E+00
      0.251E-01      0.211E+01      0.161E+01      0.236E+10     -0.427E+00      0.524E+00
      0.263E-01      0.211E+01      0.161E+01      0.236E+10     -0.427E+00      0.524E+00
      0.275E-01      0.210E+01      0.160E+01      0.236E+10     -0.428E+00      0.524E+00
      0.290E-01      0.210E+01      0.160E+01      0.236E+10     -0.428E+00      0.523E+00
      0.300E-01      0.210E+01      0.160E+01      0.235E+10     -0.428E+00      0.523E+00
      0.310E-01      0.210E+01      0.160E+01      0.235E+10     -0.428E+00      0.523E+00
      0.320E-01      0.210E+01      0.159E+01      0.235E+10     -0.429E+00      0.523E+00
      0.330E-01      0.210E+01      0.159E+01      0.235E+10     -0.429E+00      0.522E+00
      0.340E-01      0.209E+01      0.159E+01      0.235E+10     -0.429E+00      0.522E+00
      0.350E-01      0.209E+01      0.158E+01      0.235E+10     -0.430E+00      0.522E+00
      0.360E-01      0.209E+01      0.158E+01      0.234E+10     -0.430E+00      0.522E+00
      0.370E-01      0.209E+01      0.158E+01      0.234E+10     -0.430E+00      0.522E+00
      0.380E-01      0.209E+01      0.157E+01      0.234E+10     -0.430E+00      0.521E+00
      0.390E-01      0.208E+01      0.157E+01      0.234E+10     -0.431E+00      0.521E+00
      0.400E-01      0.208E+01      0.157E+01      0.234E+10     -0.431E+00      0.521E+00
      0.425E-01      0.208E+01      0.156E+01      0.233E+10     -0.432E+00      0.521E+00
      0.450E-01      0.207E+01      0.155E+01      0.233E+10     -0.432E+00      0.520E+00
      0.475E-01      0.207E+01      0.154E+01      0.233E+10     -0.433E+00      0.519E+00
      0.500E-01      0.206E+01      0.154E+01      0.232E+10     -0.434E+00      0.519E+00
      0.525E-01      0.206E+01      0.153E+01      0.232E+10     -0.434E+00      0.518E+00
      0.550E-01      0.205E+01      0.152E+01      0.231E+10     -0.435E+00      0.518E+00
      0.571E-01      0.205E+01      0.152E+01      0.231E+10     -0.436E+00      0.518E+00
      0.640E-01      0.204E+01      0.150E+01      0.230E+10     -0.438E+00      0.517E+00
      0.719E-01      0.202E+01      0.147E+01      0.229E+10     -0.440E+00      0.517E+00
      0.806E-01      0.200E+01      0.145E+01      0.228E+10     -0.443E+00      0.517E+00
      0.905E-01      0.198E+01      0.142E+01      0.226E+10     -0.445E+00      0.515E+00
      0.102E+00      0.195E+01      0.139E+01      0.225E+10     -0.447E+00      0.512E+00
      0.114E+00      0.193E+01      0.136E+01      0.223E+10     -0.450E+00      0.510E+00
      0.128E+00      0.190E+01      0.132E+01      0.221E+10     -0.454E+00      0.507E+00
      0.143E+00      0.188E+01      0.129E+01      0.219E+10     -0.460E+00      0.507E+00
      0.161E+00      0.185E+01      0.125E+01      0.217E+10     -0.467E+00      0.509E+00
      0.181E+00      0.182E+01      0.122E+01      0.214E+10     -0.475E+00      0.512E+00
      0.203E+00      0.180E+01      0.119E+01      0.211E+10     -0.484E+00      0.516E+00
      0.227E+00      0.178E+01      0.117E+01      0.208E+10     -0.496E+00      0.524E+00
      0.255E+00      0.175E+01      0.115E+01      0.205E+10     -0.509E+00      0.536E+00
      0.286E+00      0.175E+01      0.115E+01      0.201E+10     -0.519E+00      0.542E+00
      0.321E+00      0.179E+01      0.116E+01      0.197E+10     -0.525E+00      0.537E+00
      0.360E+00      0.184E+01      0.119E+01      0.192E+10     -0.532E+00      0.534E+00
      0.404E+00      0.186E+01      0.118E+01      0.187E+10     -0.538E+00      0.523E+00
      0.453E+00      0.188E+01      0.117E+01      0.181E+10     -0.545E+00      0.521E+00
      0.509E+00      0.190E+01      0.117E+01      0.174E+10     -0.552E+00      0.511E+00
      0.571E+00      0.186E+01      0.113E+01      0.167E+10     -0.561E+00      0.504E+00
      0.641E+00      0.180E+01      0.108E+01      0.158E+10     -0.575E+00      0.497E+00
      0.719E+00      0.176E+01      0.101E+01      0.149E+10     -0.596E+00      0.487E+00
      0.806E+00      0.172E+01      0.958E+00      0.140E+10     -0.615E+00      0.491E+00
      0.905E+00      0.166E+01      0.919E+00      0.129E+10     -0.626E+00      0.499E+00
      0.102E+01      0.153E+01      0.885E+00      0.118E+10     -0.635E+00      0.536E+00
      0.114E+01      0.143E+01      0.882E+00      0.106E+10     -0.626E+00      0.567E+00
      0.128E+01      0.134E+01      0.859E+00      0.940E+09     -0.603E+00      0.555E+00
      0.143E+01      0.133E+01      0.756E+00      0.814E+09     -0.617E+00      0.498E+00
      0.161E+01      0.126E+01      0.676E+00      0.675E+09     -0.665E+00      0.514E+00
      0.168E+01      0.121E+01      0.652E+00      0.578E+09     -0.692E+00      0.542E+00
      0.170E+01      0.119E+01      0.650E+00      0.544E+09     -0.698E+00      0.551E+00
      0.180E+01      0.111E+01      0.655E+00      0.499E+09     -0.725E+00      0.618E+00
      0.190E+01      0.103E+01      0.617E+00      0.431E+09     -0.758E+00      0.656E+00
      0.200E+01      0.926E+00      0.553E+00      0.368E+09     -0.810E+00      0.687E+00
      0.210E+01      0.861E+00      0.537E+00      0.312E+09     -0.875E+00      0.765E+00
      0.220E+01      0.773E+00      0.510E+00      0.260E+09     -0.922E+00      0.844E+00
      0.230E+01      0.668E+00      0.481E+00      0.213E+09     -0.956E+00      0.950E+00
      0.240E+01      0.556E+00      0.439E+00      0.173E+09     -0.959E+00      0.104E+01
      0.250E+01      0.470E+00      0.398E+00      0.140E+09     -0.977E+00      0.116E+01
      0.260E+01      0.403E+00      0.366E+00      0.111E+09     -0.104E+01      0.134E+01
      0.275E+01      0.297E+00      0.286E+00      0.815E+08     -0.114E+01      0.150E+01
      0.300E+01      0.173E+00      0.206E+00      0.462E+08     -0.106E+01      0.173E+01
      0.325E+01      0.928E-01      0.158E+00      0.206E+08     -0.990E+00      0.233E+01
      0.350E+01      0.350E-01      0.851E-01      0.702E+07     -0.102E+01      0.335E+01
      0.375E+01      0.121E-01      0.405E-01      0.190E+07     -0.101E+01      0.462E+01
      0.400E+01      0.831E-03      0.606E-02      0.131E+06     -0.206E+01      0.203E+02
      0.425E+01      0.640E-04      0.120E-02      0.981E+04     -0.193E+01      0.532E+02
      0.450E+01      0.404E-05      0.145E-03      0.578E+03     -0.375E+01      0.197E+03
      0.475E+01      0.318E-20      0.100E-11      0.457E-12     -0.102E+01       Infinity
      0.500E+01      0.000E+00      0.000E+00      0.000E+00     -0.990E+02     -0.990E+02
      0.525E+01      0.000E+00      0.000E+00      0.000E+00     -0.990E+02     -0.990E+02
      0.550E+01      0.000E+00      0.000E+00      0.000E+00     -0.990E+02     -0.990E+02
      0.575E+01      0.000E+00      0.000E+00      0.000E+00     -0.990E+02     -0.990E+02
      0.600E+01      0.000E+00      0.000E+00      0.000E+00     -0.990E+02     -0.990E+02
      0.625E+01      0.000E+00      0.000E+00      0.000E+00     -0.990E+02     -0.990E+02
      0.650E+01      0.000E+00      0.000E+00      0.000E+00     -0.990E+02     -0.990E+02
      0.675E+01      0.000E+00      0.000E+00      0.000E+00     -0.990E+02     -0.990E+02
      0.700E+01      0.000E+00      0.000E+00      0.000E+00     -0.990E+02     -0.990E+02
      0.725E+01      0.000E+00      0.000E+00      0.000E+00     -0.990E+02     -0.990E+02
      0.750E+01      0.000E+00      0.000E+00      0.000E+00     -0.990E+02     -0.990E+02
      0.775E+01      0.000E+00      0.000E+00      0.000E+00     -0.990E+02     -0.990E+02
      0.800E+01      0.000E+00      0.000E+00      0.000E+00     -0.990E+02     -0.990E+02
      0.825E+01      0.000E+00      0.000E+00      0.000E+00     -0.990E+02     -0.990E+02
      0.850E+01      0.000E+00      0.000E+00      0.000E+00     -0.990E+02     -0.990E+02
      0.875E+01      0.000E+00      0.000E+00      0.000E+00     -0.990E+02     -0.990E+02
      0.900E+01      0.000E+00      0.000E+00      0.000E+00     -0.990E+02     -0.990E+02
      0.925E+01      0.000E+00      0.000E+00      0.000E+00     -0.990E+02     -0.990E+02
      0.950E+01      0.000E+00      0.000E+00      0.000E+00     -0.990E+02     -0.990E+02
      0.975E+01      0.000E+00      0.000E+00      0.000E+00     -0.990E+02     -0.990E+02
      0.100E+02      0.000E+00      0.000E+00      0.000E+00     -0.990E+02     -0.990E+02
      0.102E+02      0.000E+00      0.000E+00      0.000E+00     -0.990E+02     -0.990E+02
      0.105E+02      0.000E+00      0.000E+00      0.000E+00     -0.990E+02     -0.990E+02
      0.108E+02      0.000E+00      0.000E+00      0.000E+00     -0.990E+02     -0.990E+02
      0.110E+02      0.000E+00      0.000E+00      0.000E+00     -0.990E+02     -0.990E+02
      0.112E+02      0.000E+00      0.000E+00      0.000E+00     -0.990E+02     -0.990E+02
      0.115E+02      0.000E+00      0.000E+00      0.000E+00     -0.990E+02     -0.990E+02
      0.118E+02      0.000E+00      0.000E+00      0.000E+00     -0.990E+02     -0.990E+02
      0.120E+02      0.000E+00      0.000E+00      0.000E+00     -0.990E+02     -0.990E+02
      0.122E+02      0.000E+00      0.000E+00      0.000E+00     -0.990E+02     -0.990E+02
      0.125E+02      0.000E+00      0.000E+00      0.000E+00     -0.990E+02     -0.990E+02
      0.128E+02      0.000E+00      0.000E+00      0.000E+00     -0.990E+02     -0.990E+02
      0.130E+02      0.000E+00      0.000E+00      0.000E+00     -0.990E+02     -0.990E+02
      0.132E+02      0.000E+00      0.000E+00      0.000E+00     -0.990E+02     -0.990E+02
      0.135E+02      0.000E+00      0.000E+00      0.000E+00     -0.990E+02     -0.990E+02
      0.138E+02      0.000E+00      0.000E+00      0.000E+00     -0.990E+02     -0.990E+02
      0.140E+02      0.000E+00      0.000E+00      0.000E+00     -0.990E+02     -0.990E+02
      0.142E+02      0.000E+00      0.000E+00      0.000E+00     -0.990E+02     -0.990E+02
      0.145E+02      0.000E+00      0.000E+00      0.000E+00     -0.990E+02     -0.990E+02
      0.148E+02      0.000E+00      0.000E+00      0.000E+00     -0.990E+02     -0.990E+02
      0.150E+02      0.000E+00      0.000E+00      0.000E+00     -0.990E+02     -0.990E+02
      0.152E+02      0.000E+00      0.000E+00      0.000E+00     -0.990E+02     -0.990E+02
      0.155E+02      0.000E+00      0.000E+00      0.000E+00     -0.990E+02     -0.990E+02
      0.158E+02      0.000E+00      0.000E+00      0.000E+00     -0.990E+02     -0.990E+02
      0.160E+02      0.000E+00      0.000E+00      0.000E+00     -0.990E+02     -0.990E+02
      0.162E+02      0.000E+00      0.000E+00      0.000E+00     -0.990E+02     -0.990E+02
      0.165E+02      0.000E+00      0.000E+00      0.000E+00     -0.990E+02     -0.990E+02
      0.168E+02      0.000E+00      0.000E+00      0.000E+00     -0.990E+02     -0.990E+02
      0.170E+02      0.000E+00      0.000E+00      0.000E+00     -0.990E+02     -0.990E+02
      0.172E+02      0.000E+00      0.000E+00      0.000E+00     -0.990E+02     -0.990E+02
      0.175E+02      0.000E+00      0.000E+00      0.000E+00     -0.990E+02     -0.990E+02
      0.178E+02      0.000E+00      0.000E+00      0.000E+00     -0.990E+02     -0.990E+02
      0.180E+02      0.000E+00      0.000E+00      0.000E+00     -0.990E+02     -0.990E+02
      0.182E+02      0.000E+00      0.000E+00      0.000E+00     -0.990E+02     -0.990E+02
      0.185E+02      0.000E+00      0.000E+00      0.000E+00     -0.990E+02     -0.990E+02
      0.188E+02      0.000E+00      0.000E+00      0.000E+00     -0.990E+02     -0.990E+02
      0.190E+02      0.000E+00      0.000E+00      0.000E+00     -0.990E+02     -0.990E+02
      0.192E+02      0.000E+00      0.000E+00      0.000E+00     -0.990E+02     -0.990E+02
      0.195E+02      0.000E+00      0.000E+00      0.000E+00     -0.990E+02     -0.990E+02
      0.198E+02      0.000E+00      0.000E+00      0.000E+00     -0.990E+02     -0.990E+02
      0.200E+02      0.000E+00      0.000E+00      0.000E+00     -0.990E+02     -0.990E+02
