      0.000E+00      0.484E+00      0.671E+00      0.185E+10     -0.990E+02     -0.990E+02
      0.100E-03      0.484E+00      0.671E+00      0.185E+10     -0.990E+02     -0.990E+02
      0.140E-03      0.484E+00      0.671E+00      0.185E+10     -0.990E+02     -0.990E+02
      0.160E-03      0.484E+00      0.671E+00      0.185E+10     -0.990E+02     -0.990E+02
      0.180E-03      0.484E+00      0.671E+00      0.185E+10     -0.990E+02     -0.990E+02
      0.200E-03      0.484E+00      0.671E+00      0.185E+10     -0.990E+02     -0.990E+02
      0.220E-03      0.484E+00      0.671E+00      0.185E+10     -0.990E+02     -0.990E+02
      0.250E-03      0.484E+00      0.671E+00      0.185E+10     -0.990E+02     -0.990E+02
      0.280E-03      0.484E+00      0.671E+00      0.185E+10     -0.990E+02     -0.990E+02
      0.320E-03      0.484E+00      0.671E+00      0.185E+10     -0.990E+02     -0.990E+02
      0.350E-03      0.484E+00      0.671E+00      0.185E+10     -0.990E+02     -0.990E+02
      0.400E-03      0.484E+00      0.671E+00      0.185E+10     -0.990E+02     -0.990E+02
      0.450E-03      0.484E+00      0.671E+00      0.185E+10     -0.990E+02     -0.990E+02
      0.500E-03      0.484E+00      0.671E+00      0.185E+10     -0.990E+02     -0.990E+02
      0.560E-03      0.484E+00      0.671E+00      0.185E+10     -0.990E+02     -0.990E+02
      0.630E-03      0.484E+00      0.671E+00      0.185E+10     -0.990E+02     -0.990E+02
      0.710E-03      0.484E+00      0.671E+00      0.185E+10     -0.990E+02     -0.990E+02
      0.790E-03      0.484E+00      0.671E+00      0.185E+10     -0.990E+02     -0.990E+02
      0.890E-03      0.484E+00      0.671E+00      0.185E+10     -0.990E+02     -0.990E+02
      0.100E-02      0.484E+00      0.671E+00      0.185E+10     -0.990E+02     -0.990E+02
      0.105E-02      0.484E+00      0.671E+00      0.185E+10     -0.990E+02     -0.990E+02
      0.110E-02      0.484E+00      0.671E+00      0.185E+10     -0.990E+02     -0.990E+02
      0.115E-02      0.484E+00      0.671E+00      0.185E+10     -0.990E+02     -0.990E+02
      0.120E-02      0.484E+00      0.671E+00      0.185E+10     -0.990E+02     -0.990E+02
      0.126E-02      0.484E+00      0.671E+00      0.185E+10     -0.990E+02     -0.990E+02
      0.132E-02      0.484E+00      0.671E+00      0.185E+10     -0.990E+02     -0.990E+02
      0.138E-02      0.484E+00      0.671E+00      0.185E+10     -0.990E+02     -0.990E+02
      0.145E-02      0.484E+00      0.671E+00      0.185E+10     -0.990E+02     -0.990E+02
      0.151E-02      0.484E+00      0.671E+00      0.185E+10     -0.990E+02     -0.990E+02
      0.158E-02      0.484E+00      0.671E+00      0.185E+10     -0.990E+02     -0.990E+02
      0.166E-02      0.484E+00      0.671E+00      0.185E+10     -0.990E+02     -0.990E+02
      0.174E-02      0.484E+00      0.671E+00      0.185E+10     -0.990E+02     -0.990E+02
      0.182E-02      0.484E+00      0.671E+00      0.185E+10     -0.990E+02     -0.990E+02
      0.191E-02      0.484E+00      0.671E+00      0.185E+10     -0.990E+02     -0.990E+02
      0.200E-02      0.484E+00      0.671E+00      0.185E+10     -0.990E+02     -0.990E+02
      0.209E-02      0.484E+00      0.671E+00      0.185E+10     -0.990E+02     -0.990E+02
      0.219E-02      0.484E+00      0.671E+00      0.185E+10     -0.990E+02     -0.990E+02
      0.229E-02      0.484E+00      0.671E+00      0.185E+10     -0.990E+02     -0.990E+02
      0.240E-02      0.484E+00      0.671E+00      0.185E+10     -0.990E+02     -0.990E+02
      0.251E-02      0.484E+00      0.671E+00      0.185E+10     -0.990E+02     -0.990E+02
      0.263E-02      0.484E+00      0.671E+00      0.185E+10     -0.990E+02     -0.990E+02
      0.275E-02      0.484E+00      0.671E+00      0.185E+10     -0.990E+02     -0.990E+02
      0.288E-02      0.484E+00      0.671E+00      0.185E+10     -0.990E+02     -0.990E+02
      0.302E-02      0.484E+00      0.671E+00      0.185E+10     -0.990E+02     -0.990E+02
      0.316E-02      0.484E+00      0.671E+00      0.185E+10     -0.990E+02     -0.990E+02
      0.331E-02      0.484E+00      0.671E+00      0.185E+10     -0.990E+02     -0.990E+02
      0.347E-02      0.484E+00      0.671E+00      0.185E+10     -0.990E+02     -0.990E+02
      0.363E-02      0.484E+00      0.671E+00      0.185E+10     -0.990E+02     -0.990E+02
      0.380E-02      0.484E+00      0.671E+00      0.185E+10     -0.990E+02     -0.990E+02
      0.398E-02      0.484E+00      0.671E+00      0.185E+10     -0.990E+02     -0.990E+02
      0.417E-02      0.484E+00      0.671E+00      0.185E+10     -0.990E+02     -0.990E+02
      0.437E-02      0.484E+00      0.671E+00      0.185E+10     -0.990E+02     -0.990E+02
      0.457E-02      0.484E+00      0.671E+00      0.185E+10     -0.990E+02     -0.990E+02
      0.479E-02      0.484E+00      0.671E+00      0.185E+10     -0.990E+02     -0.990E+02
      0.501E-02      0.484E+00      0.671E+00      0.185E+10     -0.990E+02     -0.990E+02
      0.525E-02      0.484E+00      0.671E+00      0.185E+10     -0.990E+02     -0.990E+02
      0.550E-02      0.484E+00      0.671E+00      0.185E+10     -0.990E+02     -0.990E+02
      0.575E-02      0.484E+00      0.671E+00      0.185E+10     -0.990E+02     -0.990E+02
      0.603E-02      0.484E+00      0.671E+00      0.185E+10     -0.990E+02     -0.990E+02
      0.631E-02      0.484E+00      0.671E+00      0.185E+10     -0.990E+02     -0.990E+02
      0.661E-02      0.484E+00      0.671E+00      0.185E+10     -0.990E+02     -0.990E+02
      0.692E-02      0.484E+00      0.671E+00      0.185E+10     -0.990E+02     -0.990E+02
      0.724E-02      0.484E+00      0.671E+00      0.185E+10     -0.990E+02     -0.990E+02
      0.759E-02      0.484E+00      0.671E+00      0.185E+10     -0.990E+02     -0.990E+02
      0.794E-02      0.484E+00      0.671E+00      0.185E+10     -0.990E+02     -0.990E+02
      0.832E-02      0.484E+00      0.671E+00      0.185E+10     -0.990E+02     -0.990E+02
      0.871E-02      0.484E+00      0.671E+00      0.185E+10     -0.990E+02     -0.990E+02
      0.912E-02      0.484E+00      0.671E+00      0.185E+10     -0.990E+02     -0.990E+02
      0.955E-02      0.484E+00      0.671E+00      0.185E+10     -0.990E+02     -0.990E+02
      0.100E-01      0.484E+00      0.671E+00      0.185E+10     -0.458E+00      0.735E+00
      0.105E-01      0.367E+00      0.312E+00      0.184E+10     -0.458E+00      0.737E+00
      0.110E-01      0.366E+00      0.310E+00      0.184E+10     -0.458E+00      0.737E+00
      0.115E-01      0.364E+00      0.310E+00      0.184E+10     -0.458E+00      0.739E+00
      0.120E-01      0.364E+00      0.310E+00      0.184E+10     -0.458E+00      0.740E+00
      0.126E-01      0.365E+00      0.311E+00      0.184E+10     -0.458E+00      0.741E+00
      0.132E-01      0.367E+00      0.312E+00      0.184E+10     -0.459E+00      0.742E+00
      0.138E-01      0.366E+00      0.312E+00      0.184E+10     -0.459E+00      0.743E+00
      0.144E-01      0.363E+00      0.310E+00      0.184E+10     -0.459E+00      0.744E+00
      0.151E-01      0.364E+00      0.311E+00      0.184E+10     -0.459E+00      0.745E+00
      0.159E-01      0.365E+00      0.312E+00      0.184E+10     -0.459E+00      0.747E+00
      0.166E-01      0.365E+00      0.312E+00      0.184E+10     -0.459E+00      0.749E+00
      0.174E-01      0.365E+00      0.313E+00      0.184E+10     -0.460E+00      0.750E+00
      0.182E-01      0.366E+00      0.315E+00      0.184E+10     -0.460E+00      0.752E+00
      0.191E-01      0.366E+00      0.315E+00      0.184E+10     -0.460E+00      0.753E+00
      0.200E-01      0.365E+00      0.314E+00      0.184E+10     -0.460E+00      0.755E+00
      0.209E-01      0.364E+00      0.314E+00      0.184E+10     -0.461E+00      0.757E+00
      0.219E-01      0.364E+00      0.314E+00      0.184E+10     -0.461E+00      0.759E+00
      0.229E-01      0.365E+00      0.315E+00      0.184E+10     -0.461E+00      0.761E+00
      0.240E-01      0.365E+00      0.316E+00      0.184E+10     -0.461E+00      0.763E+00
      0.251E-01      0.366E+00      0.318E+00      0.184E+10     -0.462E+00      0.768E+00
      0.263E-01      0.365E+00      0.317E+00      0.184E+10     -0.462E+00      0.767E+00
      0.275E-01      0.364E+00      0.318E+00      0.184E+10     -0.462E+00      0.771E+00
      0.290E-01      0.364E+00      0.318E+00      0.184E+10     -0.463E+00      0.774E+00
      0.300E-01      0.365E+00      0.319E+00      0.184E+10     -0.463E+00      0.775E+00
      0.310E-01      0.365E+00      0.319E+00      0.184E+10     -0.463E+00      0.777E+00
      0.320E-01      0.365E+00      0.320E+00      0.184E+10     -0.464E+00      0.780E+00
      0.330E-01      0.365E+00      0.320E+00      0.184E+10     -0.464E+00      0.782E+00
      0.340E-01      0.365E+00      0.321E+00      0.184E+10     -0.464E+00      0.784E+00
      0.350E-01      0.365E+00      0.321E+00      0.184E+10     -0.464E+00      0.786E+00
      0.360E-01      0.364E+00      0.322E+00      0.184E+10     -0.465E+00      0.788E+00
      0.370E-01      0.364E+00      0.322E+00      0.183E+10     -0.465E+00      0.790E+00
      0.380E-01      0.364E+00      0.323E+00      0.183E+10     -0.465E+00      0.792E+00
      0.390E-01      0.364E+00      0.323E+00      0.183E+10     -0.466E+00      0.794E+00
      0.400E-01      0.364E+00      0.324E+00      0.183E+10     -0.466E+00      0.795E+00
      0.425E-01      0.364E+00      0.325E+00      0.183E+10     -0.466E+00      0.800E+00
      0.450E-01      0.364E+00      0.326E+00      0.183E+10     -0.467E+00      0.806E+00
      0.475E-01      0.364E+00      0.328E+00      0.183E+10     -0.468E+00      0.811E+00
      0.500E-01      0.364E+00      0.329E+00      0.183E+10     -0.468E+00      0.816E+00
      0.525E-01      0.364E+00      0.330E+00      0.183E+10     -0.469E+00      0.821E+00
      0.550E-01      0.364E+00      0.331E+00      0.183E+10     -0.470E+00      0.825E+00
      0.571E-01      0.365E+00      0.333E+00      0.183E+10     -0.470E+00      0.831E+00
      0.640E-01      0.365E+00      0.337E+00      0.183E+10     -0.472E+00      0.845E+00
      0.719E-01      0.365E+00      0.341E+00      0.183E+10     -0.474E+00      0.861E+00
      0.806E-01      0.363E+00      0.337E+00      0.182E+10     -0.474E+00      0.855E+00
      0.905E-01      0.361E+00      0.331E+00      0.182E+10     -0.473E+00      0.839E+00
      0.102E+00      0.359E+00      0.324E+00      0.182E+10     -0.472E+00      0.820E+00
      0.114E+00      0.356E+00      0.318E+00      0.181E+10     -0.471E+00      0.803E+00
      0.128E+00      0.353E+00      0.310E+00      0.181E+10     -0.470E+00      0.781E+00
      0.143E+00      0.350E+00      0.302E+00      0.181E+10     -0.469E+00      0.759E+00
      0.161E+00      0.347E+00      0.293E+00      0.180E+10     -0.469E+00      0.733E+00
      0.181E+00      0.343E+00      0.283E+00      0.180E+10     -0.470E+00      0.701E+00
      0.203E+00      0.341E+00      0.274E+00      0.179E+10     -0.471E+00      0.667E+00
      0.227E+00      0.340E+00      0.267E+00      0.179E+10     -0.471E+00      0.630E+00
      0.255E+00      0.339E+00      0.262E+00      0.178E+10     -0.471E+00      0.594E+00
      0.286E+00      0.345E+00      0.259E+00      0.177E+10     -0.472E+00      0.546E+00
      0.321E+00      0.348E+00      0.251E+00      0.177E+10     -0.477E+00      0.507E+00
      0.360E+00      0.354E+00      0.251E+00      0.176E+10     -0.489E+00      0.507E+00
      0.404E+00      0.360E+00      0.252E+00      0.175E+10     -0.503E+00      0.514E+00
      0.453E+00      0.364E+00      0.247E+00      0.173E+10     -0.526E+00      0.532E+00
      0.509E+00      0.366E+00      0.257E+00      0.172E+10     -0.549E+00      0.596E+00
      0.571E+00      0.358E+00      0.270E+00      0.171E+10     -0.567E+00      0.694E+00
      0.641E+00      0.353E+00      0.301E+00      0.169E+10     -0.582E+00      0.839E+00
      0.719E+00      0.336E+00      0.255E+00      0.167E+10     -0.580E+00      0.718E+00
      0.806E+00      0.334E+00      0.236E+00      0.165E+10     -0.591E+00      0.662E+00
      0.905E+00      0.350E+00      0.281E+00      0.163E+10     -0.613E+00      0.807E+00
      0.102E+01      0.371E+00      0.342E+00      0.161E+10     -0.642E+00      0.976E+00
      0.114E+01      0.341E+00      0.301E+00      0.158E+10     -0.639E+00      0.929E+00
      0.128E+01      0.322E+00      0.252E+00      0.155E+10     -0.607E+00      0.765E+00
      0.143E+01      0.334E+00      0.245E+00      0.152E+10     -0.591E+00      0.662E+00
      0.161E+01      0.313E+00      0.209E+00      0.149E+10     -0.618E+00      0.630E+00
      0.168E+01      0.299E+00      0.197E+00      0.146E+10     -0.624E+00      0.627E+00
      0.170E+01      0.295E+00      0.193E+00      0.146E+10     -0.626E+00      0.623E+00
      0.180E+01      0.282E+00      0.184E+00      0.144E+10     -0.620E+00      0.610E+00
      0.190E+01      0.275E+00      0.183E+00      0.143E+10     -0.611E+00      0.614E+00
      0.200E+01      0.277E+00      0.203E+00      0.141E+10     -0.610E+00      0.673E+00
      0.210E+01      0.285E+00      0.236E+00      0.139E+10     -0.616E+00      0.769E+00
      0.220E+01      0.281E+00      0.217E+00      0.138E+10     -0.623E+00      0.732E+00
      0.230E+01      0.285E+00      0.189E+00      0.136E+10     -0.625E+00      0.637E+00
      0.240E+01      0.304E+00      0.198E+00      0.134E+10     -0.624E+00      0.617E+00
      0.250E+01      0.326E+00      0.231E+00      0.132E+10     -0.626E+00      0.658E+00
      0.260E+01      0.314E+00      0.220E+00      0.130E+10     -0.633E+00      0.668E+00
      0.275E+01      0.295E+00      0.231E+00      0.128E+10     -0.631E+00      0.793E+00
      0.300E+01      0.311E+00      0.215E+00      0.125E+10     -0.571E+00      0.600E+00
      0.325E+01      0.327E+00      0.237E+00      0.120E+10     -0.650E+00      0.741E+00
      0.350E+01      0.380E+00      0.280E+00      0.115E+10     -0.692E+00      0.761E+00
      0.375E+01      0.360E+00      0.299E+00      0.110E+10     -0.679E+00      0.810E+00
      0.400E+01      0.372E+00      0.246E+00      0.104E+10     -0.712E+00      0.692E+00
      0.425E+01      0.367E+00      0.270E+00      0.989E+09     -0.668E+00      0.704E+00
      0.450E+01      0.382E+00      0.258E+00      0.936E+09     -0.729E+00      0.730E+00
      0.475E+01      0.408E+00      0.285E+00      0.882E+09     -0.770E+00      0.825E+00
      0.500E+01      0.415E+00      0.278E+00      0.823E+09     -0.731E+00      0.704E+00
      0.525E+01      0.394E+00      0.268E+00      0.764E+09     -0.754E+00      0.770E+00
      0.550E+01      0.395E+00      0.272E+00      0.708E+09     -0.751E+00      0.773E+00
      0.575E+01      0.416E+00      0.242E+00      0.652E+09     -0.758E+00      0.652E+00
      0.600E+01      0.473E+00      0.297E+00      0.593E+09     -0.798E+00      0.727E+00
      0.625E+01      0.404E+00      0.233E+00      0.526E+09     -0.830E+00      0.694E+00
      0.650E+01      0.415E+00      0.240E+00      0.470E+09     -0.817E+00      0.682E+00
      0.675E+01      0.355E+00      0.210E+00      0.412E+09     -0.818E+00      0.715E+00
      0.700E+01      0.388E+00      0.199E+00      0.362E+09     -0.855E+00      0.634E+00
      0.725E+01      0.437E+00      0.274E+00      0.308E+09     -0.938E+00      0.870E+00
      0.750E+01      0.358E+00      0.193E+00      0.247E+09     -0.965E+00      0.751E+00
      0.775E+01      0.345E+00      0.200E+00      0.197E+09     -0.999E+00      0.819E+00
      0.800E+01      0.276E+00      0.183E+00      0.149E+09     -0.102E+01      0.918E+00
      0.825E+01      0.237E+00      0.172E+00      0.111E+09     -0.101E+01      0.102E+01
      0.850E+01      0.197E+00      0.157E+00      0.781E+08     -0.114E+01      0.121E+01
      0.875E+01      0.145E+00      0.145E+00      0.508E+08     -0.108E+01      0.148E+01
      0.900E+01      0.101E+00      0.108E+00      0.308E+08     -0.117E+01      0.172E+01
      0.925E+01      0.671E-01      0.786E-01      0.169E+08     -0.127E+01      0.200E+01
      0.950E+01      0.341E-01      0.434E-01      0.764E+07     -0.146E+01      0.250E+01
      0.975E+01      0.132E-01      0.243E-01      0.293E+07     -0.151E+01      0.378E+01
      0.100E+02      0.555E-02      0.123E-01      0.112E+07     -0.141E+01      0.416E+01
      0.102E+02      0.255E-02      0.446E-02      0.352E+06     -0.175E+01      0.433E+01
      0.105E+02      0.237E-11      0.767E-08      0.321E-03     -0.423E+01      0.194E+05
      0.108E+02      0.000E+00      0.000E+00      0.000E+00     -0.990E+02     -0.990E+02
      0.110E+02      0.000E+00      0.000E+00      0.000E+00     -0.990E+02     -0.990E+02
      0.112E+02      0.000E+00      0.000E+00      0.000E+00     -0.990E+02     -0.990E+02
      0.115E+02      0.000E+00      0.000E+00      0.000E+00     -0.990E+02     -0.990E+02
      0.118E+02      0.000E+00      0.000E+00      0.000E+00     -0.990E+02     -0.990E+02
      0.120E+02      0.000E+00      0.000E+00      0.000E+00     -0.990E+02     -0.990E+02
      0.122E+02      0.000E+00      0.000E+00      0.000E+00     -0.990E+02     -0.990E+02
      0.125E+02      0.000E+00      0.000E+00      0.000E+00     -0.990E+02     -0.990E+02
      0.128E+02      0.000E+00      0.000E+00      0.000E+00     -0.990E+02     -0.990E+02
      0.130E+02      0.000E+00      0.000E+00      0.000E+00     -0.990E+02     -0.990E+02
      0.132E+02      0.000E+00      0.000E+00      0.000E+00     -0.990E+02     -0.990E+02
      0.135E+02      0.000E+00      0.000E+00      0.000E+00     -0.990E+02     -0.990E+02
      0.138E+02      0.000E+00      0.000E+00      0.000E+00     -0.990E+02     -0.990E+02
      0.140E+02      0.000E+00      0.000E+00      0.000E+00     -0.990E+02     -0.990E+02
      0.142E+02      0.000E+00      0.000E+00      0.000E+00     -0.990E+02     -0.990E+02
      0.145E+02      0.000E+00      0.000E+00      0.000E+00     -0.990E+02     -0.990E+02
      0.148E+02      0.000E+00      0.000E+00      0.000E+00     -0.990E+02     -0.990E+02
      0.150E+02      0.000E+00      0.000E+00      0.000E+00     -0.990E+02     -0.990E+02
      0.152E+02      0.000E+00      0.000E+00      0.000E+00     -0.990E+02     -0.990E+02
      0.155E+02      0.000E+00      0.000E+00      0.000E+00     -0.990E+02     -0.990E+02
      0.158E+02      0.000E+00      0.000E+00      0.000E+00     -0.990E+02     -0.990E+02
      0.160E+02      0.000E+00      0.000E+00      0.000E+00     -0.990E+02     -0.990E+02
      0.162E+02      0.000E+00      0.000E+00      0.000E+00     -0.990E+02     -0.990E+02
      0.165E+02      0.000E+00      0.000E+00      0.000E+00     -0.990E+02     -0.990E+02
      0.168E+02      0.000E+00      0.000E+00      0.000E+00     -0.990E+02     -0.990E+02
      0.170E+02      0.000E+00      0.000E+00      0.000E+00     -0.990E+02     -0.990E+02
      0.172E+02      0.000E+00      0.000E+00      0.000E+00     -0.990E+02     -0.990E+02
      0.175E+02      0.000E+00      0.000E+00      0.000E+00     -0.990E+02     -0.990E+02
      0.178E+02      0.000E+00      0.000E+00      0.000E+00     -0.990E+02     -0.990E+02
      0.180E+02      0.000E+00      0.000E+00      0.000E+00     -0.990E+02     -0.990E+02
      0.182E+02      0.000E+00      0.000E+00      0.000E+00     -0.990E+02     -0.990E+02
      0.185E+02      0.000E+00      0.000E+00      0.000E+00     -0.990E+02     -0.990E+02
      0.188E+02      0.000E+00      0.000E+00      0.000E+00     -0.990E+02     -0.990E+02
      0.190E+02      0.000E+00      0.000E+00      0.000E+00     -0.990E+02     -0.990E+02
      0.192E+02      0.000E+00      0.000E+00      0.000E+00     -0.990E+02     -0.990E+02
      0.195E+02      0.000E+00      0.000E+00      0.000E+00     -0.990E+02     -0.990E+02
      0.198E+02      0.000E+00      0.000E+00      0.000E+00     -0.990E+02     -0.990E+02
      0.200E+02      0.000E+00      0.000E+00      0.000E+00     -0.990E+02     -0.990E+02
