      0.000E+00      0.114E+01      0.157E+00      0.308E+09     -0.990E+02     -0.990E+02
      0.100E-03      0.114E+01      0.157E+00      0.308E+09     -0.990E+02     -0.990E+02
      0.140E-03      0.114E+01      0.157E+00      0.308E+09     -0.990E+02     -0.990E+02
      0.160E-03      0.114E+01      0.157E+00      0.308E+09     -0.990E+02     -0.990E+02
      0.180E-03      0.114E+01      0.157E+00      0.308E+09     -0.990E+02     -0.990E+02
      0.200E-03      0.114E+01      0.157E+00      0.308E+09     -0.990E+02     -0.990E+02
      0.220E-03      0.114E+01      0.157E+00      0.308E+09     -0.990E+02     -0.990E+02
      0.250E-03      0.114E+01      0.157E+00      0.308E+09     -0.990E+02     -0.990E+02
      0.280E-03      0.114E+01      0.157E+00      0.308E+09     -0.990E+02     -0.990E+02
      0.320E-03      0.114E+01      0.157E+00      0.308E+09     -0.990E+02     -0.990E+02
      0.350E-03      0.114E+01      0.157E+00      0.308E+09     -0.990E+02     -0.990E+02
      0.400E-03      0.114E+01      0.157E+00      0.308E+09     -0.990E+02     -0.990E+02
      0.450E-03      0.114E+01      0.157E+00      0.308E+09     -0.990E+02     -0.990E+02
      0.500E-03      0.114E+01      0.157E+00      0.308E+09     -0.990E+02     -0.990E+02
      0.560E-03      0.114E+01      0.157E+00      0.308E+09     -0.990E+02     -0.990E+02
      0.630E-03      0.114E+01      0.157E+00      0.308E+09     -0.990E+02     -0.990E+02
      0.710E-03      0.114E+01      0.157E+00      0.308E+09     -0.990E+02     -0.990E+02
      0.790E-03      0.114E+01      0.157E+00      0.308E+09     -0.990E+02     -0.990E+02
      0.890E-03      0.114E+01      0.157E+00      0.308E+09     -0.990E+02     -0.990E+02
      0.100E-02      0.114E+01      0.157E+00      0.308E+09     -0.990E+02     -0.990E+02
      0.105E-02      0.114E+01      0.157E+00      0.308E+09     -0.990E+02     -0.990E+02
      0.110E-02      0.114E+01      0.157E+00      0.308E+09     -0.990E+02     -0.990E+02
      0.115E-02      0.114E+01      0.157E+00      0.308E+09     -0.990E+02     -0.990E+02
      0.120E-02      0.114E+01      0.157E+00      0.308E+09     -0.990E+02     -0.990E+02
      0.126E-02      0.114E+01      0.157E+00      0.308E+09     -0.990E+02     -0.990E+02
      0.132E-02      0.114E+01      0.157E+00      0.308E+09     -0.990E+02     -0.990E+02
      0.138E-02      0.114E+01      0.157E+00      0.308E+09     -0.990E+02     -0.990E+02
      0.145E-02      0.114E+01      0.157E+00      0.308E+09     -0.990E+02     -0.990E+02
      0.151E-02      0.114E+01      0.157E+00      0.308E+09     -0.990E+02     -0.990E+02
      0.158E-02      0.114E+01      0.157E+00      0.308E+09     -0.990E+02     -0.990E+02
      0.166E-02      0.114E+01      0.157E+00      0.308E+09     -0.990E+02     -0.990E+02
      0.174E-02      0.114E+01      0.157E+00      0.308E+09     -0.990E+02     -0.990E+02
      0.182E-02      0.114E+01      0.157E+00      0.308E+09     -0.990E+02     -0.990E+02
      0.191E-02      0.114E+01      0.157E+00      0.308E+09     -0.990E+02     -0.990E+02
      0.200E-02      0.114E+01      0.157E+00      0.308E+09     -0.990E+02     -0.990E+02
      0.209E-02      0.114E+01      0.157E+00      0.308E+09     -0.990E+02     -0.990E+02
      0.219E-02      0.114E+01      0.157E+00      0.308E+09     -0.990E+02     -0.990E+02
      0.229E-02      0.114E+01      0.157E+00      0.308E+09     -0.990E+02     -0.990E+02
      0.240E-02      0.114E+01      0.157E+00      0.308E+09     -0.990E+02     -0.990E+02
      0.251E-02      0.114E+01      0.157E+00      0.308E+09     -0.990E+02     -0.990E+02
      0.263E-02      0.114E+01      0.157E+00      0.308E+09     -0.990E+02     -0.990E+02
      0.275E-02      0.114E+01      0.157E+00      0.308E+09     -0.990E+02     -0.990E+02
      0.288E-02      0.114E+01      0.157E+00      0.308E+09     -0.990E+02     -0.990E+02
      0.302E-02      0.114E+01      0.157E+00      0.308E+09     -0.990E+02     -0.990E+02
      0.316E-02      0.114E+01      0.157E+00      0.308E+09     -0.990E+02     -0.990E+02
      0.331E-02      0.114E+01      0.157E+00      0.308E+09     -0.990E+02     -0.990E+02
      0.347E-02      0.114E+01      0.157E+00      0.308E+09     -0.990E+02     -0.990E+02
      0.363E-02      0.114E+01      0.157E+00      0.308E+09     -0.990E+02     -0.990E+02
      0.380E-02      0.114E+01      0.157E+00      0.308E+09     -0.990E+02     -0.990E+02
      0.398E-02      0.114E+01      0.157E+00      0.308E+09     -0.990E+02     -0.990E+02
      0.417E-02      0.114E+01      0.157E+00      0.308E+09     -0.990E+02     -0.990E+02
      0.437E-02      0.114E+01      0.157E+00      0.308E+09     -0.990E+02     -0.990E+02
      0.457E-02      0.114E+01      0.157E+00      0.308E+09     -0.990E+02     -0.990E+02
      0.479E-02      0.114E+01      0.157E+00      0.308E+09     -0.990E+02     -0.990E+02
      0.501E-02      0.114E+01      0.157E+00      0.308E+09     -0.990E+02     -0.990E+02
      0.525E-02      0.114E+01      0.157E+00      0.308E+09     -0.990E+02     -0.990E+02
      0.550E-02      0.114E+01      0.157E+00      0.308E+09     -0.990E+02     -0.990E+02
      0.575E-02      0.114E+01      0.157E+00      0.308E+09     -0.990E+02     -0.990E+02
      0.603E-02      0.114E+01      0.157E+00      0.308E+09     -0.990E+02     -0.990E+02
      0.631E-02      0.114E+01      0.157E+00      0.308E+09     -0.990E+02     -0.990E+02
      0.661E-02      0.114E+01      0.157E+00      0.308E+09     -0.990E+02     -0.990E+02
      0.692E-02      0.114E+01      0.157E+00      0.308E+09     -0.990E+02     -0.990E+02
      0.724E-02      0.114E+01      0.157E+00      0.308E+09     -0.990E+02     -0.990E+02
      0.759E-02      0.114E+01      0.157E+00      0.308E+09     -0.990E+02     -0.990E+02
      0.794E-02      0.114E+01      0.157E+00      0.308E+09     -0.990E+02     -0.990E+02
      0.832E-02      0.114E+01      0.157E+00      0.308E+09     -0.990E+02     -0.990E+02
      0.871E-02      0.114E+01      0.157E+00      0.308E+09     -0.990E+02     -0.990E+02
      0.912E-02      0.114E+01      0.157E+00      0.308E+09     -0.990E+02     -0.990E+02
      0.955E-02      0.114E+01      0.157E+00      0.308E+09     -0.990E+02     -0.990E+02
      0.100E-01      0.114E+01      0.157E+00      0.308E+09     -0.587E+00      0.284E+00
      0.105E-01      0.167E+00      0.530E-01      0.296E+09     -0.587E+00      0.284E+00
      0.110E-01      0.166E+00      0.529E-01      0.296E+09     -0.588E+00      0.284E+00
      0.115E-01      0.166E+00      0.527E-01      0.296E+09     -0.588E+00      0.284E+00
      0.120E-01      0.166E+00      0.527E-01      0.296E+09     -0.589E+00      0.284E+00
      0.126E-01      0.166E+00      0.529E-01      0.296E+09     -0.589E+00      0.285E+00
      0.132E-01      0.167E+00      0.531E-01      0.296E+09     -0.590E+00      0.285E+00
      0.138E-01      0.167E+00      0.531E-01      0.296E+09     -0.590E+00      0.285E+00
      0.144E-01      0.166E+00      0.527E-01      0.296E+09     -0.591E+00      0.285E+00
      0.151E-01      0.166E+00      0.528E-01      0.296E+09     -0.591E+00      0.285E+00
      0.159E-01      0.167E+00      0.530E-01      0.296E+09     -0.591E+00      0.285E+00
      0.166E-01      0.167E+00      0.530E-01      0.295E+09     -0.592E+00      0.285E+00
      0.174E-01      0.167E+00      0.531E-01      0.295E+09     -0.593E+00      0.286E+00
      0.182E-01      0.168E+00      0.534E-01      0.295E+09     -0.593E+00      0.286E+00
      0.191E-01      0.168E+00      0.534E-01      0.295E+09     -0.594E+00      0.286E+00
      0.200E-01      0.167E+00      0.531E-01      0.295E+09     -0.595E+00      0.286E+00
      0.209E-01      0.167E+00      0.531E-01      0.295E+09     -0.595E+00      0.286E+00
      0.219E-01      0.167E+00      0.532E-01      0.295E+09     -0.596E+00      0.287E+00
      0.229E-01      0.168E+00      0.534E-01      0.295E+09     -0.597E+00      0.287E+00
      0.240E-01      0.168E+00      0.534E-01      0.294E+09     -0.597E+00      0.287E+00
      0.251E-01      0.169E+00      0.536E-01      0.294E+09     -0.598E+00      0.287E+00
      0.263E-01      0.169E+00      0.536E-01      0.294E+09     -0.599E+00      0.287E+00
      0.275E-01      0.169E+00      0.535E-01      0.294E+09     -0.600E+00      0.288E+00
      0.290E-01      0.169E+00      0.536E-01      0.294E+09     -0.601E+00      0.288E+00
      0.300E-01      0.169E+00      0.536E-01      0.294E+09     -0.602E+00      0.288E+00
      0.310E-01      0.169E+00      0.537E-01      0.293E+09     -0.603E+00      0.288E+00
      0.320E-01      0.170E+00      0.538E-01      0.293E+09     -0.603E+00      0.289E+00
      0.330E-01      0.170E+00      0.538E-01      0.293E+09     -0.604E+00      0.289E+00
      0.340E-01      0.170E+00      0.539E-01      0.293E+09     -0.605E+00      0.289E+00
      0.350E-01      0.170E+00      0.539E-01      0.293E+09     -0.605E+00      0.289E+00
      0.360E-01      0.170E+00      0.539E-01      0.293E+09     -0.606E+00      0.290E+00
      0.370E-01      0.170E+00      0.540E-01      0.293E+09     -0.607E+00      0.290E+00
      0.380E-01      0.170E+00      0.540E-01      0.292E+09     -0.608E+00      0.290E+00
      0.390E-01      0.170E+00      0.540E-01      0.292E+09     -0.608E+00      0.290E+00
      0.400E-01      0.171E+00      0.542E-01      0.292E+09     -0.609E+00      0.290E+00
      0.425E-01      0.171E+00      0.543E-01      0.292E+09     -0.611E+00      0.291E+00
      0.450E-01      0.171E+00      0.544E-01      0.292E+09     -0.613E+00      0.292E+00
      0.475E-01      0.172E+00      0.545E-01      0.291E+09     -0.614E+00      0.292E+00
      0.500E-01      0.172E+00      0.546E-01      0.291E+09     -0.616E+00      0.293E+00
      0.525E-01      0.173E+00      0.548E-01      0.291E+09     -0.618E+00      0.294E+00
      0.550E-01      0.173E+00      0.549E-01      0.290E+09     -0.619E+00      0.294E+00
      0.571E-01      0.174E+00      0.551E-01      0.290E+09     -0.621E+00      0.295E+00
      0.640E-01      0.174E+00      0.554E-01      0.289E+09     -0.626E+00      0.297E+00
      0.719E-01      0.175E+00      0.559E-01      0.288E+09     -0.631E+00      0.299E+00
      0.806E-01      0.177E+00      0.563E-01      0.287E+09     -0.637E+00      0.301E+00
      0.905E-01      0.178E+00      0.565E-01      0.286E+09     -0.642E+00      0.301E+00
      0.102E+00      0.179E+00      0.568E-01      0.284E+09     -0.649E+00      0.301E+00
      0.114E+00      0.180E+00      0.570E-01      0.283E+09     -0.656E+00      0.301E+00
      0.128E+00      0.182E+00      0.575E-01      0.281E+09     -0.664E+00      0.302E+00
      0.143E+00      0.184E+00      0.581E-01      0.279E+09     -0.672E+00      0.304E+00
      0.161E+00      0.186E+00      0.588E-01      0.277E+09     -0.682E+00      0.307E+00
      0.181E+00      0.188E+00      0.596E-01      0.274E+09     -0.691E+00      0.308E+00
      0.203E+00      0.192E+00      0.605E-01      0.271E+09     -0.700E+00      0.310E+00
      0.227E+00      0.195E+00      0.618E-01      0.268E+09     -0.711E+00      0.314E+00
      0.255E+00      0.195E+00      0.616E-01      0.264E+09     -0.716E+00      0.314E+00
      0.286E+00      0.194E+00      0.606E-01      0.260E+09     -0.720E+00      0.313E+00
      0.321E+00      0.192E+00      0.599E-01      0.256E+09     -0.724E+00      0.315E+00
      0.360E+00      0.190E+00      0.596E-01      0.251E+09     -0.728E+00      0.317E+00
      0.404E+00      0.188E+00      0.599E-01      0.245E+09     -0.733E+00      0.323E+00
      0.453E+00      0.184E+00      0.588E-01      0.239E+09     -0.743E+00      0.331E+00
      0.509E+00      0.171E+00      0.551E-01      0.233E+09     -0.747E+00      0.337E+00
      0.571E+00      0.144E+00      0.483E-01      0.226E+09     -0.734E+00      0.346E+00
      0.641E+00      0.113E+00      0.420E-01      0.220E+09     -0.709E+00      0.366E+00
      0.719E+00      0.798E-01      0.394E-01      0.214E+09     -0.653E+00      0.456E+00
      0.806E+00      0.867E-01      0.380E-01      0.210E+09     -0.611E+00      0.395E+00
      0.905E+00      0.104E+00      0.362E-01      0.204E+09     -0.582E+00      0.302E+00
      0.102E+01      0.113E+00      0.355E-01      0.197E+09     -0.567E+00      0.261E+00
      0.114E+01      0.101E+00      0.348E-01      0.189E+09     -0.599E+00      0.288E+00
      0.128E+01      0.952E-01      0.368E-01      0.180E+09     -0.637E+00      0.326E+00
      0.143E+01      0.938E-01      0.364E-01      0.171E+09     -0.650E+00      0.327E+00
      0.161E+01      0.848E-01      0.332E-01      0.161E+09     -0.658E+00      0.337E+00
      0.168E+01      0.823E-01      0.339E-01      0.155E+09     -0.665E+00      0.356E+00
      0.170E+01      0.816E-01      0.345E-01      0.152E+09     -0.667E+00      0.365E+00
      0.180E+01      0.811E-01      0.362E-01      0.149E+09     -0.668E+00      0.393E+00
      0.190E+01      0.836E-01      0.362E-01      0.144E+09     -0.682E+00      0.405E+00
      0.200E+01      0.907E-01      0.384E-01      0.139E+09     -0.719E+00      0.430E+00
      0.210E+01      0.118E+00      0.406E-01      0.134E+09     -0.811E+00      0.391E+00
      0.220E+01      0.138E+00      0.404E-01      0.127E+09     -0.863E+00      0.354E+00
      0.230E+01      0.133E+00      0.390E-01      0.118E+09     -0.862E+00      0.355E+00
      0.240E+01      0.115E+00      0.388E-01      0.110E+09     -0.828E+00      0.386E+00
      0.250E+01      0.101E+00      0.417E-01      0.103E+09     -0.793E+00      0.447E+00
      0.260E+01      0.107E+00      0.430E-01      0.974E+08     -0.825E+00      0.460E+00
      0.275E+01      0.114E+00      0.478E-01      0.894E+08     -0.854E+00      0.502E+00
      0.300E+01      0.650E-01      0.343E-01      0.760E+08     -0.773E+00      0.599E+00
      0.325E+01      0.844E-01      0.293E-01      0.664E+08     -0.761E+00      0.400E+00
      0.350E+01      0.865E-01      0.333E-01      0.540E+08     -0.788E+00      0.417E+00
      0.375E+01      0.807E-01      0.338E-01      0.414E+08     -0.904E+00      0.526E+00
      0.400E+01      0.840E-01      0.338E-01      0.297E+08     -0.982E+00      0.517E+00
      0.425E+01      0.557E-01      0.301E-01      0.176E+08     -0.110E+01      0.722E+00
      0.450E+01      0.299E-01      0.242E-01      0.960E+07     -0.119E+01      0.112E+01
      0.475E+01      0.215E-01      0.198E-01      0.530E+07     -0.115E+01      0.132E+01
      0.500E+01      0.942E-02      0.107E-01      0.221E+07     -0.118E+01      0.157E+01
      0.525E+01      0.336E-02      0.109E-01      0.864E+06     -0.424E+00      0.166E+01
      0.550E+01      0.112E-02      0.464E-02      0.379E+06     -0.259E+00      0.155E+01
      0.575E+01      0.125E-02      0.433E-02      0.218E+06     -0.473E+00      0.222E+01
      0.600E+01      0.164E-03      0.185E-02      0.390E+05     -0.490E+00      0.845E+01
      0.625E+01      0.811E-04      0.138E-02      0.156E+05     -0.495E+00      0.118E+02
      0.650E+01      0.286E-04      0.373E-03      0.405E+04     -0.111E+01      0.198E+02
      0.675E+01      0.228E-06      0.339E-04      0.330E+02     -0.127E+01      0.253E+03
      0.700E+01      0.720E-08      0.145E-05      0.101E+01     -0.129E+01      0.318E+03
      0.725E+01      0.683E-11      0.866E-07      0.957E-03     -0.769E+00      0.135E+05
      0.750E+01      0.000E+00      0.702E-32      0.000E+00     -0.990E+02     -0.990E+02
      0.775E+01      0.000E+00      0.000E+00      0.000E+00     -0.990E+02     -0.990E+02
      0.800E+01      0.000E+00      0.000E+00      0.000E+00     -0.990E+02     -0.990E+02
      0.825E+01      0.000E+00      0.000E+00      0.000E+00     -0.990E+02     -0.990E+02
      0.850E+01      0.000E+00      0.000E+00      0.000E+00     -0.990E+02     -0.990E+02
      0.875E+01      0.000E+00      0.000E+00      0.000E+00     -0.990E+02     -0.990E+02
      0.900E+01      0.000E+00      0.000E+00      0.000E+00     -0.990E+02     -0.990E+02
      0.925E+01      0.000E+00      0.000E+00      0.000E+00     -0.990E+02     -0.990E+02
      0.950E+01      0.000E+00      0.000E+00      0.000E+00     -0.990E+02     -0.990E+02
      0.975E+01      0.000E+00      0.000E+00      0.000E+00     -0.990E+02     -0.990E+02
      0.100E+02      0.000E+00      0.000E+00      0.000E+00     -0.990E+02     -0.990E+02
      0.102E+02      0.000E+00      0.000E+00      0.000E+00     -0.990E+02     -0.990E+02
      0.105E+02      0.000E+00      0.000E+00      0.000E+00     -0.990E+02     -0.990E+02
      0.108E+02      0.000E+00      0.000E+00      0.000E+00     -0.990E+02     -0.990E+02
      0.110E+02      0.000E+00      0.000E+00      0.000E+00     -0.990E+02     -0.990E+02
      0.112E+02      0.000E+00      0.000E+00      0.000E+00     -0.990E+02     -0.990E+02
      0.115E+02      0.000E+00      0.000E+00      0.000E+00     -0.990E+02     -0.990E+02
      0.118E+02      0.000E+00      0.000E+00      0.000E+00     -0.990E+02     -0.990E+02
      0.120E+02      0.000E+00      0.000E+00      0.000E+00     -0.990E+02     -0.990E+02
      0.122E+02      0.000E+00      0.000E+00      0.000E+00     -0.990E+02     -0.990E+02
      0.125E+02      0.000E+00      0.000E+00      0.000E+00     -0.990E+02     -0.990E+02
      0.128E+02      0.000E+00      0.000E+00      0.000E+00     -0.990E+02     -0.990E+02
      0.130E+02      0.000E+00      0.000E+00      0.000E+00     -0.990E+02     -0.990E+02
      0.132E+02      0.000E+00      0.000E+00      0.000E+00     -0.990E+02     -0.990E+02
      0.135E+02      0.000E+00      0.000E+00      0.000E+00     -0.990E+02     -0.990E+02
      0.138E+02      0.000E+00      0.000E+00      0.000E+00     -0.990E+02     -0.990E+02
      0.140E+02      0.000E+00      0.000E+00      0.000E+00     -0.990E+02     -0.990E+02
      0.142E+02      0.000E+00      0.000E+00      0.000E+00     -0.990E+02     -0.990E+02
      0.145E+02      0.000E+00      0.000E+00      0.000E+00     -0.990E+02     -0.990E+02
      0.148E+02      0.000E+00      0.000E+00      0.000E+00     -0.990E+02     -0.990E+02
      0.150E+02      0.000E+00      0.000E+00      0.000E+00     -0.990E+02     -0.990E+02
      0.152E+02      0.000E+00      0.000E+00      0.000E+00     -0.990E+02     -0.990E+02
      0.155E+02      0.000E+00      0.000E+00      0.000E+00     -0.990E+02     -0.990E+02
      0.158E+02      0.000E+00      0.000E+00      0.000E+00     -0.990E+02     -0.990E+02
      0.160E+02      0.000E+00      0.000E+00      0.000E+00     -0.990E+02     -0.990E+02
      0.162E+02      0.000E+00      0.000E+00      0.000E+00     -0.990E+02     -0.990E+02
      0.165E+02      0.000E+00      0.000E+00      0.000E+00     -0.990E+02     -0.990E+02
      0.168E+02      0.000E+00      0.000E+00      0.000E+00     -0.990E+02     -0.990E+02
      0.170E+02      0.000E+00      0.000E+00      0.000E+00     -0.990E+02     -0.990E+02
      0.172E+02      0.000E+00      0.000E+00      0.000E+00     -0.990E+02     -0.990E+02
      0.175E+02      0.000E+00      0.000E+00      0.000E+00     -0.990E+02     -0.990E+02
      0.178E+02      0.000E+00      0.000E+00      0.000E+00     -0.990E+02     -0.990E+02
      0.180E+02      0.000E+00      0.000E+00      0.000E+00     -0.990E+02     -0.990E+02
      0.182E+02      0.000E+00      0.000E+00      0.000E+00     -0.990E+02     -0.990E+02
      0.185E+02      0.000E+00      0.000E+00      0.000E+00     -0.990E+02     -0.990E+02
      0.188E+02      0.000E+00      0.000E+00      0.000E+00     -0.990E+02     -0.990E+02
      0.190E+02      0.000E+00      0.000E+00      0.000E+00     -0.990E+02     -0.990E+02
      0.192E+02      0.000E+00      0.000E+00      0.000E+00     -0.990E+02     -0.990E+02
      0.195E+02      0.000E+00      0.000E+00      0.000E+00     -0.990E+02     -0.990E+02
      0.198E+02      0.000E+00      0.000E+00      0.000E+00     -0.990E+02     -0.990E+02
      0.200E+02      0.000E+00      0.000E+00      0.000E+00     -0.990E+02     -0.990E+02
