      0.000E+00      0.100E-02      0.000E+00      0.181E+12     -0.990E+02     -0.990E+02
      0.100E-03      0.100E-02      0.000E+00      0.181E+12     -0.990E+02     -0.990E+02
      0.140E-03      0.100E-02      0.000E+00      0.181E+12     -0.990E+02     -0.990E+02
      0.160E-03      0.100E-02      0.000E+00      0.181E+12     -0.990E+02     -0.990E+02
      0.180E-03      0.100E-02      0.000E+00      0.181E+12     -0.990E+02     -0.990E+02
      0.200E-03      0.100E-02      0.000E+00      0.181E+12     -0.990E+02     -0.990E+02
      0.220E-03      0.100E-02      0.000E+00      0.181E+12     -0.990E+02     -0.990E+02
      0.250E-03      0.100E-02      0.000E+00      0.181E+12     -0.990E+02     -0.990E+02
      0.280E-03      0.100E-02      0.000E+00      0.181E+12     -0.990E+02     -0.990E+02
      0.320E-03      0.100E-02      0.000E+00      0.181E+12     -0.990E+02     -0.990E+02
      0.350E-03      0.100E-02      0.000E+00      0.181E+12     -0.990E+02     -0.990E+02
      0.400E-03      0.100E-02      0.000E+00      0.181E+12     -0.990E+02     -0.990E+02
      0.450E-03      0.100E-02      0.000E+00      0.181E+12     -0.990E+02     -0.990E+02
      0.500E-03      0.100E-02      0.000E+00      0.181E+12     -0.990E+02     -0.990E+02
      0.560E-03      0.100E-02      0.000E+00      0.181E+12     -0.990E+02     -0.990E+02
      0.630E-03      0.100E-02      0.000E+00      0.181E+12     -0.990E+02     -0.990E+02
      0.710E-03      0.100E-02      0.000E+00      0.181E+12     -0.990E+02     -0.990E+02
      0.790E-03      0.100E-02      0.000E+00      0.181E+12     -0.990E+02     -0.990E+02
      0.890E-03      0.100E-02      0.000E+00      0.181E+12     -0.990E+02     -0.990E+02
      0.100E-02      0.100E-02      0.000E+00      0.181E+12     -0.990E+02     -0.990E+02
      0.105E-02      0.100E-02      0.000E+00      0.181E+12     -0.990E+02     -0.990E+02
      0.110E-02      0.100E-02      0.000E+00      0.181E+12     -0.990E+02     -0.990E+02
      0.115E-02      0.100E-02      0.000E+00      0.181E+12     -0.990E+02     -0.990E+02
      0.120E-02      0.100E-02      0.000E+00      0.181E+12     -0.990E+02     -0.990E+02
      0.126E-02      0.100E-02      0.000E+00      0.181E+12     -0.990E+02     -0.990E+02
      0.132E-02      0.100E-02      0.000E+00      0.181E+12     -0.990E+02     -0.990E+02
      0.138E-02      0.100E-02      0.000E+00      0.181E+12     -0.990E+02     -0.990E+02
      0.145E-02      0.100E-02      0.000E+00      0.181E+12     -0.990E+02     -0.990E+02
      0.151E-02      0.100E-02      0.000E+00      0.181E+12     -0.990E+02     -0.990E+02
      0.158E-02      0.100E-02      0.000E+00      0.181E+12     -0.990E+02     -0.990E+02
      0.166E-02      0.100E-02      0.000E+00      0.181E+12     -0.990E+02     -0.990E+02
      0.174E-02      0.100E-02      0.000E+00      0.181E+12     -0.990E+02     -0.990E+02
      0.182E-02      0.100E-02      0.000E+00      0.181E+12     -0.990E+02     -0.990E+02
      0.191E-02      0.100E-02      0.000E+00      0.181E+12     -0.990E+02     -0.990E+02
      0.200E-02      0.100E-02      0.000E+00      0.181E+12     -0.990E+02     -0.990E+02
      0.209E-02      0.100E-02      0.000E+00      0.181E+12     -0.990E+02     -0.990E+02
      0.219E-02      0.100E-02      0.000E+00      0.181E+12     -0.990E+02     -0.990E+02
      0.229E-02      0.100E-02      0.000E+00      0.181E+12     -0.990E+02     -0.990E+02
      0.240E-02      0.100E-02      0.000E+00      0.181E+12     -0.990E+02     -0.990E+02
      0.251E-02      0.100E-02      0.000E+00      0.181E+12     -0.990E+02     -0.990E+02
      0.263E-02      0.100E-02      0.000E+00      0.181E+12     -0.990E+02     -0.990E+02
      0.275E-02      0.100E-02      0.000E+00      0.181E+12     -0.990E+02     -0.990E+02
      0.288E-02      0.100E-02      0.000E+00      0.181E+12     -0.990E+02     -0.990E+02
      0.302E-02      0.100E-02      0.000E+00      0.181E+12     -0.990E+02     -0.990E+02
      0.316E-02      0.100E-02      0.000E+00      0.181E+12     -0.990E+02     -0.990E+02
      0.331E-02      0.100E-02      0.000E+00      0.181E+12     -0.990E+02     -0.990E+02
      0.347E-02      0.100E-02      0.000E+00      0.181E+12     -0.990E+02     -0.990E+02
      0.363E-02      0.100E-02      0.000E+00      0.181E+12     -0.990E+02     -0.990E+02
      0.380E-02      0.100E-02      0.000E+00      0.181E+12     -0.990E+02     -0.990E+02
      0.398E-02      0.100E-02      0.000E+00      0.181E+12     -0.990E+02     -0.990E+02
      0.417E-02      0.100E-02      0.000E+00      0.181E+12     -0.990E+02     -0.990E+02
      0.437E-02      0.100E-02      0.000E+00      0.181E+12     -0.990E+02     -0.990E+02
      0.457E-02      0.100E-02      0.000E+00      0.181E+12     -0.990E+02     -0.990E+02
      0.479E-02      0.100E-02      0.000E+00      0.181E+12     -0.990E+02     -0.990E+02
      0.501E-02      0.100E-02      0.000E+00      0.181E+12     -0.990E+02     -0.990E+02
      0.525E-02      0.100E-02      0.000E+00      0.181E+12     -0.990E+02     -0.990E+02
      0.550E-02      0.100E-02      0.000E+00      0.181E+12     -0.990E+02     -0.990E+02
      0.575E-02      0.100E-02      0.000E+00      0.181E+12     -0.990E+02     -0.990E+02
      0.603E-02      0.100E-02      0.000E+00      0.181E+12     -0.990E+02     -0.990E+02
      0.631E-02      0.100E-02      0.000E+00      0.181E+12     -0.990E+02     -0.990E+02
      0.661E-02      0.100E-02      0.000E+00      0.181E+12     -0.990E+02     -0.990E+02
      0.692E-02      0.100E-02      0.000E+00      0.181E+12     -0.990E+02     -0.990E+02
      0.724E-02      0.100E-02      0.000E+00      0.181E+12     -0.990E+02     -0.990E+02
      0.759E-02      0.100E-02      0.000E+00      0.181E+12     -0.990E+02     -0.990E+02
      0.794E-02      0.100E-02      0.000E+00      0.181E+12     -0.990E+02     -0.990E+02
      0.832E-02      0.100E-02      0.000E+00      0.181E+12     -0.990E+02     -0.990E+02
      0.871E-02      0.100E-02      0.000E+00      0.181E+12     -0.990E+02     -0.990E+02
      0.912E-02      0.100E-02      0.000E+00      0.181E+12     -0.990E+02     -0.990E+02
      0.955E-02      0.100E-02      0.000E+00      0.181E+12     -0.990E+02     -0.990E+02
      0.100E-01      0.100E-02      0.000E+00      0.181E+12      0.210E+00      0.227E+01
      0.105E-01      0.328E-02      0.208E-01      0.181E+12      0.210E+00      0.226E+01
      0.110E-01      0.326E-02      0.207E-01      0.181E+12      0.210E+00      0.226E+01
      0.115E-01      0.326E-02      0.206E-01      0.181E+12      0.209E+00      0.226E+01
      0.120E-01      0.326E-02      0.206E-01      0.181E+12      0.210E+00      0.225E+01
      0.126E-01      0.326E-02      0.206E-01      0.181E+12      0.210E+00      0.225E+01
      0.132E-01      0.328E-02      0.207E-01      0.181E+12      0.209E+00      0.225E+01
      0.138E-01      0.328E-02      0.206E-01      0.181E+12      0.210E+00      0.224E+01
      0.144E-01      0.324E-02      0.204E-01      0.181E+12      0.209E+00      0.224E+01
      0.151E-01      0.326E-02      0.205E-01      0.181E+12      0.210E+00      0.224E+01
      0.159E-01      0.327E-02      0.205E-01      0.181E+12      0.209E+00      0.223E+01
      0.166E-01      0.327E-02      0.205E-01      0.181E+12      0.209E+00      0.223E+01
      0.174E-01      0.328E-02      0.205E-01      0.181E+12      0.209E+00      0.223E+01
      0.182E-01      0.329E-02      0.206E-01      0.181E+12      0.209E+00      0.222E+01
      0.191E-01      0.328E-02      0.205E-01      0.181E+12      0.209E+00      0.222E+01
      0.200E-01      0.328E-02      0.204E-01      0.181E+12      0.209E+00      0.221E+01
      0.209E-01      0.327E-02      0.204E-01      0.181E+12      0.209E+00      0.221E+01
      0.219E-01      0.327E-02      0.203E-01      0.181E+12      0.209E+00      0.220E+01
      0.229E-01      0.328E-02      0.203E-01      0.181E+12      0.209E+00      0.219E+01
      0.240E-01      0.329E-02      0.204E-01      0.181E+12      0.209E+00      0.219E+01
      0.251E-01      0.329E-02      0.204E-01      0.181E+12      0.209E+00      0.218E+01
      0.263E-01      0.329E-02      0.204E-01      0.181E+12      0.209E+00      0.218E+01
      0.275E-01      0.328E-02      0.202E-01      0.181E+12      0.209E+00      0.217E+01
      0.290E-01      0.329E-02      0.203E-01      0.181E+12      0.209E+00      0.217E+01
      0.300E-01      0.330E-02      0.203E-01      0.181E+12      0.209E+00      0.216E+01
      0.310E-01      0.330E-02      0.203E-01      0.181E+12      0.209E+00      0.216E+01
      0.320E-01      0.329E-02      0.202E-01      0.181E+12      0.209E+00      0.215E+01
      0.330E-01      0.330E-02      0.202E-01      0.181E+12      0.208E+00      0.214E+01
      0.340E-01      0.330E-02      0.202E-01      0.181E+12      0.209E+00      0.215E+01
      0.350E-01      0.330E-02      0.202E-01      0.181E+12      0.209E+00      0.214E+01
      0.360E-01      0.330E-02      0.202E-01      0.181E+12      0.208E+00      0.213E+01
      0.370E-01      0.330E-02      0.201E-01      0.181E+12      0.208E+00      0.213E+01
      0.380E-01      0.331E-02      0.202E-01      0.181E+12      0.209E+00      0.213E+01
      0.390E-01      0.330E-02      0.201E-01      0.181E+12      0.208E+00      0.212E+01
      0.400E-01      0.331E-02      0.202E-01      0.181E+12      0.208E+00      0.212E+01
      0.425E-01      0.332E-02      0.202E-01      0.181E+12      0.208E+00      0.211E+01
      0.450E-01      0.333E-02      0.203E-01      0.181E+12      0.208E+00      0.210E+01
      0.475E-01      0.334E-02      0.203E-01      0.181E+12      0.207E+00      0.209E+01
      0.500E-01      0.335E-02      0.203E-01      0.181E+12      0.207E+00      0.207E+01
      0.525E-01      0.336E-02      0.204E-01      0.181E+12      0.207E+00      0.206E+01
      0.550E-01      0.337E-02      0.204E-01      0.181E+12      0.206E+00      0.205E+01
      0.571E-01      0.338E-02      0.205E-01      0.181E+12      0.206E+00      0.205E+01
      0.640E-01      0.340E-02      0.206E-01      0.181E+12      0.205E+00      0.202E+01
      0.719E-01      0.205E-01      0.208E-01      0.181E+12      0.170E+00      0.313E+00
      0.806E-01      0.829E-01      0.217E-01      0.181E+12      0.165E+00      0.780E-01
      0.905E-01      0.153E+00      0.242E-01      0.181E+12      0.164E+00      0.450E-01
      0.102E+00      0.231E+00      0.282E-01      0.181E+12      0.164E+00      0.334E-01
      0.114E+00      0.320E+00      0.339E-01      0.181E+12      0.163E+00      0.279E-01
      0.128E+00      0.419E+00      0.410E-01      0.181E+12      0.163E+00      0.252E-01
      0.143E+00      0.531E+00      0.495E-01      0.181E+12      0.163E+00      0.238E-01
      0.161E+00      0.655E+00      0.594E-01      0.181E+12      0.163E+00      0.229E-01
      0.181E+00      0.795E+00      0.709E-01      0.181E+12      0.163E+00      0.224E-01
      0.203E+00      0.952E+00      0.840E-01      0.181E+12      0.163E+00      0.221E-01
      0.227E+00      0.113E+01      0.109E+00      0.181E+12      0.164E+00      0.276E-01
      0.255E+00      0.134E+01      0.266E+00      0.181E+12      0.165E+00      0.749E-01
      0.286E+00      0.158E+01      0.474E+00      0.181E+12      0.167E+00      0.117E+00
      0.321E+00      0.188E+01      0.716E+00      0.181E+12      0.166E+00      0.150E+00
      0.360E+00      0.316E+01      0.101E+01      0.181E+12      0.141E+00      0.121E+00
      0.404E+00      0.457E+01      0.134E+01      0.181E+12      0.129E+00      0.109E+00
      0.453E+00      0.618E+01      0.171E+01      0.180E+12      0.122E+00      0.102E+00
      0.509E+00      0.805E+01      0.172E+01      0.180E+12      0.118E+00      0.740E-01
      0.571E+00      0.103E+02      0.174E+01      0.180E+12      0.110E+00      0.493E-01
      0.641E+00      0.227E+02      0.244E+01      0.179E+12      0.196E-01      0.194E-01
      0.719E+00      0.366E+02      0.381E+01      0.178E+12     -0.936E-02      0.134E-01
      0.806E+00      0.520E+02      0.537E+01      0.176E+12     -0.232E-01      0.133E-01
      0.905E+00      0.595E+02      0.613E+01      0.173E+12     -0.165E-01      0.169E-01
      0.102E+01      0.665E+02      0.685E+01      0.169E+12     -0.780E-02      0.170E-01
      0.114E+01      0.641E+02      0.742E+01      0.164E+12      0.576E-02      0.158E-01
      0.128E+01      0.523E+02      0.770E+01      0.158E+12      0.316E-01      0.177E-01
      0.143E+01      0.495E+02      0.792E+01      0.153E+12      0.700E-01      0.165E-01
      0.161E+01      0.915E+02      0.865E+01      0.148E+12     -0.564E-01      0.120E-01
      0.168E+01      0.165E+03      0.123E+02      0.141E+12     -0.144E+00      0.171E-01
      0.170E+01      0.185E+03      0.137E+02      0.136E+12     -0.156E+00      0.180E-01
      0.180E+01      0.289E+03      0.202E+02      0.129E+12     -0.191E+00      0.202E-01
      0.190E+01      0.257E+03      0.169E+02      0.111E+12     -0.183E+00      0.186E-01
      0.200E+01      0.192E+03      0.126E+02      0.948E+11     -0.162E+00      0.236E-01
      0.210E+01      0.149E+03      0.199E+02      0.829E+11     -0.175E+00      0.111E+00
      0.220E+01      0.156E+03      0.333E+02      0.736E+11     -0.250E+00      0.196E+00
      0.230E+01      0.158E+03      0.276E+02      0.640E+11     -0.294E+00      0.159E+00
      0.240E+01      0.124E+03      0.139E+02      0.543E+11     -0.307E+00      0.935E-01
      0.250E+01      0.841E+02      0.951E+01      0.468E+11     -0.342E+00      0.708E-01
      0.260E+01      0.602E+02      0.139E+02      0.417E+11     -0.445E+00      0.178E+00
      0.275E+01      0.656E+02      0.211E+02      0.372E+11     -0.489E+00      0.269E+00
      0.300E+01      0.640E+02      0.216E+02      0.293E+11     -0.497E+00      0.269E+00
      0.325E+01      0.424E+02      0.155E+02      0.198E+11     -0.517E+00      0.327E+00
      0.350E+01      0.457E+02      0.156E+02      0.136E+11     -0.622E+00      0.341E+00
      0.375E+01      0.296E+02      0.112E+02      0.688E+10     -0.824E+00      0.415E+00
      0.400E+01      0.116E+02      0.959E+01      0.258E+10     -0.101E+01      0.112E+01
      0.425E+01      0.534E+01      0.102E+02      0.907E+09     -0.112E+01      0.279E+01
      0.450E+01      0.727E+00      0.222E+01      0.141E+09     -0.103E+01      0.430E+01
      0.475E+01      0.258E+00      0.799E+00      0.369E+08     -0.128E+01      0.527E+01
      0.500E+01      0.342E-05      0.735E-03      0.487E+03     -0.149E+01      0.428E+03
      0.525E+01      0.107E-24      0.590E-13      0.154E-16     -0.492E+00       Infinity
      0.550E+01      0.000E+00      0.000E+00      0.000E+00     -0.990E+02     -0.990E+02
      0.575E+01      0.000E+00      0.000E+00      0.000E+00     -0.990E+02     -0.990E+02
      0.600E+01      0.000E+00      0.000E+00      0.000E+00     -0.990E+02     -0.990E+02
      0.625E+01      0.000E+00      0.000E+00      0.000E+00     -0.990E+02     -0.990E+02
      0.650E+01      0.000E+00      0.000E+00      0.000E+00     -0.990E+02     -0.990E+02
      0.675E+01      0.000E+00      0.000E+00      0.000E+00     -0.990E+02     -0.990E+02
      0.700E+01      0.000E+00      0.000E+00      0.000E+00     -0.990E+02     -0.990E+02
      0.725E+01      0.000E+00      0.000E+00      0.000E+00     -0.990E+02     -0.990E+02
      0.750E+01      0.000E+00      0.000E+00      0.000E+00     -0.990E+02     -0.990E+02
      0.775E+01      0.000E+00      0.000E+00      0.000E+00     -0.990E+02     -0.990E+02
      0.800E+01      0.000E+00      0.000E+00      0.000E+00     -0.990E+02     -0.990E+02
      0.825E+01      0.000E+00      0.000E+00      0.000E+00     -0.990E+02     -0.990E+02
      0.850E+01      0.000E+00      0.000E+00      0.000E+00     -0.990E+02     -0.990E+02
      0.875E+01      0.000E+00      0.000E+00      0.000E+00     -0.990E+02     -0.990E+02
      0.900E+01      0.000E+00      0.000E+00      0.000E+00     -0.990E+02     -0.990E+02
      0.925E+01      0.000E+00      0.000E+00      0.000E+00     -0.990E+02     -0.990E+02
      0.950E+01      0.000E+00      0.000E+00      0.000E+00     -0.990E+02     -0.990E+02
      0.975E+01      0.000E+00      0.000E+00      0.000E+00     -0.990E+02     -0.990E+02
      0.100E+02      0.000E+00      0.000E+00      0.000E+00     -0.990E+02     -0.990E+02
      0.102E+02      0.000E+00      0.000E+00      0.000E+00     -0.990E+02     -0.990E+02
      0.105E+02      0.000E+00      0.000E+00      0.000E+00     -0.990E+02     -0.990E+02
      0.108E+02      0.000E+00      0.000E+00      0.000E+00     -0.990E+02     -0.990E+02
      0.110E+02      0.000E+00      0.000E+00      0.000E+00     -0.990E+02     -0.990E+02
      0.112E+02      0.000E+00      0.000E+00      0.000E+00     -0.990E+02     -0.990E+02
      0.115E+02      0.000E+00      0.000E+00      0.000E+00     -0.990E+02     -0.990E+02
      0.118E+02      0.000E+00      0.000E+00      0.000E+00     -0.990E+02     -0.990E+02
      0.120E+02      0.000E+00      0.000E+00      0.000E+00     -0.990E+02     -0.990E+02
      0.122E+02      0.000E+00      0.000E+00      0.000E+00     -0.990E+02     -0.990E+02
      0.125E+02      0.000E+00      0.000E+00      0.000E+00     -0.990E+02     -0.990E+02
      0.128E+02      0.000E+00      0.000E+00      0.000E+00     -0.990E+02     -0.990E+02
      0.130E+02      0.000E+00      0.000E+00      0.000E+00     -0.990E+02     -0.990E+02
      0.132E+02      0.000E+00      0.000E+00      0.000E+00     -0.990E+02     -0.990E+02
      0.135E+02      0.000E+00      0.000E+00      0.000E+00     -0.990E+02     -0.990E+02
      0.138E+02      0.000E+00      0.000E+00      0.000E+00     -0.990E+02     -0.990E+02
      0.140E+02      0.000E+00      0.000E+00      0.000E+00     -0.990E+02     -0.990E+02
      0.142E+02      0.000E+00      0.000E+00      0.000E+00     -0.990E+02     -0.990E+02
      0.145E+02      0.000E+00      0.000E+00      0.000E+00     -0.990E+02     -0.990E+02
      0.148E+02      0.000E+00      0.000E+00      0.000E+00     -0.990E+02     -0.990E+02
      0.150E+02      0.000E+00      0.000E+00      0.000E+00     -0.990E+02     -0.990E+02
      0.152E+02      0.000E+00      0.000E+00      0.000E+00     -0.990E+02     -0.990E+02
      0.155E+02      0.000E+00      0.000E+00      0.000E+00     -0.990E+02     -0.990E+02
      0.158E+02      0.000E+00      0.000E+00      0.000E+00     -0.990E+02     -0.990E+02
      0.160E+02      0.000E+00      0.000E+00      0.000E+00     -0.990E+02     -0.990E+02
      0.162E+02      0.000E+00      0.000E+00      0.000E+00     -0.990E+02     -0.990E+02
      0.165E+02      0.000E+00      0.000E+00      0.000E+00     -0.990E+02     -0.990E+02
      0.168E+02      0.000E+00      0.000E+00      0.000E+00     -0.990E+02     -0.990E+02
      0.170E+02      0.000E+00      0.000E+00      0.000E+00     -0.990E+02     -0.990E+02
      0.172E+02      0.000E+00      0.000E+00      0.000E+00     -0.990E+02     -0.990E+02
      0.175E+02      0.000E+00      0.000E+00      0.000E+00     -0.990E+02     -0.990E+02
      0.178E+02      0.000E+00      0.000E+00      0.000E+00     -0.990E+02     -0.990E+02
      0.180E+02      0.000E+00      0.000E+00      0.000E+00     -0.990E+02     -0.990E+02
      0.182E+02      0.000E+00      0.000E+00      0.000E+00     -0.990E+02     -0.990E+02
      0.185E+02      0.000E+00      0.000E+00      0.000E+00     -0.990E+02     -0.990E+02
      0.188E+02      0.000E+00      0.000E+00      0.000E+00     -0.990E+02     -0.990E+02
      0.190E+02      0.000E+00      0.000E+00      0.000E+00     -0.990E+02     -0.990E+02
      0.192E+02      0.000E+00      0.000E+00      0.000E+00     -0.990E+02     -0.990E+02
      0.195E+02      0.000E+00      0.000E+00      0.000E+00     -0.990E+02     -0.990E+02
      0.198E+02      0.000E+00      0.000E+00      0.000E+00     -0.990E+02     -0.990E+02
      0.200E+02      0.000E+00      0.000E+00      0.000E+00     -0.990E+02     -0.990E+02
