      0.000E+00      0.131E+01      0.549E+00      0.722E+09     -0.990E+02     -0.990E+02
      0.100E-03      0.131E+01      0.549E+00      0.722E+09     -0.990E+02     -0.990E+02
      0.140E-03      0.131E+01      0.549E+00      0.722E+09     -0.990E+02     -0.990E+02
      0.160E-03      0.131E+01      0.549E+00      0.722E+09     -0.990E+02     -0.990E+02
      0.180E-03      0.131E+01      0.549E+00      0.722E+09     -0.990E+02     -0.990E+02
      0.200E-03      0.131E+01      0.549E+00      0.722E+09     -0.990E+02     -0.990E+02
      0.220E-03      0.131E+01      0.549E+00      0.722E+09     -0.990E+02     -0.990E+02
      0.250E-03      0.131E+01      0.549E+00      0.722E+09     -0.990E+02     -0.990E+02
      0.280E-03      0.131E+01      0.549E+00      0.722E+09     -0.990E+02     -0.990E+02
      0.320E-03      0.131E+01      0.549E+00      0.722E+09     -0.990E+02     -0.990E+02
      0.350E-03      0.131E+01      0.549E+00      0.722E+09     -0.990E+02     -0.990E+02
      0.400E-03      0.131E+01      0.549E+00      0.722E+09     -0.990E+02     -0.990E+02
      0.450E-03      0.131E+01      0.549E+00      0.722E+09     -0.990E+02     -0.990E+02
      0.500E-03      0.131E+01      0.549E+00      0.722E+09     -0.990E+02     -0.990E+02
      0.560E-03      0.131E+01      0.549E+00      0.722E+09     -0.990E+02     -0.990E+02
      0.630E-03      0.131E+01      0.549E+00      0.722E+09     -0.990E+02     -0.990E+02
      0.710E-03      0.131E+01      0.549E+00      0.722E+09     -0.990E+02     -0.990E+02
      0.790E-03      0.131E+01      0.549E+00      0.722E+09     -0.990E+02     -0.990E+02
      0.890E-03      0.131E+01      0.549E+00      0.722E+09     -0.990E+02     -0.990E+02
      0.100E-02      0.131E+01      0.549E+00      0.722E+09     -0.990E+02     -0.990E+02
      0.105E-02      0.131E+01      0.549E+00      0.722E+09     -0.990E+02     -0.990E+02
      0.110E-02      0.131E+01      0.549E+00      0.722E+09     -0.990E+02     -0.990E+02
      0.115E-02      0.131E+01      0.549E+00      0.722E+09     -0.990E+02     -0.990E+02
      0.120E-02      0.131E+01      0.549E+00      0.722E+09     -0.990E+02     -0.990E+02
      0.126E-02      0.131E+01      0.549E+00      0.722E+09     -0.990E+02     -0.990E+02
      0.132E-02      0.131E+01      0.549E+00      0.722E+09     -0.990E+02     -0.990E+02
      0.138E-02      0.131E+01      0.549E+00      0.722E+09     -0.990E+02     -0.990E+02
      0.145E-02      0.131E+01      0.549E+00      0.722E+09     -0.990E+02     -0.990E+02
      0.151E-02      0.131E+01      0.549E+00      0.722E+09     -0.990E+02     -0.990E+02
      0.158E-02      0.131E+01      0.549E+00      0.722E+09     -0.990E+02     -0.990E+02
      0.166E-02      0.131E+01      0.549E+00      0.722E+09     -0.990E+02     -0.990E+02
      0.174E-02      0.131E+01      0.549E+00      0.722E+09     -0.990E+02     -0.990E+02
      0.182E-02      0.131E+01      0.549E+00      0.722E+09     -0.990E+02     -0.990E+02
      0.191E-02      0.131E+01      0.549E+00      0.722E+09     -0.990E+02     -0.990E+02
      0.200E-02      0.131E+01      0.549E+00      0.722E+09     -0.990E+02     -0.990E+02
      0.209E-02      0.131E+01      0.549E+00      0.722E+09     -0.990E+02     -0.990E+02
      0.219E-02      0.131E+01      0.549E+00      0.722E+09     -0.990E+02     -0.990E+02
      0.229E-02      0.131E+01      0.549E+00      0.722E+09     -0.990E+02     -0.990E+02
      0.240E-02      0.131E+01      0.549E+00      0.722E+09     -0.990E+02     -0.990E+02
      0.251E-02      0.131E+01      0.549E+00      0.722E+09     -0.990E+02     -0.990E+02
      0.263E-02      0.131E+01      0.549E+00      0.722E+09     -0.990E+02     -0.990E+02
      0.275E-02      0.131E+01      0.549E+00      0.722E+09     -0.990E+02     -0.990E+02
      0.288E-02      0.131E+01      0.549E+00      0.722E+09     -0.990E+02     -0.990E+02
      0.302E-02      0.131E+01      0.549E+00      0.722E+09     -0.990E+02     -0.990E+02
      0.316E-02      0.131E+01      0.549E+00      0.722E+09     -0.990E+02     -0.990E+02
      0.331E-02      0.131E+01      0.549E+00      0.722E+09     -0.990E+02     -0.990E+02
      0.347E-02      0.131E+01      0.549E+00      0.722E+09     -0.990E+02     -0.990E+02
      0.363E-02      0.131E+01      0.549E+00      0.722E+09     -0.990E+02     -0.990E+02
      0.380E-02      0.131E+01      0.549E+00      0.722E+09     -0.990E+02     -0.990E+02
      0.398E-02      0.131E+01      0.549E+00      0.722E+09     -0.990E+02     -0.990E+02
      0.417E-02      0.131E+01      0.549E+00      0.722E+09     -0.990E+02     -0.990E+02
      0.437E-02      0.131E+01      0.549E+00      0.722E+09     -0.990E+02     -0.990E+02
      0.457E-02      0.131E+01      0.549E+00      0.722E+09     -0.990E+02     -0.990E+02
      0.479E-02      0.131E+01      0.549E+00      0.722E+09     -0.990E+02     -0.990E+02
      0.501E-02      0.131E+01      0.549E+00      0.722E+09     -0.990E+02     -0.990E+02
      0.525E-02      0.131E+01      0.549E+00      0.722E+09     -0.990E+02     -0.990E+02
      0.550E-02      0.131E+01      0.549E+00      0.722E+09     -0.990E+02     -0.990E+02
      0.575E-02      0.131E+01      0.549E+00      0.722E+09     -0.990E+02     -0.990E+02
      0.603E-02      0.131E+01      0.549E+00      0.722E+09     -0.990E+02     -0.990E+02
      0.631E-02      0.131E+01      0.549E+00      0.722E+09     -0.990E+02     -0.990E+02
      0.661E-02      0.131E+01      0.549E+00      0.722E+09     -0.990E+02     -0.990E+02
      0.692E-02      0.131E+01      0.549E+00      0.722E+09     -0.990E+02     -0.990E+02
      0.724E-02      0.131E+01      0.549E+00      0.722E+09     -0.990E+02     -0.990E+02
      0.759E-02      0.131E+01      0.549E+00      0.722E+09     -0.990E+02     -0.990E+02
      0.794E-02      0.131E+01      0.549E+00      0.722E+09     -0.990E+02     -0.990E+02
      0.832E-02      0.131E+01      0.549E+00      0.722E+09     -0.990E+02     -0.990E+02
      0.871E-02      0.131E+01      0.549E+00      0.722E+09     -0.990E+02     -0.990E+02
      0.912E-02      0.131E+01      0.549E+00      0.722E+09     -0.990E+02     -0.990E+02
      0.955E-02      0.131E+01      0.549E+00      0.722E+09     -0.990E+02     -0.990E+02
      0.100E-01      0.131E+01      0.549E+00      0.722E+09     -0.584E+00      0.396E+00
      0.105E-01      0.790E+00      0.345E+00      0.708E+09     -0.585E+00      0.396E+00
      0.110E-01      0.786E+00      0.343E+00      0.708E+09     -0.585E+00      0.396E+00
      0.115E-01      0.784E+00      0.342E+00      0.708E+09     -0.585E+00      0.397E+00
      0.120E-01      0.782E+00      0.341E+00      0.707E+09     -0.586E+00      0.397E+00
      0.126E-01      0.782E+00      0.341E+00      0.707E+09     -0.586E+00      0.397E+00
      0.132E-01      0.787E+00      0.343E+00      0.707E+09     -0.588E+00      0.398E+00
      0.138E-01      0.784E+00      0.342E+00      0.706E+09     -0.588E+00      0.398E+00
      0.144E-01      0.776E+00      0.338E+00      0.706E+09     -0.588E+00      0.398E+00
      0.151E-01      0.778E+00      0.339E+00      0.705E+09     -0.589E+00      0.399E+00
      0.159E-01      0.779E+00      0.339E+00      0.705E+09     -0.589E+00      0.399E+00
      0.166E-01      0.777E+00      0.338E+00      0.704E+09     -0.589E+00      0.399E+00
      0.174E-01      0.778E+00      0.339E+00      0.704E+09     -0.591E+00      0.400E+00
      0.182E-01      0.779E+00      0.339E+00      0.703E+09     -0.591E+00      0.401E+00
      0.191E-01      0.777E+00      0.338E+00      0.703E+09     -0.592E+00      0.401E+00
      0.200E-01      0.773E+00      0.336E+00      0.702E+09     -0.594E+00      0.402E+00
      0.209E-01      0.770E+00      0.335E+00      0.702E+09     -0.594E+00      0.402E+00
      0.219E-01      0.770E+00      0.335E+00      0.701E+09     -0.595E+00      0.403E+00
      0.229E-01      0.769E+00      0.335E+00      0.700E+09     -0.596E+00      0.404E+00
      0.240E-01      0.768E+00      0.334E+00      0.700E+09     -0.597E+00      0.405E+00
      0.251E-01      0.768E+00      0.334E+00      0.699E+09     -0.598E+00      0.405E+00
      0.263E-01      0.766E+00      0.333E+00      0.698E+09     -0.599E+00      0.406E+00
      0.275E-01      0.763E+00      0.332E+00      0.697E+09     -0.601E+00      0.407E+00
      0.290E-01      0.761E+00      0.331E+00      0.697E+09     -0.602E+00      0.408E+00
      0.300E-01      0.760E+00      0.330E+00      0.696E+09     -0.603E+00      0.409E+00
      0.310E-01      0.759E+00      0.330E+00      0.695E+09     -0.604E+00      0.409E+00
      0.320E-01      0.757E+00      0.329E+00      0.695E+09     -0.605E+00      0.410E+00
      0.330E-01      0.756E+00      0.328E+00      0.694E+09     -0.605E+00      0.411E+00
      0.340E-01      0.754E+00      0.328E+00      0.693E+09     -0.607E+00      0.412E+00
      0.350E-01      0.753E+00      0.327E+00      0.693E+09     -0.608E+00      0.412E+00
      0.360E-01      0.752E+00      0.327E+00      0.692E+09     -0.609E+00      0.413E+00
      0.370E-01      0.751E+00      0.326E+00      0.691E+09     -0.610E+00      0.414E+00
      0.380E-01      0.749E+00      0.325E+00      0.691E+09     -0.611E+00      0.415E+00
      0.390E-01      0.748E+00      0.325E+00      0.690E+09     -0.612E+00      0.415E+00
      0.400E-01      0.746E+00      0.324E+00      0.690E+09     -0.612E+00      0.416E+00
      0.425E-01      0.742E+00      0.323E+00      0.689E+09     -0.616E+00      0.418E+00
      0.450E-01      0.739E+00      0.322E+00      0.687E+09     -0.618E+00      0.420E+00
      0.475E-01      0.735E+00      0.320E+00      0.686E+09     -0.620E+00      0.422E+00
      0.500E-01      0.732E+00      0.318E+00      0.684E+09     -0.623E+00      0.425E+00
      0.525E-01      0.729E+00      0.317E+00      0.683E+09     -0.625E+00      0.427E+00
      0.550E-01      0.724E+00      0.315E+00      0.681E+09     -0.629E+00      0.429E+00
      0.571E-01      0.722E+00      0.315E+00      0.680E+09     -0.631E+00      0.431E+00
      0.640E-01      0.712E+00      0.311E+00      0.677E+09     -0.639E+00      0.438E+00
      0.719E-01      0.700E+00      0.307E+00      0.673E+09     -0.647E+00      0.446E+00
      0.806E-01      0.688E+00      0.303E+00      0.669E+09     -0.657E+00      0.455E+00
      0.905E-01      0.674E+00      0.299E+00      0.664E+09     -0.670E+00      0.468E+00
      0.102E+00      0.658E+00      0.294E+00      0.658E+09     -0.684E+00      0.482E+00
      0.114E+00      0.641E+00      0.290E+00      0.653E+09     -0.701E+00      0.500E+00
      0.128E+00      0.621E+00      0.285E+00      0.646E+09     -0.720E+00      0.522E+00
      0.143E+00      0.606E+00      0.282E+00      0.639E+09     -0.745E+00      0.544E+00
      0.161E+00      0.593E+00      0.278E+00      0.632E+09     -0.775E+00      0.567E+00
      0.181E+00      0.592E+00      0.279E+00      0.624E+09     -0.783E+00      0.576E+00
      0.203E+00      0.590E+00      0.279E+00      0.615E+09     -0.792E+00      0.588E+00
      0.227E+00      0.584E+00      0.280E+00      0.605E+09     -0.802E+00      0.605E+00
      0.255E+00      0.578E+00      0.282E+00      0.594E+09     -0.815E+00      0.627E+00
      0.286E+00      0.571E+00      0.285E+00      0.582E+09     -0.828E+00      0.655E+00
      0.321E+00      0.563E+00      0.289E+00      0.569E+09     -0.843E+00      0.688E+00
      0.360E+00      0.556E+00      0.296E+00      0.554E+09     -0.861E+00      0.731E+00
      0.404E+00      0.552E+00      0.306E+00      0.538E+09     -0.880E+00      0.780E+00
      0.453E+00      0.554E+00      0.315E+00      0.520E+09     -0.891E+00      0.807E+00
      0.509E+00      0.540E+00      0.297E+00      0.501E+09     -0.887E+00      0.771E+00
      0.571E+00      0.527E+00      0.280E+00      0.479E+09     -0.885E+00      0.738E+00
      0.641E+00      0.511E+00      0.265E+00      0.456E+09     -0.882E+00      0.710E+00
      0.719E+00      0.499E+00      0.252E+00      0.431E+09     -0.874E+00      0.678E+00
      0.806E+00      0.484E+00      0.246E+00      0.403E+09     -0.848E+00      0.655E+00
      0.905E+00      0.454E+00      0.247E+00      0.374E+09     -0.814E+00      0.661E+00
      0.102E+01      0.363E+00      0.191E+00      0.343E+09     -0.804E+00      0.651E+00
      0.114E+01      0.275E+00      0.147E+00      0.315E+09     -0.803E+00      0.692E+00
      0.128E+01      0.278E+00      0.151E+00      0.292E+09     -0.713E+00      0.614E+00
      0.143E+01      0.277E+00      0.164E+00      0.266E+09     -0.622E+00      0.541E+00
      0.161E+01      0.283E+00      0.142E+00      0.237E+09     -0.716E+00      0.518E+00
      0.168E+01      0.306E+00      0.146E+00      0.215E+09     -0.766E+00      0.537E+00
      0.170E+01      0.319E+00      0.149E+00      0.206E+09     -0.776E+00      0.538E+00
      0.180E+01      0.393E+00      0.177E+00      0.194E+09     -0.810E+00      0.542E+00
      0.190E+01      0.457E+00      0.211E+00      0.170E+09     -0.832E+00      0.566E+00
      0.200E+01      0.403E+00      0.184E+00      0.142E+09     -0.844E+00      0.555E+00
      0.210E+01      0.312E+00      0.152E+00      0.117E+09     -0.858E+00      0.570E+00
      0.220E+01      0.239E+00      0.135E+00      0.983E+08     -0.877E+00      0.677E+00
      0.230E+01      0.211E+00      0.112E+00      0.837E+08     -0.867E+00      0.603E+00
      0.240E+01      0.186E+00      0.102E+00      0.708E+08     -0.853E+00      0.604E+00
      0.250E+01      0.164E+00      0.880E-01      0.595E+08     -0.795E+00      0.555E+00
      0.260E+01      0.138E+00      0.781E-01      0.496E+08     -0.663E+00      0.505E+00
      0.275E+01      0.105E+00      0.700E-01      0.392E+08     -0.466E+00      0.495E+00
      0.300E+01      0.887E-01      0.573E-01      0.267E+08     -0.618E+00      0.544E+00
      0.325E+01      0.596E-01      0.393E-01      0.135E+08     -0.668E+00      0.592E+00
      0.350E+01      0.284E-01      0.275E-01      0.461E+07     -0.198E+00      0.348E+00
      0.375E+01      0.241E-02      0.359E-02      0.372E+06     -0.444E+00      0.110E+01
      0.400E+01      0.873E-04      0.235E-02      0.174E+05     -0.758E+00      0.209E+02
      0.425E+01      0.207E-04      0.172E-02      0.472E+04     -0.155E+00      0.194E+02
      0.450E+01      0.109E-04      0.821E-03      0.169E+04     -0.389E+00      0.373E+02
      0.475E+01      0.429E-06      0.183E-03      0.108E+03     -0.453E+00      0.201E+03
      0.500E+01      0.265E-06      0.141E-03      0.454E+02     -0.209E+00      0.153E+03
      0.525E+01      0.481E-07      0.277E-04      0.690E+01     -0.596E+00      0.409E+03
      0.550E+01      0.941E-10      0.916E-07      0.136E-01     -0.199E+01      0.286E+04
      0.575E+01      0.000E+00      0.000E+00      0.000E+00     -0.990E+02     -0.990E+02
      0.600E+01      0.000E+00      0.000E+00      0.000E+00     -0.990E+02     -0.990E+02
      0.625E+01      0.000E+00      0.000E+00      0.000E+00     -0.990E+02     -0.990E+02
      0.650E+01      0.000E+00      0.000E+00      0.000E+00     -0.990E+02     -0.990E+02
      0.675E+01      0.000E+00      0.000E+00      0.000E+00     -0.990E+02     -0.990E+02
      0.700E+01      0.000E+00      0.000E+00      0.000E+00     -0.990E+02     -0.990E+02
      0.725E+01      0.000E+00      0.000E+00      0.000E+00     -0.990E+02     -0.990E+02
      0.750E+01      0.000E+00      0.000E+00      0.000E+00     -0.990E+02     -0.990E+02
      0.775E+01      0.000E+00      0.000E+00      0.000E+00     -0.990E+02     -0.990E+02
      0.800E+01      0.000E+00      0.000E+00      0.000E+00     -0.990E+02     -0.990E+02
      0.825E+01      0.000E+00      0.000E+00      0.000E+00     -0.990E+02     -0.990E+02
      0.850E+01      0.000E+00      0.000E+00      0.000E+00     -0.990E+02     -0.990E+02
      0.875E+01      0.000E+00      0.000E+00      0.000E+00     -0.990E+02     -0.990E+02
      0.900E+01      0.000E+00      0.000E+00      0.000E+00     -0.990E+02     -0.990E+02
      0.925E+01      0.000E+00      0.000E+00      0.000E+00     -0.990E+02     -0.990E+02
      0.950E+01      0.000E+00      0.000E+00      0.000E+00     -0.990E+02     -0.990E+02
      0.975E+01      0.000E+00      0.000E+00      0.000E+00     -0.990E+02     -0.990E+02
      0.100E+02      0.000E+00      0.000E+00      0.000E+00     -0.990E+02     -0.990E+02
      0.102E+02      0.000E+00      0.000E+00      0.000E+00     -0.990E+02     -0.990E+02
      0.105E+02      0.000E+00      0.000E+00      0.000E+00     -0.990E+02     -0.990E+02
      0.108E+02      0.000E+00      0.000E+00      0.000E+00     -0.990E+02     -0.990E+02
      0.110E+02      0.000E+00      0.000E+00      0.000E+00     -0.990E+02     -0.990E+02
      0.112E+02      0.000E+00      0.000E+00      0.000E+00     -0.990E+02     -0.990E+02
      0.115E+02      0.000E+00      0.000E+00      0.000E+00     -0.990E+02     -0.990E+02
      0.118E+02      0.000E+00      0.000E+00      0.000E+00     -0.990E+02     -0.990E+02
      0.120E+02      0.000E+00      0.000E+00      0.000E+00     -0.990E+02     -0.990E+02
      0.122E+02      0.000E+00      0.000E+00      0.000E+00     -0.990E+02     -0.990E+02
      0.125E+02      0.000E+00      0.000E+00      0.000E+00     -0.990E+02     -0.990E+02
      0.128E+02      0.000E+00      0.000E+00      0.000E+00     -0.990E+02     -0.990E+02
      0.130E+02      0.000E+00      0.000E+00      0.000E+00     -0.990E+02     -0.990E+02
      0.132E+02      0.000E+00      0.000E+00      0.000E+00     -0.990E+02     -0.990E+02
      0.135E+02      0.000E+00      0.000E+00      0.000E+00     -0.990E+02     -0.990E+02
      0.138E+02      0.000E+00      0.000E+00      0.000E+00     -0.990E+02     -0.990E+02
      0.140E+02      0.000E+00      0.000E+00      0.000E+00     -0.990E+02     -0.990E+02
      0.142E+02      0.000E+00      0.000E+00      0.000E+00     -0.990E+02     -0.990E+02
      0.145E+02      0.000E+00      0.000E+00      0.000E+00     -0.990E+02     -0.990E+02
      0.148E+02      0.000E+00      0.000E+00      0.000E+00     -0.990E+02     -0.990E+02
      0.150E+02      0.000E+00      0.000E+00      0.000E+00     -0.990E+02     -0.990E+02
      0.152E+02      0.000E+00      0.000E+00      0.000E+00     -0.990E+02     -0.990E+02
      0.155E+02      0.000E+00      0.000E+00      0.000E+00     -0.990E+02     -0.990E+02
      0.158E+02      0.000E+00      0.000E+00      0.000E+00     -0.990E+02     -0.990E+02
      0.160E+02      0.000E+00      0.000E+00      0.000E+00     -0.990E+02     -0.990E+02
      0.162E+02      0.000E+00      0.000E+00      0.000E+00     -0.990E+02     -0.990E+02
      0.165E+02      0.000E+00      0.000E+00      0.000E+00     -0.990E+02     -0.990E+02
      0.168E+02      0.000E+00      0.000E+00      0.000E+00     -0.990E+02     -0.990E+02
      0.170E+02      0.000E+00      0.000E+00      0.000E+00     -0.990E+02     -0.990E+02
      0.172E+02      0.000E+00      0.000E+00      0.000E+00     -0.990E+02     -0.990E+02
      0.175E+02      0.000E+00      0.000E+00      0.000E+00     -0.990E+02     -0.990E+02
      0.178E+02      0.000E+00      0.000E+00      0.000E+00     -0.990E+02     -0.990E+02
      0.180E+02      0.000E+00      0.000E+00      0.000E+00     -0.990E+02     -0.990E+02
      0.182E+02      0.000E+00      0.000E+00      0.000E+00     -0.990E+02     -0.990E+02
      0.185E+02      0.000E+00      0.000E+00      0.000E+00     -0.990E+02     -0.990E+02
      0.188E+02      0.000E+00      0.000E+00      0.000E+00     -0.990E+02     -0.990E+02
      0.190E+02      0.000E+00      0.000E+00      0.000E+00     -0.990E+02     -0.990E+02
      0.192E+02      0.000E+00      0.000E+00      0.000E+00     -0.990E+02     -0.990E+02
      0.195E+02      0.000E+00      0.000E+00      0.000E+00     -0.990E+02     -0.990E+02
      0.198E+02      0.000E+00      0.000E+00      0.000E+00     -0.990E+02     -0.990E+02
      0.200E+02      0.000E+00      0.000E+00      0.000E+00     -0.990E+02     -0.990E+02
