      0.000E+00      0.149E+01      0.132E+00      0.113E+10     -0.990E+02     -0.990E+02
      0.100E-03      0.149E+01      0.132E+00      0.113E+10     -0.990E+02     -0.990E+02
      0.140E-03      0.149E+01      0.132E+00      0.113E+10     -0.990E+02     -0.990E+02
      0.160E-03      0.149E+01      0.132E+00      0.113E+10     -0.990E+02     -0.990E+02
      0.180E-03      0.149E+01      0.132E+00      0.113E+10     -0.990E+02     -0.990E+02
      0.200E-03      0.149E+01      0.132E+00      0.113E+10     -0.990E+02     -0.990E+02
      0.220E-03      0.149E+01      0.132E+00      0.113E+10     -0.990E+02     -0.990E+02
      0.250E-03      0.149E+01      0.132E+00      0.113E+10     -0.990E+02     -0.990E+02
      0.280E-03      0.149E+01      0.132E+00      0.113E+10     -0.990E+02     -0.990E+02
      0.320E-03      0.149E+01      0.132E+00      0.113E+10     -0.990E+02     -0.990E+02
      0.350E-03      0.149E+01      0.132E+00      0.113E+10     -0.990E+02     -0.990E+02
      0.400E-03      0.149E+01      0.132E+00      0.113E+10     -0.990E+02     -0.990E+02
      0.450E-03      0.149E+01      0.132E+00      0.113E+10     -0.990E+02     -0.990E+02
      0.500E-03      0.149E+01      0.132E+00      0.113E+10     -0.990E+02     -0.990E+02
      0.560E-03      0.149E+01      0.132E+00      0.113E+10     -0.990E+02     -0.990E+02
      0.630E-03      0.149E+01      0.132E+00      0.113E+10     -0.990E+02     -0.990E+02
      0.710E-03      0.149E+01      0.132E+00      0.113E+10     -0.990E+02     -0.990E+02
      0.790E-03      0.149E+01      0.132E+00      0.113E+10     -0.990E+02     -0.990E+02
      0.890E-03      0.149E+01      0.132E+00      0.113E+10     -0.990E+02     -0.990E+02
      0.100E-02      0.149E+01      0.132E+00      0.113E+10     -0.990E+02     -0.990E+02
      0.105E-02      0.149E+01      0.132E+00      0.113E+10     -0.990E+02     -0.990E+02
      0.110E-02      0.149E+01      0.132E+00      0.113E+10     -0.990E+02     -0.990E+02
      0.115E-02      0.149E+01      0.132E+00      0.113E+10     -0.990E+02     -0.990E+02
      0.120E-02      0.149E+01      0.132E+00      0.113E+10     -0.990E+02     -0.990E+02
      0.126E-02      0.149E+01      0.132E+00      0.113E+10     -0.990E+02     -0.990E+02
      0.132E-02      0.149E+01      0.132E+00      0.113E+10     -0.990E+02     -0.990E+02
      0.138E-02      0.149E+01      0.132E+00      0.113E+10     -0.990E+02     -0.990E+02
      0.145E-02      0.149E+01      0.132E+00      0.113E+10     -0.990E+02     -0.990E+02
      0.151E-02      0.149E+01      0.132E+00      0.113E+10     -0.990E+02     -0.990E+02
      0.158E-02      0.149E+01      0.132E+00      0.113E+10     -0.990E+02     -0.990E+02
      0.166E-02      0.149E+01      0.132E+00      0.113E+10     -0.990E+02     -0.990E+02
      0.174E-02      0.149E+01      0.132E+00      0.113E+10     -0.990E+02     -0.990E+02
      0.182E-02      0.149E+01      0.132E+00      0.113E+10     -0.990E+02     -0.990E+02
      0.191E-02      0.149E+01      0.132E+00      0.113E+10     -0.990E+02     -0.990E+02
      0.200E-02      0.149E+01      0.132E+00      0.113E+10     -0.990E+02     -0.990E+02
      0.209E-02      0.149E+01      0.132E+00      0.113E+10     -0.990E+02     -0.990E+02
      0.219E-02      0.149E+01      0.132E+00      0.113E+10     -0.990E+02     -0.990E+02
      0.229E-02      0.149E+01      0.132E+00      0.113E+10     -0.990E+02     -0.990E+02
      0.240E-02      0.149E+01      0.132E+00      0.113E+10     -0.990E+02     -0.990E+02
      0.251E-02      0.149E+01      0.132E+00      0.113E+10     -0.990E+02     -0.990E+02
      0.263E-02      0.149E+01      0.132E+00      0.113E+10     -0.990E+02     -0.990E+02
      0.275E-02      0.149E+01      0.132E+00      0.113E+10     -0.990E+02     -0.990E+02
      0.288E-02      0.149E+01      0.132E+00      0.113E+10     -0.990E+02     -0.990E+02
      0.302E-02      0.149E+01      0.132E+00      0.113E+10     -0.990E+02     -0.990E+02
      0.316E-02      0.149E+01      0.132E+00      0.113E+10     -0.990E+02     -0.990E+02
      0.331E-02      0.149E+01      0.132E+00      0.113E+10     -0.990E+02     -0.990E+02
      0.347E-02      0.149E+01      0.132E+00      0.113E+10     -0.990E+02     -0.990E+02
      0.363E-02      0.149E+01      0.132E+00      0.113E+10     -0.990E+02     -0.990E+02
      0.380E-02      0.149E+01      0.132E+00      0.113E+10     -0.990E+02     -0.990E+02
      0.398E-02      0.149E+01      0.132E+00      0.113E+10     -0.990E+02     -0.990E+02
      0.417E-02      0.149E+01      0.132E+00      0.113E+10     -0.990E+02     -0.990E+02
      0.437E-02      0.149E+01      0.132E+00      0.113E+10     -0.990E+02     -0.990E+02
      0.457E-02      0.149E+01      0.132E+00      0.113E+10     -0.990E+02     -0.990E+02
      0.479E-02      0.149E+01      0.132E+00      0.113E+10     -0.990E+02     -0.990E+02
      0.501E-02      0.149E+01      0.132E+00      0.113E+10     -0.990E+02     -0.990E+02
      0.525E-02      0.149E+01      0.132E+00      0.113E+10     -0.990E+02     -0.990E+02
      0.550E-02      0.149E+01      0.132E+00      0.113E+10     -0.990E+02     -0.990E+02
      0.575E-02      0.149E+01      0.132E+00      0.113E+10     -0.990E+02     -0.990E+02
      0.603E-02      0.149E+01      0.132E+00      0.113E+10     -0.990E+02     -0.990E+02
      0.631E-02      0.149E+01      0.132E+00      0.113E+10     -0.990E+02     -0.990E+02
      0.661E-02      0.149E+01      0.132E+00      0.113E+10     -0.990E+02     -0.990E+02
      0.692E-02      0.149E+01      0.132E+00      0.113E+10     -0.990E+02     -0.990E+02
      0.724E-02      0.149E+01      0.132E+00      0.113E+10     -0.990E+02     -0.990E+02
      0.759E-02      0.149E+01      0.132E+00      0.113E+10     -0.990E+02     -0.990E+02
      0.794E-02      0.149E+01      0.132E+00      0.113E+10     -0.990E+02     -0.990E+02
      0.832E-02      0.149E+01      0.132E+00      0.113E+10     -0.990E+02     -0.990E+02
      0.871E-02      0.149E+01      0.132E+00      0.113E+10     -0.990E+02     -0.990E+02
      0.912E-02      0.149E+01      0.132E+00      0.113E+10     -0.990E+02     -0.990E+02
      0.955E-02      0.149E+01      0.132E+00      0.113E+10     -0.990E+02     -0.990E+02
      0.100E-01      0.149E+01      0.132E+00      0.113E+10     -0.163E+00      0.107E+00
      0.105E-01      0.521E+00      0.230E+00      0.111E+10     -0.163E+00      0.107E+00
      0.110E-01      0.519E+00      0.229E+00      0.111E+10     -0.163E+00      0.107E+00
      0.115E-01      0.517E+00      0.228E+00      0.111E+10     -0.163E+00      0.107E+00
      0.120E-01      0.517E+00      0.228E+00      0.111E+10     -0.163E+00      0.107E+00
      0.126E-01      0.517E+00      0.228E+00      0.111E+10     -0.162E+00      0.107E+00
      0.132E-01      0.520E+00      0.229E+00      0.111E+10     -0.162E+00      0.107E+00
      0.138E-01      0.519E+00      0.228E+00      0.111E+10     -0.162E+00      0.107E+00
      0.144E-01      0.515E+00      0.226E+00      0.111E+10     -0.162E+00      0.107E+00
      0.151E-01      0.517E+00      0.227E+00      0.111E+10     -0.162E+00      0.106E+00
      0.159E-01      0.518E+00      0.227E+00      0.111E+10     -0.162E+00      0.106E+00
      0.166E-01      0.518E+00      0.227E+00      0.111E+10     -0.162E+00      0.106E+00
      0.174E-01      0.519E+00      0.227E+00      0.111E+10     -0.162E+00      0.106E+00
      0.182E-01      0.520E+00      0.228E+00      0.111E+10     -0.161E+00      0.106E+00
      0.191E-01      0.521E+00      0.228E+00      0.111E+10     -0.161E+00      0.106E+00
      0.200E-01      0.517E+00      0.226E+00      0.111E+10     -0.161E+00      0.106E+00
      0.209E-01      0.517E+00      0.226E+00      0.111E+10     -0.161E+00      0.106E+00
      0.219E-01      0.517E+00      0.226E+00      0.111E+10     -0.161E+00      0.105E+00
      0.229E-01      0.520E+00      0.226E+00      0.111E+10     -0.161E+00      0.105E+00
      0.240E-01      0.518E+00      0.226E+00      0.110E+10     -0.160E+00      0.105E+00
      0.251E-01      0.520E+00      0.226E+00      0.110E+10     -0.160E+00      0.105E+00
      0.263E-01      0.519E+00      0.226E+00      0.110E+10     -0.160E+00      0.105E+00
      0.275E-01      0.517E+00      0.225E+00      0.110E+10     -0.160E+00      0.105E+00
      0.290E-01      0.519E+00      0.225E+00      0.110E+10     -0.160E+00      0.104E+00
      0.300E-01      0.520E+00      0.225E+00      0.110E+10     -0.159E+00      0.104E+00
      0.310E-01      0.518E+00      0.224E+00      0.110E+10     -0.159E+00      0.104E+00
      0.320E-01      0.518E+00      0.224E+00      0.110E+10     -0.159E+00      0.104E+00
      0.330E-01      0.519E+00      0.224E+00      0.110E+10     -0.159E+00      0.104E+00
      0.340E-01      0.519E+00      0.224E+00      0.110E+10     -0.158E+00      0.104E+00
      0.350E-01      0.519E+00      0.224E+00      0.110E+10     -0.158E+00      0.104E+00
      0.360E-01      0.519E+00      0.224E+00      0.110E+10     -0.158E+00      0.104E+00
      0.370E-01      0.520E+00      0.224E+00      0.110E+10     -0.158E+00      0.103E+00
      0.380E-01      0.520E+00      0.223E+00      0.110E+10     -0.158E+00      0.103E+00
      0.390E-01      0.520E+00      0.223E+00      0.110E+10     -0.158E+00      0.103E+00
      0.400E-01      0.519E+00      0.223E+00      0.110E+10     -0.158E+00      0.103E+00
      0.425E-01      0.520E+00      0.222E+00      0.110E+10     -0.157E+00      0.103E+00
      0.450E-01      0.520E+00      0.222E+00      0.110E+10     -0.157E+00      0.102E+00
      0.475E-01      0.520E+00      0.222E+00      0.110E+10     -0.156E+00      0.102E+00
      0.500E-01      0.520E+00      0.221E+00      0.109E+10     -0.156E+00      0.102E+00
      0.525E-01      0.520E+00      0.220E+00      0.109E+10     -0.155E+00      0.101E+00
      0.550E-01      0.520E+00      0.220E+00      0.109E+10     -0.155E+00      0.101E+00
      0.571E-01      0.520E+00      0.220E+00      0.109E+10     -0.155E+00      0.101E+00
      0.640E-01      0.521E+00      0.219E+00      0.109E+10     -0.153E+00      0.100E+00
      0.719E-01      0.521E+00      0.217E+00      0.109E+10     -0.152E+00      0.992E-01
      0.806E-01      0.522E+00      0.216E+00      0.108E+10     -0.150E+00      0.983E-01
      0.905E-01      0.522E+00      0.214E+00      0.108E+10     -0.149E+00      0.973E-01
      0.102E+00      0.523E+00      0.213E+00      0.107E+10     -0.147E+00      0.965E-01
      0.114E+00      0.523E+00      0.211E+00      0.107E+10     -0.144E+00      0.955E-01
      0.128E+00      0.522E+00      0.208E+00      0.106E+10     -0.143E+00      0.945E-01
      0.143E+00      0.520E+00      0.203E+00      0.106E+10     -0.141E+00      0.936E-01
      0.161E+00      0.516E+00      0.197E+00      0.105E+10     -0.139E+00      0.929E-01
      0.181E+00      0.513E+00      0.192E+00      0.105E+10     -0.137E+00      0.924E-01
      0.203E+00      0.510E+00      0.185E+00      0.104E+10     -0.136E+00      0.913E-01
      0.227E+00      0.507E+00      0.176E+00      0.103E+10     -0.139E+00      0.880E-01
      0.255E+00      0.503E+00      0.166E+00      0.102E+10     -0.143E+00      0.847E-01
      0.286E+00      0.500E+00      0.157E+00      0.101E+10     -0.147E+00      0.815E-01
      0.321E+00      0.495E+00      0.151E+00      0.997E+09     -0.152E+00      0.788E-01
      0.360E+00      0.490E+00      0.147E+00      0.984E+09     -0.158E+00      0.771E-01
      0.404E+00      0.490E+00      0.147E+00      0.970E+09     -0.163E+00      0.748E-01
      0.453E+00      0.501E+00      0.148E+00      0.954E+09     -0.173E+00      0.735E-01
      0.509E+00      0.560E+00      0.146E+00      0.935E+09     -0.209E+00      0.747E-01
      0.571E+00      0.627E+00      0.153E+00      0.913E+09     -0.240E+00      0.798E-01
      0.641E+00      0.701E+00      0.170E+00      0.885E+09     -0.268E+00      0.883E-01
      0.719E+00      0.768E+00      0.181E+00      0.850E+09     -0.299E+00      0.978E-01
      0.806E+00      0.801E+00      0.179E+00      0.807E+09     -0.345E+00      0.123E+00
      0.905E+00      0.838E+00      0.218E+00      0.758E+09     -0.389E+00      0.171E+00
      0.102E+01      0.760E+00      0.207E+00      0.700E+09     -0.372E+00      0.169E+00
      0.114E+01      0.583E+00      0.163E+00      0.642E+09     -0.290E+00      0.122E+00
      0.128E+01      0.550E+00      0.161E+00      0.592E+09     -0.271E+00      0.104E+00
      0.143E+01      0.644E+00      0.203E+00      0.540E+09     -0.317E+00      0.127E+00
      0.161E+01      0.584E+00      0.206E+00      0.472E+09     -0.311E+00      0.141E+00
      0.168E+01      0.543E+00      0.193E+00      0.427E+09     -0.313E+00      0.151E+00
      0.170E+01      0.532E+00      0.189E+00      0.411E+09     -0.316E+00      0.154E+00
      0.180E+01      0.510E+00      0.164E+00      0.391E+09     -0.355E+00      0.162E+00
      0.190E+01      0.490E+00      0.157E+00      0.359E+09     -0.394E+00      0.185E+00
      0.200E+01      0.461E+00      0.147E+00      0.329E+09     -0.393E+00      0.174E+00
      0.210E+01      0.420E+00      0.143E+00      0.300E+09     -0.354E+00      0.155E+00
      0.220E+01      0.389E+00      0.162E+00      0.275E+09     -0.313E+00      0.186E+00
      0.230E+01      0.522E+00      0.146E+00      0.251E+09     -0.402E+00      0.174E+00
      0.240E+01      0.657E+00      0.184E+00      0.219E+09     -0.453E+00      0.198E+00
      0.250E+01      0.682E+00      0.191E+00      0.179E+09     -0.473E+00      0.194E+00
      0.260E+01      0.613E+00      0.169E+00      0.138E+09     -0.486E+00      0.179E+00
      0.275E+01      0.482E+00      0.138E+00      0.923E+08     -0.557E+00      0.197E+00
      0.300E+01      0.218E+00      0.859E-01      0.346E+08     -0.909E+00      0.399E+00
      0.325E+01      0.157E-01      0.312E-01      0.239E+07     -0.280E+00      0.788E+00
      0.350E+01      0.186E-03      0.694E-03      0.468E+05     -0.584E-01      0.664E+00
      0.375E+01      0.119E-03      0.326E-03      0.190E+05     -0.343E+00      0.132E+01
      0.400E+01      0.930E-05      0.859E-04      0.152E+04     -0.718E+00      0.805E+01
      0.425E+01      0.118E-05      0.327E-04      0.173E+03     -0.265E+00      0.101E+02
      0.450E+01      0.578E-18      0.108E-10      0.833E-10     -0.147E+01      0.409E+08
      0.475E+01      0.134E-21      0.758E-12      0.192E-13     -0.827E+00       Infinity
      0.500E+01      0.000E+00      0.633E-30      0.000E+00     -0.990E+02     -0.990E+02
      0.525E+01      0.000E+00      0.000E+00      0.000E+00     -0.990E+02     -0.990E+02
      0.550E+01      0.000E+00      0.000E+00      0.000E+00     -0.990E+02     -0.990E+02
      0.575E+01      0.000E+00      0.000E+00      0.000E+00     -0.990E+02     -0.990E+02
      0.600E+01      0.000E+00      0.000E+00      0.000E+00     -0.990E+02     -0.990E+02
      0.625E+01      0.000E+00      0.000E+00      0.000E+00     -0.990E+02     -0.990E+02
      0.650E+01      0.000E+00      0.000E+00      0.000E+00     -0.990E+02     -0.990E+02
      0.675E+01      0.000E+00      0.000E+00      0.000E+00     -0.990E+02     -0.990E+02
      0.700E+01      0.000E+00      0.000E+00      0.000E+00     -0.990E+02     -0.990E+02
      0.725E+01      0.000E+00      0.000E+00      0.000E+00     -0.990E+02     -0.990E+02
      0.750E+01      0.000E+00      0.000E+00      0.000E+00     -0.990E+02     -0.990E+02
      0.775E+01      0.000E+00      0.000E+00      0.000E+00     -0.990E+02     -0.990E+02
      0.800E+01      0.000E+00      0.000E+00      0.000E+00     -0.990E+02     -0.990E+02
      0.825E+01      0.000E+00      0.000E+00      0.000E+00     -0.990E+02     -0.990E+02
      0.850E+01      0.000E+00      0.000E+00      0.000E+00     -0.990E+02     -0.990E+02
      0.875E+01      0.000E+00      0.000E+00      0.000E+00     -0.990E+02     -0.990E+02
      0.900E+01      0.000E+00      0.000E+00      0.000E+00     -0.990E+02     -0.990E+02
      0.925E+01      0.000E+00      0.000E+00      0.000E+00     -0.990E+02     -0.990E+02
      0.950E+01      0.000E+00      0.000E+00      0.000E+00     -0.990E+02     -0.990E+02
      0.975E+01      0.000E+00      0.000E+00      0.000E+00     -0.990E+02     -0.990E+02
      0.100E+02      0.000E+00      0.000E+00      0.000E+00     -0.990E+02     -0.990E+02
      0.102E+02      0.000E+00      0.000E+00      0.000E+00     -0.990E+02     -0.990E+02
      0.105E+02      0.000E+00      0.000E+00      0.000E+00     -0.990E+02     -0.990E+02
      0.108E+02      0.000E+00      0.000E+00      0.000E+00     -0.990E+02     -0.990E+02
      0.110E+02      0.000E+00      0.000E+00      0.000E+00     -0.990E+02     -0.990E+02
      0.112E+02      0.000E+00      0.000E+00      0.000E+00     -0.990E+02     -0.990E+02
      0.115E+02      0.000E+00      0.000E+00      0.000E+00     -0.990E+02     -0.990E+02
      0.118E+02      0.000E+00      0.000E+00      0.000E+00     -0.990E+02     -0.990E+02
      0.120E+02      0.000E+00      0.000E+00      0.000E+00     -0.990E+02     -0.990E+02
      0.122E+02      0.000E+00      0.000E+00      0.000E+00     -0.990E+02     -0.990E+02
      0.125E+02      0.000E+00      0.000E+00      0.000E+00     -0.990E+02     -0.990E+02
      0.128E+02      0.000E+00      0.000E+00      0.000E+00     -0.990E+02     -0.990E+02
      0.130E+02      0.000E+00      0.000E+00      0.000E+00     -0.990E+02     -0.990E+02
      0.132E+02      0.000E+00      0.000E+00      0.000E+00     -0.990E+02     -0.990E+02
      0.135E+02      0.000E+00      0.000E+00      0.000E+00     -0.990E+02     -0.990E+02
      0.138E+02      0.000E+00      0.000E+00      0.000E+00     -0.990E+02     -0.990E+02
      0.140E+02      0.000E+00      0.000E+00      0.000E+00     -0.990E+02     -0.990E+02
      0.142E+02      0.000E+00      0.000E+00      0.000E+00     -0.990E+02     -0.990E+02
      0.145E+02      0.000E+00      0.000E+00      0.000E+00     -0.990E+02     -0.990E+02
      0.148E+02      0.000E+00      0.000E+00      0.000E+00     -0.990E+02     -0.990E+02
      0.150E+02      0.000E+00      0.000E+00      0.000E+00     -0.990E+02     -0.990E+02
      0.152E+02      0.000E+00      0.000E+00      0.000E+00     -0.990E+02     -0.990E+02
      0.155E+02      0.000E+00      0.000E+00      0.000E+00     -0.990E+02     -0.990E+02
      0.158E+02      0.000E+00      0.000E+00      0.000E+00     -0.990E+02     -0.990E+02
      0.160E+02      0.000E+00      0.000E+00      0.000E+00     -0.990E+02     -0.990E+02
      0.162E+02      0.000E+00      0.000E+00      0.000E+00     -0.990E+02     -0.990E+02
      0.165E+02      0.000E+00      0.000E+00      0.000E+00     -0.990E+02     -0.990E+02
      0.168E+02      0.000E+00      0.000E+00      0.000E+00     -0.990E+02     -0.990E+02
      0.170E+02      0.000E+00      0.000E+00      0.000E+00     -0.990E+02     -0.990E+02
      0.172E+02      0.000E+00      0.000E+00      0.000E+00     -0.990E+02     -0.990E+02
      0.175E+02      0.000E+00      0.000E+00      0.000E+00     -0.990E+02     -0.990E+02
      0.178E+02      0.000E+00      0.000E+00      0.000E+00     -0.990E+02     -0.990E+02
      0.180E+02      0.000E+00      0.000E+00      0.000E+00     -0.990E+02     -0.990E+02
      0.182E+02      0.000E+00      0.000E+00      0.000E+00     -0.990E+02     -0.990E+02
      0.185E+02      0.000E+00      0.000E+00      0.000E+00     -0.990E+02     -0.990E+02
      0.188E+02      0.000E+00      0.000E+00      0.000E+00     -0.990E+02     -0.990E+02
      0.190E+02      0.000E+00      0.000E+00      0.000E+00     -0.990E+02     -0.990E+02
      0.192E+02      0.000E+00      0.000E+00      0.000E+00     -0.990E+02     -0.990E+02
      0.195E+02      0.000E+00      0.000E+00      0.000E+00     -0.990E+02     -0.990E+02
      0.198E+02      0.000E+00      0.000E+00      0.000E+00     -0.990E+02     -0.990E+02
      0.200E+02      0.000E+00      0.000E+00      0.000E+00     -0.990E+02     -0.990E+02
