      0.000E+00      0.975E+00      0.136E+00      0.506E+09     -0.990E+02     -0.990E+02
      0.100E-03      0.975E+00      0.136E+00      0.506E+09     -0.990E+02     -0.990E+02
      0.140E-03      0.975E+00      0.136E+00      0.506E+09     -0.990E+02     -0.990E+02
      0.160E-03      0.975E+00      0.136E+00      0.506E+09     -0.990E+02     -0.990E+02
      0.180E-03      0.975E+00      0.136E+00      0.506E+09     -0.990E+02     -0.990E+02
      0.200E-03      0.975E+00      0.136E+00      0.506E+09     -0.990E+02     -0.990E+02
      0.220E-03      0.975E+00      0.136E+00      0.506E+09     -0.990E+02     -0.990E+02
      0.250E-03      0.975E+00      0.136E+00      0.506E+09     -0.990E+02     -0.990E+02
      0.280E-03      0.975E+00      0.136E+00      0.506E+09     -0.990E+02     -0.990E+02
      0.320E-03      0.975E+00      0.136E+00      0.506E+09     -0.990E+02     -0.990E+02
      0.350E-03      0.975E+00      0.136E+00      0.506E+09     -0.990E+02     -0.990E+02
      0.400E-03      0.975E+00      0.136E+00      0.506E+09     -0.990E+02     -0.990E+02
      0.450E-03      0.975E+00      0.136E+00      0.506E+09     -0.990E+02     -0.990E+02
      0.500E-03      0.975E+00      0.136E+00      0.506E+09     -0.990E+02     -0.990E+02
      0.560E-03      0.975E+00      0.136E+00      0.506E+09     -0.990E+02     -0.990E+02
      0.630E-03      0.975E+00      0.136E+00      0.506E+09     -0.990E+02     -0.990E+02
      0.710E-03      0.975E+00      0.136E+00      0.506E+09     -0.990E+02     -0.990E+02
      0.790E-03      0.975E+00      0.136E+00      0.506E+09     -0.990E+02     -0.990E+02
      0.890E-03      0.975E+00      0.136E+00      0.506E+09     -0.990E+02     -0.990E+02
      0.100E-02      0.975E+00      0.136E+00      0.506E+09     -0.990E+02     -0.990E+02
      0.105E-02      0.975E+00      0.136E+00      0.506E+09     -0.990E+02     -0.990E+02
      0.110E-02      0.975E+00      0.136E+00      0.506E+09     -0.990E+02     -0.990E+02
      0.115E-02      0.975E+00      0.136E+00      0.506E+09     -0.990E+02     -0.990E+02
      0.120E-02      0.975E+00      0.136E+00      0.506E+09     -0.990E+02     -0.990E+02
      0.126E-02      0.975E+00      0.136E+00      0.506E+09     -0.990E+02     -0.990E+02
      0.132E-02      0.975E+00      0.136E+00      0.506E+09     -0.990E+02     -0.990E+02
      0.138E-02      0.975E+00      0.136E+00      0.506E+09     -0.990E+02     -0.990E+02
      0.145E-02      0.975E+00      0.136E+00      0.506E+09     -0.990E+02     -0.990E+02
      0.151E-02      0.975E+00      0.136E+00      0.506E+09     -0.990E+02     -0.990E+02
      0.158E-02      0.975E+00      0.136E+00      0.506E+09     -0.990E+02     -0.990E+02
      0.166E-02      0.975E+00      0.136E+00      0.506E+09     -0.990E+02     -0.990E+02
      0.174E-02      0.975E+00      0.136E+00      0.506E+09     -0.990E+02     -0.990E+02
      0.182E-02      0.975E+00      0.136E+00      0.506E+09     -0.990E+02     -0.990E+02
      0.191E-02      0.975E+00      0.136E+00      0.506E+09     -0.990E+02     -0.990E+02
      0.200E-02      0.975E+00      0.136E+00      0.506E+09     -0.990E+02     -0.990E+02
      0.209E-02      0.975E+00      0.136E+00      0.506E+09     -0.990E+02     -0.990E+02
      0.219E-02      0.975E+00      0.136E+00      0.506E+09     -0.990E+02     -0.990E+02
      0.229E-02      0.975E+00      0.136E+00      0.506E+09     -0.990E+02     -0.990E+02
      0.240E-02      0.975E+00      0.136E+00      0.506E+09     -0.990E+02     -0.990E+02
      0.251E-02      0.975E+00      0.136E+00      0.506E+09     -0.990E+02     -0.990E+02
      0.263E-02      0.975E+00      0.136E+00      0.506E+09     -0.990E+02     -0.990E+02
      0.275E-02      0.975E+00      0.136E+00      0.506E+09     -0.990E+02     -0.990E+02
      0.288E-02      0.975E+00      0.136E+00      0.506E+09     -0.990E+02     -0.990E+02
      0.302E-02      0.975E+00      0.136E+00      0.506E+09     -0.990E+02     -0.990E+02
      0.316E-02      0.975E+00      0.136E+00      0.506E+09     -0.990E+02     -0.990E+02
      0.331E-02      0.975E+00      0.136E+00      0.506E+09     -0.990E+02     -0.990E+02
      0.347E-02      0.975E+00      0.136E+00      0.506E+09     -0.990E+02     -0.990E+02
      0.363E-02      0.975E+00      0.136E+00      0.506E+09     -0.990E+02     -0.990E+02
      0.380E-02      0.975E+00      0.136E+00      0.506E+09     -0.990E+02     -0.990E+02
      0.398E-02      0.975E+00      0.136E+00      0.506E+09     -0.990E+02     -0.990E+02
      0.417E-02      0.975E+00      0.136E+00      0.506E+09     -0.990E+02     -0.990E+02
      0.437E-02      0.975E+00      0.136E+00      0.506E+09     -0.990E+02     -0.990E+02
      0.457E-02      0.975E+00      0.136E+00      0.506E+09     -0.990E+02     -0.990E+02
      0.479E-02      0.975E+00      0.136E+00      0.506E+09     -0.990E+02     -0.990E+02
      0.501E-02      0.975E+00      0.136E+00      0.506E+09     -0.990E+02     -0.990E+02
      0.525E-02      0.975E+00      0.136E+00      0.506E+09     -0.990E+02     -0.990E+02
      0.550E-02      0.975E+00      0.136E+00      0.506E+09     -0.990E+02     -0.990E+02
      0.575E-02      0.975E+00      0.136E+00      0.506E+09     -0.990E+02     -0.990E+02
      0.603E-02      0.975E+00      0.136E+00      0.506E+09     -0.990E+02     -0.990E+02
      0.631E-02      0.975E+00      0.136E+00      0.506E+09     -0.990E+02     -0.990E+02
      0.661E-02      0.975E+00      0.136E+00      0.506E+09     -0.990E+02     -0.990E+02
      0.692E-02      0.975E+00      0.136E+00      0.506E+09     -0.990E+02     -0.990E+02
      0.724E-02      0.975E+00      0.136E+00      0.506E+09     -0.990E+02     -0.990E+02
      0.759E-02      0.975E+00      0.136E+00      0.506E+09     -0.990E+02     -0.990E+02
      0.794E-02      0.975E+00      0.136E+00      0.506E+09     -0.990E+02     -0.990E+02
      0.832E-02      0.975E+00      0.136E+00      0.506E+09     -0.990E+02     -0.990E+02
      0.871E-02      0.975E+00      0.136E+00      0.506E+09     -0.990E+02     -0.990E+02
      0.912E-02      0.975E+00      0.136E+00      0.506E+09     -0.990E+02     -0.990E+02
      0.955E-02      0.975E+00      0.136E+00      0.506E+09     -0.990E+02     -0.990E+02
      0.100E-01      0.975E+00      0.136E+00      0.506E+09     -0.374E+00      0.545E+00
      0.105E-01      0.885E-01      0.634E-01      0.496E+09     -0.374E+00      0.544E+00
      0.110E-01      0.880E-01      0.630E-01      0.496E+09     -0.374E+00      0.543E+00
      0.115E-01      0.877E-01      0.627E-01      0.496E+09     -0.374E+00      0.543E+00
      0.120E-01      0.877E-01      0.626E-01      0.496E+09     -0.374E+00      0.541E+00
      0.126E-01      0.878E-01      0.627E-01      0.496E+09     -0.374E+00      0.541E+00
      0.132E-01      0.883E-01      0.630E-01      0.496E+09     -0.374E+00      0.540E+00
      0.138E-01      0.880E-01      0.626E-01      0.496E+09     -0.374E+00      0.538E+00
      0.144E-01      0.873E-01      0.621E-01      0.496E+09     -0.374E+00      0.538E+00
      0.151E-01      0.875E-01      0.621E-01      0.495E+09     -0.374E+00      0.536E+00
      0.159E-01      0.877E-01      0.623E-01      0.495E+09     -0.374E+00      0.536E+00
      0.166E-01      0.876E-01      0.622E-01      0.495E+09     -0.374E+00      0.535E+00
      0.174E-01      0.878E-01      0.621E-01      0.495E+09     -0.374E+00      0.534E+00
      0.182E-01      0.881E-01      0.623E-01      0.495E+09     -0.374E+00      0.532E+00
      0.191E-01      0.879E-01      0.621E-01      0.495E+09     -0.374E+00      0.531E+00
      0.200E-01      0.874E-01      0.617E-01      0.495E+09     -0.374E+00      0.530E+00
      0.209E-01      0.873E-01      0.615E-01      0.495E+09     -0.374E+00      0.528E+00
      0.219E-01      0.874E-01      0.614E-01      0.495E+09     -0.374E+00      0.527E+00
      0.229E-01      0.874E-01      0.614E-01      0.495E+09     -0.374E+00      0.525E+00
      0.240E-01      0.873E-01      0.612E-01      0.495E+09     -0.374E+00      0.524E+00
      0.251E-01      0.875E-01      0.612E-01      0.495E+09     -0.374E+00      0.522E+00
      0.263E-01      0.874E-01      0.610E-01      0.495E+09     -0.374E+00      0.520E+00
      0.275E-01      0.871E-01      0.607E-01      0.495E+09     -0.374E+00      0.519E+00
      0.290E-01      0.871E-01      0.606E-01      0.494E+09     -0.374E+00      0.516E+00
      0.300E-01      0.871E-01      0.605E-01      0.494E+09     -0.373E+00      0.515E+00
      0.310E-01      0.871E-01      0.604E-01      0.494E+09     -0.373E+00      0.513E+00
      0.320E-01      0.870E-01      0.602E-01      0.494E+09     -0.373E+00      0.512E+00
      0.330E-01      0.870E-01      0.601E-01      0.494E+09     -0.373E+00      0.511E+00
      0.340E-01      0.869E-01      0.600E-01      0.494E+09     -0.373E+00      0.509E+00
      0.350E-01      0.869E-01      0.598E-01      0.494E+09     -0.373E+00      0.507E+00
      0.360E-01      0.868E-01      0.597E-01      0.494E+09     -0.373E+00      0.506E+00
      0.370E-01      0.867E-01      0.596E-01      0.494E+09     -0.373E+00      0.505E+00
      0.380E-01      0.867E-01      0.595E-01      0.494E+09     -0.373E+00      0.503E+00
      0.390E-01      0.867E-01      0.594E-01      0.494E+09     -0.373E+00      0.502E+00
      0.400E-01      0.866E-01      0.592E-01      0.494E+09     -0.373E+00      0.500E+00
      0.425E-01      0.866E-01      0.590E-01      0.494E+09     -0.373E+00      0.497E+00
      0.450E-01      0.865E-01      0.587E-01      0.493E+09     -0.373E+00      0.494E+00
      0.475E-01      0.864E-01      0.584E-01      0.493E+09     -0.373E+00      0.490E+00
      0.500E-01      0.863E-01      0.581E-01      0.493E+09     -0.373E+00      0.487E+00
      0.525E-01      0.861E-01      0.579E-01      0.493E+09     -0.373E+00      0.483E+00
      0.550E-01      0.860E-01      0.575E-01      0.493E+09     -0.372E+00      0.479E+00
      0.571E-01      0.860E-01      0.573E-01      0.493E+09     -0.372E+00      0.476E+00
      0.640E-01      0.857E-01      0.566E-01      0.492E+09     -0.372E+00      0.467E+00
      0.719E-01      0.854E-01      0.558E-01      0.492E+09     -0.372E+00      0.457E+00
      0.806E-01      0.850E-01      0.550E-01      0.491E+09     -0.372E+00      0.446E+00
      0.905E-01      0.847E-01      0.542E-01      0.491E+09     -0.371E+00      0.434E+00
      0.102E+00      0.845E-01      0.532E-01      0.490E+09     -0.370E+00      0.420E+00
      0.114E+00      0.848E-01      0.523E-01      0.489E+09     -0.367E+00      0.402E+00
      0.128E+00      0.851E-01      0.516E-01      0.488E+09     -0.363E+00      0.385E+00
      0.143E+00      0.854E-01      0.509E-01      0.487E+09     -0.359E+00      0.369E+00
      0.161E+00      0.859E-01      0.506E-01      0.486E+09     -0.354E+00      0.355E+00
      0.181E+00      0.865E-01      0.508E-01      0.485E+09     -0.350E+00      0.348E+00
      0.203E+00      0.877E-01      0.515E-01      0.484E+09     -0.348E+00      0.347E+00
      0.227E+00      0.888E-01      0.523E-01      0.482E+09     -0.345E+00      0.344E+00
      0.255E+00      0.901E-01      0.534E-01      0.481E+09     -0.342E+00      0.342E+00
      0.286E+00      0.915E-01      0.548E-01      0.479E+09     -0.338E+00      0.340E+00
      0.321E+00      0.928E-01      0.565E-01      0.477E+09     -0.332E+00      0.337E+00
      0.360E+00      0.947E-01      0.578E-01      0.474E+09     -0.326E+00      0.329E+00
      0.404E+00      0.985E-01      0.580E-01      0.471E+09     -0.320E+00      0.313E+00
      0.453E+00      0.103E+00      0.586E-01      0.468E+09     -0.314E+00      0.296E+00
      0.509E+00      0.108E+00      0.602E-01      0.464E+09     -0.309E+00      0.281E+00
      0.571E+00      0.114E+00      0.631E-01      0.460E+09     -0.304E+00      0.269E+00
      0.641E+00      0.121E+00      0.612E-01      0.455E+09     -0.306E+00      0.249E+00
      0.719E+00      0.130E+00      0.632E-01      0.449E+09     -0.311E+00      0.243E+00
      0.806E+00      0.138E+00      0.748E-01      0.442E+09     -0.318E+00      0.266E+00
      0.905E+00      0.139E+00      0.786E-01      0.433E+09     -0.338E+00      0.305E+00
      0.102E+01      0.131E+00      0.771E-01      0.424E+09     -0.373E+00      0.378E+00
      0.114E+01      0.124E+00      0.783E-01      0.414E+09     -0.394E+00      0.436E+00
      0.128E+01      0.119E+00      0.695E-01      0.403E+09     -0.364E+00      0.364E+00
      0.143E+01      0.118E+00      0.636E-01      0.392E+09     -0.323E+00      0.284E+00
      0.161E+01      0.126E+00      0.747E-01      0.380E+09     -0.290E+00      0.287E+00
      0.168E+01      0.128E+00      0.728E-01      0.370E+09     -0.309E+00      0.309E+00
      0.170E+01      0.129E+00      0.722E-01      0.366E+09     -0.313E+00      0.306E+00
      0.180E+01      0.131E+00      0.691E-01      0.361E+09     -0.339E+00      0.307E+00
      0.190E+01      0.139E+00      0.657E-01      0.353E+09     -0.371E+00      0.306E+00
      0.200E+01      0.153E+00      0.696E-01      0.344E+09     -0.397E+00      0.322E+00
      0.210E+01      0.167E+00      0.801E-01      0.335E+09     -0.416E+00      0.336E+00
      0.220E+01      0.156E+00      0.738E-01      0.325E+09     -0.459E+00      0.366E+00
      0.230E+01      0.147E+00      0.715E-01      0.315E+09     -0.510E+00      0.418E+00
      0.240E+01      0.146E+00      0.713E-01      0.306E+09     -0.549E+00      0.452E+00
      0.250E+01      0.152E+00      0.776E-01      0.297E+09     -0.564E+00      0.492E+00
      0.260E+01      0.153E+00      0.854E-01      0.288E+09     -0.560E+00      0.522E+00
      0.275E+01      0.137E+00      0.753E-01      0.277E+09     -0.553E+00      0.505E+00
      0.300E+01      0.133E+00      0.726E-01      0.260E+09     -0.565E+00      0.457E+00
      0.325E+01      0.142E+00      0.851E-01      0.241E+09     -0.622E+00      0.605E+00
      0.350E+01      0.155E+00      0.745E-01      0.220E+09     -0.567E+00      0.430E+00
      0.375E+01      0.170E+00      0.779E-01      0.197E+09     -0.606E+00      0.449E+00
      0.400E+01      0.192E+00      0.871E-01      0.172E+09     -0.651E+00      0.501E+00
      0.425E+01      0.162E+00      0.674E-01      0.145E+09     -0.684E+00      0.441E+00
      0.450E+01      0.139E+00      0.638E-01      0.121E+09     -0.730E+00      0.535E+00
      0.475E+01      0.146E+00      0.744E-01      0.101E+09     -0.788E+00      0.619E+00
      0.500E+01      0.121E+00      0.539E-01      0.803E+08     -0.763E+00      0.491E+00
      0.525E+01      0.124E+00      0.623E-01      0.631E+08     -0.813E+00      0.570E+00
      0.550E+01      0.115E+00      0.587E-01      0.455E+08     -0.829E+00      0.566E+00
      0.575E+01      0.858E-01      0.436E-01      0.292E+08     -0.856E+00      0.578E+00
      0.600E+01      0.530E-01      0.326E-01      0.171E+08     -0.891E+00      0.713E+00
      0.625E+01      0.382E-01      0.268E-01      0.962E+07     -0.115E+01      0.997E+00
      0.650E+01      0.210E-01      0.208E-01      0.423E+07     -0.107E+01      0.130E+01
      0.675E+01      0.742E-02      0.908E-02      0.128E+07     -0.103E+01      0.164E+01
      0.700E+01      0.166E-02      0.313E-02      0.241E+06     -0.151E+01      0.383E+01
      0.725E+01      0.420E-04      0.793E-03      0.756E+04     -0.116E+01      0.278E+02
      0.750E+01      0.891E-05      0.947E-03      0.168E+04     -0.109E+01      0.168E+03
      0.775E+01      0.288E-05      0.333E-03      0.441E+03     -0.125E+01      0.190E+03
      0.800E+01      0.254E-06      0.533E-04      0.356E+02     -0.592E+00      0.169E+03
      0.825E+01      0.183E-13      0.114E-10      0.251E-05     -0.423E+01      0.371E+04
      0.850E+01      0.000E+00      0.000E+00      0.000E+00     -0.990E+02     -0.990E+02
      0.875E+01      0.000E+00      0.000E+00      0.000E+00     -0.990E+02     -0.990E+02
      0.900E+01      0.000E+00      0.000E+00      0.000E+00     -0.990E+02     -0.990E+02
      0.925E+01      0.000E+00      0.000E+00      0.000E+00     -0.990E+02     -0.990E+02
      0.950E+01      0.000E+00      0.000E+00      0.000E+00     -0.990E+02     -0.990E+02
      0.975E+01      0.000E+00      0.000E+00      0.000E+00     -0.990E+02     -0.990E+02
      0.100E+02      0.000E+00      0.000E+00      0.000E+00     -0.990E+02     -0.990E+02
      0.102E+02      0.000E+00      0.000E+00      0.000E+00     -0.990E+02     -0.990E+02
      0.105E+02      0.000E+00      0.000E+00      0.000E+00     -0.990E+02     -0.990E+02
      0.108E+02      0.000E+00      0.000E+00      0.000E+00     -0.990E+02     -0.990E+02
      0.110E+02      0.000E+00      0.000E+00      0.000E+00     -0.990E+02     -0.990E+02
      0.112E+02      0.000E+00      0.000E+00      0.000E+00     -0.990E+02     -0.990E+02
      0.115E+02      0.000E+00      0.000E+00      0.000E+00     -0.990E+02     -0.990E+02
      0.118E+02      0.000E+00      0.000E+00      0.000E+00     -0.990E+02     -0.990E+02
      0.120E+02      0.000E+00      0.000E+00      0.000E+00     -0.990E+02     -0.990E+02
      0.122E+02      0.000E+00      0.000E+00      0.000E+00     -0.990E+02     -0.990E+02
      0.125E+02      0.000E+00      0.000E+00      0.000E+00     -0.990E+02     -0.990E+02
      0.128E+02      0.000E+00      0.000E+00      0.000E+00     -0.990E+02     -0.990E+02
      0.130E+02      0.000E+00      0.000E+00      0.000E+00     -0.990E+02     -0.990E+02
      0.132E+02      0.000E+00      0.000E+00      0.000E+00     -0.990E+02     -0.990E+02
      0.135E+02      0.000E+00      0.000E+00      0.000E+00     -0.990E+02     -0.990E+02
      0.138E+02      0.000E+00      0.000E+00      0.000E+00     -0.990E+02     -0.990E+02
      0.140E+02      0.000E+00      0.000E+00      0.000E+00     -0.990E+02     -0.990E+02
      0.142E+02      0.000E+00      0.000E+00      0.000E+00     -0.990E+02     -0.990E+02
      0.145E+02      0.000E+00      0.000E+00      0.000E+00     -0.990E+02     -0.990E+02
      0.148E+02      0.000E+00      0.000E+00      0.000E+00     -0.990E+02     -0.990E+02
      0.150E+02      0.000E+00      0.000E+00      0.000E+00     -0.990E+02     -0.990E+02
      0.152E+02      0.000E+00      0.000E+00      0.000E+00     -0.990E+02     -0.990E+02
      0.155E+02      0.000E+00      0.000E+00      0.000E+00     -0.990E+02     -0.990E+02
      0.158E+02      0.000E+00      0.000E+00      0.000E+00     -0.990E+02     -0.990E+02
      0.160E+02      0.000E+00      0.000E+00      0.000E+00     -0.990E+02     -0.990E+02
      0.162E+02      0.000E+00      0.000E+00      0.000E+00     -0.990E+02     -0.990E+02
      0.165E+02      0.000E+00      0.000E+00      0.000E+00     -0.990E+02     -0.990E+02
      0.168E+02      0.000E+00      0.000E+00      0.000E+00     -0.990E+02     -0.990E+02
      0.170E+02      0.000E+00      0.000E+00      0.000E+00     -0.990E+02     -0.990E+02
      0.172E+02      0.000E+00      0.000E+00      0.000E+00     -0.990E+02     -0.990E+02
      0.175E+02      0.000E+00      0.000E+00      0.000E+00     -0.990E+02     -0.990E+02
      0.178E+02      0.000E+00      0.000E+00      0.000E+00     -0.990E+02     -0.990E+02
      0.180E+02      0.000E+00      0.000E+00      0.000E+00     -0.990E+02     -0.990E+02
      0.182E+02      0.000E+00      0.000E+00      0.000E+00     -0.990E+02     -0.990E+02
      0.185E+02      0.000E+00      0.000E+00      0.000E+00     -0.990E+02     -0.990E+02
      0.188E+02      0.000E+00      0.000E+00      0.000E+00     -0.990E+02     -0.990E+02
      0.190E+02      0.000E+00      0.000E+00      0.000E+00     -0.990E+02     -0.990E+02
      0.192E+02      0.000E+00      0.000E+00      0.000E+00     -0.990E+02     -0.990E+02
      0.195E+02      0.000E+00      0.000E+00      0.000E+00     -0.990E+02     -0.990E+02
      0.198E+02      0.000E+00      0.000E+00      0.000E+00     -0.990E+02     -0.990E+02
      0.200E+02      0.000E+00      0.000E+00      0.000E+00     -0.990E+02     -0.990E+02
