      0.000E+00      0.206E+00      0.453E-01      0.319E+09     -0.990E+02     -0.990E+02
      0.100E-03      0.206E+00      0.453E-01      0.319E+09     -0.990E+02     -0.990E+02
      0.140E-03      0.206E+00      0.453E-01      0.319E+09     -0.990E+02     -0.990E+02
      0.160E-03      0.206E+00      0.453E-01      0.319E+09     -0.990E+02     -0.990E+02
      0.180E-03      0.206E+00      0.453E-01      0.319E+09     -0.990E+02     -0.990E+02
      0.200E-03      0.206E+00      0.453E-01      0.319E+09     -0.990E+02     -0.990E+02
      0.220E-03      0.206E+00      0.453E-01      0.319E+09     -0.990E+02     -0.990E+02
      0.250E-03      0.206E+00      0.453E-01      0.319E+09     -0.990E+02     -0.990E+02
      0.280E-03      0.206E+00      0.453E-01      0.319E+09     -0.990E+02     -0.990E+02
      0.320E-03      0.206E+00      0.453E-01      0.319E+09     -0.990E+02     -0.990E+02
      0.350E-03      0.206E+00      0.453E-01      0.319E+09     -0.990E+02     -0.990E+02
      0.400E-03      0.206E+00      0.453E-01      0.319E+09     -0.990E+02     -0.990E+02
      0.450E-03      0.206E+00      0.453E-01      0.319E+09     -0.990E+02     -0.990E+02
      0.500E-03      0.206E+00      0.453E-01      0.319E+09     -0.990E+02     -0.990E+02
      0.560E-03      0.206E+00      0.453E-01      0.319E+09     -0.990E+02     -0.990E+02
      0.630E-03      0.206E+00      0.453E-01      0.319E+09     -0.990E+02     -0.990E+02
      0.710E-03      0.206E+00      0.453E-01      0.319E+09     -0.990E+02     -0.990E+02
      0.790E-03      0.206E+00      0.453E-01      0.319E+09     -0.990E+02     -0.990E+02
      0.890E-03      0.206E+00      0.453E-01      0.319E+09     -0.990E+02     -0.990E+02
      0.100E-02      0.206E+00      0.453E-01      0.319E+09     -0.990E+02     -0.990E+02
      0.105E-02      0.206E+00      0.453E-01      0.319E+09     -0.990E+02     -0.990E+02
      0.110E-02      0.206E+00      0.453E-01      0.319E+09     -0.990E+02     -0.990E+02
      0.115E-02      0.206E+00      0.453E-01      0.319E+09     -0.990E+02     -0.990E+02
      0.120E-02      0.206E+00      0.453E-01      0.319E+09     -0.990E+02     -0.990E+02
      0.126E-02      0.206E+00      0.453E-01      0.319E+09     -0.990E+02     -0.990E+02
      0.132E-02      0.206E+00      0.453E-01      0.319E+09     -0.990E+02     -0.990E+02
      0.138E-02      0.206E+00      0.453E-01      0.319E+09     -0.990E+02     -0.990E+02
      0.145E-02      0.206E+00      0.453E-01      0.319E+09     -0.990E+02     -0.990E+02
      0.151E-02      0.206E+00      0.453E-01      0.319E+09     -0.990E+02     -0.990E+02
      0.158E-02      0.206E+00      0.453E-01      0.319E+09     -0.990E+02     -0.990E+02
      0.166E-02      0.206E+00      0.453E-01      0.319E+09     -0.990E+02     -0.990E+02
      0.174E-02      0.206E+00      0.453E-01      0.319E+09     -0.990E+02     -0.990E+02
      0.182E-02      0.206E+00      0.453E-01      0.319E+09     -0.990E+02     -0.990E+02
      0.191E-02      0.206E+00      0.453E-01      0.319E+09     -0.990E+02     -0.990E+02
      0.200E-02      0.206E+00      0.453E-01      0.319E+09     -0.990E+02     -0.990E+02
      0.209E-02      0.206E+00      0.453E-01      0.319E+09     -0.990E+02     -0.990E+02
      0.219E-02      0.206E+00      0.453E-01      0.319E+09     -0.990E+02     -0.990E+02
      0.229E-02      0.206E+00      0.453E-01      0.319E+09     -0.990E+02     -0.990E+02
      0.240E-02      0.206E+00      0.453E-01      0.319E+09     -0.990E+02     -0.990E+02
      0.251E-02      0.206E+00      0.453E-01      0.319E+09     -0.990E+02     -0.990E+02
      0.263E-02      0.206E+00      0.453E-01      0.319E+09     -0.990E+02     -0.990E+02
      0.275E-02      0.206E+00      0.453E-01      0.319E+09     -0.990E+02     -0.990E+02
      0.288E-02      0.206E+00      0.453E-01      0.319E+09     -0.990E+02     -0.990E+02
      0.302E-02      0.206E+00      0.453E-01      0.319E+09     -0.990E+02     -0.990E+02
      0.316E-02      0.206E+00      0.453E-01      0.319E+09     -0.990E+02     -0.990E+02
      0.331E-02      0.206E+00      0.453E-01      0.319E+09     -0.990E+02     -0.990E+02
      0.347E-02      0.206E+00      0.453E-01      0.319E+09     -0.990E+02     -0.990E+02
      0.363E-02      0.206E+00      0.453E-01      0.319E+09     -0.990E+02     -0.990E+02
      0.380E-02      0.206E+00      0.453E-01      0.319E+09     -0.990E+02     -0.990E+02
      0.398E-02      0.206E+00      0.453E-01      0.319E+09     -0.990E+02     -0.990E+02
      0.417E-02      0.206E+00      0.453E-01      0.319E+09     -0.990E+02     -0.990E+02
      0.437E-02      0.206E+00      0.453E-01      0.319E+09     -0.990E+02     -0.990E+02
      0.457E-02      0.206E+00      0.453E-01      0.319E+09     -0.990E+02     -0.990E+02
      0.479E-02      0.206E+00      0.453E-01      0.319E+09     -0.990E+02     -0.990E+02
      0.501E-02      0.206E+00      0.453E-01      0.319E+09     -0.990E+02     -0.990E+02
      0.525E-02      0.206E+00      0.453E-01      0.319E+09     -0.990E+02     -0.990E+02
      0.550E-02      0.206E+00      0.453E-01      0.319E+09     -0.990E+02     -0.990E+02
      0.575E-02      0.206E+00      0.453E-01      0.319E+09     -0.990E+02     -0.990E+02
      0.603E-02      0.206E+00      0.453E-01      0.319E+09     -0.990E+02     -0.990E+02
      0.631E-02      0.206E+00      0.453E-01      0.319E+09     -0.990E+02     -0.990E+02
      0.661E-02      0.206E+00      0.453E-01      0.319E+09     -0.990E+02     -0.990E+02
      0.692E-02      0.206E+00      0.453E-01      0.319E+09     -0.990E+02     -0.990E+02
      0.724E-02      0.206E+00      0.453E-01      0.319E+09     -0.990E+02     -0.990E+02
      0.759E-02      0.206E+00      0.453E-01      0.319E+09     -0.990E+02     -0.990E+02
      0.794E-02      0.206E+00      0.453E-01      0.319E+09     -0.990E+02     -0.990E+02
      0.832E-02      0.206E+00      0.453E-01      0.319E+09     -0.990E+02     -0.990E+02
      0.871E-02      0.206E+00      0.453E-01      0.319E+09     -0.990E+02     -0.990E+02
      0.912E-02      0.206E+00      0.453E-01      0.319E+09     -0.990E+02     -0.990E+02
      0.955E-02      0.206E+00      0.453E-01      0.319E+09     -0.990E+02     -0.990E+02
      0.100E-01      0.206E+00      0.453E-01      0.319E+09     -0.199E+00      0.460E+00
      0.105E-01      0.397E-01      0.300E-01      0.317E+09     -0.198E+00      0.460E+00
      0.110E-01      0.396E-01      0.298E-01      0.317E+09     -0.198E+00      0.458E+00
      0.115E-01      0.395E-01      0.298E-01      0.317E+09     -0.198E+00      0.458E+00
      0.120E-01      0.395E-01      0.297E-01      0.317E+09     -0.198E+00      0.457E+00
      0.126E-01      0.395E-01      0.298E-01      0.317E+09     -0.197E+00      0.457E+00
      0.132E-01      0.398E-01      0.300E-01      0.317E+09     -0.197E+00      0.455E+00
      0.138E-01      0.397E-01      0.299E-01      0.317E+09     -0.197E+00      0.455E+00
      0.144E-01      0.395E-01      0.296E-01      0.317E+09     -0.196E+00      0.453E+00
      0.151E-01      0.396E-01      0.297E-01      0.317E+09     -0.196E+00      0.453E+00
      0.159E-01      0.398E-01      0.298E-01      0.317E+09     -0.196E+00      0.452E+00
      0.166E-01      0.398E-01      0.298E-01      0.317E+09     -0.195E+00      0.451E+00
      0.174E-01      0.399E-01      0.298E-01      0.317E+09     -0.195E+00      0.449E+00
      0.182E-01      0.401E-01      0.300E-01      0.317E+09     -0.194E+00      0.448E+00
      0.191E-01      0.401E-01      0.300E-01      0.317E+09     -0.194E+00      0.447E+00
      0.200E-01      0.400E-01      0.298E-01      0.317E+09     -0.194E+00      0.446E+00
      0.209E-01      0.400E-01      0.298E-01      0.317E+09     -0.193E+00      0.444E+00
      0.219E-01      0.401E-01      0.298E-01      0.317E+09     -0.193E+00      0.443E+00
      0.229E-01      0.402E-01      0.299E-01      0.317E+09     -0.192E+00      0.442E+00
      0.240E-01      0.403E-01      0.299E-01      0.317E+09     -0.192E+00      0.440E+00
      0.251E-01      0.405E-01      0.300E-01      0.317E+09     -0.191E+00      0.439E+00
      0.263E-01      0.405E-01      0.300E-01      0.317E+09     -0.191E+00      0.437E+00
      0.275E-01      0.405E-01      0.299E-01      0.317E+09     -0.190E+00      0.435E+00
      0.290E-01      0.406E-01      0.300E-01      0.317E+09     -0.189E+00      0.433E+00
      0.300E-01      0.407E-01      0.300E-01      0.317E+09     -0.189E+00      0.432E+00
      0.310E-01      0.408E-01      0.300E-01      0.317E+09     -0.188E+00      0.431E+00
      0.320E-01      0.408E-01      0.300E-01      0.316E+09     -0.188E+00      0.430E+00
      0.330E-01      0.409E-01      0.300E-01      0.316E+09     -0.187E+00      0.428E+00
      0.340E-01      0.409E-01      0.300E-01      0.316E+09     -0.187E+00      0.427E+00
      0.350E-01      0.410E-01      0.300E-01      0.316E+09     -0.186E+00      0.425E+00
      0.360E-01      0.410E-01      0.301E-01      0.316E+09     -0.186E+00      0.424E+00
      0.370E-01      0.411E-01      0.301E-01      0.316E+09     -0.185E+00      0.423E+00
      0.380E-01      0.412E-01      0.301E-01      0.316E+09     -0.185E+00      0.421E+00
      0.390E-01      0.412E-01      0.301E-01      0.316E+09     -0.184E+00      0.420E+00
      0.400E-01      0.413E-01      0.302E-01      0.316E+09     -0.184E+00      0.420E+00
      0.425E-01      0.415E-01      0.302E-01      0.316E+09     -0.183E+00      0.416E+00
      0.450E-01      0.416E-01      0.303E-01      0.316E+09     -0.182E+00      0.413E+00
      0.475E-01      0.418E-01      0.303E-01      0.316E+09     -0.181E+00      0.410E+00
      0.500E-01      0.419E-01      0.304E-01      0.316E+09     -0.179E+00      0.407E+00
      0.525E-01      0.420E-01      0.305E-01      0.316E+09     -0.179E+00      0.405E+00
      0.550E-01      0.422E-01      0.305E-01      0.316E+09     -0.177E+00      0.401E+00
      0.571E-01      0.423E-01      0.306E-01      0.316E+09     -0.176E+00      0.399E+00
      0.640E-01      0.428E-01      0.309E-01      0.316E+09     -0.173E+00      0.391E+00
      0.719E-01      0.433E-01      0.312E-01      0.315E+09     -0.170E+00      0.383E+00
      0.806E-01      0.438E-01      0.315E-01      0.315E+09     -0.166E+00      0.374E+00
      0.905E-01      0.444E-01      0.320E-01      0.315E+09     -0.162E+00      0.364E+00
      0.102E+00      0.451E-01      0.326E-01      0.314E+09     -0.158E+00      0.354E+00
      0.114E+00      0.458E-01      0.333E-01      0.314E+09     -0.153E+00      0.343E+00
      0.128E+00      0.467E-01      0.343E-01      0.313E+09     -0.148E+00      0.332E+00
      0.143E+00      0.477E-01      0.354E-01      0.313E+09     -0.142E+00      0.320E+00
      0.161E+00      0.487E-01      0.368E-01      0.312E+09     -0.137E+00      0.310E+00
      0.181E+00      0.499E-01      0.384E-01      0.312E+09     -0.131E+00      0.298E+00
      0.203E+00      0.495E-01      0.388E-01      0.311E+09     -0.126E+00      0.296E+00
      0.227E+00      0.483E-01      0.385E-01      0.310E+09     -0.123E+00      0.298E+00
      0.255E+00      0.478E-01      0.375E-01      0.309E+09     -0.122E+00      0.289E+00
      0.286E+00      0.473E-01      0.366E-01      0.308E+09     -0.122E+00      0.281E+00
      0.321E+00      0.467E-01      0.358E-01      0.307E+09     -0.121E+00      0.276E+00
      0.360E+00      0.459E-01      0.351E-01      0.306E+09     -0.121E+00      0.274E+00
      0.404E+00      0.452E-01      0.348E-01      0.304E+09     -0.120E+00      0.278E+00
      0.453E+00      0.451E-01      0.350E-01      0.303E+09     -0.118E+00      0.285E+00
      0.509E+00      0.483E-01      0.351E-01      0.301E+09     -0.130E+00      0.268E+00
      0.571E+00      0.536E-01      0.370E-01      0.299E+09     -0.156E+00      0.283E+00
      0.641E+00      0.596E-01      0.424E-01      0.297E+09     -0.178E+00      0.342E+00
      0.719E+00      0.652E-01      0.499E-01      0.294E+09     -0.202E+00      0.424E+00
      0.806E+00      0.692E-01      0.431E-01      0.290E+09     -0.246E+00      0.353E+00
      0.905E+00      0.736E-01      0.389E-01      0.286E+09     -0.291E+00      0.332E+00
      0.102E+01      0.807E-01      0.429E-01      0.281E+09     -0.340E+00      0.392E+00
      0.114E+01      0.906E-01      0.596E-01      0.275E+09     -0.406E+00      0.610E+00
      0.128E+01      0.107E+00      0.721E-01      0.267E+09     -0.405E+00      0.640E+00
      0.143E+01      0.121E+00      0.699E-01      0.257E+09     -0.346E+00      0.427E+00
      0.161E+01      0.128E+00      0.652E-01      0.244E+09     -0.433E+00      0.388E+00
      0.168E+01      0.133E+00      0.692E-01      0.234E+09     -0.473E+00      0.418E+00
      0.170E+01      0.136E+00      0.703E-01      0.231E+09     -0.481E+00      0.426E+00
      0.180E+01      0.160E+00      0.748E-01      0.225E+09     -0.539E+00      0.428E+00
      0.190E+01      0.187E+00      0.921E-01      0.216E+09     -0.589E+00      0.496E+00
      0.200E+01      0.209E+00      0.109E+00      0.204E+09     -0.622E+00      0.549E+00
      0.210E+01      0.212E+00      0.108E+00      0.191E+09     -0.624E+00      0.504E+00
      0.220E+01      0.212E+00      0.113E+00      0.178E+09     -0.629E+00      0.510E+00
      0.230E+01      0.204E+00      0.104E+00      0.165E+09     -0.693E+00      0.535E+00
      0.240E+01      0.198E+00      0.101E+00      0.153E+09     -0.773E+00      0.601E+00
      0.250E+01      0.198E+00      0.105E+00      0.141E+09     -0.815E+00      0.660E+00
      0.260E+01      0.188E+00      0.944E-01      0.129E+09     -0.806E+00      0.618E+00
      0.275E+01      0.186E+00      0.895E-01      0.115E+09     -0.773E+00      0.564E+00
      0.300E+01      0.203E+00      0.988E-01      0.932E+08     -0.720E+00      0.507E+00
      0.325E+01      0.162E+00      0.733E-01      0.633E+08     -0.813E+00      0.536E+00
      0.350E+01      0.901E-01      0.423E-01      0.395E+08     -0.827E+00      0.566E+00
      0.375E+01      0.462E-01      0.308E-01      0.263E+08     -0.595E+00      0.495E+00
      0.400E+01      0.427E-01      0.355E-01      0.195E+08     -0.379E+00      0.446E+00
      0.425E+01      0.396E-01      0.324E-01      0.133E+08     -0.468E+00      0.553E+00
      0.450E+01      0.276E-01      0.254E-01      0.755E+07     -0.578E+00      0.738E+00
      0.475E+01      0.145E-01      0.121E-01      0.358E+07     -0.645E+00      0.716E+00
      0.500E+01      0.848E-02      0.797E-02      0.149E+07     -0.770E+00      0.920E+00
      0.525E+01      0.192E-02      0.327E-02      0.280E+06     -0.815E+00      0.174E+01
      0.550E+01      0.348E-04      0.552E-03      0.500E+04     -0.706E+00      0.147E+02
      0.575E+01      0.140E-06      0.150E-04      0.200E+02     -0.549E+00      0.726E+02
      0.600E+01      0.565E-34      0.604E-19      0.801E-26     -0.194E+01            NaN
      0.625E+01      0.000E+00      0.000E+00      0.000E+00     -0.990E+02     -0.990E+02
      0.650E+01      0.000E+00      0.000E+00      0.000E+00     -0.990E+02     -0.990E+02
      0.675E+01      0.000E+00      0.000E+00      0.000E+00     -0.990E+02     -0.990E+02
      0.700E+01      0.000E+00      0.000E+00      0.000E+00     -0.990E+02     -0.990E+02
      0.725E+01      0.000E+00      0.000E+00      0.000E+00     -0.990E+02     -0.990E+02
      0.750E+01      0.000E+00      0.000E+00      0.000E+00     -0.990E+02     -0.990E+02
      0.775E+01      0.000E+00      0.000E+00      0.000E+00     -0.990E+02     -0.990E+02
      0.800E+01      0.000E+00      0.000E+00      0.000E+00     -0.990E+02     -0.990E+02
      0.825E+01      0.000E+00      0.000E+00      0.000E+00     -0.990E+02     -0.990E+02
      0.850E+01      0.000E+00      0.000E+00      0.000E+00     -0.990E+02     -0.990E+02
      0.875E+01      0.000E+00      0.000E+00      0.000E+00     -0.990E+02     -0.990E+02
      0.900E+01      0.000E+00      0.000E+00      0.000E+00     -0.990E+02     -0.990E+02
      0.925E+01      0.000E+00      0.000E+00      0.000E+00     -0.990E+02     -0.990E+02
      0.950E+01      0.000E+00      0.000E+00      0.000E+00     -0.990E+02     -0.990E+02
      0.975E+01      0.000E+00      0.000E+00      0.000E+00     -0.990E+02     -0.990E+02
      0.100E+02      0.000E+00      0.000E+00      0.000E+00     -0.990E+02     -0.990E+02
      0.102E+02      0.000E+00      0.000E+00      0.000E+00     -0.990E+02     -0.990E+02
      0.105E+02      0.000E+00      0.000E+00      0.000E+00     -0.990E+02     -0.990E+02
      0.108E+02      0.000E+00      0.000E+00      0.000E+00     -0.990E+02     -0.990E+02
      0.110E+02      0.000E+00      0.000E+00      0.000E+00     -0.990E+02     -0.990E+02
      0.112E+02      0.000E+00      0.000E+00      0.000E+00     -0.990E+02     -0.990E+02
      0.115E+02      0.000E+00      0.000E+00      0.000E+00     -0.990E+02     -0.990E+02
      0.118E+02      0.000E+00      0.000E+00      0.000E+00     -0.990E+02     -0.990E+02
      0.120E+02      0.000E+00      0.000E+00      0.000E+00     -0.990E+02     -0.990E+02
      0.122E+02      0.000E+00      0.000E+00      0.000E+00     -0.990E+02     -0.990E+02
      0.125E+02      0.000E+00      0.000E+00      0.000E+00     -0.990E+02     -0.990E+02
      0.128E+02      0.000E+00      0.000E+00      0.000E+00     -0.990E+02     -0.990E+02
      0.130E+02      0.000E+00      0.000E+00      0.000E+00     -0.990E+02     -0.990E+02
      0.132E+02      0.000E+00      0.000E+00      0.000E+00     -0.990E+02     -0.990E+02
      0.135E+02      0.000E+00      0.000E+00      0.000E+00     -0.990E+02     -0.990E+02
      0.138E+02      0.000E+00      0.000E+00      0.000E+00     -0.990E+02     -0.990E+02
      0.140E+02      0.000E+00      0.000E+00      0.000E+00     -0.990E+02     -0.990E+02
      0.142E+02      0.000E+00      0.000E+00      0.000E+00     -0.990E+02     -0.990E+02
      0.145E+02      0.000E+00      0.000E+00      0.000E+00     -0.990E+02     -0.990E+02
      0.148E+02      0.000E+00      0.000E+00      0.000E+00     -0.990E+02     -0.990E+02
      0.150E+02      0.000E+00      0.000E+00      0.000E+00     -0.990E+02     -0.990E+02
      0.152E+02      0.000E+00      0.000E+00      0.000E+00     -0.990E+02     -0.990E+02
      0.155E+02      0.000E+00      0.000E+00      0.000E+00     -0.990E+02     -0.990E+02
      0.158E+02      0.000E+00      0.000E+00      0.000E+00     -0.990E+02     -0.990E+02
      0.160E+02      0.000E+00      0.000E+00      0.000E+00     -0.990E+02     -0.990E+02
      0.162E+02      0.000E+00      0.000E+00      0.000E+00     -0.990E+02     -0.990E+02
      0.165E+02      0.000E+00      0.000E+00      0.000E+00     -0.990E+02     -0.990E+02
      0.168E+02      0.000E+00      0.000E+00      0.000E+00     -0.990E+02     -0.990E+02
      0.170E+02      0.000E+00      0.000E+00      0.000E+00     -0.990E+02     -0.990E+02
      0.172E+02      0.000E+00      0.000E+00      0.000E+00     -0.990E+02     -0.990E+02
      0.175E+02      0.000E+00      0.000E+00      0.000E+00     -0.990E+02     -0.990E+02
      0.178E+02      0.000E+00      0.000E+00      0.000E+00     -0.990E+02     -0.990E+02
      0.180E+02      0.000E+00      0.000E+00      0.000E+00     -0.990E+02     -0.990E+02
      0.182E+02      0.000E+00      0.000E+00      0.000E+00     -0.990E+02     -0.990E+02
      0.185E+02      0.000E+00      0.000E+00      0.000E+00     -0.990E+02     -0.990E+02
      0.188E+02      0.000E+00      0.000E+00      0.000E+00     -0.990E+02     -0.990E+02
      0.190E+02      0.000E+00      0.000E+00      0.000E+00     -0.990E+02     -0.990E+02
      0.192E+02      0.000E+00      0.000E+00      0.000E+00     -0.990E+02     -0.990E+02
      0.195E+02      0.000E+00      0.000E+00      0.000E+00     -0.990E+02     -0.990E+02
      0.198E+02      0.000E+00      0.000E+00      0.000E+00     -0.990E+02     -0.990E+02
      0.200E+02      0.000E+00      0.000E+00      0.000E+00     -0.990E+02     -0.990E+02
