      0.000E+00      0.945E+00      0.251E+00      0.273E+09     -0.990E+02     -0.990E+02
      0.100E-03      0.945E+00      0.251E+00      0.273E+09     -0.990E+02     -0.990E+02
      0.140E-03      0.945E+00      0.251E+00      0.273E+09     -0.990E+02     -0.990E+02
      0.160E-03      0.945E+00      0.251E+00      0.273E+09     -0.990E+02     -0.990E+02
      0.180E-03      0.945E+00      0.251E+00      0.273E+09     -0.990E+02     -0.990E+02
      0.200E-03      0.945E+00      0.251E+00      0.273E+09     -0.990E+02     -0.990E+02
      0.220E-03      0.945E+00      0.251E+00      0.273E+09     -0.990E+02     -0.990E+02
      0.250E-03      0.945E+00      0.251E+00      0.273E+09     -0.990E+02     -0.990E+02
      0.280E-03      0.945E+00      0.251E+00      0.273E+09     -0.990E+02     -0.990E+02
      0.320E-03      0.945E+00      0.251E+00      0.273E+09     -0.990E+02     -0.990E+02
      0.350E-03      0.945E+00      0.251E+00      0.273E+09     -0.990E+02     -0.990E+02
      0.400E-03      0.945E+00      0.251E+00      0.273E+09     -0.990E+02     -0.990E+02
      0.450E-03      0.945E+00      0.251E+00      0.273E+09     -0.990E+02     -0.990E+02
      0.500E-03      0.945E+00      0.251E+00      0.273E+09     -0.990E+02     -0.990E+02
      0.560E-03      0.945E+00      0.251E+00      0.273E+09     -0.990E+02     -0.990E+02
      0.630E-03      0.945E+00      0.251E+00      0.273E+09     -0.990E+02     -0.990E+02
      0.710E-03      0.945E+00      0.251E+00      0.273E+09     -0.990E+02     -0.990E+02
      0.790E-03      0.945E+00      0.251E+00      0.273E+09     -0.990E+02     -0.990E+02
      0.890E-03      0.945E+00      0.251E+00      0.273E+09     -0.990E+02     -0.990E+02
      0.100E-02      0.945E+00      0.251E+00      0.273E+09     -0.990E+02     -0.990E+02
      0.105E-02      0.945E+00      0.251E+00      0.273E+09     -0.990E+02     -0.990E+02
      0.110E-02      0.945E+00      0.251E+00      0.273E+09     -0.990E+02     -0.990E+02
      0.115E-02      0.945E+00      0.251E+00      0.273E+09     -0.990E+02     -0.990E+02
      0.120E-02      0.945E+00      0.251E+00      0.273E+09     -0.990E+02     -0.990E+02
      0.126E-02      0.945E+00      0.251E+00      0.273E+09     -0.990E+02     -0.990E+02
      0.132E-02      0.945E+00      0.251E+00      0.273E+09     -0.990E+02     -0.990E+02
      0.138E-02      0.945E+00      0.251E+00      0.273E+09     -0.990E+02     -0.990E+02
      0.145E-02      0.945E+00      0.251E+00      0.273E+09     -0.990E+02     -0.990E+02
      0.151E-02      0.945E+00      0.251E+00      0.273E+09     -0.990E+02     -0.990E+02
      0.158E-02      0.945E+00      0.251E+00      0.273E+09     -0.990E+02     -0.990E+02
      0.166E-02      0.945E+00      0.251E+00      0.273E+09     -0.990E+02     -0.990E+02
      0.174E-02      0.945E+00      0.251E+00      0.273E+09     -0.990E+02     -0.990E+02
      0.182E-02      0.945E+00      0.251E+00      0.273E+09     -0.990E+02     -0.990E+02
      0.191E-02      0.945E+00      0.251E+00      0.273E+09     -0.990E+02     -0.990E+02
      0.200E-02      0.945E+00      0.251E+00      0.273E+09     -0.990E+02     -0.990E+02
      0.209E-02      0.945E+00      0.251E+00      0.273E+09     -0.990E+02     -0.990E+02
      0.219E-02      0.945E+00      0.251E+00      0.273E+09     -0.990E+02     -0.990E+02
      0.229E-02      0.945E+00      0.251E+00      0.273E+09     -0.990E+02     -0.990E+02
      0.240E-02      0.945E+00      0.251E+00      0.273E+09     -0.990E+02     -0.990E+02
      0.251E-02      0.945E+00      0.251E+00      0.273E+09     -0.990E+02     -0.990E+02
      0.263E-02      0.945E+00      0.251E+00      0.273E+09     -0.990E+02     -0.990E+02
      0.275E-02      0.945E+00      0.251E+00      0.273E+09     -0.990E+02     -0.990E+02
      0.288E-02      0.945E+00      0.251E+00      0.273E+09     -0.990E+02     -0.990E+02
      0.302E-02      0.945E+00      0.251E+00      0.273E+09     -0.990E+02     -0.990E+02
      0.316E-02      0.945E+00      0.251E+00      0.273E+09     -0.990E+02     -0.990E+02
      0.331E-02      0.945E+00      0.251E+00      0.273E+09     -0.990E+02     -0.990E+02
      0.347E-02      0.945E+00      0.251E+00      0.273E+09     -0.990E+02     -0.990E+02
      0.363E-02      0.945E+00      0.251E+00      0.273E+09     -0.990E+02     -0.990E+02
      0.380E-02      0.945E+00      0.251E+00      0.273E+09     -0.990E+02     -0.990E+02
      0.398E-02      0.945E+00      0.251E+00      0.273E+09     -0.990E+02     -0.990E+02
      0.417E-02      0.945E+00      0.251E+00      0.273E+09     -0.990E+02     -0.990E+02
      0.437E-02      0.945E+00      0.251E+00      0.273E+09     -0.990E+02     -0.990E+02
      0.457E-02      0.945E+00      0.251E+00      0.273E+09     -0.990E+02     -0.990E+02
      0.479E-02      0.945E+00      0.251E+00      0.273E+09     -0.990E+02     -0.990E+02
      0.501E-02      0.945E+00      0.251E+00      0.273E+09     -0.990E+02     -0.990E+02
      0.525E-02      0.945E+00      0.251E+00      0.273E+09     -0.990E+02     -0.990E+02
      0.550E-02      0.945E+00      0.251E+00      0.273E+09     -0.990E+02     -0.990E+02
      0.575E-02      0.945E+00      0.251E+00      0.273E+09     -0.990E+02     -0.990E+02
      0.603E-02      0.945E+00      0.251E+00      0.273E+09     -0.990E+02     -0.990E+02
      0.631E-02      0.945E+00      0.251E+00      0.273E+09     -0.990E+02     -0.990E+02
      0.661E-02      0.945E+00      0.251E+00      0.273E+09     -0.990E+02     -0.990E+02
      0.692E-02      0.945E+00      0.251E+00      0.273E+09     -0.990E+02     -0.990E+02
      0.724E-02      0.945E+00      0.251E+00      0.273E+09     -0.990E+02     -0.990E+02
      0.759E-02      0.945E+00      0.251E+00      0.273E+09     -0.990E+02     -0.990E+02
      0.794E-02      0.945E+00      0.251E+00      0.273E+09     -0.990E+02     -0.990E+02
      0.832E-02      0.945E+00      0.251E+00      0.273E+09     -0.990E+02     -0.990E+02
      0.871E-02      0.945E+00      0.251E+00      0.273E+09     -0.990E+02     -0.990E+02
      0.912E-02      0.945E+00      0.251E+00      0.273E+09     -0.990E+02     -0.990E+02
      0.955E-02      0.945E+00      0.251E+00      0.273E+09     -0.990E+02     -0.990E+02
      0.100E-01      0.945E+00      0.251E+00      0.273E+09     -0.264E+00      0.659E+00
      0.105E-01      0.304E+00      0.243E+00      0.264E+09     -0.264E+00      0.660E+00
      0.110E-01      0.303E+00      0.242E+00      0.264E+09     -0.264E+00      0.660E+00
      0.115E-01      0.302E+00      0.242E+00      0.264E+09     -0.264E+00      0.660E+00
      0.120E-01      0.302E+00      0.241E+00      0.263E+09     -0.265E+00      0.661E+00
      0.126E-01      0.302E+00      0.242E+00      0.263E+09     -0.265E+00      0.660E+00
      0.132E-01      0.304E+00      0.243E+00      0.263E+09     -0.265E+00      0.661E+00
      0.138E-01      0.303E+00      0.242E+00      0.263E+09     -0.265E+00      0.661E+00
      0.144E-01      0.300E+00      0.240E+00      0.263E+09     -0.265E+00      0.661E+00
      0.151E-01      0.301E+00      0.241E+00      0.263E+09     -0.265E+00      0.661E+00
      0.159E-01      0.302E+00      0.242E+00      0.262E+09     -0.265E+00      0.662E+00
      0.166E-01      0.302E+00      0.242E+00      0.262E+09     -0.266E+00      0.662E+00
      0.174E-01      0.302E+00      0.242E+00      0.262E+09     -0.266E+00      0.662E+00
      0.182E-01      0.303E+00      0.243E+00      0.262E+09     -0.266E+00      0.663E+00
      0.191E-01      0.303E+00      0.242E+00      0.262E+09     -0.266E+00      0.663E+00
      0.200E-01      0.301E+00      0.241E+00      0.261E+09     -0.267E+00      0.664E+00
      0.209E-01      0.301E+00      0.241E+00      0.261E+09     -0.267E+00      0.664E+00
      0.219E-01      0.301E+00      0.241E+00      0.261E+09     -0.267E+00      0.665E+00
      0.229E-01      0.301E+00      0.241E+00      0.261E+09     -0.267E+00      0.665E+00
      0.240E-01      0.301E+00      0.242E+00      0.260E+09     -0.268E+00      0.666E+00
      0.251E-01      0.302E+00      0.242E+00      0.260E+09     -0.268E+00      0.666E+00
      0.263E-01      0.301E+00      0.242E+00      0.260E+09     -0.268E+00      0.666E+00
      0.275E-01      0.301E+00      0.241E+00      0.259E+09     -0.269E+00      0.667E+00
      0.290E-01      0.301E+00      0.241E+00      0.259E+09     -0.269E+00      0.668E+00
      0.300E-01      0.301E+00      0.241E+00      0.259E+09     -0.269E+00      0.669E+00
      0.310E-01      0.301E+00      0.242E+00      0.259E+09     -0.270E+00      0.670E+00
      0.320E-01      0.301E+00      0.241E+00      0.258E+09     -0.270E+00      0.670E+00
      0.330E-01      0.301E+00      0.241E+00      0.258E+09     -0.270E+00      0.670E+00
      0.340E-01      0.300E+00      0.242E+00      0.258E+09     -0.271E+00      0.671E+00
      0.350E-01      0.300E+00      0.241E+00      0.258E+09     -0.271E+00      0.671E+00
      0.360E-01      0.300E+00      0.242E+00      0.257E+09     -0.271E+00      0.672E+00
      0.370E-01      0.300E+00      0.242E+00      0.257E+09     -0.271E+00      0.673E+00
      0.380E-01      0.300E+00      0.242E+00      0.257E+09     -0.272E+00      0.673E+00
      0.390E-01      0.300E+00      0.242E+00      0.257E+09     -0.272E+00      0.673E+00
      0.400E-01      0.300E+00      0.242E+00      0.256E+09     -0.272E+00      0.674E+00
      0.425E-01      0.300E+00      0.241E+00      0.256E+09     -0.273E+00      0.674E+00
      0.450E-01      0.300E+00      0.242E+00      0.255E+09     -0.274E+00      0.677E+00
      0.475E-01      0.299E+00      0.241E+00      0.255E+09     -0.274E+00      0.678E+00
      0.500E-01      0.299E+00      0.242E+00      0.254E+09     -0.275E+00      0.681E+00
      0.525E-01      0.299E+00      0.242E+00      0.254E+09     -0.275E+00      0.681E+00
      0.550E-01      0.298E+00      0.242E+00      0.253E+09     -0.276E+00      0.684E+00
      0.571E-01      0.298E+00      0.243E+00      0.252E+09     -0.277E+00      0.685E+00
      0.640E-01      0.298E+00      0.243E+00      0.251E+09     -0.279E+00      0.690E+00
      0.719E-01      0.296E+00      0.240E+00      0.250E+09     -0.278E+00      0.685E+00
      0.806E-01      0.293E+00      0.235E+00      0.248E+09     -0.275E+00      0.670E+00
      0.905E-01      0.290E+00      0.229E+00      0.246E+09     -0.271E+00      0.654E+00
      0.102E+00      0.286E+00      0.223E+00      0.243E+09     -0.267E+00      0.634E+00
      0.114E+00      0.281E+00      0.216E+00      0.241E+09     -0.261E+00      0.613E+00
      0.128E+00      0.277E+00      0.208E+00      0.238E+09     -0.255E+00      0.588E+00
      0.143E+00      0.271E+00      0.200E+00      0.235E+09     -0.249E+00      0.559E+00
      0.161E+00      0.266E+00      0.192E+00      0.232E+09     -0.242E+00      0.526E+00
      0.181E+00      0.260E+00      0.182E+00      0.228E+09     -0.233E+00      0.488E+00
      0.203E+00      0.251E+00      0.169E+00      0.224E+09     -0.223E+00      0.448E+00
      0.227E+00      0.240E+00      0.155E+00      0.220E+09     -0.209E+00      0.405E+00
      0.255E+00      0.229E+00      0.141E+00      0.215E+09     -0.196E+00      0.360E+00
      0.286E+00      0.216E+00      0.128E+00      0.210E+09     -0.180E+00      0.318E+00
      0.321E+00      0.203E+00      0.119E+00      0.205E+09     -0.163E+00      0.296E+00
      0.360E+00      0.194E+00      0.117E+00      0.200E+09     -0.169E+00      0.319E+00
      0.404E+00      0.185E+00      0.117E+00      0.194E+09     -0.177E+00      0.345E+00
      0.453E+00      0.179E+00      0.114E+00      0.188E+09     -0.180E+00      0.352E+00
      0.509E+00      0.181E+00      0.108E+00      0.182E+09     -0.176E+00      0.331E+00
      0.571E+00      0.182E+00      0.105E+00      0.174E+09     -0.171E+00      0.299E+00
      0.641E+00      0.183E+00      0.109E+00      0.166E+09     -0.165E+00      0.291E+00
      0.719E+00      0.180E+00      0.106E+00      0.157E+09     -0.163E+00      0.304E+00
      0.806E+00      0.172E+00      0.965E-01      0.147E+09     -0.160E+00      0.272E+00
      0.905E+00      0.165E+00      0.100E+00      0.136E+09     -0.162E+00      0.245E+00
      0.102E+01      0.166E+00      0.911E-01      0.125E+09     -0.172E+00      0.223E+00
      0.114E+01      0.172E+00      0.928E-01      0.112E+09     -0.205E+00      0.275E+00
      0.128E+01      0.171E+00      0.887E-01      0.973E+08     -0.245E+00      0.322E+00
      0.143E+01      0.154E+00      0.895E-01      0.810E+08     -0.229E+00      0.267E+00
      0.161E+01      0.128E+00      0.697E-01      0.647E+08     -0.203E+00      0.221E+00
      0.168E+01      0.120E+00      0.752E-01      0.548E+08     -0.207E+00      0.261E+00
      0.170E+01      0.120E+00      0.735E-01      0.513E+08     -0.206E+00      0.258E+00
      0.180E+01      0.127E+00      0.646E-01      0.467E+08     -0.195E+00      0.202E+00
      0.190E+01      0.133E+00      0.704E-01      0.388E+08     -0.192E+00      0.184E+00
      0.200E+01      0.120E+00      0.657E-01      0.305E+08     -0.202E+00      0.192E+00
      0.210E+01      0.941E-01      0.531E-01      0.230E+08     -0.232E+00      0.216E+00
      0.220E+01      0.710E-01      0.479E-01      0.172E+08     -0.282E+00      0.301E+00
      0.230E+01      0.587E-01      0.380E-01      0.128E+08     -0.336E+00      0.334E+00
      0.240E+01      0.466E-01      0.311E-01      0.923E+07     -0.418E+00      0.422E+00
      0.250E+01      0.351E-01      0.252E-01      0.640E+07     -0.486E+00      0.518E+00
      0.260E+01      0.244E-01      0.200E-01      0.428E+07     -0.564E+00      0.704E+00
      0.275E+01      0.125E-01      0.196E-01      0.245E+07     -0.739E+00      0.169E+01
      0.300E+01      0.315E-02      0.115E-01      0.958E+06     -0.959E+00      0.499E+01
      0.325E+01      0.193E-02      0.934E-02      0.494E+06     -0.120E+01      0.733E+01
      0.350E+01      0.830E-03      0.558E-02      0.210E+06     -0.815E+00      0.758E+01
      0.375E+01      0.596E-03      0.333E-02      0.892E+05     -0.105E+01      0.782E+01
      0.400E+01      0.197E-04      0.150E-03      0.286E+04     -0.185E+01      0.198E+02
      0.425E+01      0.267E-10      0.200E-07      0.388E-02     -0.173E+01      0.183E+04
      0.450E+01      0.000E+00      0.000E+00      0.000E+00     -0.990E+02     -0.990E+02
      0.475E+01      0.000E+00      0.000E+00      0.000E+00     -0.990E+02     -0.990E+02
      0.500E+01      0.000E+00      0.000E+00      0.000E+00     -0.990E+02     -0.990E+02
      0.525E+01      0.000E+00      0.000E+00      0.000E+00     -0.990E+02     -0.990E+02
      0.550E+01      0.000E+00      0.000E+00      0.000E+00     -0.990E+02     -0.990E+02
      0.575E+01      0.000E+00      0.000E+00      0.000E+00     -0.990E+02     -0.990E+02
      0.600E+01      0.000E+00      0.000E+00      0.000E+00     -0.990E+02     -0.990E+02
      0.625E+01      0.000E+00      0.000E+00      0.000E+00     -0.990E+02     -0.990E+02
      0.650E+01      0.000E+00      0.000E+00      0.000E+00     -0.990E+02     -0.990E+02
      0.675E+01      0.000E+00      0.000E+00      0.000E+00     -0.990E+02     -0.990E+02
      0.700E+01      0.000E+00      0.000E+00      0.000E+00     -0.990E+02     -0.990E+02
      0.725E+01      0.000E+00      0.000E+00      0.000E+00     -0.990E+02     -0.990E+02
      0.750E+01      0.000E+00      0.000E+00      0.000E+00     -0.990E+02     -0.990E+02
      0.775E+01      0.000E+00      0.000E+00      0.000E+00     -0.990E+02     -0.990E+02
      0.800E+01      0.000E+00      0.000E+00      0.000E+00     -0.990E+02     -0.990E+02
      0.825E+01      0.000E+00      0.000E+00      0.000E+00     -0.990E+02     -0.990E+02
      0.850E+01      0.000E+00      0.000E+00      0.000E+00     -0.990E+02     -0.990E+02
      0.875E+01      0.000E+00      0.000E+00      0.000E+00     -0.990E+02     -0.990E+02
      0.900E+01      0.000E+00      0.000E+00      0.000E+00     -0.990E+02     -0.990E+02
      0.925E+01      0.000E+00      0.000E+00      0.000E+00     -0.990E+02     -0.990E+02
      0.950E+01      0.000E+00      0.000E+00      0.000E+00     -0.990E+02     -0.990E+02
      0.975E+01      0.000E+00      0.000E+00      0.000E+00     -0.990E+02     -0.990E+02
      0.100E+02      0.000E+00      0.000E+00      0.000E+00     -0.990E+02     -0.990E+02
      0.102E+02      0.000E+00      0.000E+00      0.000E+00     -0.990E+02     -0.990E+02
      0.105E+02      0.000E+00      0.000E+00      0.000E+00     -0.990E+02     -0.990E+02
      0.108E+02      0.000E+00      0.000E+00      0.000E+00     -0.990E+02     -0.990E+02
      0.110E+02      0.000E+00      0.000E+00      0.000E+00     -0.990E+02     -0.990E+02
      0.112E+02      0.000E+00      0.000E+00      0.000E+00     -0.990E+02     -0.990E+02
      0.115E+02      0.000E+00      0.000E+00      0.000E+00     -0.990E+02     -0.990E+02
      0.118E+02      0.000E+00      0.000E+00      0.000E+00     -0.990E+02     -0.990E+02
      0.120E+02      0.000E+00      0.000E+00      0.000E+00     -0.990E+02     -0.990E+02
      0.122E+02      0.000E+00      0.000E+00      0.000E+00     -0.990E+02     -0.990E+02
      0.125E+02      0.000E+00      0.000E+00      0.000E+00     -0.990E+02     -0.990E+02
      0.128E+02      0.000E+00      0.000E+00      0.000E+00     -0.990E+02     -0.990E+02
      0.130E+02      0.000E+00      0.000E+00      0.000E+00     -0.990E+02     -0.990E+02
      0.132E+02      0.000E+00      0.000E+00      0.000E+00     -0.990E+02     -0.990E+02
      0.135E+02      0.000E+00      0.000E+00      0.000E+00     -0.990E+02     -0.990E+02
      0.138E+02      0.000E+00      0.000E+00      0.000E+00     -0.990E+02     -0.990E+02
      0.140E+02      0.000E+00      0.000E+00      0.000E+00     -0.990E+02     -0.990E+02
      0.142E+02      0.000E+00      0.000E+00      0.000E+00     -0.990E+02     -0.990E+02
      0.145E+02      0.000E+00      0.000E+00      0.000E+00     -0.990E+02     -0.990E+02
      0.148E+02      0.000E+00      0.000E+00      0.000E+00     -0.990E+02     -0.990E+02
      0.150E+02      0.000E+00      0.000E+00      0.000E+00     -0.990E+02     -0.990E+02
      0.152E+02      0.000E+00      0.000E+00      0.000E+00     -0.990E+02     -0.990E+02
      0.155E+02      0.000E+00      0.000E+00      0.000E+00     -0.990E+02     -0.990E+02
      0.158E+02      0.000E+00      0.000E+00      0.000E+00     -0.990E+02     -0.990E+02
      0.160E+02      0.000E+00      0.000E+00      0.000E+00     -0.990E+02     -0.990E+02
      0.162E+02      0.000E+00      0.000E+00      0.000E+00     -0.990E+02     -0.990E+02
      0.165E+02      0.000E+00      0.000E+00      0.000E+00     -0.990E+02     -0.990E+02
      0.168E+02      0.000E+00      0.000E+00      0.000E+00     -0.990E+02     -0.990E+02
      0.170E+02      0.000E+00      0.000E+00      0.000E+00     -0.990E+02     -0.990E+02
      0.172E+02      0.000E+00      0.000E+00      0.000E+00     -0.990E+02     -0.990E+02
      0.175E+02      0.000E+00      0.000E+00      0.000E+00     -0.990E+02     -0.990E+02
      0.178E+02      0.000E+00      0.000E+00      0.000E+00     -0.990E+02     -0.990E+02
      0.180E+02      0.000E+00      0.000E+00      0.000E+00     -0.990E+02     -0.990E+02
      0.182E+02      0.000E+00      0.000E+00      0.000E+00     -0.990E+02     -0.990E+02
      0.185E+02      0.000E+00      0.000E+00      0.000E+00     -0.990E+02     -0.990E+02
      0.188E+02      0.000E+00      0.000E+00      0.000E+00     -0.990E+02     -0.990E+02
      0.190E+02      0.000E+00      0.000E+00      0.000E+00     -0.990E+02     -0.990E+02
      0.192E+02      0.000E+00      0.000E+00      0.000E+00     -0.990E+02     -0.990E+02
      0.195E+02      0.000E+00      0.000E+00      0.000E+00     -0.990E+02     -0.990E+02
      0.198E+02      0.000E+00      0.000E+00      0.000E+00     -0.990E+02     -0.990E+02
      0.200E+02      0.000E+00      0.000E+00      0.000E+00     -0.990E+02     -0.990E+02
