      0.000E+00      0.334E+01      0.569E+00      0.376E+09     -0.990E+02     -0.990E+02
      0.100E-03      0.334E+01      0.569E+00      0.376E+09     -0.990E+02     -0.990E+02
      0.140E-03      0.334E+01      0.569E+00      0.376E+09     -0.990E+02     -0.990E+02
      0.160E-03      0.334E+01      0.569E+00      0.376E+09     -0.990E+02     -0.990E+02
      0.180E-03      0.334E+01      0.569E+00      0.376E+09     -0.990E+02     -0.990E+02
      0.200E-03      0.334E+01      0.569E+00      0.376E+09     -0.990E+02     -0.990E+02
      0.220E-03      0.334E+01      0.569E+00      0.376E+09     -0.990E+02     -0.990E+02
      0.250E-03      0.334E+01      0.569E+00      0.376E+09     -0.990E+02     -0.990E+02
      0.280E-03      0.334E+01      0.569E+00      0.376E+09     -0.990E+02     -0.990E+02
      0.320E-03      0.334E+01      0.569E+00      0.376E+09     -0.990E+02     -0.990E+02
      0.350E-03      0.334E+01      0.569E+00      0.376E+09     -0.990E+02     -0.990E+02
      0.400E-03      0.334E+01      0.569E+00      0.376E+09     -0.990E+02     -0.990E+02
      0.450E-03      0.334E+01      0.569E+00      0.376E+09     -0.990E+02     -0.990E+02
      0.500E-03      0.334E+01      0.569E+00      0.376E+09     -0.990E+02     -0.990E+02
      0.560E-03      0.334E+01      0.569E+00      0.376E+09     -0.990E+02     -0.990E+02
      0.630E-03      0.334E+01      0.569E+00      0.376E+09     -0.990E+02     -0.990E+02
      0.710E-03      0.334E+01      0.569E+00      0.376E+09     -0.990E+02     -0.990E+02
      0.790E-03      0.334E+01      0.569E+00      0.376E+09     -0.990E+02     -0.990E+02
      0.890E-03      0.334E+01      0.569E+00      0.376E+09     -0.990E+02     -0.990E+02
      0.100E-02      0.334E+01      0.569E+00      0.376E+09     -0.990E+02     -0.990E+02
      0.105E-02      0.334E+01      0.569E+00      0.376E+09     -0.990E+02     -0.990E+02
      0.110E-02      0.334E+01      0.569E+00      0.376E+09     -0.990E+02     -0.990E+02
      0.115E-02      0.334E+01      0.569E+00      0.376E+09     -0.990E+02     -0.990E+02
      0.120E-02      0.334E+01      0.569E+00      0.376E+09     -0.990E+02     -0.990E+02
      0.126E-02      0.334E+01      0.569E+00      0.376E+09     -0.990E+02     -0.990E+02
      0.132E-02      0.334E+01      0.569E+00      0.376E+09     -0.990E+02     -0.990E+02
      0.138E-02      0.334E+01      0.569E+00      0.376E+09     -0.990E+02     -0.990E+02
      0.145E-02      0.334E+01      0.569E+00      0.376E+09     -0.990E+02     -0.990E+02
      0.151E-02      0.334E+01      0.569E+00      0.376E+09     -0.990E+02     -0.990E+02
      0.158E-02      0.334E+01      0.569E+00      0.376E+09     -0.990E+02     -0.990E+02
      0.166E-02      0.334E+01      0.569E+00      0.376E+09     -0.990E+02     -0.990E+02
      0.174E-02      0.334E+01      0.569E+00      0.376E+09     -0.990E+02     -0.990E+02
      0.182E-02      0.334E+01      0.569E+00      0.376E+09     -0.990E+02     -0.990E+02
      0.191E-02      0.334E+01      0.569E+00      0.376E+09     -0.990E+02     -0.990E+02
      0.200E-02      0.334E+01      0.569E+00      0.376E+09     -0.990E+02     -0.990E+02
      0.209E-02      0.334E+01      0.569E+00      0.376E+09     -0.990E+02     -0.990E+02
      0.219E-02      0.334E+01      0.569E+00      0.376E+09     -0.990E+02     -0.990E+02
      0.229E-02      0.334E+01      0.569E+00      0.376E+09     -0.990E+02     -0.990E+02
      0.240E-02      0.334E+01      0.569E+00      0.376E+09     -0.990E+02     -0.990E+02
      0.251E-02      0.334E+01      0.569E+00      0.376E+09     -0.990E+02     -0.990E+02
      0.263E-02      0.334E+01      0.569E+00      0.376E+09     -0.990E+02     -0.990E+02
      0.275E-02      0.334E+01      0.569E+00      0.376E+09     -0.990E+02     -0.990E+02
      0.288E-02      0.334E+01      0.569E+00      0.376E+09     -0.990E+02     -0.990E+02
      0.302E-02      0.334E+01      0.569E+00      0.376E+09     -0.990E+02     -0.990E+02
      0.316E-02      0.334E+01      0.569E+00      0.376E+09     -0.990E+02     -0.990E+02
      0.331E-02      0.334E+01      0.569E+00      0.376E+09     -0.990E+02     -0.990E+02
      0.347E-02      0.334E+01      0.569E+00      0.376E+09     -0.990E+02     -0.990E+02
      0.363E-02      0.334E+01      0.569E+00      0.376E+09     -0.990E+02     -0.990E+02
      0.380E-02      0.334E+01      0.569E+00      0.376E+09     -0.990E+02     -0.990E+02
      0.398E-02      0.334E+01      0.569E+00      0.376E+09     -0.990E+02     -0.990E+02
      0.417E-02      0.334E+01      0.569E+00      0.376E+09     -0.990E+02     -0.990E+02
      0.437E-02      0.334E+01      0.569E+00      0.376E+09     -0.990E+02     -0.990E+02
      0.457E-02      0.334E+01      0.569E+00      0.376E+09     -0.990E+02     -0.990E+02
      0.479E-02      0.334E+01      0.569E+00      0.376E+09     -0.990E+02     -0.990E+02
      0.501E-02      0.334E+01      0.569E+00      0.376E+09     -0.990E+02     -0.990E+02
      0.525E-02      0.334E+01      0.569E+00      0.376E+09     -0.990E+02     -0.990E+02
      0.550E-02      0.334E+01      0.569E+00      0.376E+09     -0.990E+02     -0.990E+02
      0.575E-02      0.334E+01      0.569E+00      0.376E+09     -0.990E+02     -0.990E+02
      0.603E-02      0.334E+01      0.569E+00      0.376E+09     -0.990E+02     -0.990E+02
      0.631E-02      0.334E+01      0.569E+00      0.376E+09     -0.990E+02     -0.990E+02
      0.661E-02      0.334E+01      0.569E+00      0.376E+09     -0.990E+02     -0.990E+02
      0.692E-02      0.334E+01      0.569E+00      0.376E+09     -0.990E+02     -0.990E+02
      0.724E-02      0.334E+01      0.569E+00      0.376E+09     -0.990E+02     -0.990E+02
      0.759E-02      0.334E+01      0.569E+00      0.376E+09     -0.990E+02     -0.990E+02
      0.794E-02      0.334E+01      0.569E+00      0.376E+09     -0.990E+02     -0.990E+02
      0.832E-02      0.334E+01      0.569E+00      0.376E+09     -0.990E+02     -0.990E+02
      0.871E-02      0.334E+01      0.569E+00      0.376E+09     -0.990E+02     -0.990E+02
      0.912E-02      0.334E+01      0.569E+00      0.376E+09     -0.990E+02     -0.990E+02
      0.955E-02      0.334E+01      0.569E+00      0.376E+09     -0.990E+02     -0.990E+02
      0.100E-01      0.334E+01      0.569E+00      0.376E+09     -0.904E+00      0.104E+01
      0.105E-01      0.111E+01      0.678E+00      0.342E+09     -0.904E+00      0.104E+01
      0.110E-01      0.110E+01      0.674E+00      0.342E+09     -0.905E+00      0.104E+01
      0.115E-01      0.110E+01      0.671E+00      0.341E+09     -0.905E+00      0.104E+01
      0.120E-01      0.109E+01      0.670E+00      0.341E+09     -0.905E+00      0.104E+01
      0.126E-01      0.109E+01      0.670E+00      0.340E+09     -0.905E+00      0.104E+01
      0.132E-01      0.110E+01      0.672E+00      0.340E+09     -0.905E+00      0.104E+01
      0.138E-01      0.109E+01      0.670E+00      0.339E+09     -0.905E+00      0.104E+01
      0.144E-01      0.108E+01      0.664E+00      0.338E+09     -0.905E+00      0.104E+01
      0.151E-01      0.109E+01      0.664E+00      0.338E+09     -0.905E+00      0.104E+01
      0.159E-01      0.109E+01      0.665E+00      0.337E+09     -0.905E+00      0.104E+01
      0.166E-01      0.109E+01      0.664E+00      0.336E+09     -0.906E+00      0.104E+01
      0.174E-01      0.109E+01      0.664E+00      0.336E+09     -0.906E+00      0.104E+01
      0.182E-01      0.109E+01      0.665E+00      0.335E+09     -0.906E+00      0.104E+01
      0.191E-01      0.109E+01      0.663E+00      0.334E+09     -0.906E+00      0.104E+01
      0.200E-01      0.108E+01      0.659E+00      0.333E+09     -0.906E+00      0.104E+01
      0.209E-01      0.108E+01      0.656E+00      0.333E+09     -0.907E+00      0.104E+01
      0.219E-01      0.107E+01      0.656E+00      0.332E+09     -0.907E+00      0.104E+01
      0.229E-01      0.107E+01      0.655E+00      0.331E+09     -0.907E+00      0.104E+01
      0.240E-01      0.107E+01      0.654E+00      0.330E+09     -0.907E+00      0.104E+01
      0.251E-01      0.107E+01      0.653E+00      0.329E+09     -0.907E+00      0.104E+01
      0.263E-01      0.107E+01      0.652E+00      0.328E+09     -0.907E+00      0.104E+01
      0.275E-01      0.106E+01      0.648E+00      0.327E+09     -0.907E+00      0.104E+01
      0.290E-01      0.106E+01      0.646E+00      0.326E+09     -0.907E+00      0.104E+01
      0.300E-01      0.106E+01      0.645E+00      0.324E+09     -0.907E+00      0.104E+01
      0.310E-01      0.106E+01      0.644E+00      0.324E+09     -0.907E+00      0.104E+01
      0.320E-01      0.106E+01      0.643E+00      0.323E+09     -0.907E+00      0.104E+01
      0.330E-01      0.105E+01      0.641E+00      0.322E+09     -0.907E+00      0.104E+01
      0.340E-01      0.105E+01      0.640E+00      0.321E+09     -0.908E+00      0.104E+01
      0.350E-01      0.105E+01      0.639E+00      0.320E+09     -0.907E+00      0.104E+01
      0.360E-01      0.105E+01      0.638E+00      0.319E+09     -0.907E+00      0.104E+01
      0.370E-01      0.105E+01      0.637E+00      0.318E+09     -0.908E+00      0.104E+01
      0.380E-01      0.104E+01      0.636E+00      0.318E+09     -0.908E+00      0.104E+01
      0.390E-01      0.104E+01      0.635E+00      0.317E+09     -0.908E+00      0.104E+01
      0.400E-01      0.104E+01      0.633E+00      0.316E+09     -0.908E+00      0.104E+01
      0.425E-01      0.104E+01      0.631E+00      0.314E+09     -0.908E+00      0.104E+01
      0.450E-01      0.103E+01      0.628E+00      0.312E+09     -0.908E+00      0.104E+01
      0.475E-01      0.102E+01      0.625E+00      0.310E+09     -0.908E+00      0.105E+01
      0.500E-01      0.102E+01      0.623E+00      0.308E+09     -0.908E+00      0.105E+01
      0.525E-01      0.102E+01      0.621E+00      0.306E+09     -0.908E+00      0.105E+01
      0.550E-01      0.101E+01      0.619E+00      0.304E+09     -0.908E+00      0.105E+01
      0.571E-01      0.101E+01      0.617E+00      0.302E+09     -0.908E+00      0.105E+01
      0.640E-01      0.992E+00      0.613E+00      0.299E+09     -0.909E+00      0.106E+01
      0.719E-01      0.975E+00      0.599E+00      0.293E+09     -0.908E+00      0.106E+01
      0.806E-01      0.957E+00      0.585E+00      0.287E+09     -0.906E+00      0.106E+01
      0.905E-01      0.938E+00      0.569E+00      0.280E+09     -0.903E+00      0.107E+01
      0.102E+00      0.919E+00      0.552E+00      0.272E+09     -0.901E+00      0.106E+01
      0.114E+00      0.901E+00      0.535E+00      0.264E+09     -0.897E+00      0.104E+01
      0.128E+00      0.881E+00      0.514E+00      0.255E+09     -0.891E+00      0.101E+01
      0.143E+00      0.859E+00      0.493E+00      0.245E+09     -0.884E+00      0.978E+00
      0.161E+00      0.835E+00      0.470E+00      0.235E+09     -0.878E+00      0.940E+00
      0.181E+00      0.811E+00      0.440E+00      0.224E+09     -0.872E+00      0.889E+00
      0.203E+00      0.783E+00      0.410E+00      0.211E+09     -0.865E+00      0.834E+00
      0.227E+00      0.753E+00      0.382E+00      0.198E+09     -0.858E+00      0.776E+00
      0.255E+00      0.720E+00      0.357E+00      0.184E+09     -0.846E+00      0.717E+00
      0.286E+00      0.687E+00      0.335E+00      0.169E+09     -0.833E+00      0.660E+00
      0.321E+00      0.652E+00      0.319E+00      0.153E+09     -0.824E+00      0.622E+00
      0.360E+00      0.618E+00      0.296E+00      0.136E+09     -0.827E+00      0.591E+00
      0.404E+00      0.584E+00      0.279E+00      0.118E+09     -0.852E+00      0.600E+00
      0.453E+00      0.536E+00      0.244E+00      0.991E+08     -0.874E+00      0.567E+00
      0.509E+00      0.478E+00      0.214E+00      0.799E+08     -0.906E+00      0.562E+00
      0.571E+00      0.402E+00      0.190E+00      0.608E+08     -0.943E+00      0.606E+00
      0.641E+00      0.318E+00      0.162E+00      0.430E+08     -0.988E+00      0.692E+00
      0.719E+00      0.217E+00      0.122E+00      0.272E+08     -0.104E+01      0.806E+00
      0.806E+00      0.122E+00      0.866E-01      0.153E+08     -0.109E+01      0.106E+01
      0.905E+00      0.544E-01      0.635E-01      0.788E+07     -0.110E+01      0.174E+01
      0.102E+01      0.281E-01      0.444E-01      0.417E+07     -0.112E+01      0.246E+01
      0.114E+01      0.111E-01      0.316E-01      0.204E+07     -0.128E+01      0.499E+01
      0.128E+01      0.586E-02      0.227E-01      0.111E+07     -0.142E+01      0.766E+01
      0.143E+01      0.338E-02      0.141E-01      0.563E+06     -0.142E+01      0.840E+01
      0.161E+01      0.165E-02      0.937E-02      0.213E+06     -0.145E+01      0.117E+02
      0.168E+01      0.108E-02      0.628E-02      0.866E+05     -0.147E+01      0.120E+02
      0.170E+01      0.913E-03      0.545E-02      0.564E+05     -0.148E+01      0.122E+02
      0.180E+01      0.225E-03      0.232E-02      0.226E+05     -0.151E+01      0.195E+02
      0.190E+01      0.113E-03      0.134E-02      0.879E+04     -0.147E+01      0.220E+02
      0.200E+01      0.317E-04      0.386E-03      0.192E+04     -0.143E+01      0.221E+02
      0.210E+01      0.179E-09      0.724E-06      0.111E-01     -0.780E+00      0.324E+04
      0.220E+01      0.372E-12      0.273E-08      0.337E-04     -0.142E+01      0.148E+05
      0.230E+01      0.185E-12      0.136E-08      0.111E-04     -0.142E+01      0.148E+05
      0.240E+01      0.000E+00      0.000E+00      0.000E+00     -0.990E+02     -0.990E+02
      0.250E+01      0.000E+00      0.000E+00      0.000E+00     -0.990E+02     -0.990E+02
      0.260E+01      0.000E+00      0.000E+00      0.000E+00     -0.990E+02     -0.990E+02
      0.275E+01      0.000E+00      0.000E+00      0.000E+00     -0.990E+02     -0.990E+02
      0.300E+01      0.000E+00      0.000E+00      0.000E+00     -0.990E+02     -0.990E+02
      0.325E+01      0.000E+00      0.000E+00      0.000E+00     -0.990E+02     -0.990E+02
      0.350E+01      0.000E+00      0.000E+00      0.000E+00     -0.990E+02     -0.990E+02
      0.375E+01      0.000E+00      0.000E+00      0.000E+00     -0.990E+02     -0.990E+02
      0.400E+01      0.000E+00      0.000E+00      0.000E+00     -0.990E+02     -0.990E+02
      0.425E+01      0.000E+00      0.000E+00      0.000E+00     -0.990E+02     -0.990E+02
      0.450E+01      0.000E+00      0.000E+00      0.000E+00     -0.990E+02     -0.990E+02
      0.475E+01      0.000E+00      0.000E+00      0.000E+00     -0.990E+02     -0.990E+02
      0.500E+01      0.000E+00      0.000E+00      0.000E+00     -0.990E+02     -0.990E+02
      0.525E+01      0.000E+00      0.000E+00      0.000E+00     -0.990E+02     -0.990E+02
      0.550E+01      0.000E+00      0.000E+00      0.000E+00     -0.990E+02     -0.990E+02
      0.575E+01      0.000E+00      0.000E+00      0.000E+00     -0.990E+02     -0.990E+02
      0.600E+01      0.000E+00      0.000E+00      0.000E+00     -0.990E+02     -0.990E+02
      0.625E+01      0.000E+00      0.000E+00      0.000E+00     -0.990E+02     -0.990E+02
      0.650E+01      0.000E+00      0.000E+00      0.000E+00     -0.990E+02     -0.990E+02
      0.675E+01      0.000E+00      0.000E+00      0.000E+00     -0.990E+02     -0.990E+02
      0.700E+01      0.000E+00      0.000E+00      0.000E+00     -0.990E+02     -0.990E+02
      0.725E+01      0.000E+00      0.000E+00      0.000E+00     -0.990E+02     -0.990E+02
      0.750E+01      0.000E+00      0.000E+00      0.000E+00     -0.990E+02     -0.990E+02
      0.775E+01      0.000E+00      0.000E+00      0.000E+00     -0.990E+02     -0.990E+02
      0.800E+01      0.000E+00      0.000E+00      0.000E+00     -0.990E+02     -0.990E+02
      0.825E+01      0.000E+00      0.000E+00      0.000E+00     -0.990E+02     -0.990E+02
      0.850E+01      0.000E+00      0.000E+00      0.000E+00     -0.990E+02     -0.990E+02
      0.875E+01      0.000E+00      0.000E+00      0.000E+00     -0.990E+02     -0.990E+02
      0.900E+01      0.000E+00      0.000E+00      0.000E+00     -0.990E+02     -0.990E+02
      0.925E+01      0.000E+00      0.000E+00      0.000E+00     -0.990E+02     -0.990E+02
      0.950E+01      0.000E+00      0.000E+00      0.000E+00     -0.990E+02     -0.990E+02
      0.975E+01      0.000E+00      0.000E+00      0.000E+00     -0.990E+02     -0.990E+02
      0.100E+02      0.000E+00      0.000E+00      0.000E+00     -0.990E+02     -0.990E+02
      0.102E+02      0.000E+00      0.000E+00      0.000E+00     -0.990E+02     -0.990E+02
      0.105E+02      0.000E+00      0.000E+00      0.000E+00     -0.990E+02     -0.990E+02
      0.108E+02      0.000E+00      0.000E+00      0.000E+00     -0.990E+02     -0.990E+02
      0.110E+02      0.000E+00      0.000E+00      0.000E+00     -0.990E+02     -0.990E+02
      0.112E+02      0.000E+00      0.000E+00      0.000E+00     -0.990E+02     -0.990E+02
      0.115E+02      0.000E+00      0.000E+00      0.000E+00     -0.990E+02     -0.990E+02
      0.118E+02      0.000E+00      0.000E+00      0.000E+00     -0.990E+02     -0.990E+02
      0.120E+02      0.000E+00      0.000E+00      0.000E+00     -0.990E+02     -0.990E+02
      0.122E+02      0.000E+00      0.000E+00      0.000E+00     -0.990E+02     -0.990E+02
      0.125E+02      0.000E+00      0.000E+00      0.000E+00     -0.990E+02     -0.990E+02
      0.128E+02      0.000E+00      0.000E+00      0.000E+00     -0.990E+02     -0.990E+02
      0.130E+02      0.000E+00      0.000E+00      0.000E+00     -0.990E+02     -0.990E+02
      0.132E+02      0.000E+00      0.000E+00      0.000E+00     -0.990E+02     -0.990E+02
      0.135E+02      0.000E+00      0.000E+00      0.000E+00     -0.990E+02     -0.990E+02
      0.138E+02      0.000E+00      0.000E+00      0.000E+00     -0.990E+02     -0.990E+02
      0.140E+02      0.000E+00      0.000E+00      0.000E+00     -0.990E+02     -0.990E+02
      0.142E+02      0.000E+00      0.000E+00      0.000E+00     -0.990E+02     -0.990E+02
      0.145E+02      0.000E+00      0.000E+00      0.000E+00     -0.990E+02     -0.990E+02
      0.148E+02      0.000E+00      0.000E+00      0.000E+00     -0.990E+02     -0.990E+02
      0.150E+02      0.000E+00      0.000E+00      0.000E+00     -0.990E+02     -0.990E+02
      0.152E+02      0.000E+00      0.000E+00      0.000E+00     -0.990E+02     -0.990E+02
      0.155E+02      0.000E+00      0.000E+00      0.000E+00     -0.990E+02     -0.990E+02
      0.158E+02      0.000E+00      0.000E+00      0.000E+00     -0.990E+02     -0.990E+02
      0.160E+02      0.000E+00      0.000E+00      0.000E+00     -0.990E+02     -0.990E+02
      0.162E+02      0.000E+00      0.000E+00      0.000E+00     -0.990E+02     -0.990E+02
      0.165E+02      0.000E+00      0.000E+00      0.000E+00     -0.990E+02     -0.990E+02
      0.168E+02      0.000E+00      0.000E+00      0.000E+00     -0.990E+02     -0.990E+02
      0.170E+02      0.000E+00      0.000E+00      0.000E+00     -0.990E+02     -0.990E+02
      0.172E+02      0.000E+00      0.000E+00      0.000E+00     -0.990E+02     -0.990E+02
      0.175E+02      0.000E+00      0.000E+00      0.000E+00     -0.990E+02     -0.990E+02
      0.178E+02      0.000E+00      0.000E+00      0.000E+00     -0.990E+02     -0.990E+02
      0.180E+02      0.000E+00      0.000E+00      0.000E+00     -0.990E+02     -0.990E+02
      0.182E+02      0.000E+00      0.000E+00      0.000E+00     -0.990E+02     -0.990E+02
      0.185E+02      0.000E+00      0.000E+00      0.000E+00     -0.990E+02     -0.990E+02
      0.188E+02      0.000E+00      0.000E+00      0.000E+00     -0.990E+02     -0.990E+02
      0.190E+02      0.000E+00      0.000E+00      0.000E+00     -0.990E+02     -0.990E+02
      0.192E+02      0.000E+00      0.000E+00      0.000E+00     -0.990E+02     -0.990E+02
      0.195E+02      0.000E+00      0.000E+00      0.000E+00     -0.990E+02     -0.990E+02
      0.198E+02      0.000E+00      0.000E+00      0.000E+00     -0.990E+02     -0.990E+02
      0.200E+02      0.000E+00      0.000E+00      0.000E+00     -0.990E+02     -0.990E+02
