      0.000E+00      0.681E-01      0.131E+00      0.100E+09     -0.990E+02     -0.990E+02
      0.100E-03      0.681E-01      0.131E+00      0.100E+09     -0.990E+02     -0.990E+02
      0.140E-03      0.681E-01      0.131E+00      0.100E+09     -0.990E+02     -0.990E+02
      0.160E-03      0.681E-01      0.131E+00      0.100E+09     -0.990E+02     -0.990E+02
      0.180E-03      0.681E-01      0.131E+00      0.100E+09     -0.990E+02     -0.990E+02
      0.200E-03      0.681E-01      0.131E+00      0.100E+09     -0.990E+02     -0.990E+02
      0.220E-03      0.681E-01      0.131E+00      0.100E+09     -0.990E+02     -0.990E+02
      0.250E-03      0.681E-01      0.131E+00      0.100E+09     -0.990E+02     -0.990E+02
      0.280E-03      0.681E-01      0.131E+00      0.100E+09     -0.990E+02     -0.990E+02
      0.320E-03      0.681E-01      0.131E+00      0.100E+09     -0.990E+02     -0.990E+02
      0.350E-03      0.681E-01      0.131E+00      0.100E+09     -0.990E+02     -0.990E+02
      0.400E-03      0.681E-01      0.131E+00      0.100E+09     -0.990E+02     -0.990E+02
      0.450E-03      0.681E-01      0.131E+00      0.100E+09     -0.990E+02     -0.990E+02
      0.500E-03      0.681E-01      0.131E+00      0.100E+09     -0.990E+02     -0.990E+02
      0.560E-03      0.681E-01      0.131E+00      0.100E+09     -0.990E+02     -0.990E+02
      0.630E-03      0.681E-01      0.131E+00      0.100E+09     -0.990E+02     -0.990E+02
      0.710E-03      0.681E-01      0.131E+00      0.100E+09     -0.990E+02     -0.990E+02
      0.790E-03      0.681E-01      0.131E+00      0.100E+09     -0.990E+02     -0.990E+02
      0.890E-03      0.681E-01      0.131E+00      0.100E+09     -0.990E+02     -0.990E+02
      0.100E-02      0.681E-01      0.131E+00      0.100E+09     -0.990E+02     -0.990E+02
      0.105E-02      0.681E-01      0.131E+00      0.100E+09     -0.990E+02     -0.990E+02
      0.110E-02      0.681E-01      0.131E+00      0.100E+09     -0.990E+02     -0.990E+02
      0.115E-02      0.681E-01      0.131E+00      0.100E+09     -0.990E+02     -0.990E+02
      0.120E-02      0.681E-01      0.131E+00      0.100E+09     -0.990E+02     -0.990E+02
      0.126E-02      0.681E-01      0.131E+00      0.100E+09     -0.990E+02     -0.990E+02
      0.132E-02      0.681E-01      0.131E+00      0.100E+09     -0.990E+02     -0.990E+02
      0.138E-02      0.681E-01      0.131E+00      0.100E+09     -0.990E+02     -0.990E+02
      0.145E-02      0.681E-01      0.131E+00      0.100E+09     -0.990E+02     -0.990E+02
      0.151E-02      0.681E-01      0.131E+00      0.100E+09     -0.990E+02     -0.990E+02
      0.158E-02      0.681E-01      0.131E+00      0.100E+09     -0.990E+02     -0.990E+02
      0.166E-02      0.681E-01      0.131E+00      0.100E+09     -0.990E+02     -0.990E+02
      0.174E-02      0.681E-01      0.131E+00      0.100E+09     -0.990E+02     -0.990E+02
      0.182E-02      0.681E-01      0.131E+00      0.100E+09     -0.990E+02     -0.990E+02
      0.191E-02      0.681E-01      0.131E+00      0.100E+09     -0.990E+02     -0.990E+02
      0.200E-02      0.681E-01      0.131E+00      0.100E+09     -0.990E+02     -0.990E+02
      0.209E-02      0.681E-01      0.131E+00      0.100E+09     -0.990E+02     -0.990E+02
      0.219E-02      0.681E-01      0.131E+00      0.100E+09     -0.990E+02     -0.990E+02
      0.229E-02      0.681E-01      0.131E+00      0.100E+09     -0.990E+02     -0.990E+02
      0.240E-02      0.681E-01      0.131E+00      0.100E+09     -0.990E+02     -0.990E+02
      0.251E-02      0.681E-01      0.131E+00      0.100E+09     -0.990E+02     -0.990E+02
      0.263E-02      0.681E-01      0.131E+00      0.100E+09     -0.990E+02     -0.990E+02
      0.275E-02      0.681E-01      0.131E+00      0.100E+09     -0.990E+02     -0.990E+02
      0.288E-02      0.681E-01      0.131E+00      0.100E+09     -0.990E+02     -0.990E+02
      0.302E-02      0.681E-01      0.131E+00      0.100E+09     -0.990E+02     -0.990E+02
      0.316E-02      0.681E-01      0.131E+00      0.100E+09     -0.990E+02     -0.990E+02
      0.331E-02      0.681E-01      0.131E+00      0.100E+09     -0.990E+02     -0.990E+02
      0.347E-02      0.681E-01      0.131E+00      0.100E+09     -0.990E+02     -0.990E+02
      0.363E-02      0.681E-01      0.131E+00      0.100E+09     -0.990E+02     -0.990E+02
      0.380E-02      0.681E-01      0.131E+00      0.100E+09     -0.990E+02     -0.990E+02
      0.398E-02      0.681E-01      0.131E+00      0.100E+09     -0.990E+02     -0.990E+02
      0.417E-02      0.681E-01      0.131E+00      0.100E+09     -0.990E+02     -0.990E+02
      0.437E-02      0.681E-01      0.131E+00      0.100E+09     -0.990E+02     -0.990E+02
      0.457E-02      0.681E-01      0.131E+00      0.100E+09     -0.990E+02     -0.990E+02
      0.479E-02      0.681E-01      0.131E+00      0.100E+09     -0.990E+02     -0.990E+02
      0.501E-02      0.681E-01      0.131E+00      0.100E+09     -0.990E+02     -0.990E+02
      0.525E-02      0.681E-01      0.131E+00      0.100E+09     -0.990E+02     -0.990E+02
      0.550E-02      0.681E-01      0.131E+00      0.100E+09     -0.990E+02     -0.990E+02
      0.575E-02      0.681E-01      0.131E+00      0.100E+09     -0.990E+02     -0.990E+02
      0.603E-02      0.681E-01      0.131E+00      0.100E+09     -0.990E+02     -0.990E+02
      0.631E-02      0.681E-01      0.131E+00      0.100E+09     -0.990E+02     -0.990E+02
      0.661E-02      0.681E-01      0.131E+00      0.100E+09     -0.990E+02     -0.990E+02
      0.692E-02      0.681E-01      0.131E+00      0.100E+09     -0.990E+02     -0.990E+02
      0.724E-02      0.681E-01      0.131E+00      0.100E+09     -0.990E+02     -0.990E+02
      0.759E-02      0.681E-01      0.131E+00      0.100E+09     -0.990E+02     -0.990E+02
      0.794E-02      0.681E-01      0.131E+00      0.100E+09     -0.990E+02     -0.990E+02
      0.832E-02      0.681E-01      0.131E+00      0.100E+09     -0.990E+02     -0.990E+02
      0.871E-02      0.681E-01      0.131E+00      0.100E+09     -0.990E+02     -0.990E+02
      0.912E-02      0.681E-01      0.131E+00      0.100E+09     -0.990E+02     -0.990E+02
      0.955E-02      0.681E-01      0.131E+00      0.100E+09     -0.990E+02     -0.990E+02
      0.100E-01      0.681E-01      0.131E+00      0.100E+09     -0.943E+00      0.673E+00
      0.105E-01      0.112E+00      0.577E-01      0.993E+08     -0.943E+00      0.672E+00
      0.110E-01      0.111E+00      0.574E-01      0.992E+08     -0.943E+00      0.672E+00
      0.115E-01      0.111E+00      0.571E-01      0.992E+08     -0.943E+00      0.672E+00
      0.120E-01      0.111E+00      0.570E-01      0.991E+08     -0.943E+00      0.672E+00
      0.126E-01      0.111E+00      0.571E-01      0.991E+08     -0.943E+00      0.671E+00
      0.132E-01      0.111E+00      0.573E-01      0.990E+08     -0.943E+00      0.671E+00
      0.138E-01      0.111E+00      0.570E-01      0.990E+08     -0.943E+00      0.671E+00
      0.144E-01      0.110E+00      0.565E-01      0.989E+08     -0.943E+00      0.671E+00
      0.151E-01      0.110E+00      0.566E-01      0.988E+08     -0.943E+00      0.670E+00
      0.159E-01      0.110E+00      0.567E-01      0.988E+08     -0.943E+00      0.670E+00
      0.166E-01      0.110E+00      0.566E-01      0.987E+08     -0.943E+00      0.670E+00
      0.174E-01      0.110E+00      0.565E-01      0.986E+08     -0.943E+00      0.669E+00
      0.182E-01      0.110E+00      0.566E-01      0.985E+08     -0.943E+00      0.669E+00
      0.191E-01      0.110E+00      0.564E-01      0.985E+08     -0.943E+00      0.669E+00
      0.200E-01      0.109E+00      0.561E-01      0.984E+08     -0.943E+00      0.668E+00
      0.209E-01      0.109E+00      0.558E-01      0.983E+08     -0.943E+00      0.667E+00
      0.219E-01      0.109E+00      0.558E-01      0.982E+08     -0.943E+00      0.666E+00
      0.229E-01      0.109E+00      0.559E-01      0.981E+08     -0.943E+00      0.666E+00
      0.240E-01      0.109E+00      0.556E-01      0.980E+08     -0.943E+00      0.665E+00
      0.251E-01      0.109E+00      0.556E-01      0.979E+08     -0.944E+00      0.664E+00
      0.263E-01      0.109E+00      0.555E-01      0.978E+08     -0.943E+00      0.663E+00
      0.275E-01      0.108E+00      0.551E-01      0.977E+08     -0.943E+00      0.662E+00
      0.290E-01      0.108E+00      0.551E-01      0.976E+08     -0.943E+00      0.662E+00
      0.300E-01      0.108E+00      0.549E-01      0.975E+08     -0.943E+00      0.661E+00
      0.310E-01      0.108E+00      0.549E-01      0.974E+08     -0.943E+00      0.660E+00
      0.320E-01      0.108E+00      0.547E-01      0.973E+08     -0.943E+00      0.659E+00
      0.330E-01      0.107E+00      0.546E-01      0.972E+08     -0.943E+00      0.659E+00
      0.340E-01      0.107E+00      0.545E-01      0.971E+08     -0.943E+00      0.658E+00
      0.350E-01      0.107E+00      0.544E-01      0.970E+08     -0.943E+00      0.657E+00
      0.360E-01      0.107E+00      0.543E-01      0.969E+08     -0.943E+00      0.657E+00
      0.370E-01      0.107E+00      0.541E-01      0.969E+08     -0.943E+00      0.656E+00
      0.380E-01      0.107E+00      0.540E-01      0.968E+08     -0.943E+00      0.655E+00
      0.390E-01      0.107E+00      0.540E-01      0.967E+08     -0.943E+00      0.655E+00
      0.400E-01      0.106E+00      0.539E-01      0.966E+08     -0.943E+00      0.655E+00
      0.425E-01      0.106E+00      0.536E-01      0.965E+08     -0.943E+00      0.653E+00
      0.450E-01      0.106E+00      0.533E-01      0.962E+08     -0.943E+00      0.652E+00
      0.475E-01      0.105E+00      0.530E-01      0.960E+08     -0.943E+00      0.650E+00
      0.500E-01      0.105E+00      0.528E-01      0.958E+08     -0.944E+00      0.649E+00
      0.525E-01      0.105E+00      0.524E-01      0.956E+08     -0.944E+00      0.648E+00
      0.550E-01      0.104E+00      0.521E-01      0.954E+08     -0.944E+00      0.647E+00
      0.571E-01      0.104E+00      0.519E-01      0.952E+08     -0.944E+00      0.646E+00
      0.640E-01      0.103E+00      0.511E-01      0.948E+08     -0.945E+00      0.643E+00
      0.719E-01      0.101E+00      0.503E-01      0.942E+08     -0.945E+00      0.642E+00
      0.806E-01      0.100E+00      0.494E-01      0.936E+08     -0.945E+00      0.641E+00
      0.905E-01      0.981E-01      0.484E-01      0.929E+08     -0.946E+00      0.640E+00
      0.102E+00      0.960E-01      0.473E-01      0.921E+08     -0.946E+00      0.641E+00
      0.114E+00      0.936E-01      0.463E-01      0.912E+08     -0.946E+00      0.643E+00
      0.128E+00      0.914E-01      0.450E-01      0.903E+08     -0.946E+00      0.643E+00
      0.143E+00      0.889E-01      0.436E-01      0.893E+08     -0.948E+00      0.642E+00
      0.161E+00      0.860E-01      0.421E-01      0.882E+08     -0.949E+00      0.645E+00
      0.181E+00      0.826E-01      0.406E-01      0.870E+08     -0.950E+00      0.652E+00
      0.203E+00      0.791E-01      0.393E-01      0.858E+08     -0.951E+00      0.663E+00
      0.227E+00      0.759E-01      0.382E-01      0.845E+08     -0.951E+00      0.674E+00
      0.255E+00      0.736E-01      0.369E-01      0.830E+08     -0.956E+00      0.676E+00
      0.286E+00      0.705E-01      0.352E-01      0.815E+08     -0.957E+00      0.670E+00
      0.321E+00      0.663E-01      0.324E-01      0.799E+08     -0.955E+00      0.651E+00
      0.360E+00      0.620E-01      0.296E-01      0.782E+08     -0.955E+00      0.634E+00
      0.404E+00      0.576E-01      0.270E-01      0.764E+08     -0.957E+00      0.621E+00
      0.453E+00      0.529E-01      0.248E-01      0.745E+08     -0.958E+00      0.622E+00
      0.509E+00      0.475E-01      0.222E-01      0.726E+08     -0.951E+00      0.615E+00
      0.571E+00      0.439E-01      0.209E-01      0.708E+08     -0.942E+00      0.614E+00
      0.641E+00      0.417E-01      0.207E-01      0.688E+08     -0.926E+00      0.628E+00
      0.719E+00      0.391E-01      0.214E-01      0.668E+08     -0.912E+00      0.690E+00
      0.806E+00      0.376E-01      0.191E-01      0.646E+08     -0.932E+00      0.659E+00
      0.905E+00      0.406E-01      0.179E-01      0.623E+08     -0.984E+00      0.604E+00
      0.102E+01      0.451E-01      0.188E-01      0.596E+08     -0.102E+01      0.607E+00
      0.114E+01      0.450E-01      0.200E-01      0.562E+08     -0.103E+01      0.655E+00
      0.128E+01      0.436E-01      0.214E-01      0.524E+08     -0.104E+01      0.726E+00
      0.143E+01      0.364E-01      0.195E-01      0.483E+08     -0.102E+01      0.781E+00
      0.161E+01      0.309E-01      0.195E-01      0.446E+08     -0.990E+00      0.921E+00
      0.168E+01      0.298E-01      0.192E-01      0.422E+08     -0.979E+00      0.938E+00
      0.170E+01      0.295E-01      0.192E-01      0.414E+08     -0.975E+00      0.946E+00
      0.180E+01      0.311E-01      0.182E-01      0.403E+08     -0.988E+00      0.860E+00
      0.190E+01      0.378E-01      0.173E-01      0.384E+08     -0.102E+01      0.692E+00
      0.200E+01      0.443E-01      0.196E-01      0.361E+08     -0.104E+01      0.687E+00
      0.210E+01      0.416E-01      0.176E-01      0.334E+08     -0.107E+01      0.688E+00
      0.220E+01      0.378E-01      0.184E-01      0.309E+08     -0.112E+01      0.814E+00
      0.230E+01      0.331E-01      0.180E-01      0.286E+08     -0.115E+01      0.937E+00
      0.240E+01      0.294E-01      0.169E-01      0.266E+08     -0.113E+01      0.958E+00
      0.250E+01      0.266E-01      0.164E-01      0.248E+08     -0.112E+01      0.993E+00
      0.260E+01      0.272E-01      0.170E-01      0.232E+08     -0.114E+01      0.106E+01
      0.275E+01      0.270E-01      0.193E-01      0.212E+08     -0.108E+01      0.110E+01
      0.300E+01      0.237E-01      0.146E-01      0.180E+08     -0.103E+01      0.888E+00
      0.325E+01      0.179E-01      0.112E-01      0.145E+08     -0.102E+01      0.882E+00
      0.350E+01      0.223E-01      0.102E-01      0.119E+08     -0.111E+01      0.675E+00
      0.375E+01      0.188E-01      0.112E-01      0.865E+07     -0.119E+01      0.929E+00
      0.400E+01      0.162E-01      0.109E-01      0.591E+07     -0.121E+01      0.110E+01
      0.425E+01      0.105E-01      0.955E-02      0.357E+07     -0.122E+01      0.150E+01
      0.450E+01      0.566E-02      0.667E-02      0.206E+07     -0.121E+01      0.187E+01
      0.475E+01      0.282E-02      0.499E-02      0.124E+07     -0.103E+01      0.246E+01
      0.500E+01      0.203E-02      0.552E-02      0.833E+06     -0.757E+00      0.303E+01
      0.525E+01      0.143E-02      0.411E-02      0.544E+06     -0.918E+00      0.381E+01
      0.550E+01      0.154E-02      0.411E-02      0.339E+06     -0.119E+01      0.461E+01
      0.575E+01      0.648E-03      0.195E-02      0.120E+06     -0.140E+01      0.686E+01
      0.600E+01      0.187E-03      0.728E-03      0.284E+05     -0.149E+01      0.779E+01
      0.625E+01      0.127E-04      0.187E-03      0.183E+04     -0.537E+00      0.106E+02
      0.650E+01      0.178E-06      0.224E-04      0.250E+02     -0.116E+01      0.204E+03
      0.675E+01      0.977E-12      0.115E-07      0.137E-03     -0.112E+01      0.178E+05
      0.700E+01      0.000E+00      0.000E+00      0.000E+00     -0.990E+02     -0.990E+02
      0.725E+01      0.000E+00      0.000E+00      0.000E+00     -0.990E+02     -0.990E+02
      0.750E+01      0.000E+00      0.000E+00      0.000E+00     -0.990E+02     -0.990E+02
      0.775E+01      0.000E+00      0.000E+00      0.000E+00     -0.990E+02     -0.990E+02
      0.800E+01      0.000E+00      0.000E+00      0.000E+00     -0.990E+02     -0.990E+02
      0.825E+01      0.000E+00      0.000E+00      0.000E+00     -0.990E+02     -0.990E+02
      0.850E+01      0.000E+00      0.000E+00      0.000E+00     -0.990E+02     -0.990E+02
      0.875E+01      0.000E+00      0.000E+00      0.000E+00     -0.990E+02     -0.990E+02
      0.900E+01      0.000E+00      0.000E+00      0.000E+00     -0.990E+02     -0.990E+02
      0.925E+01      0.000E+00      0.000E+00      0.000E+00     -0.990E+02     -0.990E+02
      0.950E+01      0.000E+00      0.000E+00      0.000E+00     -0.990E+02     -0.990E+02
      0.975E+01      0.000E+00      0.000E+00      0.000E+00     -0.990E+02     -0.990E+02
      0.100E+02      0.000E+00      0.000E+00      0.000E+00     -0.990E+02     -0.990E+02
      0.102E+02      0.000E+00      0.000E+00      0.000E+00     -0.990E+02     -0.990E+02
      0.105E+02      0.000E+00      0.000E+00      0.000E+00     -0.990E+02     -0.990E+02
      0.108E+02      0.000E+00      0.000E+00      0.000E+00     -0.990E+02     -0.990E+02
      0.110E+02      0.000E+00      0.000E+00      0.000E+00     -0.990E+02     -0.990E+02
      0.112E+02      0.000E+00      0.000E+00      0.000E+00     -0.990E+02     -0.990E+02
      0.115E+02      0.000E+00      0.000E+00      0.000E+00     -0.990E+02     -0.990E+02
      0.118E+02      0.000E+00      0.000E+00      0.000E+00     -0.990E+02     -0.990E+02
      0.120E+02      0.000E+00      0.000E+00      0.000E+00     -0.990E+02     -0.990E+02
      0.122E+02      0.000E+00      0.000E+00      0.000E+00     -0.990E+02     -0.990E+02
      0.125E+02      0.000E+00      0.000E+00      0.000E+00     -0.990E+02     -0.990E+02
      0.128E+02      0.000E+00      0.000E+00      0.000E+00     -0.990E+02     -0.990E+02
      0.130E+02      0.000E+00      0.000E+00      0.000E+00     -0.990E+02     -0.990E+02
      0.132E+02      0.000E+00      0.000E+00      0.000E+00     -0.990E+02     -0.990E+02
      0.135E+02      0.000E+00      0.000E+00      0.000E+00     -0.990E+02     -0.990E+02
      0.138E+02      0.000E+00      0.000E+00      0.000E+00     -0.990E+02     -0.990E+02
      0.140E+02      0.000E+00      0.000E+00      0.000E+00     -0.990E+02     -0.990E+02
      0.142E+02      0.000E+00      0.000E+00      0.000E+00     -0.990E+02     -0.990E+02
      0.145E+02      0.000E+00      0.000E+00      0.000E+00     -0.990E+02     -0.990E+02
      0.148E+02      0.000E+00      0.000E+00      0.000E+00     -0.990E+02     -0.990E+02
      0.150E+02      0.000E+00      0.000E+00      0.000E+00     -0.990E+02     -0.990E+02
      0.152E+02      0.000E+00      0.000E+00      0.000E+00     -0.990E+02     -0.990E+02
      0.155E+02      0.000E+00      0.000E+00      0.000E+00     -0.990E+02     -0.990E+02
      0.158E+02      0.000E+00      0.000E+00      0.000E+00     -0.990E+02     -0.990E+02
      0.160E+02      0.000E+00      0.000E+00      0.000E+00     -0.990E+02     -0.990E+02
      0.162E+02      0.000E+00      0.000E+00      0.000E+00     -0.990E+02     -0.990E+02
      0.165E+02      0.000E+00      0.000E+00      0.000E+00     -0.990E+02     -0.990E+02
      0.168E+02      0.000E+00      0.000E+00      0.000E+00     -0.990E+02     -0.990E+02
      0.170E+02      0.000E+00      0.000E+00      0.000E+00     -0.990E+02     -0.990E+02
      0.172E+02      0.000E+00      0.000E+00      0.000E+00     -0.990E+02     -0.990E+02
      0.175E+02      0.000E+00      0.000E+00      0.000E+00     -0.990E+02     -0.990E+02
      0.178E+02      0.000E+00      0.000E+00      0.000E+00     -0.990E+02     -0.990E+02
      0.180E+02      0.000E+00      0.000E+00      0.000E+00     -0.990E+02     -0.990E+02
      0.182E+02      0.000E+00      0.000E+00      0.000E+00     -0.990E+02     -0.990E+02
      0.185E+02      0.000E+00      0.000E+00      0.000E+00     -0.990E+02     -0.990E+02
      0.188E+02      0.000E+00      0.000E+00      0.000E+00     -0.990E+02     -0.990E+02
      0.190E+02      0.000E+00      0.000E+00      0.000E+00     -0.990E+02     -0.990E+02
      0.192E+02      0.000E+00      0.000E+00      0.000E+00     -0.990E+02     -0.990E+02
      0.195E+02      0.000E+00      0.000E+00      0.000E+00     -0.990E+02     -0.990E+02
      0.198E+02      0.000E+00      0.000E+00      0.000E+00     -0.990E+02     -0.990E+02
      0.200E+02      0.000E+00      0.000E+00      0.000E+00     -0.990E+02     -0.990E+02
