      0.000E+00      0.536E+02      0.660E+01      0.424E+11     -0.990E+02     -0.990E+02
      0.100E-03      0.536E+02      0.660E+01      0.424E+11     -0.990E+02     -0.990E+02
      0.140E-03      0.536E+02      0.660E+01      0.424E+11     -0.990E+02     -0.990E+02
      0.160E-03      0.536E+02      0.660E+01      0.424E+11     -0.990E+02     -0.990E+02
      0.180E-03      0.536E+02      0.660E+01      0.424E+11     -0.990E+02     -0.990E+02
      0.200E-03      0.536E+02      0.660E+01      0.424E+11     -0.990E+02     -0.990E+02
      0.220E-03      0.536E+02      0.660E+01      0.424E+11     -0.990E+02     -0.990E+02
      0.250E-03      0.536E+02      0.660E+01      0.424E+11     -0.990E+02     -0.990E+02
      0.280E-03      0.536E+02      0.660E+01      0.424E+11     -0.990E+02     -0.990E+02
      0.320E-03      0.536E+02      0.660E+01      0.424E+11     -0.990E+02     -0.990E+02
      0.350E-03      0.536E+02      0.660E+01      0.424E+11     -0.990E+02     -0.990E+02
      0.400E-03      0.536E+02      0.660E+01      0.424E+11     -0.990E+02     -0.990E+02
      0.450E-03      0.536E+02      0.660E+01      0.424E+11     -0.990E+02     -0.990E+02
      0.500E-03      0.536E+02      0.660E+01      0.424E+11     -0.990E+02     -0.990E+02
      0.560E-03      0.536E+02      0.660E+01      0.424E+11     -0.990E+02     -0.990E+02
      0.630E-03      0.536E+02      0.660E+01      0.424E+11     -0.990E+02     -0.990E+02
      0.710E-03      0.536E+02      0.660E+01      0.424E+11     -0.990E+02     -0.990E+02
      0.790E-03      0.536E+02      0.660E+01      0.424E+11     -0.990E+02     -0.990E+02
      0.890E-03      0.536E+02      0.660E+01      0.424E+11     -0.990E+02     -0.990E+02
      0.100E-02      0.536E+02      0.660E+01      0.424E+11     -0.990E+02     -0.990E+02
      0.105E-02      0.536E+02      0.660E+01      0.424E+11     -0.990E+02     -0.990E+02
      0.110E-02      0.536E+02      0.660E+01      0.424E+11     -0.990E+02     -0.990E+02
      0.115E-02      0.536E+02      0.660E+01      0.424E+11     -0.990E+02     -0.990E+02
      0.120E-02      0.536E+02      0.660E+01      0.424E+11     -0.990E+02     -0.990E+02
      0.126E-02      0.536E+02      0.660E+01      0.424E+11     -0.990E+02     -0.990E+02
      0.132E-02      0.536E+02      0.660E+01      0.424E+11     -0.990E+02     -0.990E+02
      0.138E-02      0.536E+02      0.660E+01      0.424E+11     -0.990E+02     -0.990E+02
      0.145E-02      0.536E+02      0.660E+01      0.424E+11     -0.990E+02     -0.990E+02
      0.151E-02      0.536E+02      0.660E+01      0.424E+11     -0.990E+02     -0.990E+02
      0.158E-02      0.536E+02      0.660E+01      0.424E+11     -0.990E+02     -0.990E+02
      0.166E-02      0.536E+02      0.660E+01      0.424E+11     -0.990E+02     -0.990E+02
      0.174E-02      0.536E+02      0.660E+01      0.424E+11     -0.990E+02     -0.990E+02
      0.182E-02      0.536E+02      0.660E+01      0.424E+11     -0.990E+02     -0.990E+02
      0.191E-02      0.536E+02      0.660E+01      0.424E+11     -0.990E+02     -0.990E+02
      0.200E-02      0.536E+02      0.660E+01      0.424E+11     -0.990E+02     -0.990E+02
      0.209E-02      0.536E+02      0.660E+01      0.424E+11     -0.990E+02     -0.990E+02
      0.219E-02      0.536E+02      0.660E+01      0.424E+11     -0.990E+02     -0.990E+02
      0.229E-02      0.536E+02      0.660E+01      0.424E+11     -0.990E+02     -0.990E+02
      0.240E-02      0.536E+02      0.660E+01      0.424E+11     -0.990E+02     -0.990E+02
      0.251E-02      0.536E+02      0.660E+01      0.424E+11     -0.990E+02     -0.990E+02
      0.263E-02      0.536E+02      0.660E+01      0.424E+11     -0.990E+02     -0.990E+02
      0.275E-02      0.536E+02      0.660E+01      0.424E+11     -0.990E+02     -0.990E+02
      0.288E-02      0.536E+02      0.660E+01      0.424E+11     -0.990E+02     -0.990E+02
      0.302E-02      0.536E+02      0.660E+01      0.424E+11     -0.990E+02     -0.990E+02
      0.316E-02      0.536E+02      0.660E+01      0.424E+11     -0.990E+02     -0.990E+02
      0.331E-02      0.536E+02      0.660E+01      0.424E+11     -0.990E+02     -0.990E+02
      0.347E-02      0.536E+02      0.660E+01      0.424E+11     -0.990E+02     -0.990E+02
      0.363E-02      0.536E+02      0.660E+01      0.424E+11     -0.990E+02     -0.990E+02
      0.380E-02      0.536E+02      0.660E+01      0.424E+11     -0.990E+02     -0.990E+02
      0.398E-02      0.536E+02      0.660E+01      0.424E+11     -0.990E+02     -0.990E+02
      0.417E-02      0.536E+02      0.660E+01      0.424E+11     -0.990E+02     -0.990E+02
      0.437E-02      0.536E+02      0.660E+01      0.424E+11     -0.990E+02     -0.990E+02
      0.457E-02      0.536E+02      0.660E+01      0.424E+11     -0.990E+02     -0.990E+02
      0.479E-02      0.536E+02      0.660E+01      0.424E+11     -0.990E+02     -0.990E+02
      0.501E-02      0.536E+02      0.660E+01      0.424E+11     -0.990E+02     -0.990E+02
      0.525E-02      0.536E+02      0.660E+01      0.424E+11     -0.990E+02     -0.990E+02
      0.550E-02      0.536E+02      0.660E+01      0.424E+11     -0.990E+02     -0.990E+02
      0.575E-02      0.536E+02      0.660E+01      0.424E+11     -0.990E+02     -0.990E+02
      0.603E-02      0.536E+02      0.660E+01      0.424E+11     -0.990E+02     -0.990E+02
      0.631E-02      0.536E+02      0.660E+01      0.424E+11     -0.990E+02     -0.990E+02
      0.661E-02      0.536E+02      0.660E+01      0.424E+11     -0.990E+02     -0.990E+02
      0.692E-02      0.536E+02      0.660E+01      0.424E+11     -0.990E+02     -0.990E+02
      0.724E-02      0.536E+02      0.660E+01      0.424E+11     -0.990E+02     -0.990E+02
      0.759E-02      0.536E+02      0.660E+01      0.424E+11     -0.990E+02     -0.990E+02
      0.794E-02      0.536E+02      0.660E+01      0.424E+11     -0.990E+02     -0.990E+02
      0.832E-02      0.536E+02      0.660E+01      0.424E+11     -0.990E+02     -0.990E+02
      0.871E-02      0.536E+02      0.660E+01      0.424E+11     -0.990E+02     -0.990E+02
      0.912E-02      0.536E+02      0.660E+01      0.424E+11     -0.990E+02     -0.990E+02
      0.955E-02      0.536E+02      0.660E+01      0.424E+11     -0.990E+02     -0.990E+02
      0.100E-01      0.536E+02      0.660E+01      0.424E+11     -0.687E-01      0.100E+00
      0.105E-01      0.155E+02      0.495E+01      0.418E+11     -0.687E-01      0.998E-01
      0.110E-01      0.154E+02      0.493E+01      0.418E+11     -0.688E-01      0.998E-01
      0.115E-01      0.154E+02      0.493E+01      0.418E+11     -0.687E-01      0.996E-01
      0.120E-01      0.154E+02      0.493E+01      0.418E+11     -0.688E-01      0.996E-01
      0.126E-01      0.155E+02      0.495E+01      0.418E+11     -0.688E-01      0.994E-01
      0.132E-01      0.156E+02      0.498E+01      0.418E+11     -0.688E-01      0.993E-01
      0.138E-01      0.155E+02      0.498E+01      0.418E+11     -0.688E-01      0.992E-01
      0.144E-01      0.155E+02      0.495E+01      0.418E+11     -0.688E-01      0.990E-01
      0.151E-01      0.155E+02      0.498E+01      0.418E+11     -0.689E-01      0.989E-01
      0.159E-01      0.156E+02      0.500E+01      0.417E+11     -0.689E-01      0.987E-01
      0.166E-01      0.156E+02      0.501E+01      0.417E+11     -0.689E-01      0.987E-01
      0.174E-01      0.157E+02      0.503E+01      0.417E+11     -0.690E-01      0.985E-01
      0.182E-01      0.157E+02      0.506E+01      0.417E+11     -0.690E-01      0.982E-01
      0.191E-01      0.157E+02      0.507E+01      0.417E+11     -0.691E-01      0.982E-01
      0.200E-01      0.157E+02      0.506E+01      0.417E+11     -0.691E-01      0.981E-01
      0.209E-01      0.157E+02      0.507E+01      0.417E+11     -0.691E-01      0.979E-01
      0.219E-01      0.158E+02      0.509E+01      0.417E+11     -0.691E-01      0.976E-01
      0.229E-01      0.158E+02      0.512E+01      0.417E+11     -0.692E-01      0.975E-01
      0.240E-01      0.159E+02      0.513E+01      0.416E+11     -0.692E-01      0.972E-01
      0.251E-01      0.159E+02      0.516E+01      0.416E+11     -0.693E-01      0.969E-01
      0.263E-01      0.159E+02      0.517E+01      0.416E+11     -0.693E-01      0.968E-01
      0.275E-01      0.159E+02      0.518E+01      0.416E+11     -0.694E-01      0.965E-01
      0.290E-01      0.160E+02      0.520E+01      0.416E+11     -0.694E-01      0.965E-01
      0.300E-01      0.160E+02      0.523E+01      0.416E+11     -0.695E-01      0.964E-01
      0.310E-01      0.161E+02      0.525E+01      0.415E+11     -0.695E-01      0.962E-01
      0.320E-01      0.161E+02      0.526E+01      0.415E+11     -0.696E-01      0.960E-01
      0.330E-01      0.161E+02      0.528E+01      0.415E+11     -0.696E-01      0.958E-01
      0.340E-01      0.162E+02      0.530E+01      0.415E+11     -0.697E-01      0.957E-01
      0.350E-01      0.162E+02      0.531E+01      0.415E+11     -0.697E-01      0.955E-01
      0.360E-01      0.162E+02      0.533E+01      0.415E+11     -0.698E-01      0.954E-01
      0.370E-01      0.163E+02      0.535E+01      0.415E+11     -0.698E-01      0.952E-01
      0.380E-01      0.163E+02      0.536E+01      0.415E+11     -0.698E-01      0.950E-01
      0.390E-01      0.163E+02      0.538E+01      0.414E+11     -0.699E-01      0.948E-01
      0.400E-01      0.164E+02      0.539E+01      0.414E+11     -0.699E-01      0.947E-01
      0.425E-01      0.165E+02      0.545E+01      0.414E+11     -0.700E-01      0.942E-01
      0.450E-01      0.165E+02      0.548E+01      0.414E+11     -0.701E-01      0.940E-01
      0.475E-01      0.166E+02      0.551E+01      0.413E+11     -0.702E-01      0.937E-01
      0.500E-01      0.167E+02      0.557E+01      0.413E+11     -0.703E-01      0.932E-01
      0.525E-01      0.167E+02      0.560E+01      0.413E+11     -0.703E-01      0.930E-01
      0.550E-01      0.168E+02      0.564E+01      0.412E+11     -0.708E-01      0.927E-01
      0.571E-01      0.169E+02      0.565E+01      0.412E+11     -0.714E-01      0.926E-01
      0.640E-01      0.170E+02      0.570E+01      0.411E+11     -0.734E-01      0.924E-01
      0.719E-01      0.171E+02      0.575E+01      0.410E+11     -0.756E-01      0.922E-01
      0.806E-01      0.173E+02      0.582E+01      0.409E+11     -0.780E-01      0.923E-01
      0.905E-01      0.174E+02      0.589E+01      0.408E+11     -0.807E-01      0.925E-01
      0.102E+00      0.176E+02      0.599E+01      0.407E+11     -0.838E-01      0.928E-01
      0.114E+00      0.179E+02      0.610E+01      0.405E+11     -0.871E-01      0.933E-01
      0.128E+00      0.181E+02      0.623E+01      0.403E+11     -0.906E-01      0.936E-01
      0.143E+00      0.184E+02      0.639E+01      0.401E+11     -0.944E-01      0.943E-01
      0.161E+00      0.187E+02      0.656E+01      0.399E+11     -0.988E-01      0.952E-01
      0.181E+00      0.190E+02      0.676E+01      0.396E+11     -0.104E+00      0.966E-01
      0.203E+00      0.194E+02      0.701E+01      0.394E+11     -0.109E+00      0.979E-01
      0.227E+00      0.198E+02      0.729E+01      0.390E+11     -0.114E+00      0.995E-01
      0.255E+00      0.202E+02      0.764E+01      0.386E+11     -0.120E+00      0.102E+00
      0.286E+00      0.207E+02      0.804E+01      0.382E+11     -0.127E+00      0.104E+00
      0.321E+00      0.206E+02      0.797E+01      0.377E+11     -0.132E+00      0.106E+00
      0.360E+00      0.197E+02      0.732E+01      0.372E+11     -0.134E+00      0.106E+00
      0.404E+00      0.186E+02      0.663E+01      0.366E+11     -0.138E+00      0.107E+00
      0.453E+00      0.172E+02      0.580E+01      0.360E+11     -0.142E+00      0.111E+00
      0.509E+00      0.155E+02      0.512E+01      0.354E+11     -0.149E+00      0.119E+00
      0.571E+00      0.144E+02      0.494E+01      0.347E+11     -0.160E+00      0.130E+00
      0.641E+00      0.149E+02      0.554E+01      0.341E+11     -0.177E+00      0.136E+00
      0.719E+00      0.158E+02      0.628E+01      0.334E+11     -0.190E+00      0.139E+00
      0.806E+00      0.168E+02      0.714E+01      0.325E+11     -0.201E+00      0.142E+00
      0.905E+00      0.169E+02      0.684E+01      0.314E+11     -0.212E+00      0.141E+00
      0.102E+01      0.169E+02      0.674E+01      0.303E+11     -0.227E+00      0.152E+00
      0.114E+01      0.165E+02      0.661E+01      0.290E+11     -0.237E+00      0.155E+00
      0.128E+01      0.158E+02      0.634E+01      0.276E+11     -0.246E+00      0.153E+00
      0.143E+01      0.144E+02      0.546E+01      0.261E+11     -0.240E+00      0.132E+00
      0.161E+01      0.136E+02      0.504E+01      0.245E+11     -0.248E+00      0.177E+00
      0.168E+01      0.137E+02      0.505E+01      0.235E+11     -0.259E+00      0.214E+00
      0.170E+01      0.137E+02      0.498E+01      0.231E+11     -0.260E+00      0.211E+00
      0.180E+01      0.134E+02      0.461E+01      0.226E+11     -0.263E+00      0.192E+00
      0.190E+01      0.128E+02      0.394E+01      0.217E+11     -0.259E+00      0.157E+00
      0.200E+01      0.128E+02      0.373E+01      0.209E+11     -0.250E+00      0.145E+00
      0.210E+01      0.136E+02      0.413E+01      0.201E+11     -0.247E+00      0.154E+00
      0.220E+01      0.146E+02      0.469E+01      0.193E+11     -0.253E+00      0.167E+00
      0.230E+01      0.151E+02      0.544E+01      0.184E+11     -0.261E+00      0.173E+00
      0.240E+01      0.149E+02      0.510E+01      0.175E+11     -0.273E+00      0.165E+00
      0.250E+01      0.153E+02      0.482E+01      0.166E+11     -0.280E+00      0.147E+00
      0.260E+01      0.154E+02      0.458E+01      0.156E+11     -0.296E+00      0.138E+00
      0.275E+01      0.150E+02      0.474E+01      0.145E+11     -0.344E+00      0.170E+00
      0.300E+01      0.150E+02      0.407E+01      0.127E+11     -0.359E+00      0.162E+00
      0.325E+01      0.156E+02      0.519E+01      0.104E+11     -0.404E+00      0.217E+00
      0.350E+01      0.137E+02      0.542E+01      0.810E+10     -0.406E+00      0.249E+00
      0.375E+01      0.134E+02      0.455E+01      0.608E+10     -0.439E+00      0.216E+00
      0.400E+01      0.117E+02      0.451E+01      0.412E+10     -0.521E+00      0.248E+00
      0.425E+01      0.952E+01      0.426E+01      0.242E+10     -0.637E+00      0.352E+00
      0.450E+01      0.326E+01      0.166E+01      0.104E+10     -0.553E+00      0.351E+00
      0.475E+01      0.111E+01      0.145E+01      0.569E+09     -0.206E+00      0.360E+00
      0.500E+01      0.105E+01      0.144E+01      0.406E+09     -0.105E+00      0.307E+00
      0.525E+01      0.922E+00      0.109E+01      0.253E+09     -0.115E+00      0.228E+00
      0.550E+01      0.572E+00      0.649E+00      0.119E+09     -0.237E+00      0.363E+00
      0.575E+01      0.257E+00      0.232E+00      0.369E+08     -0.369E+00      0.420E+00
      0.600E+01      0.290E-04      0.374E-02      0.413E+04     -0.148E+01      0.259E+03
      0.625E+01      0.283E-06      0.181E-03      0.401E+02     -0.131E+01      0.915E+03
      0.650E+01      0.138E-08      0.640E-05      0.196E+00     -0.502E+00      0.318E+04
      0.675E+01      0.000E+00      0.000E+00      0.000E+00     -0.990E+02     -0.990E+02
      0.700E+01      0.000E+00      0.000E+00      0.000E+00     -0.990E+02     -0.990E+02
      0.725E+01      0.000E+00      0.000E+00      0.000E+00     -0.990E+02     -0.990E+02
      0.750E+01      0.000E+00      0.000E+00      0.000E+00     -0.990E+02     -0.990E+02
      0.775E+01      0.000E+00      0.000E+00      0.000E+00     -0.990E+02     -0.990E+02
      0.800E+01      0.000E+00      0.000E+00      0.000E+00     -0.990E+02     -0.990E+02
      0.825E+01      0.000E+00      0.000E+00      0.000E+00     -0.990E+02     -0.990E+02
      0.850E+01      0.000E+00      0.000E+00      0.000E+00     -0.990E+02     -0.990E+02
      0.875E+01      0.000E+00      0.000E+00      0.000E+00     -0.990E+02     -0.990E+02
      0.900E+01      0.000E+00      0.000E+00      0.000E+00     -0.990E+02     -0.990E+02
      0.925E+01      0.000E+00      0.000E+00      0.000E+00     -0.990E+02     -0.990E+02
      0.950E+01      0.000E+00      0.000E+00      0.000E+00     -0.990E+02     -0.990E+02
      0.975E+01      0.000E+00      0.000E+00      0.000E+00     -0.990E+02     -0.990E+02
      0.100E+02      0.000E+00      0.000E+00      0.000E+00     -0.990E+02     -0.990E+02
      0.102E+02      0.000E+00      0.000E+00      0.000E+00     -0.990E+02     -0.990E+02
      0.105E+02      0.000E+00      0.000E+00      0.000E+00     -0.990E+02     -0.990E+02
      0.108E+02      0.000E+00      0.000E+00      0.000E+00     -0.990E+02     -0.990E+02
      0.110E+02      0.000E+00      0.000E+00      0.000E+00     -0.990E+02     -0.990E+02
      0.112E+02      0.000E+00      0.000E+00      0.000E+00     -0.990E+02     -0.990E+02
      0.115E+02      0.000E+00      0.000E+00      0.000E+00     -0.990E+02     -0.990E+02
      0.118E+02      0.000E+00      0.000E+00      0.000E+00     -0.990E+02     -0.990E+02
      0.120E+02      0.000E+00      0.000E+00      0.000E+00     -0.990E+02     -0.990E+02
      0.122E+02      0.000E+00      0.000E+00      0.000E+00     -0.990E+02     -0.990E+02
      0.125E+02      0.000E+00      0.000E+00      0.000E+00     -0.990E+02     -0.990E+02
      0.128E+02      0.000E+00      0.000E+00      0.000E+00     -0.990E+02     -0.990E+02
      0.130E+02      0.000E+00      0.000E+00      0.000E+00     -0.990E+02     -0.990E+02
      0.132E+02      0.000E+00      0.000E+00      0.000E+00     -0.990E+02     -0.990E+02
      0.135E+02      0.000E+00      0.000E+00      0.000E+00     -0.990E+02     -0.990E+02
      0.138E+02      0.000E+00      0.000E+00      0.000E+00     -0.990E+02     -0.990E+02
      0.140E+02      0.000E+00      0.000E+00      0.000E+00     -0.990E+02     -0.990E+02
      0.142E+02      0.000E+00      0.000E+00      0.000E+00     -0.990E+02     -0.990E+02
      0.145E+02      0.000E+00      0.000E+00      0.000E+00     -0.990E+02     -0.990E+02
      0.148E+02      0.000E+00      0.000E+00      0.000E+00     -0.990E+02     -0.990E+02
      0.150E+02      0.000E+00      0.000E+00      0.000E+00     -0.990E+02     -0.990E+02
      0.152E+02      0.000E+00      0.000E+00      0.000E+00     -0.990E+02     -0.990E+02
      0.155E+02      0.000E+00      0.000E+00      0.000E+00     -0.990E+02     -0.990E+02
      0.158E+02      0.000E+00      0.000E+00      0.000E+00     -0.990E+02     -0.990E+02
      0.160E+02      0.000E+00      0.000E+00      0.000E+00     -0.990E+02     -0.990E+02
      0.162E+02      0.000E+00      0.000E+00      0.000E+00     -0.990E+02     -0.990E+02
      0.165E+02      0.000E+00      0.000E+00      0.000E+00     -0.990E+02     -0.990E+02
      0.168E+02      0.000E+00      0.000E+00      0.000E+00     -0.990E+02     -0.990E+02
      0.170E+02      0.000E+00      0.000E+00      0.000E+00     -0.990E+02     -0.990E+02
      0.172E+02      0.000E+00      0.000E+00      0.000E+00     -0.990E+02     -0.990E+02
      0.175E+02      0.000E+00      0.000E+00      0.000E+00     -0.990E+02     -0.990E+02
      0.178E+02      0.000E+00      0.000E+00      0.000E+00     -0.990E+02     -0.990E+02
      0.180E+02      0.000E+00      0.000E+00      0.000E+00     -0.990E+02     -0.990E+02
      0.182E+02      0.000E+00      0.000E+00      0.000E+00     -0.990E+02     -0.990E+02
      0.185E+02      0.000E+00      0.000E+00      0.000E+00     -0.990E+02     -0.990E+02
      0.188E+02      0.000E+00      0.000E+00      0.000E+00     -0.990E+02     -0.990E+02
      0.190E+02      0.000E+00      0.000E+00      0.000E+00     -0.990E+02     -0.990E+02
      0.192E+02      0.000E+00      0.000E+00      0.000E+00     -0.990E+02     -0.990E+02
      0.195E+02      0.000E+00      0.000E+00      0.000E+00     -0.990E+02     -0.990E+02
      0.198E+02      0.000E+00      0.000E+00      0.000E+00     -0.990E+02     -0.990E+02
      0.200E+02      0.000E+00      0.000E+00      0.000E+00     -0.990E+02     -0.990E+02
