      0.000E+00      0.148E+01      0.524E+00      0.461E+09     -0.990E+02     -0.990E+02
      0.100E-03      0.148E+01      0.524E+00      0.461E+09     -0.990E+02     -0.990E+02
      0.140E-03      0.148E+01      0.524E+00      0.461E+09     -0.990E+02     -0.990E+02
      0.160E-03      0.148E+01      0.524E+00      0.461E+09     -0.990E+02     -0.990E+02
      0.180E-03      0.148E+01      0.524E+00      0.461E+09     -0.990E+02     -0.990E+02
      0.200E-03      0.148E+01      0.524E+00      0.461E+09     -0.990E+02     -0.990E+02
      0.220E-03      0.148E+01      0.524E+00      0.461E+09     -0.990E+02     -0.990E+02
      0.250E-03      0.148E+01      0.524E+00      0.461E+09     -0.990E+02     -0.990E+02
      0.280E-03      0.148E+01      0.524E+00      0.461E+09     -0.990E+02     -0.990E+02
      0.320E-03      0.148E+01      0.524E+00      0.461E+09     -0.990E+02     -0.990E+02
      0.350E-03      0.148E+01      0.524E+00      0.461E+09     -0.990E+02     -0.990E+02
      0.400E-03      0.148E+01      0.524E+00      0.461E+09     -0.990E+02     -0.990E+02
      0.450E-03      0.148E+01      0.524E+00      0.461E+09     -0.990E+02     -0.990E+02
      0.500E-03      0.148E+01      0.524E+00      0.461E+09     -0.990E+02     -0.990E+02
      0.560E-03      0.148E+01      0.524E+00      0.461E+09     -0.990E+02     -0.990E+02
      0.630E-03      0.148E+01      0.524E+00      0.461E+09     -0.990E+02     -0.990E+02
      0.710E-03      0.148E+01      0.524E+00      0.461E+09     -0.990E+02     -0.990E+02
      0.790E-03      0.148E+01      0.524E+00      0.461E+09     -0.990E+02     -0.990E+02
      0.890E-03      0.148E+01      0.524E+00      0.461E+09     -0.990E+02     -0.990E+02
      0.100E-02      0.148E+01      0.524E+00      0.461E+09     -0.990E+02     -0.990E+02
      0.105E-02      0.148E+01      0.524E+00      0.461E+09     -0.990E+02     -0.990E+02
      0.110E-02      0.148E+01      0.524E+00      0.461E+09     -0.990E+02     -0.990E+02
      0.115E-02      0.148E+01      0.524E+00      0.461E+09     -0.990E+02     -0.990E+02
      0.120E-02      0.148E+01      0.524E+00      0.461E+09     -0.990E+02     -0.990E+02
      0.126E-02      0.148E+01      0.524E+00      0.461E+09     -0.990E+02     -0.990E+02
      0.132E-02      0.148E+01      0.524E+00      0.461E+09     -0.990E+02     -0.990E+02
      0.138E-02      0.148E+01      0.524E+00      0.461E+09     -0.990E+02     -0.990E+02
      0.145E-02      0.148E+01      0.524E+00      0.461E+09     -0.990E+02     -0.990E+02
      0.151E-02      0.148E+01      0.524E+00      0.461E+09     -0.990E+02     -0.990E+02
      0.158E-02      0.148E+01      0.524E+00      0.461E+09     -0.990E+02     -0.990E+02
      0.166E-02      0.148E+01      0.524E+00      0.461E+09     -0.990E+02     -0.990E+02
      0.174E-02      0.148E+01      0.524E+00      0.461E+09     -0.990E+02     -0.990E+02
      0.182E-02      0.148E+01      0.524E+00      0.461E+09     -0.990E+02     -0.990E+02
      0.191E-02      0.148E+01      0.524E+00      0.461E+09     -0.990E+02     -0.990E+02
      0.200E-02      0.148E+01      0.524E+00      0.461E+09     -0.990E+02     -0.990E+02
      0.209E-02      0.148E+01      0.524E+00      0.461E+09     -0.990E+02     -0.990E+02
      0.219E-02      0.148E+01      0.524E+00      0.461E+09     -0.990E+02     -0.990E+02
      0.229E-02      0.148E+01      0.524E+00      0.461E+09     -0.990E+02     -0.990E+02
      0.240E-02      0.148E+01      0.524E+00      0.461E+09     -0.990E+02     -0.990E+02
      0.251E-02      0.148E+01      0.524E+00      0.461E+09     -0.990E+02     -0.990E+02
      0.263E-02      0.148E+01      0.524E+00      0.461E+09     -0.990E+02     -0.990E+02
      0.275E-02      0.148E+01      0.524E+00      0.461E+09     -0.990E+02     -0.990E+02
      0.288E-02      0.148E+01      0.524E+00      0.461E+09     -0.990E+02     -0.990E+02
      0.302E-02      0.148E+01      0.524E+00      0.461E+09     -0.990E+02     -0.990E+02
      0.316E-02      0.148E+01      0.524E+00      0.461E+09     -0.990E+02     -0.990E+02
      0.331E-02      0.148E+01      0.524E+00      0.461E+09     -0.990E+02     -0.990E+02
      0.347E-02      0.148E+01      0.524E+00      0.461E+09     -0.990E+02     -0.990E+02
      0.363E-02      0.148E+01      0.524E+00      0.461E+09     -0.990E+02     -0.990E+02
      0.380E-02      0.148E+01      0.524E+00      0.461E+09     -0.990E+02     -0.990E+02
      0.398E-02      0.148E+01      0.524E+00      0.461E+09     -0.990E+02     -0.990E+02
      0.417E-02      0.148E+01      0.524E+00      0.461E+09     -0.990E+02     -0.990E+02
      0.437E-02      0.148E+01      0.524E+00      0.461E+09     -0.990E+02     -0.990E+02
      0.457E-02      0.148E+01      0.524E+00      0.461E+09     -0.990E+02     -0.990E+02
      0.479E-02      0.148E+01      0.524E+00      0.461E+09     -0.990E+02     -0.990E+02
      0.501E-02      0.148E+01      0.524E+00      0.461E+09     -0.990E+02     -0.990E+02
      0.525E-02      0.148E+01      0.524E+00      0.461E+09     -0.990E+02     -0.990E+02
      0.550E-02      0.148E+01      0.524E+00      0.461E+09     -0.990E+02     -0.990E+02
      0.575E-02      0.148E+01      0.524E+00      0.461E+09     -0.990E+02     -0.990E+02
      0.603E-02      0.148E+01      0.524E+00      0.461E+09     -0.990E+02     -0.990E+02
      0.631E-02      0.148E+01      0.524E+00      0.461E+09     -0.990E+02     -0.990E+02
      0.661E-02      0.148E+01      0.524E+00      0.461E+09     -0.990E+02     -0.990E+02
      0.692E-02      0.148E+01      0.524E+00      0.461E+09     -0.990E+02     -0.990E+02
      0.724E-02      0.148E+01      0.524E+00      0.461E+09     -0.990E+02     -0.990E+02
      0.759E-02      0.148E+01      0.524E+00      0.461E+09     -0.990E+02     -0.990E+02
      0.794E-02      0.148E+01      0.524E+00      0.461E+09     -0.990E+02     -0.990E+02
      0.832E-02      0.148E+01      0.524E+00      0.461E+09     -0.990E+02     -0.990E+02
      0.871E-02      0.148E+01      0.524E+00      0.461E+09     -0.990E+02     -0.990E+02
      0.912E-02      0.148E+01      0.524E+00      0.461E+09     -0.990E+02     -0.990E+02
      0.955E-02      0.148E+01      0.524E+00      0.461E+09     -0.990E+02     -0.990E+02
      0.100E-01      0.148E+01      0.524E+00      0.461E+09     -0.981E+00      0.889E+00
      0.105E-01      0.102E+01      0.637E+00      0.446E+09     -0.981E+00      0.888E+00
      0.110E-01      0.102E+01      0.633E+00      0.445E+09     -0.982E+00      0.887E+00
      0.115E-01      0.102E+01      0.629E+00      0.445E+09     -0.982E+00      0.886E+00
      0.120E-01      0.101E+01      0.626E+00      0.444E+09     -0.983E+00      0.884E+00
      0.126E-01      0.101E+01      0.626E+00      0.444E+09     -0.983E+00      0.883E+00
      0.132E-01      0.102E+01      0.628E+00      0.443E+09     -0.983E+00      0.882E+00
      0.138E-01      0.101E+01      0.624E+00      0.443E+09     -0.983E+00      0.881E+00
      0.144E-01      0.101E+01      0.618E+00      0.442E+09     -0.984E+00      0.880E+00
      0.151E-01      0.101E+01      0.617E+00      0.442E+09     -0.984E+00      0.879E+00
      0.159E-01      0.101E+01      0.618E+00      0.441E+09     -0.985E+00      0.878E+00
      0.166E-01      0.101E+01      0.616E+00      0.440E+09     -0.985E+00      0.876E+00
      0.174E-01      0.101E+01      0.614E+00      0.440E+09     -0.986E+00      0.874E+00
      0.182E-01      0.101E+01      0.613E+00      0.439E+09     -0.986E+00      0.873E+00
      0.191E-01      0.101E+01      0.611E+00      0.438E+09     -0.987E+00      0.871E+00
      0.200E-01      0.100E+01      0.605E+00      0.437E+09     -0.987E+00      0.870E+00
      0.209E-01      0.999E+00      0.601E+00      0.437E+09     -0.988E+00      0.867E+00
      0.219E-01      0.997E+00      0.598E+00      0.436E+09     -0.988E+00      0.865E+00
      0.229E-01      0.997E+00      0.597E+00      0.435E+09     -0.989E+00      0.864E+00
      0.240E-01      0.995E+00      0.593E+00      0.434E+09     -0.990E+00      0.861E+00
      0.251E-01      0.996E+00      0.592E+00      0.433E+09     -0.990E+00      0.860E+00
      0.263E-01      0.993E+00      0.588E+00      0.432E+09     -0.991E+00      0.858E+00
      0.275E-01      0.988E+00      0.584E+00      0.431E+09     -0.992E+00      0.856E+00
      0.290E-01      0.987E+00      0.580E+00      0.430E+09     -0.993E+00      0.854E+00
      0.300E-01      0.986E+00      0.577E+00      0.429E+09     -0.993E+00      0.851E+00
      0.310E-01      0.984E+00      0.575E+00      0.428E+09     -0.994E+00      0.850E+00
      0.320E-01      0.982E+00      0.572E+00      0.428E+09     -0.995E+00      0.848E+00
      0.330E-01      0.981E+00      0.570E+00      0.427E+09     -0.995E+00      0.846E+00
      0.340E-01      0.978E+00      0.566E+00      0.426E+09     -0.996E+00      0.845E+00
      0.350E-01      0.976E+00      0.563E+00      0.425E+09     -0.996E+00      0.843E+00
      0.360E-01      0.975E+00      0.562E+00      0.424E+09     -0.997E+00      0.841E+00
      0.370E-01      0.973E+00      0.559E+00      0.424E+09     -0.998E+00      0.840E+00
      0.380E-01      0.972E+00      0.556E+00      0.423E+09     -0.998E+00      0.838E+00
      0.390E-01      0.970E+00      0.553E+00      0.422E+09     -0.999E+00      0.836E+00
      0.400E-01      0.968E+00      0.550E+00      0.421E+09     -0.100E+01      0.835E+00
      0.425E-01      0.964E+00      0.544E+00      0.420E+09     -0.100E+01      0.831E+00
      0.450E-01      0.960E+00      0.538E+00      0.418E+09     -0.100E+01      0.828E+00
      0.475E-01      0.955E+00      0.532E+00      0.416E+09     -0.100E+01      0.824E+00
      0.500E-01      0.951E+00      0.526E+00      0.414E+09     -0.101E+01      0.821E+00
      0.525E-01      0.947E+00      0.520E+00      0.412E+09     -0.101E+01      0.817E+00
      0.550E-01      0.942E+00      0.513E+00      0.410E+09     -0.101E+01      0.814E+00
      0.571E-01      0.940E+00      0.510E+00      0.409E+09     -0.101E+01      0.812E+00
      0.640E-01      0.927E+00      0.493E+00      0.405E+09     -0.102E+01      0.804E+00
      0.719E-01      0.914E+00      0.477E+00      0.400E+09     -0.102E+01      0.797E+00
      0.806E-01      0.899E+00      0.460E+00      0.394E+09     -0.103E+01      0.792E+00
      0.905E-01      0.882E+00      0.444E+00      0.387E+09     -0.104E+01      0.790E+00
      0.102E+00      0.864E+00      0.429E+00      0.380E+09     -0.104E+01      0.793E+00
      0.114E+00      0.843E+00      0.417E+00      0.373E+09     -0.105E+01      0.804E+00
      0.128E+00      0.819E+00      0.409E+00      0.364E+09     -0.107E+01      0.827E+00
      0.143E+00      0.797E+00      0.408E+00      0.355E+09     -0.107E+01      0.860E+00
      0.161E+00      0.777E+00      0.404E+00      0.346E+09     -0.108E+01      0.877E+00
      0.181E+00      0.762E+00      0.390E+00      0.335E+09     -0.108E+01      0.863E+00
      0.203E+00      0.745E+00      0.376E+00      0.323E+09     -0.108E+01      0.849E+00
      0.227E+00      0.726E+00      0.356E+00      0.311E+09     -0.108E+01      0.824E+00
      0.255E+00      0.708E+00      0.327E+00      0.297E+09     -0.108E+01      0.779E+00
      0.286E+00      0.688E+00      0.302E+00      0.283E+09     -0.109E+01      0.746E+00
      0.321E+00      0.665E+00      0.286E+00      0.267E+09     -0.109E+01      0.734E+00
      0.360E+00      0.638E+00      0.287E+00      0.249E+09     -0.110E+01      0.766E+00
      0.404E+00      0.622E+00      0.299E+00      0.231E+09     -0.111E+01      0.822E+00
      0.453E+00      0.624E+00      0.313E+00      0.211E+09     -0.112E+01      0.836E+00
      0.509E+00      0.581E+00      0.286E+00      0.189E+09     -0.112E+01      0.808E+00
      0.571E+00      0.516E+00      0.245E+00      0.166E+09     -0.114E+01      0.771E+00
      0.641E+00      0.444E+00      0.216E+00      0.143E+09     -0.115E+01      0.791E+00
      0.719E+00      0.375E+00      0.206E+00      0.121E+09     -0.119E+01      0.919E+00
      0.806E+00      0.326E+00      0.165E+00      0.101E+09     -0.122E+01      0.854E+00
      0.905E+00      0.270E+00      0.141E+00      0.808E+08     -0.126E+01      0.907E+00
      0.102E+01      0.213E+00      0.128E+00      0.624E+08     -0.129E+01      0.105E+01
      0.114E+01      0.156E+00      0.106E+00      0.463E+08     -0.125E+01      0.111E+01
      0.128E+01      0.108E+00      0.911E-01      0.332E+08     -0.122E+01      0.136E+01
      0.143E+01      0.725E-01      0.780E-01      0.231E+08     -0.133E+01      0.182E+01
      0.161E+01      0.432E-01      0.665E-01      0.156E+08     -0.122E+01      0.245E+01
      0.168E+01      0.325E-01      0.649E-01      0.123E+08     -0.109E+01      0.299E+01
      0.170E+01      0.296E-01      0.649E-01      0.114E+08     -0.103E+01      0.321E+01
      0.180E+01      0.256E-01      0.573E-01      0.103E+08     -0.997E+00      0.323E+01
      0.190E+01      0.238E-01      0.537E-01      0.874E+07     -0.999E+00      0.322E+01
      0.200E+01      0.215E-01      0.508E-01      0.729E+07     -0.999E+00      0.334E+01
      0.210E+01      0.188E-01      0.458E-01      0.598E+07     -0.101E+01      0.344E+01
      0.220E+01      0.161E-01      0.415E-01      0.485E+07     -0.104E+01      0.374E+01
      0.230E+01      0.141E-01      0.357E-01      0.388E+07     -0.105E+01      0.367E+01
      0.240E+01      0.124E-01      0.324E-01      0.303E+07     -0.105E+01      0.378E+01
      0.250E+01      0.105E-01      0.288E-01      0.229E+07     -0.107E+01      0.402E+01
      0.260E+01      0.847E-02      0.245E-01      0.166E+07     -0.113E+01      0.443E+01
      0.275E+01      0.568E-02      0.199E-01      0.103E+07     -0.125E+01      0.573E+01
      0.300E+01      0.197E-02      0.915E-02      0.356E+06     -0.137E+01      0.773E+01
      0.325E+01      0.432E-03      0.475E-02      0.656E+05     -0.123E+01      0.180E+02
      0.350E+01      0.179E-04      0.297E-03      0.261E+04     -0.146E+01      0.325E+02
      0.375E+01      0.000E+00      0.000E+00      0.000E+00     -0.990E+02     -0.990E+02
      0.400E+01      0.000E+00      0.000E+00      0.000E+00     -0.990E+02     -0.990E+02
      0.425E+01      0.000E+00      0.000E+00      0.000E+00     -0.990E+02     -0.990E+02
      0.450E+01      0.000E+00      0.000E+00      0.000E+00     -0.990E+02     -0.990E+02
      0.475E+01      0.000E+00      0.000E+00      0.000E+00     -0.990E+02     -0.990E+02
      0.500E+01      0.000E+00      0.000E+00      0.000E+00     -0.990E+02     -0.990E+02
      0.525E+01      0.000E+00      0.000E+00      0.000E+00     -0.990E+02     -0.990E+02
      0.550E+01      0.000E+00      0.000E+00      0.000E+00     -0.990E+02     -0.990E+02
      0.575E+01      0.000E+00      0.000E+00      0.000E+00     -0.990E+02     -0.990E+02
      0.600E+01      0.000E+00      0.000E+00      0.000E+00     -0.990E+02     -0.990E+02
      0.625E+01      0.000E+00      0.000E+00      0.000E+00     -0.990E+02     -0.990E+02
      0.650E+01      0.000E+00      0.000E+00      0.000E+00     -0.990E+02     -0.990E+02
      0.675E+01      0.000E+00      0.000E+00      0.000E+00     -0.990E+02     -0.990E+02
      0.700E+01      0.000E+00      0.000E+00      0.000E+00     -0.990E+02     -0.990E+02
      0.725E+01      0.000E+00      0.000E+00      0.000E+00     -0.990E+02     -0.990E+02
      0.750E+01      0.000E+00      0.000E+00      0.000E+00     -0.990E+02     -0.990E+02
      0.775E+01      0.000E+00      0.000E+00      0.000E+00     -0.990E+02     -0.990E+02
      0.800E+01      0.000E+00      0.000E+00      0.000E+00     -0.990E+02     -0.990E+02
      0.825E+01      0.000E+00      0.000E+00      0.000E+00     -0.990E+02     -0.990E+02
      0.850E+01      0.000E+00      0.000E+00      0.000E+00     -0.990E+02     -0.990E+02
      0.875E+01      0.000E+00      0.000E+00      0.000E+00     -0.990E+02     -0.990E+02
      0.900E+01      0.000E+00      0.000E+00      0.000E+00     -0.990E+02     -0.990E+02
      0.925E+01      0.000E+00      0.000E+00      0.000E+00     -0.990E+02     -0.990E+02
      0.950E+01      0.000E+00      0.000E+00      0.000E+00     -0.990E+02     -0.990E+02
      0.975E+01      0.000E+00      0.000E+00      0.000E+00     -0.990E+02     -0.990E+02
      0.100E+02      0.000E+00      0.000E+00      0.000E+00     -0.990E+02     -0.990E+02
      0.102E+02      0.000E+00      0.000E+00      0.000E+00     -0.990E+02     -0.990E+02
      0.105E+02      0.000E+00      0.000E+00      0.000E+00     -0.990E+02     -0.990E+02
      0.108E+02      0.000E+00      0.000E+00      0.000E+00     -0.990E+02     -0.990E+02
      0.110E+02      0.000E+00      0.000E+00      0.000E+00     -0.990E+02     -0.990E+02
      0.112E+02      0.000E+00      0.000E+00      0.000E+00     -0.990E+02     -0.990E+02
      0.115E+02      0.000E+00      0.000E+00      0.000E+00     -0.990E+02     -0.990E+02
      0.118E+02      0.000E+00      0.000E+00      0.000E+00     -0.990E+02     -0.990E+02
      0.120E+02      0.000E+00      0.000E+00      0.000E+00     -0.990E+02     -0.990E+02
      0.122E+02      0.000E+00      0.000E+00      0.000E+00     -0.990E+02     -0.990E+02
      0.125E+02      0.000E+00      0.000E+00      0.000E+00     -0.990E+02     -0.990E+02
      0.128E+02      0.000E+00      0.000E+00      0.000E+00     -0.990E+02     -0.990E+02
      0.130E+02      0.000E+00      0.000E+00      0.000E+00     -0.990E+02     -0.990E+02
      0.132E+02      0.000E+00      0.000E+00      0.000E+00     -0.990E+02     -0.990E+02
      0.135E+02      0.000E+00      0.000E+00      0.000E+00     -0.990E+02     -0.990E+02
      0.138E+02      0.000E+00      0.000E+00      0.000E+00     -0.990E+02     -0.990E+02
      0.140E+02      0.000E+00      0.000E+00      0.000E+00     -0.990E+02     -0.990E+02
      0.142E+02      0.000E+00      0.000E+00      0.000E+00     -0.990E+02     -0.990E+02
      0.145E+02      0.000E+00      0.000E+00      0.000E+00     -0.990E+02     -0.990E+02
      0.148E+02      0.000E+00      0.000E+00      0.000E+00     -0.990E+02     -0.990E+02
      0.150E+02      0.000E+00      0.000E+00      0.000E+00     -0.990E+02     -0.990E+02
      0.152E+02      0.000E+00      0.000E+00      0.000E+00     -0.990E+02     -0.990E+02
      0.155E+02      0.000E+00      0.000E+00      0.000E+00     -0.990E+02     -0.990E+02
      0.158E+02      0.000E+00      0.000E+00      0.000E+00     -0.990E+02     -0.990E+02
      0.160E+02      0.000E+00      0.000E+00      0.000E+00     -0.990E+02     -0.990E+02
      0.162E+02      0.000E+00      0.000E+00      0.000E+00     -0.990E+02     -0.990E+02
      0.165E+02      0.000E+00      0.000E+00      0.000E+00     -0.990E+02     -0.990E+02
      0.168E+02      0.000E+00      0.000E+00      0.000E+00     -0.990E+02     -0.990E+02
      0.170E+02      0.000E+00      0.000E+00      0.000E+00     -0.990E+02     -0.990E+02
      0.172E+02      0.000E+00      0.000E+00      0.000E+00     -0.990E+02     -0.990E+02
      0.175E+02      0.000E+00      0.000E+00      0.000E+00     -0.990E+02     -0.990E+02
      0.178E+02      0.000E+00      0.000E+00      0.000E+00     -0.990E+02     -0.990E+02
      0.180E+02      0.000E+00      0.000E+00      0.000E+00     -0.990E+02     -0.990E+02
      0.182E+02      0.000E+00      0.000E+00      0.000E+00     -0.990E+02     -0.990E+02
      0.185E+02      0.000E+00      0.000E+00      0.000E+00     -0.990E+02     -0.990E+02
      0.188E+02      0.000E+00      0.000E+00      0.000E+00     -0.990E+02     -0.990E+02
      0.190E+02      0.000E+00      0.000E+00      0.000E+00     -0.990E+02     -0.990E+02
      0.192E+02      0.000E+00      0.000E+00      0.000E+00     -0.990E+02     -0.990E+02
      0.195E+02      0.000E+00      0.000E+00      0.000E+00     -0.990E+02     -0.990E+02
      0.198E+02      0.000E+00      0.000E+00      0.000E+00     -0.990E+02     -0.990E+02
      0.200E+02      0.000E+00      0.000E+00      0.000E+00     -0.990E+02     -0.990E+02
