      0.000E+00      0.174E+01      0.271E+00      0.518E+09     -0.990E+02     -0.990E+02
      0.100E-03      0.174E+01      0.271E+00      0.518E+09     -0.990E+02     -0.990E+02
      0.140E-03      0.174E+01      0.271E+00      0.518E+09     -0.990E+02     -0.990E+02
      0.160E-03      0.174E+01      0.271E+00      0.518E+09     -0.990E+02     -0.990E+02
      0.180E-03      0.174E+01      0.271E+00      0.518E+09     -0.990E+02     -0.990E+02
      0.200E-03      0.174E+01      0.271E+00      0.518E+09     -0.990E+02     -0.990E+02
      0.220E-03      0.174E+01      0.271E+00      0.518E+09     -0.990E+02     -0.990E+02
      0.250E-03      0.174E+01      0.271E+00      0.518E+09     -0.990E+02     -0.990E+02
      0.280E-03      0.174E+01      0.271E+00      0.518E+09     -0.990E+02     -0.990E+02
      0.320E-03      0.174E+01      0.271E+00      0.518E+09     -0.990E+02     -0.990E+02
      0.350E-03      0.174E+01      0.271E+00      0.518E+09     -0.990E+02     -0.990E+02
      0.400E-03      0.174E+01      0.271E+00      0.518E+09     -0.990E+02     -0.990E+02
      0.450E-03      0.174E+01      0.271E+00      0.518E+09     -0.990E+02     -0.990E+02
      0.500E-03      0.174E+01      0.271E+00      0.518E+09     -0.990E+02     -0.990E+02
      0.560E-03      0.174E+01      0.271E+00      0.518E+09     -0.990E+02     -0.990E+02
      0.630E-03      0.174E+01      0.271E+00      0.518E+09     -0.990E+02     -0.990E+02
      0.710E-03      0.174E+01      0.271E+00      0.518E+09     -0.990E+02     -0.990E+02
      0.790E-03      0.174E+01      0.271E+00      0.518E+09     -0.990E+02     -0.990E+02
      0.890E-03      0.174E+01      0.271E+00      0.518E+09     -0.990E+02     -0.990E+02
      0.100E-02      0.174E+01      0.271E+00      0.518E+09     -0.990E+02     -0.990E+02
      0.105E-02      0.174E+01      0.271E+00      0.518E+09     -0.990E+02     -0.990E+02
      0.110E-02      0.174E+01      0.271E+00      0.518E+09     -0.990E+02     -0.990E+02
      0.115E-02      0.174E+01      0.271E+00      0.518E+09     -0.990E+02     -0.990E+02
      0.120E-02      0.174E+01      0.271E+00      0.518E+09     -0.990E+02     -0.990E+02
      0.126E-02      0.174E+01      0.271E+00      0.518E+09     -0.990E+02     -0.990E+02
      0.132E-02      0.174E+01      0.271E+00      0.518E+09     -0.990E+02     -0.990E+02
      0.138E-02      0.174E+01      0.271E+00      0.518E+09     -0.990E+02     -0.990E+02
      0.145E-02      0.174E+01      0.271E+00      0.518E+09     -0.990E+02     -0.990E+02
      0.151E-02      0.174E+01      0.271E+00      0.518E+09     -0.990E+02     -0.990E+02
      0.158E-02      0.174E+01      0.271E+00      0.518E+09     -0.990E+02     -0.990E+02
      0.166E-02      0.174E+01      0.271E+00      0.518E+09     -0.990E+02     -0.990E+02
      0.174E-02      0.174E+01      0.271E+00      0.518E+09     -0.990E+02     -0.990E+02
      0.182E-02      0.174E+01      0.271E+00      0.518E+09     -0.990E+02     -0.990E+02
      0.191E-02      0.174E+01      0.271E+00      0.518E+09     -0.990E+02     -0.990E+02
      0.200E-02      0.174E+01      0.271E+00      0.518E+09     -0.990E+02     -0.990E+02
      0.209E-02      0.174E+01      0.271E+00      0.518E+09     -0.990E+02     -0.990E+02
      0.219E-02      0.174E+01      0.271E+00      0.518E+09     -0.990E+02     -0.990E+02
      0.229E-02      0.174E+01      0.271E+00      0.518E+09     -0.990E+02     -0.990E+02
      0.240E-02      0.174E+01      0.271E+00      0.518E+09     -0.990E+02     -0.990E+02
      0.251E-02      0.174E+01      0.271E+00      0.518E+09     -0.990E+02     -0.990E+02
      0.263E-02      0.174E+01      0.271E+00      0.518E+09     -0.990E+02     -0.990E+02
      0.275E-02      0.174E+01      0.271E+00      0.518E+09     -0.990E+02     -0.990E+02
      0.288E-02      0.174E+01      0.271E+00      0.518E+09     -0.990E+02     -0.990E+02
      0.302E-02      0.174E+01      0.271E+00      0.518E+09     -0.990E+02     -0.990E+02
      0.316E-02      0.174E+01      0.271E+00      0.518E+09     -0.990E+02     -0.990E+02
      0.331E-02      0.174E+01      0.271E+00      0.518E+09     -0.990E+02     -0.990E+02
      0.347E-02      0.174E+01      0.271E+00      0.518E+09     -0.990E+02     -0.990E+02
      0.363E-02      0.174E+01      0.271E+00      0.518E+09     -0.990E+02     -0.990E+02
      0.380E-02      0.174E+01      0.271E+00      0.518E+09     -0.990E+02     -0.990E+02
      0.398E-02      0.174E+01      0.271E+00      0.518E+09     -0.990E+02     -0.990E+02
      0.417E-02      0.174E+01      0.271E+00      0.518E+09     -0.990E+02     -0.990E+02
      0.437E-02      0.174E+01      0.271E+00      0.518E+09     -0.990E+02     -0.990E+02
      0.457E-02      0.174E+01      0.271E+00      0.518E+09     -0.990E+02     -0.990E+02
      0.479E-02      0.174E+01      0.271E+00      0.518E+09     -0.990E+02     -0.990E+02
      0.501E-02      0.174E+01      0.271E+00      0.518E+09     -0.990E+02     -0.990E+02
      0.525E-02      0.174E+01      0.271E+00      0.518E+09     -0.990E+02     -0.990E+02
      0.550E-02      0.174E+01      0.271E+00      0.518E+09     -0.990E+02     -0.990E+02
      0.575E-02      0.174E+01      0.271E+00      0.518E+09     -0.990E+02     -0.990E+02
      0.603E-02      0.174E+01      0.271E+00      0.518E+09     -0.990E+02     -0.990E+02
      0.631E-02      0.174E+01      0.271E+00      0.518E+09     -0.990E+02     -0.990E+02
      0.661E-02      0.174E+01      0.271E+00      0.518E+09     -0.990E+02     -0.990E+02
      0.692E-02      0.174E+01      0.271E+00      0.518E+09     -0.990E+02     -0.990E+02
      0.724E-02      0.174E+01      0.271E+00      0.518E+09     -0.990E+02     -0.990E+02
      0.759E-02      0.174E+01      0.271E+00      0.518E+09     -0.990E+02     -0.990E+02
      0.794E-02      0.174E+01      0.271E+00      0.518E+09     -0.990E+02     -0.990E+02
      0.832E-02      0.174E+01      0.271E+00      0.518E+09     -0.990E+02     -0.990E+02
      0.871E-02      0.174E+01      0.271E+00      0.518E+09     -0.990E+02     -0.990E+02
      0.912E-02      0.174E+01      0.271E+00      0.518E+09     -0.990E+02     -0.990E+02
      0.955E-02      0.174E+01      0.271E+00      0.518E+09     -0.990E+02     -0.990E+02
      0.100E-01      0.174E+01      0.271E+00      0.518E+09     -0.581E+00      0.467E+00
      0.105E-01      0.504E+00      0.264E+00      0.500E+09     -0.581E+00      0.467E+00
      0.110E-01      0.502E+00      0.263E+00      0.500E+09     -0.581E+00      0.467E+00
      0.115E-01      0.501E+00      0.262E+00      0.500E+09     -0.581E+00      0.467E+00
      0.120E-01      0.501E+00      0.262E+00      0.500E+09     -0.581E+00      0.467E+00
      0.126E-01      0.502E+00      0.262E+00      0.499E+09     -0.582E+00      0.467E+00
      0.132E-01      0.505E+00      0.263E+00      0.499E+09     -0.582E+00      0.467E+00
      0.138E-01      0.503E+00      0.263E+00      0.499E+09     -0.582E+00      0.467E+00
      0.144E-01      0.500E+00      0.261E+00      0.499E+09     -0.582E+00      0.467E+00
      0.151E-01      0.501E+00      0.261E+00      0.498E+09     -0.582E+00      0.467E+00
      0.159E-01      0.503E+00      0.262E+00      0.498E+09     -0.583E+00      0.467E+00
      0.166E-01      0.503E+00      0.262E+00      0.498E+09     -0.583E+00      0.467E+00
      0.174E-01      0.504E+00      0.262E+00      0.497E+09     -0.583E+00      0.466E+00
      0.182E-01      0.505E+00      0.263E+00      0.497E+09     -0.583E+00      0.466E+00
      0.191E-01      0.505E+00      0.263E+00      0.497E+09     -0.584E+00      0.466E+00
      0.200E-01      0.503E+00      0.261E+00      0.496E+09     -0.584E+00      0.466E+00
      0.209E-01      0.503E+00      0.261E+00      0.496E+09     -0.584E+00      0.466E+00
      0.219E-01      0.503E+00      0.261E+00      0.495E+09     -0.584E+00      0.466E+00
      0.229E-01      0.504E+00      0.261E+00      0.495E+09     -0.585E+00      0.466E+00
      0.240E-01      0.505E+00      0.261E+00      0.495E+09     -0.585E+00      0.466E+00
      0.251E-01      0.506E+00      0.262E+00      0.494E+09     -0.585E+00      0.466E+00
      0.263E-01      0.505E+00      0.261E+00      0.494E+09     -0.586E+00      0.466E+00
      0.275E-01      0.504E+00      0.261E+00      0.493E+09     -0.586E+00      0.465E+00
      0.290E-01      0.505E+00      0.261E+00      0.493E+09     -0.587E+00      0.466E+00
      0.300E-01      0.505E+00      0.261E+00      0.492E+09     -0.587E+00      0.466E+00
      0.310E-01      0.506E+00      0.261E+00      0.492E+09     -0.587E+00      0.466E+00
      0.320E-01      0.506E+00      0.261E+00      0.491E+09     -0.587E+00      0.465E+00
      0.330E-01      0.506E+00      0.261E+00      0.491E+09     -0.588E+00      0.465E+00
      0.340E-01      0.506E+00      0.261E+00      0.490E+09     -0.588E+00      0.466E+00
      0.350E-01      0.506E+00      0.261E+00      0.490E+09     -0.588E+00      0.465E+00
      0.360E-01      0.507E+00      0.261E+00      0.490E+09     -0.589E+00      0.466E+00
      0.370E-01      0.507E+00      0.261E+00      0.489E+09     -0.589E+00      0.465E+00
      0.380E-01      0.507E+00      0.261E+00      0.489E+09     -0.589E+00      0.465E+00
      0.390E-01      0.507E+00      0.261E+00      0.488E+09     -0.590E+00      0.466E+00
      0.400E-01      0.507E+00      0.261E+00      0.488E+09     -0.590E+00      0.466E+00
      0.425E-01      0.508E+00      0.261E+00      0.487E+09     -0.591E+00      0.466E+00
      0.450E-01      0.508E+00      0.261E+00      0.486E+09     -0.591E+00      0.466E+00
      0.475E-01      0.509E+00      0.261E+00      0.485E+09     -0.592E+00      0.466E+00
      0.500E-01      0.509E+00      0.261E+00      0.484E+09     -0.593E+00      0.466E+00
      0.525E-01      0.509E+00      0.261E+00      0.483E+09     -0.594E+00      0.467E+00
      0.550E-01      0.510E+00      0.261E+00      0.482E+09     -0.594E+00      0.467E+00
      0.571E-01      0.511E+00      0.261E+00      0.481E+09     -0.595E+00      0.467E+00
      0.640E-01      0.511E+00      0.261E+00      0.479E+09     -0.597E+00      0.468E+00
      0.719E-01      0.513E+00      0.261E+00      0.476E+09     -0.599E+00      0.468E+00
      0.806E-01      0.514E+00      0.261E+00      0.473E+09     -0.602E+00      0.468E+00
      0.905E-01      0.516E+00      0.260E+00      0.469E+09     -0.605E+00      0.467E+00
      0.102E+00      0.517E+00      0.260E+00      0.465E+09     -0.608E+00      0.468E+00
      0.114E+00      0.518E+00      0.261E+00      0.461E+09     -0.612E+00      0.469E+00
      0.128E+00      0.517E+00      0.260E+00      0.455E+09     -0.615E+00      0.469E+00
      0.143E+00      0.517E+00      0.259E+00      0.450E+09     -0.619E+00      0.469E+00
      0.161E+00      0.517E+00      0.260E+00      0.443E+09     -0.623E+00      0.473E+00
      0.181E+00      0.516E+00      0.262E+00      0.436E+09     -0.628E+00      0.479E+00
      0.203E+00      0.509E+00      0.257E+00      0.428E+09     -0.632E+00      0.479E+00
      0.227E+00      0.499E+00      0.250E+00      0.420E+09     -0.636E+00      0.479E+00
      0.255E+00      0.488E+00      0.244E+00      0.410E+09     -0.640E+00      0.484E+00
      0.286E+00      0.477E+00      0.240E+00      0.400E+09     -0.646E+00      0.493E+00
      0.321E+00      0.464E+00      0.237E+00      0.389E+09     -0.652E+00      0.509E+00
      0.360E+00      0.439E+00      0.226E+00      0.377E+09     -0.653E+00      0.515E+00
      0.404E+00      0.411E+00      0.208E+00      0.364E+09     -0.646E+00      0.500E+00
      0.453E+00      0.383E+00      0.192E+00      0.351E+09     -0.638E+00      0.487E+00
      0.509E+00      0.358E+00      0.180E+00      0.337E+09     -0.628E+00      0.472E+00
      0.571E+00      0.330E+00      0.174E+00      0.323E+09     -0.614E+00      0.474E+00
      0.641E+00      0.318E+00      0.163E+00      0.308E+09     -0.614E+00      0.452E+00
      0.719E+00      0.306E+00      0.153E+00      0.293E+09     -0.619E+00      0.446E+00
      0.806E+00      0.291E+00      0.148E+00      0.276E+09     -0.620E+00      0.465E+00
      0.905E+00      0.278E+00      0.145E+00      0.258E+09     -0.626E+00      0.491E+00
      0.102E+01      0.279E+00      0.155E+00      0.239E+09     -0.637E+00      0.542E+00
      0.114E+01      0.274E+00      0.153E+00      0.218E+09     -0.631E+00      0.549E+00
      0.128E+01      0.257E+00      0.143E+00      0.194E+09     -0.585E+00      0.520E+00
      0.143E+01      0.252E+00      0.137E+00      0.170E+09     -0.575E+00      0.482E+00
      0.161E+01      0.243E+00      0.136E+00      0.144E+09     -0.615E+00      0.510E+00
      0.168E+01      0.245E+00      0.123E+00      0.125E+09     -0.649E+00      0.456E+00
      0.170E+01      0.245E+00      0.120E+00      0.118E+09     -0.660E+00      0.452E+00
      0.180E+01      0.247E+00      0.129E+00      0.109E+09     -0.720E+00      0.541E+00
      0.190E+01      0.229E+00      0.140E+00      0.939E+08     -0.715E+00      0.642E+00
      0.200E+01      0.181E+00      0.122E+00      0.798E+08     -0.680E+00      0.684E+00
      0.210E+01      0.137E+00      0.107E+00      0.687E+08     -0.643E+00      0.771E+00
      0.220E+01      0.124E+00      0.103E+00      0.604E+08     -0.615E+00      0.761E+00
      0.230E+01      0.116E+00      0.108E+00      0.528E+08     -0.559E+00      0.739E+00
      0.240E+01      0.114E+00      0.116E+00      0.458E+08     -0.493E+00      0.705E+00
      0.250E+01      0.114E+00      0.117E+00      0.388E+08     -0.405E+00      0.615E+00
      0.260E+01      0.114E+00      0.125E+00      0.319E+08     -0.322E+00      0.565E+00
      0.275E+01      0.100E+00      0.852E-01      0.233E+08     -0.533E+00      0.658E+00
      0.300E+01      0.566E-01      0.522E-01      0.112E+08     -0.741E+00      0.950E+00
      0.325E+01      0.162E-01      0.203E-01      0.278E+07     -0.773E+00      0.133E+01
      0.350E+01      0.268E-02      0.490E-02      0.399E+06     -0.754E+00      0.173E+01
      0.375E+01      0.455E-04      0.517E-03      0.673E+04     -0.393E+00      0.601E+01
      0.400E+01      0.211E-06      0.305E-04      0.310E+02     -0.409E+00      0.717E+02
      0.425E+01      0.311E-09      0.952E-07      0.452E-01     -0.170E+01      0.740E+03
      0.450E+01      0.000E+00      0.000E+00      0.000E+00     -0.990E+02     -0.990E+02
      0.475E+01      0.000E+00      0.000E+00      0.000E+00     -0.990E+02     -0.990E+02
      0.500E+01      0.000E+00      0.000E+00      0.000E+00     -0.990E+02     -0.990E+02
      0.525E+01      0.000E+00      0.000E+00      0.000E+00     -0.990E+02     -0.990E+02
      0.550E+01      0.000E+00      0.000E+00      0.000E+00     -0.990E+02     -0.990E+02
      0.575E+01      0.000E+00      0.000E+00      0.000E+00     -0.990E+02     -0.990E+02
      0.600E+01      0.000E+00      0.000E+00      0.000E+00     -0.990E+02     -0.990E+02
      0.625E+01      0.000E+00      0.000E+00      0.000E+00     -0.990E+02     -0.990E+02
      0.650E+01      0.000E+00      0.000E+00      0.000E+00     -0.990E+02     -0.990E+02
      0.675E+01      0.000E+00      0.000E+00      0.000E+00     -0.990E+02     -0.990E+02
      0.700E+01      0.000E+00      0.000E+00      0.000E+00     -0.990E+02     -0.990E+02
      0.725E+01      0.000E+00      0.000E+00      0.000E+00     -0.990E+02     -0.990E+02
      0.750E+01      0.000E+00      0.000E+00      0.000E+00     -0.990E+02     -0.990E+02
      0.775E+01      0.000E+00      0.000E+00      0.000E+00     -0.990E+02     -0.990E+02
      0.800E+01      0.000E+00      0.000E+00      0.000E+00     -0.990E+02     -0.990E+02
      0.825E+01      0.000E+00      0.000E+00      0.000E+00     -0.990E+02     -0.990E+02
      0.850E+01      0.000E+00      0.000E+00      0.000E+00     -0.990E+02     -0.990E+02
      0.875E+01      0.000E+00      0.000E+00      0.000E+00     -0.990E+02     -0.990E+02
      0.900E+01      0.000E+00      0.000E+00      0.000E+00     -0.990E+02     -0.990E+02
      0.925E+01      0.000E+00      0.000E+00      0.000E+00     -0.990E+02     -0.990E+02
      0.950E+01      0.000E+00      0.000E+00      0.000E+00     -0.990E+02     -0.990E+02
      0.975E+01      0.000E+00      0.000E+00      0.000E+00     -0.990E+02     -0.990E+02
      0.100E+02      0.000E+00      0.000E+00      0.000E+00     -0.990E+02     -0.990E+02
      0.102E+02      0.000E+00      0.000E+00      0.000E+00     -0.990E+02     -0.990E+02
      0.105E+02      0.000E+00      0.000E+00      0.000E+00     -0.990E+02     -0.990E+02
      0.108E+02      0.000E+00      0.000E+00      0.000E+00     -0.990E+02     -0.990E+02
      0.110E+02      0.000E+00      0.000E+00      0.000E+00     -0.990E+02     -0.990E+02
      0.112E+02      0.000E+00      0.000E+00      0.000E+00     -0.990E+02     -0.990E+02
      0.115E+02      0.000E+00      0.000E+00      0.000E+00     -0.990E+02     -0.990E+02
      0.118E+02      0.000E+00      0.000E+00      0.000E+00     -0.990E+02     -0.990E+02
      0.120E+02      0.000E+00      0.000E+00      0.000E+00     -0.990E+02     -0.990E+02
      0.122E+02      0.000E+00      0.000E+00      0.000E+00     -0.990E+02     -0.990E+02
      0.125E+02      0.000E+00      0.000E+00      0.000E+00     -0.990E+02     -0.990E+02
      0.128E+02      0.000E+00      0.000E+00      0.000E+00     -0.990E+02     -0.990E+02
      0.130E+02      0.000E+00      0.000E+00      0.000E+00     -0.990E+02     -0.990E+02
      0.132E+02      0.000E+00      0.000E+00      0.000E+00     -0.990E+02     -0.990E+02
      0.135E+02      0.000E+00      0.000E+00      0.000E+00     -0.990E+02     -0.990E+02
      0.138E+02      0.000E+00      0.000E+00      0.000E+00     -0.990E+02     -0.990E+02
      0.140E+02      0.000E+00      0.000E+00      0.000E+00     -0.990E+02     -0.990E+02
      0.142E+02      0.000E+00      0.000E+00      0.000E+00     -0.990E+02     -0.990E+02
      0.145E+02      0.000E+00      0.000E+00      0.000E+00     -0.990E+02     -0.990E+02
      0.148E+02      0.000E+00      0.000E+00      0.000E+00     -0.990E+02     -0.990E+02
      0.150E+02      0.000E+00      0.000E+00      0.000E+00     -0.990E+02     -0.990E+02
      0.152E+02      0.000E+00      0.000E+00      0.000E+00     -0.990E+02     -0.990E+02
      0.155E+02      0.000E+00      0.000E+00      0.000E+00     -0.990E+02     -0.990E+02
      0.158E+02      0.000E+00      0.000E+00      0.000E+00     -0.990E+02     -0.990E+02
      0.160E+02      0.000E+00      0.000E+00      0.000E+00     -0.990E+02     -0.990E+02
      0.162E+02      0.000E+00      0.000E+00      0.000E+00     -0.990E+02     -0.990E+02
      0.165E+02      0.000E+00      0.000E+00      0.000E+00     -0.990E+02     -0.990E+02
      0.168E+02      0.000E+00      0.000E+00      0.000E+00     -0.990E+02     -0.990E+02
      0.170E+02      0.000E+00      0.000E+00      0.000E+00     -0.990E+02     -0.990E+02
      0.172E+02      0.000E+00      0.000E+00      0.000E+00     -0.990E+02     -0.990E+02
      0.175E+02      0.000E+00      0.000E+00      0.000E+00     -0.990E+02     -0.990E+02
      0.178E+02      0.000E+00      0.000E+00      0.000E+00     -0.990E+02     -0.990E+02
      0.180E+02      0.000E+00      0.000E+00      0.000E+00     -0.990E+02     -0.990E+02
      0.182E+02      0.000E+00      0.000E+00      0.000E+00     -0.990E+02     -0.990E+02
      0.185E+02      0.000E+00      0.000E+00      0.000E+00     -0.990E+02     -0.990E+02
      0.188E+02      0.000E+00      0.000E+00      0.000E+00     -0.990E+02     -0.990E+02
      0.190E+02      0.000E+00      0.000E+00      0.000E+00     -0.990E+02     -0.990E+02
      0.192E+02      0.000E+00      0.000E+00      0.000E+00     -0.990E+02     -0.990E+02
      0.195E+02      0.000E+00      0.000E+00      0.000E+00     -0.990E+02     -0.990E+02
      0.198E+02      0.000E+00      0.000E+00      0.000E+00     -0.990E+02     -0.990E+02
      0.200E+02      0.000E+00      0.000E+00      0.000E+00     -0.990E+02     -0.990E+02
