      0.000E+00      0.352E+00      0.161E+00      0.336E+09     -0.990E+02     -0.990E+02
      0.100E-03      0.352E+00      0.161E+00      0.336E+09     -0.990E+02     -0.990E+02
      0.140E-03      0.352E+00      0.161E+00      0.336E+09     -0.990E+02     -0.990E+02
      0.160E-03      0.352E+00      0.161E+00      0.336E+09     -0.990E+02     -0.990E+02
      0.180E-03      0.352E+00      0.161E+00      0.336E+09     -0.990E+02     -0.990E+02
      0.200E-03      0.352E+00      0.161E+00      0.336E+09     -0.990E+02     -0.990E+02
      0.220E-03      0.352E+00      0.161E+00      0.336E+09     -0.990E+02     -0.990E+02
      0.250E-03      0.352E+00      0.161E+00      0.336E+09     -0.990E+02     -0.990E+02
      0.280E-03      0.352E+00      0.161E+00      0.336E+09     -0.990E+02     -0.990E+02
      0.320E-03      0.352E+00      0.161E+00      0.336E+09     -0.990E+02     -0.990E+02
      0.350E-03      0.352E+00      0.161E+00      0.336E+09     -0.990E+02     -0.990E+02
      0.400E-03      0.352E+00      0.161E+00      0.336E+09     -0.990E+02     -0.990E+02
      0.450E-03      0.352E+00      0.161E+00      0.336E+09     -0.990E+02     -0.990E+02
      0.500E-03      0.352E+00      0.161E+00      0.336E+09     -0.990E+02     -0.990E+02
      0.560E-03      0.352E+00      0.161E+00      0.336E+09     -0.990E+02     -0.990E+02
      0.630E-03      0.352E+00      0.161E+00      0.336E+09     -0.990E+02     -0.990E+02
      0.710E-03      0.352E+00      0.161E+00      0.336E+09     -0.990E+02     -0.990E+02
      0.790E-03      0.352E+00      0.161E+00      0.336E+09     -0.990E+02     -0.990E+02
      0.890E-03      0.352E+00      0.161E+00      0.336E+09     -0.990E+02     -0.990E+02
      0.100E-02      0.352E+00      0.161E+00      0.336E+09     -0.990E+02     -0.990E+02
      0.105E-02      0.352E+00      0.161E+00      0.336E+09     -0.990E+02     -0.990E+02
      0.110E-02      0.352E+00      0.161E+00      0.336E+09     -0.990E+02     -0.990E+02
      0.115E-02      0.352E+00      0.161E+00      0.336E+09     -0.990E+02     -0.990E+02
      0.120E-02      0.352E+00      0.161E+00      0.336E+09     -0.990E+02     -0.990E+02
      0.126E-02      0.352E+00      0.161E+00      0.336E+09     -0.990E+02     -0.990E+02
      0.132E-02      0.352E+00      0.161E+00      0.336E+09     -0.990E+02     -0.990E+02
      0.138E-02      0.352E+00      0.161E+00      0.336E+09     -0.990E+02     -0.990E+02
      0.145E-02      0.352E+00      0.161E+00      0.336E+09     -0.990E+02     -0.990E+02
      0.151E-02      0.352E+00      0.161E+00      0.336E+09     -0.990E+02     -0.990E+02
      0.158E-02      0.352E+00      0.161E+00      0.336E+09     -0.990E+02     -0.990E+02
      0.166E-02      0.352E+00      0.161E+00      0.336E+09     -0.990E+02     -0.990E+02
      0.174E-02      0.352E+00      0.161E+00      0.336E+09     -0.990E+02     -0.990E+02
      0.182E-02      0.352E+00      0.161E+00      0.336E+09     -0.990E+02     -0.990E+02
      0.191E-02      0.352E+00      0.161E+00      0.336E+09     -0.990E+02     -0.990E+02
      0.200E-02      0.352E+00      0.161E+00      0.336E+09     -0.990E+02     -0.990E+02
      0.209E-02      0.352E+00      0.161E+00      0.336E+09     -0.990E+02     -0.990E+02
      0.219E-02      0.352E+00      0.161E+00      0.336E+09     -0.990E+02     -0.990E+02
      0.229E-02      0.352E+00      0.161E+00      0.336E+09     -0.990E+02     -0.990E+02
      0.240E-02      0.352E+00      0.161E+00      0.336E+09     -0.990E+02     -0.990E+02
      0.251E-02      0.352E+00      0.161E+00      0.336E+09     -0.990E+02     -0.990E+02
      0.263E-02      0.352E+00      0.161E+00      0.336E+09     -0.990E+02     -0.990E+02
      0.275E-02      0.352E+00      0.161E+00      0.336E+09     -0.990E+02     -0.990E+02
      0.288E-02      0.352E+00      0.161E+00      0.336E+09     -0.990E+02     -0.990E+02
      0.302E-02      0.352E+00      0.161E+00      0.336E+09     -0.990E+02     -0.990E+02
      0.316E-02      0.352E+00      0.161E+00      0.336E+09     -0.990E+02     -0.990E+02
      0.331E-02      0.352E+00      0.161E+00      0.336E+09     -0.990E+02     -0.990E+02
      0.347E-02      0.352E+00      0.161E+00      0.336E+09     -0.990E+02     -0.990E+02
      0.363E-02      0.352E+00      0.161E+00      0.336E+09     -0.990E+02     -0.990E+02
      0.380E-02      0.352E+00      0.161E+00      0.336E+09     -0.990E+02     -0.990E+02
      0.398E-02      0.352E+00      0.161E+00      0.336E+09     -0.990E+02     -0.990E+02
      0.417E-02      0.352E+00      0.161E+00      0.336E+09     -0.990E+02     -0.990E+02
      0.437E-02      0.352E+00      0.161E+00      0.336E+09     -0.990E+02     -0.990E+02
      0.457E-02      0.352E+00      0.161E+00      0.336E+09     -0.990E+02     -0.990E+02
      0.479E-02      0.352E+00      0.161E+00      0.336E+09     -0.990E+02     -0.990E+02
      0.501E-02      0.352E+00      0.161E+00      0.336E+09     -0.990E+02     -0.990E+02
      0.525E-02      0.352E+00      0.161E+00      0.336E+09     -0.990E+02     -0.990E+02
      0.550E-02      0.352E+00      0.161E+00      0.336E+09     -0.990E+02     -0.990E+02
      0.575E-02      0.352E+00      0.161E+00      0.336E+09     -0.990E+02     -0.990E+02
      0.603E-02      0.352E+00      0.161E+00      0.336E+09     -0.990E+02     -0.990E+02
      0.631E-02      0.352E+00      0.161E+00      0.336E+09     -0.990E+02     -0.990E+02
      0.661E-02      0.352E+00      0.161E+00      0.336E+09     -0.990E+02     -0.990E+02
      0.692E-02      0.352E+00      0.161E+00      0.336E+09     -0.990E+02     -0.990E+02
      0.724E-02      0.352E+00      0.161E+00      0.336E+09     -0.990E+02     -0.990E+02
      0.759E-02      0.352E+00      0.161E+00      0.336E+09     -0.990E+02     -0.990E+02
      0.794E-02      0.352E+00      0.161E+00      0.336E+09     -0.990E+02     -0.990E+02
      0.832E-02      0.352E+00      0.161E+00      0.336E+09     -0.990E+02     -0.990E+02
      0.871E-02      0.352E+00      0.161E+00      0.336E+09     -0.990E+02     -0.990E+02
      0.912E-02      0.352E+00      0.161E+00      0.336E+09     -0.990E+02     -0.990E+02
      0.955E-02      0.352E+00      0.161E+00      0.336E+09     -0.990E+02     -0.990E+02
      0.100E-01      0.352E+00      0.161E+00      0.336E+09     -0.882E+00      0.696E+00
      0.105E-01      0.221E+00      0.116E+00      0.333E+09     -0.882E+00      0.696E+00
      0.110E-01      0.220E+00      0.115E+00      0.333E+09     -0.882E+00      0.696E+00
      0.115E-01      0.220E+00      0.114E+00      0.333E+09     -0.882E+00      0.695E+00
      0.120E-01      0.219E+00      0.114E+00      0.332E+09     -0.882E+00      0.694E+00
      0.126E-01      0.219E+00      0.114E+00      0.332E+09     -0.882E+00      0.694E+00
      0.132E-01      0.220E+00      0.114E+00      0.332E+09     -0.881E+00      0.693E+00
      0.138E-01      0.219E+00      0.114E+00      0.332E+09     -0.881E+00      0.692E+00
      0.144E-01      0.218E+00      0.113E+00      0.332E+09     -0.881E+00      0.692E+00
      0.151E-01      0.218E+00      0.113E+00      0.332E+09     -0.881E+00      0.690E+00
      0.159E-01      0.218E+00      0.113E+00      0.332E+09     -0.880E+00      0.689E+00
      0.166E-01      0.218E+00      0.113E+00      0.332E+09     -0.880E+00      0.688E+00
      0.174E-01      0.218E+00      0.112E+00      0.331E+09     -0.880E+00      0.687E+00
      0.182E-01      0.219E+00      0.113E+00      0.331E+09     -0.880E+00      0.687E+00
      0.191E-01      0.218E+00      0.112E+00      0.331E+09     -0.880E+00      0.685E+00
      0.200E-01      0.217E+00      0.112E+00      0.331E+09     -0.880E+00      0.685E+00
      0.209E-01      0.216E+00      0.111E+00      0.331E+09     -0.879E+00      0.683E+00
      0.219E-01      0.216E+00      0.111E+00      0.331E+09     -0.879E+00      0.682E+00
      0.229E-01      0.216E+00      0.110E+00      0.330E+09     -0.879E+00      0.681E+00
      0.240E-01      0.215E+00      0.110E+00      0.330E+09     -0.879E+00      0.680E+00
      0.251E-01      0.216E+00      0.110E+00      0.330E+09     -0.878E+00      0.678E+00
      0.263E-01      0.215E+00      0.109E+00      0.330E+09     -0.878E+00      0.676E+00
      0.275E-01      0.214E+00      0.109E+00      0.330E+09     -0.877E+00      0.674E+00
      0.290E-01      0.214E+00      0.108E+00      0.329E+09     -0.877E+00      0.671E+00
      0.300E-01      0.214E+00      0.108E+00      0.329E+09     -0.876E+00      0.670E+00
      0.310E-01      0.213E+00      0.107E+00      0.329E+09     -0.876E+00      0.668E+00
      0.320E-01      0.213E+00      0.107E+00      0.329E+09     -0.876E+00      0.666E+00
      0.330E-01      0.213E+00      0.107E+00      0.329E+09     -0.876E+00      0.665E+00
      0.340E-01      0.213E+00      0.106E+00      0.328E+09     -0.876E+00      0.663E+00
      0.350E-01      0.212E+00      0.106E+00      0.328E+09     -0.875E+00      0.662E+00
      0.360E-01      0.212E+00      0.106E+00      0.328E+09     -0.875E+00      0.661E+00
      0.370E-01      0.212E+00      0.105E+00      0.328E+09     -0.874E+00      0.658E+00
      0.380E-01      0.212E+00      0.105E+00      0.328E+09     -0.874E+00      0.657E+00
      0.390E-01      0.211E+00      0.104E+00      0.328E+09     -0.874E+00      0.655E+00
      0.400E-01      0.211E+00      0.104E+00      0.327E+09     -0.874E+00      0.653E+00
      0.425E-01      0.210E+00      0.103E+00      0.327E+09     -0.873E+00      0.649E+00
      0.450E-01      0.210E+00      0.102E+00      0.327E+09     -0.872E+00      0.645E+00
      0.475E-01      0.209E+00      0.101E+00      0.326E+09     -0.871E+00      0.640E+00
      0.500E-01      0.208E+00      0.100E+00      0.326E+09     -0.870E+00      0.636E+00
      0.525E-01      0.208E+00      0.997E-01      0.325E+09     -0.869E+00      0.633E+00
      0.550E-01      0.207E+00      0.987E-01      0.325E+09     -0.869E+00      0.628E+00
      0.571E-01      0.206E+00      0.979E-01      0.325E+09     -0.868E+00      0.624E+00
      0.640E-01      0.205E+00      0.958E-01      0.324E+09     -0.866E+00      0.614E+00
      0.719E-01      0.203E+00      0.929E-01      0.323E+09     -0.863E+00      0.600E+00
      0.806E-01      0.200E+00      0.902E-01      0.321E+09     -0.860E+00      0.586E+00
      0.905E-01      0.198E+00      0.870E-01      0.320E+09     -0.856E+00      0.570E+00
      0.102E+00      0.195E+00      0.839E-01      0.318E+09     -0.853E+00      0.554E+00
      0.114E+00      0.192E+00      0.805E-01      0.317E+09     -0.848E+00      0.536E+00
      0.128E+00      0.188E+00      0.769E-01      0.315E+09     -0.843E+00      0.516E+00
      0.143E+00      0.184E+00      0.736E-01      0.313E+09     -0.837E+00      0.496E+00
      0.161E+00      0.179E+00      0.704E-01      0.310E+09     -0.830E+00      0.478E+00
      0.181E+00      0.181E+00      0.722E-01      0.308E+09     -0.831E+00      0.482E+00
      0.203E+00      0.186E+00      0.753E-01      0.305E+09     -0.834E+00      0.492E+00
      0.227E+00      0.191E+00      0.791E-01      0.302E+09     -0.836E+00      0.504E+00
      0.255E+00      0.196E+00      0.818E-01      0.299E+09     -0.844E+00      0.515E+00
      0.286E+00      0.199E+00      0.838E-01      0.294E+09     -0.852E+00      0.528E+00
      0.321E+00      0.198E+00      0.826E-01      0.290E+09     -0.865E+00      0.538E+00
      0.360E+00      0.198E+00      0.823E-01      0.285E+09     -0.878E+00      0.553E+00
      0.404E+00      0.197E+00      0.826E-01      0.279E+09     -0.892E+00      0.576E+00
      0.453E+00      0.191E+00      0.808E-01      0.273E+09     -0.907E+00      0.600E+00
      0.509E+00      0.186E+00      0.799E-01      0.266E+09     -0.925E+00      0.629E+00
      0.571E+00      0.184E+00      0.839E-01      0.259E+09     -0.944E+00      0.679E+00
      0.641E+00      0.183E+00      0.914E-01      0.250E+09     -0.964E+00      0.750E+00
      0.719E+00      0.175E+00      0.835E-01      0.241E+09     -0.964E+00      0.701E+00
      0.806E+00      0.154E+00      0.615E-01      0.232E+09     -0.949E+00      0.561E+00
      0.905E+00      0.130E+00      0.441E-01      0.222E+09     -0.926E+00      0.430E+00
      0.102E+01      0.134E+00      0.488E-01      0.214E+09     -0.970E+00      0.499E+00
      0.114E+01      0.144E+00      0.629E-01      0.203E+09     -0.101E+01      0.651E+00
      0.128E+01      0.134E+00      0.605E-01      0.191E+09     -0.102E+01      0.685E+00
      0.143E+01      0.120E+00      0.553E-01      0.179E+09     -0.103E+01      0.692E+00
      0.161E+01      0.127E+00      0.511E-01      0.167E+09     -0.989E+00      0.561E+00
      0.168E+01      0.132E+00      0.552E-01      0.157E+09     -0.979E+00      0.565E+00
      0.170E+01      0.135E+00      0.570E-01      0.153E+09     -0.983E+00      0.576E+00
      0.180E+01      0.127E+00      0.519E-01      0.148E+09     -0.100E+01      0.572E+00
      0.190E+01      0.114E+00      0.457E-01      0.140E+09     -0.102E+01      0.589E+00
      0.200E+01      0.105E+00      0.447E-01      0.134E+09     -0.103E+01      0.627E+00
      0.210E+01      0.111E+00      0.453E-01      0.127E+09     -0.101E+01      0.592E+00
      0.220E+01      0.114E+00      0.456E-01      0.120E+09     -0.989E+00      0.556E+00
      0.230E+01      0.132E+00      0.486E-01      0.114E+09     -0.992E+00      0.508E+00
      0.240E+01      0.155E+00      0.623E-01      0.106E+09     -0.101E+01      0.579E+00
      0.250E+01      0.175E+00      0.704E-01      0.964E+08     -0.103E+01      0.594E+00
      0.260E+01      0.160E+00      0.561E-01      0.860E+08     -0.103E+01      0.502E+00
      0.275E+01      0.136E+00      0.550E-01      0.742E+08     -0.101E+01      0.585E+00
      0.300E+01      0.111E+00      0.371E-01      0.581E+08     -0.102E+01      0.483E+00
      0.325E+01      0.112E+00      0.440E-01      0.419E+08     -0.108E+01      0.566E+00
      0.350E+01      0.795E-01      0.233E-01      0.255E+08     -0.129E+01      0.514E+00
      0.375E+01      0.482E-01      0.189E-01      0.139E+08     -0.135E+01      0.727E+00
      0.400E+01      0.245E-01      0.166E-01      0.696E+07     -0.136E+01      0.118E+01
      0.425E+01      0.119E-01      0.114E-01      0.342E+07     -0.148E+01      0.168E+01
      0.450E+01      0.810E-02      0.106E-01      0.170E+07     -0.101E+01      0.175E+01
      0.475E+01      0.280E-02      0.555E-02      0.538E+06     -0.172E+01      0.437E+01
      0.500E+01      0.769E-03      0.339E-02      0.137E+06     -0.169E+01      0.100E+02
      0.525E+01      0.161E-03      0.136E-02      0.269E+05     -0.113E+01      0.135E+02
      0.550E+01      0.281E-04      0.436E-03      0.407E+04     -0.179E+01      0.396E+02
      0.575E+01      0.478E-06      0.233E-04      0.681E+02     -0.189E+01      0.127E+03
      0.600E+01      0.316E-13      0.579E-08      0.450E-05     -0.167E+01      0.414E+06
      0.625E+01      0.911E-18      0.144E-10      0.127E-09     -0.409E+01      0.904E+08
      0.650E+01      0.000E+00      0.000E+00      0.000E+00     -0.990E+02     -0.990E+02
      0.675E+01      0.000E+00      0.000E+00      0.000E+00     -0.990E+02     -0.990E+02
      0.700E+01      0.000E+00      0.000E+00      0.000E+00     -0.990E+02     -0.990E+02
      0.725E+01      0.000E+00      0.000E+00      0.000E+00     -0.990E+02     -0.990E+02
      0.750E+01      0.000E+00      0.000E+00      0.000E+00     -0.990E+02     -0.990E+02
      0.775E+01      0.000E+00      0.000E+00      0.000E+00     -0.990E+02     -0.990E+02
      0.800E+01      0.000E+00      0.000E+00      0.000E+00     -0.990E+02     -0.990E+02
      0.825E+01      0.000E+00      0.000E+00      0.000E+00     -0.990E+02     -0.990E+02
      0.850E+01      0.000E+00      0.000E+00      0.000E+00     -0.990E+02     -0.990E+02
      0.875E+01      0.000E+00      0.000E+00      0.000E+00     -0.990E+02     -0.990E+02
      0.900E+01      0.000E+00      0.000E+00      0.000E+00     -0.990E+02     -0.990E+02
      0.925E+01      0.000E+00      0.000E+00      0.000E+00     -0.990E+02     -0.990E+02
      0.950E+01      0.000E+00      0.000E+00      0.000E+00     -0.990E+02     -0.990E+02
      0.975E+01      0.000E+00      0.000E+00      0.000E+00     -0.990E+02     -0.990E+02
      0.100E+02      0.000E+00      0.000E+00      0.000E+00     -0.990E+02     -0.990E+02
      0.102E+02      0.000E+00      0.000E+00      0.000E+00     -0.990E+02     -0.990E+02
      0.105E+02      0.000E+00      0.000E+00      0.000E+00     -0.990E+02     -0.990E+02
      0.108E+02      0.000E+00      0.000E+00      0.000E+00     -0.990E+02     -0.990E+02
      0.110E+02      0.000E+00      0.000E+00      0.000E+00     -0.990E+02     -0.990E+02
      0.112E+02      0.000E+00      0.000E+00      0.000E+00     -0.990E+02     -0.990E+02
      0.115E+02      0.000E+00      0.000E+00      0.000E+00     -0.990E+02     -0.990E+02
      0.118E+02      0.000E+00      0.000E+00      0.000E+00     -0.990E+02     -0.990E+02
      0.120E+02      0.000E+00      0.000E+00      0.000E+00     -0.990E+02     -0.990E+02
      0.122E+02      0.000E+00      0.000E+00      0.000E+00     -0.990E+02     -0.990E+02
      0.125E+02      0.000E+00      0.000E+00      0.000E+00     -0.990E+02     -0.990E+02
      0.128E+02      0.000E+00      0.000E+00      0.000E+00     -0.990E+02     -0.990E+02
      0.130E+02      0.000E+00      0.000E+00      0.000E+00     -0.990E+02     -0.990E+02
      0.132E+02      0.000E+00      0.000E+00      0.000E+00     -0.990E+02     -0.990E+02
      0.135E+02      0.000E+00      0.000E+00      0.000E+00     -0.990E+02     -0.990E+02
      0.138E+02      0.000E+00      0.000E+00      0.000E+00     -0.990E+02     -0.990E+02
      0.140E+02      0.000E+00      0.000E+00      0.000E+00     -0.990E+02     -0.990E+02
      0.142E+02      0.000E+00      0.000E+00      0.000E+00     -0.990E+02     -0.990E+02
      0.145E+02      0.000E+00      0.000E+00      0.000E+00     -0.990E+02     -0.990E+02
      0.148E+02      0.000E+00      0.000E+00      0.000E+00     -0.990E+02     -0.990E+02
      0.150E+02      0.000E+00      0.000E+00      0.000E+00     -0.990E+02     -0.990E+02
      0.152E+02      0.000E+00      0.000E+00      0.000E+00     -0.990E+02     -0.990E+02
      0.155E+02      0.000E+00      0.000E+00      0.000E+00     -0.990E+02     -0.990E+02
      0.158E+02      0.000E+00      0.000E+00      0.000E+00     -0.990E+02     -0.990E+02
      0.160E+02      0.000E+00      0.000E+00      0.000E+00     -0.990E+02     -0.990E+02
      0.162E+02      0.000E+00      0.000E+00      0.000E+00     -0.990E+02     -0.990E+02
      0.165E+02      0.000E+00      0.000E+00      0.000E+00     -0.990E+02     -0.990E+02
      0.168E+02      0.000E+00      0.000E+00      0.000E+00     -0.990E+02     -0.990E+02
      0.170E+02      0.000E+00      0.000E+00      0.000E+00     -0.990E+02     -0.990E+02
      0.172E+02      0.000E+00      0.000E+00      0.000E+00     -0.990E+02     -0.990E+02
      0.175E+02      0.000E+00      0.000E+00      0.000E+00     -0.990E+02     -0.990E+02
      0.178E+02      0.000E+00      0.000E+00      0.000E+00     -0.990E+02     -0.990E+02
      0.180E+02      0.000E+00      0.000E+00      0.000E+00     -0.990E+02     -0.990E+02
      0.182E+02      0.000E+00      0.000E+00      0.000E+00     -0.990E+02     -0.990E+02
      0.185E+02      0.000E+00      0.000E+00      0.000E+00     -0.990E+02     -0.990E+02
      0.188E+02      0.000E+00      0.000E+00      0.000E+00     -0.990E+02     -0.990E+02
      0.190E+02      0.000E+00      0.000E+00      0.000E+00     -0.990E+02     -0.990E+02
      0.192E+02      0.000E+00      0.000E+00      0.000E+00     -0.990E+02     -0.990E+02
      0.195E+02      0.000E+00      0.000E+00      0.000E+00     -0.990E+02     -0.990E+02
      0.198E+02      0.000E+00      0.000E+00      0.000E+00     -0.990E+02     -0.990E+02
      0.200E+02      0.000E+00      0.000E+00      0.000E+00     -0.990E+02     -0.990E+02
