      0.000E+00      0.118E+01      0.441E+00      0.140E+09     -0.990E+02     -0.990E+02
      0.100E-03      0.118E+01      0.441E+00      0.140E+09     -0.990E+02     -0.990E+02
      0.140E-03      0.118E+01      0.441E+00      0.140E+09     -0.990E+02     -0.990E+02
      0.160E-03      0.118E+01      0.441E+00      0.140E+09     -0.990E+02     -0.990E+02
      0.180E-03      0.118E+01      0.441E+00      0.140E+09     -0.990E+02     -0.990E+02
      0.200E-03      0.118E+01      0.441E+00      0.140E+09     -0.990E+02     -0.990E+02
      0.220E-03      0.118E+01      0.441E+00      0.140E+09     -0.990E+02     -0.990E+02
      0.250E-03      0.118E+01      0.441E+00      0.140E+09     -0.990E+02     -0.990E+02
      0.280E-03      0.118E+01      0.441E+00      0.140E+09     -0.990E+02     -0.990E+02
      0.320E-03      0.118E+01      0.441E+00      0.140E+09     -0.990E+02     -0.990E+02
      0.350E-03      0.118E+01      0.441E+00      0.140E+09     -0.990E+02     -0.990E+02
      0.400E-03      0.118E+01      0.441E+00      0.140E+09     -0.990E+02     -0.990E+02
      0.450E-03      0.118E+01      0.441E+00      0.140E+09     -0.990E+02     -0.990E+02
      0.500E-03      0.118E+01      0.441E+00      0.140E+09     -0.990E+02     -0.990E+02
      0.560E-03      0.118E+01      0.441E+00      0.140E+09     -0.990E+02     -0.990E+02
      0.630E-03      0.118E+01      0.441E+00      0.140E+09     -0.990E+02     -0.990E+02
      0.710E-03      0.118E+01      0.441E+00      0.140E+09     -0.990E+02     -0.990E+02
      0.790E-03      0.118E+01      0.441E+00      0.140E+09     -0.990E+02     -0.990E+02
      0.890E-03      0.118E+01      0.441E+00      0.140E+09     -0.990E+02     -0.990E+02
      0.100E-02      0.118E+01      0.441E+00      0.140E+09     -0.990E+02     -0.990E+02
      0.105E-02      0.118E+01      0.441E+00      0.140E+09     -0.990E+02     -0.990E+02
      0.110E-02      0.118E+01      0.441E+00      0.140E+09     -0.990E+02     -0.990E+02
      0.115E-02      0.118E+01      0.441E+00      0.140E+09     -0.990E+02     -0.990E+02
      0.120E-02      0.118E+01      0.441E+00      0.140E+09     -0.990E+02     -0.990E+02
      0.126E-02      0.118E+01      0.441E+00      0.140E+09     -0.990E+02     -0.990E+02
      0.132E-02      0.118E+01      0.441E+00      0.140E+09     -0.990E+02     -0.990E+02
      0.138E-02      0.118E+01      0.441E+00      0.140E+09     -0.990E+02     -0.990E+02
      0.145E-02      0.118E+01      0.441E+00      0.140E+09     -0.990E+02     -0.990E+02
      0.151E-02      0.118E+01      0.441E+00      0.140E+09     -0.990E+02     -0.990E+02
      0.158E-02      0.118E+01      0.441E+00      0.140E+09     -0.990E+02     -0.990E+02
      0.166E-02      0.118E+01      0.441E+00      0.140E+09     -0.990E+02     -0.990E+02
      0.174E-02      0.118E+01      0.441E+00      0.140E+09     -0.990E+02     -0.990E+02
      0.182E-02      0.118E+01      0.441E+00      0.140E+09     -0.990E+02     -0.990E+02
      0.191E-02      0.118E+01      0.441E+00      0.140E+09     -0.990E+02     -0.990E+02
      0.200E-02      0.118E+01      0.441E+00      0.140E+09     -0.990E+02     -0.990E+02
      0.209E-02      0.118E+01      0.441E+00      0.140E+09     -0.990E+02     -0.990E+02
      0.219E-02      0.118E+01      0.441E+00      0.140E+09     -0.990E+02     -0.990E+02
      0.229E-02      0.118E+01      0.441E+00      0.140E+09     -0.990E+02     -0.990E+02
      0.240E-02      0.118E+01      0.441E+00      0.140E+09     -0.990E+02     -0.990E+02
      0.251E-02      0.118E+01      0.441E+00      0.140E+09     -0.990E+02     -0.990E+02
      0.263E-02      0.118E+01      0.441E+00      0.140E+09     -0.990E+02     -0.990E+02
      0.275E-02      0.118E+01      0.441E+00      0.140E+09     -0.990E+02     -0.990E+02
      0.288E-02      0.118E+01      0.441E+00      0.140E+09     -0.990E+02     -0.990E+02
      0.302E-02      0.118E+01      0.441E+00      0.140E+09     -0.990E+02     -0.990E+02
      0.316E-02      0.118E+01      0.441E+00      0.140E+09     -0.990E+02     -0.990E+02
      0.331E-02      0.118E+01      0.441E+00      0.140E+09     -0.990E+02     -0.990E+02
      0.347E-02      0.118E+01      0.441E+00      0.140E+09     -0.990E+02     -0.990E+02
      0.363E-02      0.118E+01      0.441E+00      0.140E+09     -0.990E+02     -0.990E+02
      0.380E-02      0.118E+01      0.441E+00      0.140E+09     -0.990E+02     -0.990E+02
      0.398E-02      0.118E+01      0.441E+00      0.140E+09     -0.990E+02     -0.990E+02
      0.417E-02      0.118E+01      0.441E+00      0.140E+09     -0.990E+02     -0.990E+02
      0.437E-02      0.118E+01      0.441E+00      0.140E+09     -0.990E+02     -0.990E+02
      0.457E-02      0.118E+01      0.441E+00      0.140E+09     -0.990E+02     -0.990E+02
      0.479E-02      0.118E+01      0.441E+00      0.140E+09     -0.990E+02     -0.990E+02
      0.501E-02      0.118E+01      0.441E+00      0.140E+09     -0.990E+02     -0.990E+02
      0.525E-02      0.118E+01      0.441E+00      0.140E+09     -0.990E+02     -0.990E+02
      0.550E-02      0.118E+01      0.441E+00      0.140E+09     -0.990E+02     -0.990E+02
      0.575E-02      0.118E+01      0.441E+00      0.140E+09     -0.990E+02     -0.990E+02
      0.603E-02      0.118E+01      0.441E+00      0.140E+09     -0.990E+02     -0.990E+02
      0.631E-02      0.118E+01      0.441E+00      0.140E+09     -0.990E+02     -0.990E+02
      0.661E-02      0.118E+01      0.441E+00      0.140E+09     -0.990E+02     -0.990E+02
      0.692E-02      0.118E+01      0.441E+00      0.140E+09     -0.990E+02     -0.990E+02
      0.724E-02      0.118E+01      0.441E+00      0.140E+09     -0.990E+02     -0.990E+02
      0.759E-02      0.118E+01      0.441E+00      0.140E+09     -0.990E+02     -0.990E+02
      0.794E-02      0.118E+01      0.441E+00      0.140E+09     -0.990E+02     -0.990E+02
      0.832E-02      0.118E+01      0.441E+00      0.140E+09     -0.990E+02     -0.990E+02
      0.871E-02      0.118E+01      0.441E+00      0.140E+09     -0.990E+02     -0.990E+02
      0.912E-02      0.118E+01      0.441E+00      0.140E+09     -0.990E+02     -0.990E+02
      0.955E-02      0.118E+01      0.441E+00      0.140E+09     -0.990E+02     -0.990E+02
      0.100E-01      0.118E+01      0.441E+00      0.140E+09     -0.363E+00      0.533E+00
      0.105E-01      0.143E+00      0.979E-01      0.128E+09     -0.363E+00      0.533E+00
      0.110E-01      0.143E+00      0.975E-01      0.128E+09     -0.363E+00      0.533E+00
      0.115E-01      0.142E+00      0.973E-01      0.128E+09     -0.363E+00      0.533E+00
      0.120E-01      0.142E+00      0.972E-01      0.127E+09     -0.363E+00      0.532E+00
      0.126E-01      0.143E+00      0.973E-01      0.127E+09     -0.362E+00      0.532E+00
      0.132E-01      0.143E+00      0.978E-01      0.127E+09     -0.362E+00      0.532E+00
      0.138E-01      0.143E+00      0.976E-01      0.127E+09     -0.362E+00      0.531E+00
      0.144E-01      0.142E+00      0.969E-01      0.127E+09     -0.362E+00      0.532E+00
      0.151E-01      0.142E+00      0.970E-01      0.127E+09     -0.362E+00      0.531E+00
      0.159E-01      0.143E+00      0.974E-01      0.127E+09     -0.361E+00      0.530E+00
      0.166E-01      0.143E+00      0.974E-01      0.127E+09     -0.361E+00      0.530E+00
      0.174E-01      0.143E+00      0.975E-01      0.127E+09     -0.361E+00      0.530E+00
      0.182E-01      0.143E+00      0.979E-01      0.127E+09     -0.361E+00      0.530E+00
      0.191E-01      0.143E+00      0.977E-01      0.127E+09     -0.361E+00      0.529E+00
      0.200E-01      0.143E+00      0.973E-01      0.127E+09     -0.360E+00      0.529E+00
      0.209E-01      0.142E+00      0.972E-01      0.126E+09     -0.360E+00      0.529E+00
      0.219E-01      0.142E+00      0.972E-01      0.126E+09     -0.360E+00      0.528E+00
      0.229E-01      0.143E+00      0.974E-01      0.126E+09     -0.360E+00      0.528E+00
      0.240E-01      0.143E+00      0.975E-01      0.126E+09     -0.359E+00      0.528E+00
      0.251E-01      0.143E+00      0.977E-01      0.126E+09     -0.359E+00      0.527E+00
      0.263E-01      0.143E+00      0.976E-01      0.126E+09     -0.359E+00      0.527E+00
      0.275E-01      0.143E+00      0.974E-01      0.126E+09     -0.359E+00      0.527E+00
      0.290E-01      0.143E+00      0.974E-01      0.125E+09     -0.358E+00      0.526E+00
      0.300E-01      0.143E+00      0.975E-01      0.125E+09     -0.358E+00      0.526E+00
      0.310E-01      0.143E+00      0.975E-01      0.125E+09     -0.358E+00      0.525E+00
      0.320E-01      0.143E+00      0.976E-01      0.125E+09     -0.357E+00      0.525E+00
      0.330E-01      0.143E+00      0.976E-01      0.125E+09     -0.357E+00      0.525E+00
      0.340E-01      0.143E+00      0.976E-01      0.125E+09     -0.357E+00      0.524E+00
      0.350E-01      0.143E+00      0.976E-01      0.125E+09     -0.357E+00      0.524E+00
      0.360E-01      0.143E+00      0.977E-01      0.125E+09     -0.356E+00      0.524E+00
      0.370E-01      0.143E+00      0.977E-01      0.125E+09     -0.356E+00      0.523E+00
      0.380E-01      0.143E+00      0.977E-01      0.124E+09     -0.356E+00      0.523E+00
      0.390E-01      0.143E+00      0.977E-01      0.124E+09     -0.356E+00      0.523E+00
      0.400E-01      0.143E+00      0.977E-01      0.124E+09     -0.356E+00      0.523E+00
      0.425E-01      0.143E+00      0.978E-01      0.124E+09     -0.355E+00      0.522E+00
      0.450E-01      0.143E+00      0.979E-01      0.124E+09     -0.354E+00      0.521E+00
      0.475E-01      0.143E+00      0.980E-01      0.123E+09     -0.354E+00      0.521E+00
      0.500E-01      0.143E+00      0.981E-01      0.123E+09     -0.353E+00      0.521E+00
      0.525E-01      0.143E+00      0.982E-01      0.123E+09     -0.353E+00      0.521E+00
      0.550E-01      0.143E+00      0.983E-01      0.123E+09     -0.352E+00      0.520E+00
      0.571E-01      0.143E+00      0.985E-01      0.122E+09     -0.351E+00      0.519E+00
      0.640E-01      0.143E+00      0.989E-01      0.122E+09     -0.350E+00      0.519E+00
      0.719E-01      0.143E+00      0.991E-01      0.121E+09     -0.347E+00      0.514E+00
      0.806E-01      0.143E+00      0.992E-01      0.120E+09     -0.345E+00      0.510E+00
      0.905E-01      0.142E+00      0.983E-01      0.119E+09     -0.344E+00      0.506E+00
      0.102E+00      0.141E+00      0.974E-01      0.118E+09     -0.343E+00      0.502E+00
      0.114E+00      0.140E+00      0.965E-01      0.117E+09     -0.341E+00      0.499E+00
      0.128E+00      0.139E+00      0.956E-01      0.115E+09     -0.340E+00      0.496E+00
      0.143E+00      0.139E+00      0.950E-01      0.114E+09     -0.340E+00      0.495E+00
      0.161E+00      0.138E+00      0.945E-01      0.112E+09     -0.340E+00      0.494E+00
      0.181E+00      0.137E+00      0.934E-01      0.110E+09     -0.341E+00      0.492E+00
      0.203E+00      0.135E+00      0.924E-01      0.108E+09     -0.344E+00      0.494E+00
      0.227E+00      0.133E+00      0.918E-01      0.106E+09     -0.348E+00      0.500E+00
      0.255E+00      0.130E+00      0.912E-01      0.103E+09     -0.351E+00      0.508E+00
      0.286E+00      0.127E+00      0.884E-01      0.100E+09     -0.349E+00      0.495E+00
      0.321E+00      0.123E+00      0.860E-01      0.974E+08     -0.348E+00      0.483E+00
      0.360E+00      0.119E+00      0.814E-01      0.942E+08     -0.348E+00      0.476E+00
      0.404E+00      0.115E+00      0.769E-01      0.907E+08     -0.353E+00      0.479E+00
      0.453E+00      0.112E+00      0.734E-01      0.870E+08     -0.364E+00      0.490E+00
      0.509E+00      0.110E+00      0.720E-01      0.830E+08     -0.378E+00      0.519E+00
      0.571E+00      0.107E+00      0.696E-01      0.786E+08     -0.400E+00      0.549E+00
      0.641E+00      0.104E+00      0.688E-01      0.738E+08     -0.413E+00      0.557E+00
      0.719E+00      0.991E-01      0.657E-01      0.686E+08     -0.419E+00      0.562E+00
      0.806E+00      0.950E-01      0.633E-01      0.631E+08     -0.430E+00      0.565E+00
      0.905E+00      0.935E-01      0.624E-01      0.572E+08     -0.445E+00      0.573E+00
      0.102E+01      0.949E-01      0.620E-01      0.508E+08     -0.456E+00      0.555E+00
      0.114E+01      0.914E-01      0.567E-01      0.435E+08     -0.442E+00      0.514E+00
      0.128E+01      0.846E-01      0.513E-01      0.358E+08     -0.459E+00      0.545E+00
      0.143E+01      0.726E-01      0.445E-01      0.278E+08     -0.489E+00      0.554E+00
      0.161E+01      0.496E-01      0.305E-01      0.201E+08     -0.556E+00      0.593E+00
      0.168E+01      0.412E-01      0.278E-01      0.163E+08     -0.543E+00      0.630E+00
      0.170E+01      0.397E-01      0.270E-01      0.151E+08     -0.522E+00      0.611E+00
      0.180E+01      0.328E-01      0.257E-01      0.136E+08     -0.396E+00      0.525E+00
      0.190E+01      0.273E-01      0.263E-01      0.116E+08     -0.246E+00      0.469E+00
      0.200E+01      0.233E-01      0.239E-01      0.985E+07     -0.220E+00      0.487E+00
      0.210E+01      0.198E-01      0.209E-01      0.839E+07     -0.213E+00      0.572E+00
      0.220E+01      0.178E-01      0.189E-01      0.716E+07     -0.198E+00      0.565E+00
      0.230E+01      0.166E-01      0.175E-01      0.606E+07     -0.175E+00      0.510E+00
      0.240E+01      0.151E-01      0.165E-01      0.504E+07     -0.154E+00      0.546E+00
      0.250E+01      0.132E-01      0.147E-01      0.410E+07     -0.138E+00      0.450E+00
      0.260E+01      0.113E-01      0.127E-01      0.329E+07     -0.117E+00      0.385E+00
      0.275E+01      0.981E-02      0.101E-01      0.243E+07     -0.159E+00      0.341E+00
      0.300E+01      0.770E-02      0.786E-02      0.124E+07     -0.281E+00      0.419E+00
      0.325E+01      0.517E-03      0.162E-02      0.815E+05     -0.726E+00      0.308E+01
      0.350E+01      0.341E-04      0.313E-03      0.510E+04     -0.804E+00      0.103E+02
      0.375E+01      0.632E-06      0.246E-04      0.957E+02     -0.952E+00      0.494E+02
      0.400E+01      0.262E-07      0.223E-05      0.381E+01     -0.698E+00      0.803E+02
      0.425E+01      0.000E+00      0.000E+00      0.000E+00     -0.990E+02     -0.990E+02
      0.450E+01      0.000E+00      0.000E+00      0.000E+00     -0.990E+02     -0.990E+02
      0.475E+01      0.000E+00      0.000E+00      0.000E+00     -0.990E+02     -0.990E+02
      0.500E+01      0.000E+00      0.000E+00      0.000E+00     -0.990E+02     -0.990E+02
      0.525E+01      0.000E+00      0.000E+00      0.000E+00     -0.990E+02     -0.990E+02
      0.550E+01      0.000E+00      0.000E+00      0.000E+00     -0.990E+02     -0.990E+02
      0.575E+01      0.000E+00      0.000E+00      0.000E+00     -0.990E+02     -0.990E+02
      0.600E+01      0.000E+00      0.000E+00      0.000E+00     -0.990E+02     -0.990E+02
      0.625E+01      0.000E+00      0.000E+00      0.000E+00     -0.990E+02     -0.990E+02
      0.650E+01      0.000E+00      0.000E+00      0.000E+00     -0.990E+02     -0.990E+02
      0.675E+01      0.000E+00      0.000E+00      0.000E+00     -0.990E+02     -0.990E+02
      0.700E+01      0.000E+00      0.000E+00      0.000E+00     -0.990E+02     -0.990E+02
      0.725E+01      0.000E+00      0.000E+00      0.000E+00     -0.990E+02     -0.990E+02
      0.750E+01      0.000E+00      0.000E+00      0.000E+00     -0.990E+02     -0.990E+02
      0.775E+01      0.000E+00      0.000E+00      0.000E+00     -0.990E+02     -0.990E+02
      0.800E+01      0.000E+00      0.000E+00      0.000E+00     -0.990E+02     -0.990E+02
      0.825E+01      0.000E+00      0.000E+00      0.000E+00     -0.990E+02     -0.990E+02
      0.850E+01      0.000E+00      0.000E+00      0.000E+00     -0.990E+02     -0.990E+02
      0.875E+01      0.000E+00      0.000E+00      0.000E+00     -0.990E+02     -0.990E+02
      0.900E+01      0.000E+00      0.000E+00      0.000E+00     -0.990E+02     -0.990E+02
      0.925E+01      0.000E+00      0.000E+00      0.000E+00     -0.990E+02     -0.990E+02
      0.950E+01      0.000E+00      0.000E+00      0.000E+00     -0.990E+02     -0.990E+02
      0.975E+01      0.000E+00      0.000E+00      0.000E+00     -0.990E+02     -0.990E+02
      0.100E+02      0.000E+00      0.000E+00      0.000E+00     -0.990E+02     -0.990E+02
      0.102E+02      0.000E+00      0.000E+00      0.000E+00     -0.990E+02     -0.990E+02
      0.105E+02      0.000E+00      0.000E+00      0.000E+00     -0.990E+02     -0.990E+02
      0.108E+02      0.000E+00      0.000E+00      0.000E+00     -0.990E+02     -0.990E+02
      0.110E+02      0.000E+00      0.000E+00      0.000E+00     -0.990E+02     -0.990E+02
      0.112E+02      0.000E+00      0.000E+00      0.000E+00     -0.990E+02     -0.990E+02
      0.115E+02      0.000E+00      0.000E+00      0.000E+00     -0.990E+02     -0.990E+02
      0.118E+02      0.000E+00      0.000E+00      0.000E+00     -0.990E+02     -0.990E+02
      0.120E+02      0.000E+00      0.000E+00      0.000E+00     -0.990E+02     -0.990E+02
      0.122E+02      0.000E+00      0.000E+00      0.000E+00     -0.990E+02     -0.990E+02
      0.125E+02      0.000E+00      0.000E+00      0.000E+00     -0.990E+02     -0.990E+02
      0.128E+02      0.000E+00      0.000E+00      0.000E+00     -0.990E+02     -0.990E+02
      0.130E+02      0.000E+00      0.000E+00      0.000E+00     -0.990E+02     -0.990E+02
      0.132E+02      0.000E+00      0.000E+00      0.000E+00     -0.990E+02     -0.990E+02
      0.135E+02      0.000E+00      0.000E+00      0.000E+00     -0.990E+02     -0.990E+02
      0.138E+02      0.000E+00      0.000E+00      0.000E+00     -0.990E+02     -0.990E+02
      0.140E+02      0.000E+00      0.000E+00      0.000E+00     -0.990E+02     -0.990E+02
      0.142E+02      0.000E+00      0.000E+00      0.000E+00     -0.990E+02     -0.990E+02
      0.145E+02      0.000E+00      0.000E+00      0.000E+00     -0.990E+02     -0.990E+02
      0.148E+02      0.000E+00      0.000E+00      0.000E+00     -0.990E+02     -0.990E+02
      0.150E+02      0.000E+00      0.000E+00      0.000E+00     -0.990E+02     -0.990E+02
      0.152E+02      0.000E+00      0.000E+00      0.000E+00     -0.990E+02     -0.990E+02
      0.155E+02      0.000E+00      0.000E+00      0.000E+00     -0.990E+02     -0.990E+02
      0.158E+02      0.000E+00      0.000E+00      0.000E+00     -0.990E+02     -0.990E+02
      0.160E+02      0.000E+00      0.000E+00      0.000E+00     -0.990E+02     -0.990E+02
      0.162E+02      0.000E+00      0.000E+00      0.000E+00     -0.990E+02     -0.990E+02
      0.165E+02      0.000E+00      0.000E+00      0.000E+00     -0.990E+02     -0.990E+02
      0.168E+02      0.000E+00      0.000E+00      0.000E+00     -0.990E+02     -0.990E+02
      0.170E+02      0.000E+00      0.000E+00      0.000E+00     -0.990E+02     -0.990E+02
      0.172E+02      0.000E+00      0.000E+00      0.000E+00     -0.990E+02     -0.990E+02
      0.175E+02      0.000E+00      0.000E+00      0.000E+00     -0.990E+02     -0.990E+02
      0.178E+02      0.000E+00      0.000E+00      0.000E+00     -0.990E+02     -0.990E+02
      0.180E+02      0.000E+00      0.000E+00      0.000E+00     -0.990E+02     -0.990E+02
      0.182E+02      0.000E+00      0.000E+00      0.000E+00     -0.990E+02     -0.990E+02
      0.185E+02      0.000E+00      0.000E+00      0.000E+00     -0.990E+02     -0.990E+02
      0.188E+02      0.000E+00      0.000E+00      0.000E+00     -0.990E+02     -0.990E+02
      0.190E+02      0.000E+00      0.000E+00      0.000E+00     -0.990E+02     -0.990E+02
      0.192E+02      0.000E+00      0.000E+00      0.000E+00     -0.990E+02     -0.990E+02
      0.195E+02      0.000E+00      0.000E+00      0.000E+00     -0.990E+02     -0.990E+02
      0.198E+02      0.000E+00      0.000E+00      0.000E+00     -0.990E+02     -0.990E+02
      0.200E+02      0.000E+00      0.000E+00      0.000E+00     -0.990E+02     -0.990E+02
