      0.000E+00      0.440E-02      0.631E-03      0.100E+09     -0.990E+02     -0.990E+02
      0.100E-03      0.440E-02      0.631E-03      0.100E+09     -0.990E+02     -0.990E+02
      0.140E-03      0.440E-02      0.631E-03      0.100E+09     -0.990E+02     -0.990E+02
      0.160E-03      0.440E-02      0.631E-03      0.100E+09     -0.990E+02     -0.990E+02
      0.180E-03      0.440E-02      0.631E-03      0.100E+09     -0.990E+02     -0.990E+02
      0.200E-03      0.440E-02      0.631E-03      0.100E+09     -0.990E+02     -0.990E+02
      0.220E-03      0.440E-02      0.631E-03      0.100E+09     -0.990E+02     -0.990E+02
      0.250E-03      0.440E-02      0.631E-03      0.100E+09     -0.990E+02     -0.990E+02
      0.280E-03      0.440E-02      0.631E-03      0.100E+09     -0.990E+02     -0.990E+02
      0.320E-03      0.440E-02      0.631E-03      0.100E+09     -0.990E+02     -0.990E+02
      0.350E-03      0.440E-02      0.631E-03      0.100E+09     -0.990E+02     -0.990E+02
      0.400E-03      0.440E-02      0.631E-03      0.100E+09     -0.990E+02     -0.990E+02
      0.450E-03      0.440E-02      0.631E-03      0.100E+09     -0.990E+02     -0.990E+02
      0.500E-03      0.440E-02      0.631E-03      0.100E+09     -0.990E+02     -0.990E+02
      0.560E-03      0.440E-02      0.631E-03      0.100E+09     -0.990E+02     -0.990E+02
      0.630E-03      0.440E-02      0.631E-03      0.100E+09     -0.990E+02     -0.990E+02
      0.710E-03      0.440E-02      0.631E-03      0.100E+09     -0.990E+02     -0.990E+02
      0.790E-03      0.440E-02      0.631E-03      0.100E+09     -0.990E+02     -0.990E+02
      0.890E-03      0.440E-02      0.631E-03      0.100E+09     -0.990E+02     -0.990E+02
      0.100E-02      0.440E-02      0.631E-03      0.100E+09     -0.990E+02     -0.990E+02
      0.105E-02      0.440E-02      0.631E-03      0.100E+09     -0.990E+02     -0.990E+02
      0.110E-02      0.440E-02      0.631E-03      0.100E+09     -0.990E+02     -0.990E+02
      0.115E-02      0.440E-02      0.631E-03      0.100E+09     -0.990E+02     -0.990E+02
      0.120E-02      0.440E-02      0.631E-03      0.100E+09     -0.990E+02     -0.990E+02
      0.126E-02      0.440E-02      0.631E-03      0.100E+09     -0.990E+02     -0.990E+02
      0.132E-02      0.440E-02      0.631E-03      0.100E+09     -0.990E+02     -0.990E+02
      0.138E-02      0.440E-02      0.631E-03      0.100E+09     -0.990E+02     -0.990E+02
      0.145E-02      0.440E-02      0.631E-03      0.100E+09     -0.990E+02     -0.990E+02
      0.151E-02      0.440E-02      0.631E-03      0.100E+09     -0.990E+02     -0.990E+02
      0.158E-02      0.440E-02      0.631E-03      0.100E+09     -0.990E+02     -0.990E+02
      0.166E-02      0.440E-02      0.631E-03      0.100E+09     -0.990E+02     -0.990E+02
      0.174E-02      0.440E-02      0.631E-03      0.100E+09     -0.990E+02     -0.990E+02
      0.182E-02      0.440E-02      0.631E-03      0.100E+09     -0.990E+02     -0.990E+02
      0.191E-02      0.440E-02      0.631E-03      0.100E+09     -0.990E+02     -0.990E+02
      0.200E-02      0.440E-02      0.631E-03      0.100E+09     -0.990E+02     -0.990E+02
      0.209E-02      0.440E-02      0.631E-03      0.100E+09     -0.990E+02     -0.990E+02
      0.219E-02      0.440E-02      0.631E-03      0.100E+09     -0.990E+02     -0.990E+02
      0.229E-02      0.440E-02      0.631E-03      0.100E+09     -0.990E+02     -0.990E+02
      0.240E-02      0.440E-02      0.631E-03      0.100E+09     -0.990E+02     -0.990E+02
      0.251E-02      0.440E-02      0.631E-03      0.100E+09     -0.990E+02     -0.990E+02
      0.263E-02      0.440E-02      0.631E-03      0.100E+09     -0.990E+02     -0.990E+02
      0.275E-02      0.440E-02      0.631E-03      0.100E+09     -0.990E+02     -0.990E+02
      0.288E-02      0.440E-02      0.631E-03      0.100E+09     -0.990E+02     -0.990E+02
      0.302E-02      0.440E-02      0.631E-03      0.100E+09     -0.990E+02     -0.990E+02
      0.316E-02      0.440E-02      0.631E-03      0.100E+09     -0.990E+02     -0.990E+02
      0.331E-02      0.440E-02      0.631E-03      0.100E+09     -0.990E+02     -0.990E+02
      0.347E-02      0.440E-02      0.631E-03      0.100E+09     -0.990E+02     -0.990E+02
      0.363E-02      0.440E-02      0.631E-03      0.100E+09     -0.990E+02     -0.990E+02
      0.380E-02      0.440E-02      0.631E-03      0.100E+09     -0.990E+02     -0.990E+02
      0.398E-02      0.440E-02      0.631E-03      0.100E+09     -0.990E+02     -0.990E+02
      0.417E-02      0.440E-02      0.631E-03      0.100E+09     -0.990E+02     -0.990E+02
      0.437E-02      0.440E-02      0.631E-03      0.100E+09     -0.990E+02     -0.990E+02
      0.457E-02      0.440E-02      0.631E-03      0.100E+09     -0.990E+02     -0.990E+02
      0.479E-02      0.440E-02      0.631E-03      0.100E+09     -0.990E+02     -0.990E+02
      0.501E-02      0.440E-02      0.631E-03      0.100E+09     -0.990E+02     -0.990E+02
      0.525E-02      0.440E-02      0.631E-03      0.100E+09     -0.990E+02     -0.990E+02
      0.550E-02      0.440E-02      0.631E-03      0.100E+09     -0.990E+02     -0.990E+02
      0.575E-02      0.440E-02      0.631E-03      0.100E+09     -0.990E+02     -0.990E+02
      0.603E-02      0.440E-02      0.631E-03      0.100E+09     -0.990E+02     -0.990E+02
      0.631E-02      0.440E-02      0.631E-03      0.100E+09     -0.990E+02     -0.990E+02
      0.661E-02      0.440E-02      0.631E-03      0.100E+09     -0.990E+02     -0.990E+02
      0.692E-02      0.440E-02      0.631E-03      0.100E+09     -0.990E+02     -0.990E+02
      0.724E-02      0.440E-02      0.631E-03      0.100E+09     -0.990E+02     -0.990E+02
      0.759E-02      0.440E-02      0.631E-03      0.100E+09     -0.990E+02     -0.990E+02
      0.794E-02      0.440E-02      0.631E-03      0.100E+09     -0.990E+02     -0.990E+02
      0.832E-02      0.440E-02      0.631E-03      0.100E+09     -0.990E+02     -0.990E+02
      0.871E-02      0.440E-02      0.631E-03      0.100E+09     -0.990E+02     -0.990E+02
      0.912E-02      0.440E-02      0.631E-03      0.100E+09     -0.990E+02     -0.990E+02
      0.955E-02      0.440E-02      0.631E-03      0.100E+09     -0.990E+02     -0.990E+02
      0.100E-01      0.440E-02      0.631E-03      0.100E+09      0.700E-01      0.108E+00
      0.105E-01      0.695E-01      0.331E-01      0.999E+08      0.704E-01      0.109E+00
      0.110E-01      0.689E-01      0.329E-01      0.999E+08      0.707E-01      0.110E+00
      0.115E-01      0.686E-01      0.327E-01      0.999E+08      0.710E-01      0.111E+00
      0.120E-01      0.684E-01      0.327E-01      0.998E+08      0.714E-01      0.111E+00
      0.126E-01      0.683E-01      0.326E-01      0.998E+08      0.717E-01      0.112E+00
      0.132E-01      0.684E-01      0.327E-01      0.998E+08      0.721E-01      0.113E+00
      0.138E-01      0.680E-01      0.325E-01      0.997E+08      0.725E-01      0.114E+00
      0.144E-01      0.672E-01      0.321E-01      0.997E+08      0.729E-01      0.115E+00
      0.151E-01      0.671E-01      0.321E-01      0.997E+08      0.734E-01      0.116E+00
      0.159E-01      0.672E-01      0.321E-01      0.996E+08      0.741E-01      0.117E+00
      0.166E-01      0.668E-01      0.320E-01      0.996E+08      0.742E-01      0.118E+00
      0.174E-01      0.666E-01      0.319E-01      0.995E+08      0.750E-01      0.120E+00
      0.182E-01      0.666E-01      0.320E-01      0.995E+08      0.754E-01      0.121E+00
      0.191E-01      0.661E-01      0.318E-01      0.994E+08      0.761E-01      0.122E+00
      0.200E-01      0.656E-01      0.315E-01      0.994E+08      0.768E-01      0.124E+00
      0.209E-01      0.651E-01      0.314E-01      0.993E+08      0.775E-01      0.126E+00
      0.219E-01      0.648E-01      0.313E-01      0.993E+08      0.781E-01      0.128E+00
      0.229E-01      0.646E-01      0.312E-01      0.992E+08      0.785E-01      0.129E+00
      0.240E-01      0.640E-01      0.310E-01      0.992E+08      0.779E-01      0.131E+00
      0.251E-01      0.635E-01      0.308E-01      0.991E+08      0.776E-01      0.133E+00
      0.263E-01      0.629E-01      0.305E-01      0.990E+08      0.769E-01      0.135E+00
      0.275E-01      0.621E-01      0.302E-01      0.990E+08      0.762E-01      0.137E+00
      0.290E-01      0.614E-01      0.299E-01      0.989E+08      0.755E-01      0.140E+00
      0.300E-01      0.609E-01      0.297E-01      0.989E+08      0.748E-01      0.142E+00
      0.310E-01      0.604E-01      0.295E-01      0.988E+08      0.743E-01      0.144E+00
      0.320E-01      0.599E-01      0.293E-01      0.988E+08      0.740E-01      0.146E+00
      0.330E-01      0.594E-01      0.291E-01      0.987E+08      0.733E-01      0.147E+00
      0.340E-01      0.588E-01      0.288E-01      0.987E+08      0.733E-01      0.148E+00
      0.350E-01      0.584E-01      0.286E-01      0.986E+08      0.730E-01      0.149E+00
      0.360E-01      0.577E-01      0.283E-01      0.986E+08      0.726E-01      0.149E+00
      0.370E-01      0.572E-01      0.280E-01      0.985E+08      0.724E-01      0.149E+00
      0.380E-01      0.568E-01      0.278E-01      0.985E+08      0.723E-01      0.150E+00
      0.390E-01      0.561E-01      0.274E-01      0.984E+08      0.718E-01      0.150E+00
      0.400E-01      0.556E-01      0.272E-01      0.984E+08      0.716E-01      0.151E+00
      0.425E-01      0.543E-01      0.265E-01      0.983E+08      0.710E-01      0.152E+00
      0.450E-01      0.529E-01      0.258E-01      0.982E+08      0.702E-01      0.153E+00
      0.475E-01      0.516E-01      0.251E-01      0.981E+08      0.695E-01      0.154E+00
      0.500E-01      0.502E-01      0.244E-01      0.980E+08      0.684E-01      0.156E+00
      0.525E-01      0.489E-01      0.238E-01      0.979E+08      0.675E-01      0.157E+00
      0.550E-01      0.475E-01      0.231E-01      0.978E+08      0.668E-01      0.159E+00
      0.571E-01      0.464E-01      0.225E-01      0.977E+08      0.658E-01      0.160E+00
      0.640E-01      0.427E-01      0.207E-01      0.975E+08      0.628E-01      0.165E+00
      0.719E-01      0.384E-01      0.186E-01      0.973E+08      0.586E-01      0.173E+00
      0.806E-01      0.337E-01      0.163E-01      0.970E+08      0.527E-01      0.184E+00
      0.905E-01      0.285E-01      0.139E-01      0.968E+08      0.440E-01      0.199E+00
      0.102E+00      0.225E-01      0.114E-01      0.966E+08      0.288E-01      0.229E+00
      0.114E+00      0.159E-01      0.912E-02      0.964E+08     -0.137E-02      0.290E+00
      0.128E+00      0.111E-01      0.785E-02      0.962E+08     -0.410E-01      0.366E+00
      0.143E+00      0.110E-01      0.712E-02      0.961E+08     -0.286E-01      0.315E+00
      0.161E+00      0.109E-01      0.645E-02      0.959E+08     -0.147E-01      0.263E+00
      0.181E+00      0.108E-01      0.592E-02      0.958E+08      0.148E-02      0.217E+00
      0.203E+00      0.109E-01      0.595E-02      0.956E+08      0.229E-02      0.212E+00
      0.227E+00      0.111E-01      0.607E-02      0.954E+08      0.284E-03      0.215E+00
      0.255E+00      0.113E-01      0.622E-02      0.952E+08     -0.170E-02      0.218E+00
      0.286E+00      0.116E-01      0.642E-02      0.950E+08     -0.431E-02      0.223E+00
      0.321E+00      0.119E-01      0.659E-02      0.947E+08     -0.670E-02      0.223E+00
      0.360E+00      0.122E-01      0.673E-02      0.944E+08     -0.881E-02      0.223E+00
      0.404E+00      0.124E-01      0.682E-02      0.940E+08     -0.109E-01      0.224E+00
      0.453E+00      0.128E-01      0.702E-02      0.936E+08     -0.213E-01      0.232E+00
      0.509E+00      0.134E-01      0.738E-02      0.932E+08     -0.431E-01      0.255E+00
      0.571E+00      0.134E-01      0.775E-02      0.926E+08     -0.719E-01      0.302E+00
      0.641E+00      0.131E-01      0.839E-02      0.920E+08     -0.109E+00      0.380E+00
      0.719E+00      0.126E-01      0.865E-02      0.914E+08     -0.139E+00      0.436E+00
      0.806E+00      0.122E-01      0.827E-02      0.907E+08     -0.145E+00      0.421E+00
      0.905E+00      0.130E-01      0.826E-02      0.899E+08     -0.132E+00      0.381E+00
      0.102E+01      0.137E-01      0.803E-02      0.890E+08     -0.114E+00      0.337E+00
      0.114E+01      0.149E-01      0.786E-02      0.880E+08     -0.846E-01      0.294E+00
      0.128E+01      0.163E-01      0.813E-02      0.867E+08     -0.719E-01      0.260E+00
      0.143E+01      0.140E-01      0.678E-02      0.851E+08     -0.845E-01      0.287E+00
      0.161E+01      0.112E-01      0.570E-02      0.837E+08     -0.107E+00      0.347E+00
      0.168E+01      0.100E-01      0.544E-02      0.828E+08     -0.121E+00      0.388E+00
      0.170E+01      0.966E-02      0.536E-02      0.825E+08     -0.124E+00      0.397E+00
      0.180E+01      0.845E-02      0.510E-02      0.821E+08     -0.136E+00      0.437E+00
      0.190E+01      0.863E-02      0.499E-02      0.816E+08     -0.127E+00      0.413E+00
      0.200E+01      0.888E-02      0.485E-02      0.811E+08     -0.113E+00      0.367E+00
      0.210E+01      0.840E-02      0.460E-02      0.805E+08     -0.117E+00      0.343E+00
      0.220E+01      0.781E-02      0.447E-02      0.800E+08     -0.136E+00      0.347E+00
      0.230E+01      0.747E-02      0.497E-02      0.795E+08     -0.183E+00      0.465E+00
      0.240E+01      0.706E-02      0.564E-02      0.791E+08     -0.217E+00      0.615E+00
      0.250E+01      0.641E-02      0.583E-02      0.786E+08     -0.230E+00      0.679E+00
      0.260E+01      0.718E-02      0.605E-02      0.782E+08     -0.157E+00      0.545E+00
      0.275E+01      0.917E-02      0.813E-02      0.777E+08     -0.676E-01      0.417E+00
      0.300E+01      0.109E-01      0.781E-02      0.766E+08     -0.196E-01      0.452E+00
      0.325E+01      0.198E-01      0.939E-02      0.749E+08      0.895E-01      0.200E+00
      0.350E+01      0.387E-01      0.161E-01      0.720E+08      0.470E-01      0.976E-01
      0.375E+01      0.206E-01      0.838E-02      0.662E+08      0.913E-02      0.173E+00
      0.400E+01      0.177E-01      0.716E-02      0.631E+08      0.169E-01      0.116E+00
      0.425E+01      0.181E-01      0.807E-02      0.605E+08     -0.684E-02      0.133E+00
      0.450E+01      0.202E-01      0.900E-02      0.578E+08     -0.455E-01      0.241E+00
      0.475E+01      0.205E-01      0.816E-02      0.549E+08     -0.560E-01      0.206E+00
      0.500E+01      0.228E-01      0.889E-02      0.519E+08     -0.113E+00      0.174E+00
      0.525E+01      0.148E-01      0.103E-01      0.485E+08     -0.259E+00      0.549E+00
      0.550E+01      0.121E-01      0.769E-02      0.464E+08     -0.109E+00      0.362E+00
      0.575E+01      0.179E-01      0.871E-02      0.447E+08     -0.335E-01      0.212E+00
      0.600E+01      0.139E-01      0.809E-02      0.421E+08     -0.989E-01      0.320E+00
      0.625E+01      0.102E-01      0.789E-02      0.401E+08     -0.122E+00      0.373E+00
      0.650E+01      0.172E-01      0.847E-02      0.386E+08     -0.191E-01      0.183E+00
      0.675E+01      0.144E-01      0.968E-02      0.362E+08     -0.134E+00      0.454E+00
      0.700E+01      0.197E-01      0.112E-01      0.341E+08     -0.168E+00      0.399E+00
      0.725E+01      0.229E-01      0.123E-01      0.313E+08     -0.129E+00      0.315E+00
      0.750E+01      0.234E-01      0.145E-01      0.281E+08     -0.766E-01      0.322E+00
      0.775E+01      0.249E-01      0.132E-01      0.248E+08     -0.995E-01      0.255E+00
      0.800E+01      0.360E-01      0.154E-01      0.212E+08     -0.103E+00      0.166E+00
      0.825E+01      0.311E-01      0.133E-01      0.161E+08     -0.154E+00      0.200E+00
      0.850E+01      0.192E-01      0.902E-02      0.117E+08     -0.180E+00      0.233E+00
      0.875E+01      0.195E-01      0.106E-01      0.902E+07     -0.293E+00      0.397E+00
      0.900E+01      0.151E-01      0.880E-02      0.627E+07     -0.252E+00      0.277E+00
      0.925E+01      0.150E-01      0.601E-02      0.415E+07     -0.256E+00      0.192E+00
      0.950E+01      0.950E-02      0.444E-02      0.204E+07     -0.634E+00      0.364E+00
      0.975E+01      0.343E-02      0.502E-02      0.720E+06     -0.832E+00      0.165E+01
      0.100E+02      0.838E-03      0.255E-02      0.244E+06     -0.890E+00      0.372E+01
      0.102E+02      0.434E-03      0.160E-02      0.128E+06     -0.978E+00      0.511E+01
      0.105E+02      0.258E-03      0.124E-02      0.686E+05     -0.105E+01      0.718E+01
      0.108E+02      0.165E-03      0.865E-03      0.334E+05     -0.121E+01      0.899E+01
      0.110E+02      0.679E-04      0.302E-03      0.108E+05     -0.168E+01      0.105E+02
      0.112E+02      0.924E-05      0.422E-04      0.128E+04     -0.303E+01      0.202E+02
      0.115E+02      0.109E-08      0.908E-06      0.151E+00     -0.214E+01      0.275E+04
      0.118E+02      0.104E-11      0.265E-08      0.143E-03     -0.209E+01      0.994E+04
      0.120E+02      0.000E+00      0.000E+00      0.000E+00     -0.990E+02     -0.990E+02
      0.122E+02      0.000E+00      0.000E+00      0.000E+00     -0.990E+02     -0.990E+02
      0.125E+02      0.000E+00      0.000E+00      0.000E+00     -0.990E+02     -0.990E+02
      0.128E+02      0.000E+00      0.000E+00      0.000E+00     -0.990E+02     -0.990E+02
      0.130E+02      0.000E+00      0.000E+00      0.000E+00     -0.990E+02     -0.990E+02
      0.132E+02      0.000E+00      0.000E+00      0.000E+00     -0.990E+02     -0.990E+02
      0.135E+02      0.000E+00      0.000E+00      0.000E+00     -0.990E+02     -0.990E+02
      0.138E+02      0.000E+00      0.000E+00      0.000E+00     -0.990E+02     -0.990E+02
      0.140E+02      0.000E+00      0.000E+00      0.000E+00     -0.990E+02     -0.990E+02
      0.142E+02      0.000E+00      0.000E+00      0.000E+00     -0.990E+02     -0.990E+02
      0.145E+02      0.000E+00      0.000E+00      0.000E+00     -0.990E+02     -0.990E+02
      0.148E+02      0.000E+00      0.000E+00      0.000E+00     -0.990E+02     -0.990E+02
      0.150E+02      0.000E+00      0.000E+00      0.000E+00     -0.990E+02     -0.990E+02
      0.152E+02      0.000E+00      0.000E+00      0.000E+00     -0.990E+02     -0.990E+02
      0.155E+02      0.000E+00      0.000E+00      0.000E+00     -0.990E+02     -0.990E+02
      0.158E+02      0.000E+00      0.000E+00      0.000E+00     -0.990E+02     -0.990E+02
      0.160E+02      0.000E+00      0.000E+00      0.000E+00     -0.990E+02     -0.990E+02
      0.162E+02      0.000E+00      0.000E+00      0.000E+00     -0.990E+02     -0.990E+02
      0.165E+02      0.000E+00      0.000E+00      0.000E+00     -0.990E+02     -0.990E+02
      0.168E+02      0.000E+00      0.000E+00      0.000E+00     -0.990E+02     -0.990E+02
      0.170E+02      0.000E+00      0.000E+00      0.000E+00     -0.990E+02     -0.990E+02
      0.172E+02      0.000E+00      0.000E+00      0.000E+00     -0.990E+02     -0.990E+02
      0.175E+02      0.000E+00      0.000E+00      0.000E+00     -0.990E+02     -0.990E+02
      0.178E+02      0.000E+00      0.000E+00      0.000E+00     -0.990E+02     -0.990E+02
      0.180E+02      0.000E+00      0.000E+00      0.000E+00     -0.990E+02     -0.990E+02
      0.182E+02      0.000E+00      0.000E+00      0.000E+00     -0.990E+02     -0.990E+02
      0.185E+02      0.000E+00      0.000E+00      0.000E+00     -0.990E+02     -0.990E+02
      0.188E+02      0.000E+00      0.000E+00      0.000E+00     -0.990E+02     -0.990E+02
      0.190E+02      0.000E+00      0.000E+00      0.000E+00     -0.990E+02     -0.990E+02
      0.192E+02      0.000E+00      0.000E+00      0.000E+00     -0.990E+02     -0.990E+02
      0.195E+02      0.000E+00      0.000E+00      0.000E+00     -0.990E+02     -0.990E+02
      0.198E+02      0.000E+00      0.000E+00      0.000E+00     -0.990E+02     -0.990E+02
      0.200E+02      0.000E+00      0.000E+00      0.000E+00     -0.990E+02     -0.990E+02
