      0.000E+00      0.347E+00      0.841E+00      0.547E+09     -0.990E+02     -0.990E+02
      0.100E-03      0.347E+00      0.841E+00      0.547E+09     -0.990E+02     -0.990E+02
      0.140E-03      0.347E+00      0.841E+00      0.547E+09     -0.990E+02     -0.990E+02
      0.160E-03      0.347E+00      0.841E+00      0.547E+09     -0.990E+02     -0.990E+02
      0.180E-03      0.347E+00      0.841E+00      0.547E+09     -0.990E+02     -0.990E+02
      0.200E-03      0.347E+00      0.841E+00      0.547E+09     -0.990E+02     -0.990E+02
      0.220E-03      0.347E+00      0.841E+00      0.547E+09     -0.990E+02     -0.990E+02
      0.250E-03      0.347E+00      0.841E+00      0.547E+09     -0.990E+02     -0.990E+02
      0.280E-03      0.347E+00      0.841E+00      0.547E+09     -0.990E+02     -0.990E+02
      0.320E-03      0.347E+00      0.841E+00      0.547E+09     -0.990E+02     -0.990E+02
      0.350E-03      0.347E+00      0.841E+00      0.547E+09     -0.990E+02     -0.990E+02
      0.400E-03      0.347E+00      0.841E+00      0.547E+09     -0.990E+02     -0.990E+02
      0.450E-03      0.347E+00      0.841E+00      0.547E+09     -0.990E+02     -0.990E+02
      0.500E-03      0.347E+00      0.841E+00      0.547E+09     -0.990E+02     -0.990E+02
      0.560E-03      0.347E+00      0.841E+00      0.547E+09     -0.990E+02     -0.990E+02
      0.630E-03      0.347E+00      0.841E+00      0.547E+09     -0.990E+02     -0.990E+02
      0.710E-03      0.347E+00      0.841E+00      0.547E+09     -0.990E+02     -0.990E+02
      0.790E-03      0.347E+00      0.841E+00      0.547E+09     -0.990E+02     -0.990E+02
      0.890E-03      0.347E+00      0.841E+00      0.547E+09     -0.990E+02     -0.990E+02
      0.100E-02      0.347E+00      0.841E+00      0.547E+09     -0.990E+02     -0.990E+02
      0.105E-02      0.347E+00      0.841E+00      0.547E+09     -0.990E+02     -0.990E+02
      0.110E-02      0.347E+00      0.841E+00      0.547E+09     -0.990E+02     -0.990E+02
      0.115E-02      0.347E+00      0.841E+00      0.547E+09     -0.990E+02     -0.990E+02
      0.120E-02      0.347E+00      0.841E+00      0.547E+09     -0.990E+02     -0.990E+02
      0.126E-02      0.347E+00      0.841E+00      0.547E+09     -0.990E+02     -0.990E+02
      0.132E-02      0.347E+00      0.841E+00      0.547E+09     -0.990E+02     -0.990E+02
      0.138E-02      0.347E+00      0.841E+00      0.547E+09     -0.990E+02     -0.990E+02
      0.145E-02      0.347E+00      0.841E+00      0.547E+09     -0.990E+02     -0.990E+02
      0.151E-02      0.347E+00      0.841E+00      0.547E+09     -0.990E+02     -0.990E+02
      0.158E-02      0.347E+00      0.841E+00      0.547E+09     -0.990E+02     -0.990E+02
      0.166E-02      0.347E+00      0.841E+00      0.547E+09     -0.990E+02     -0.990E+02
      0.174E-02      0.347E+00      0.841E+00      0.547E+09     -0.990E+02     -0.990E+02
      0.182E-02      0.347E+00      0.841E+00      0.547E+09     -0.990E+02     -0.990E+02
      0.191E-02      0.347E+00      0.841E+00      0.547E+09     -0.990E+02     -0.990E+02
      0.200E-02      0.347E+00      0.841E+00      0.547E+09     -0.990E+02     -0.990E+02
      0.209E-02      0.347E+00      0.841E+00      0.547E+09     -0.990E+02     -0.990E+02
      0.219E-02      0.347E+00      0.841E+00      0.547E+09     -0.990E+02     -0.990E+02
      0.229E-02      0.347E+00      0.841E+00      0.547E+09     -0.990E+02     -0.990E+02
      0.240E-02      0.347E+00      0.841E+00      0.547E+09     -0.990E+02     -0.990E+02
      0.251E-02      0.347E+00      0.841E+00      0.547E+09     -0.990E+02     -0.990E+02
      0.263E-02      0.347E+00      0.841E+00      0.547E+09     -0.990E+02     -0.990E+02
      0.275E-02      0.347E+00      0.841E+00      0.547E+09     -0.990E+02     -0.990E+02
      0.288E-02      0.347E+00      0.841E+00      0.547E+09     -0.990E+02     -0.990E+02
      0.302E-02      0.347E+00      0.841E+00      0.547E+09     -0.990E+02     -0.990E+02
      0.316E-02      0.347E+00      0.841E+00      0.547E+09     -0.990E+02     -0.990E+02
      0.331E-02      0.347E+00      0.841E+00      0.547E+09     -0.990E+02     -0.990E+02
      0.347E-02      0.347E+00      0.841E+00      0.547E+09     -0.990E+02     -0.990E+02
      0.363E-02      0.347E+00      0.841E+00      0.547E+09     -0.990E+02     -0.990E+02
      0.380E-02      0.347E+00      0.841E+00      0.547E+09     -0.990E+02     -0.990E+02
      0.398E-02      0.347E+00      0.841E+00      0.547E+09     -0.990E+02     -0.990E+02
      0.417E-02      0.347E+00      0.841E+00      0.547E+09     -0.990E+02     -0.990E+02
      0.437E-02      0.347E+00      0.841E+00      0.547E+09     -0.990E+02     -0.990E+02
      0.457E-02      0.347E+00      0.841E+00      0.547E+09     -0.990E+02     -0.990E+02
      0.479E-02      0.347E+00      0.841E+00      0.547E+09     -0.990E+02     -0.990E+02
      0.501E-02      0.347E+00      0.841E+00      0.547E+09     -0.990E+02     -0.990E+02
      0.525E-02      0.347E+00      0.841E+00      0.547E+09     -0.990E+02     -0.990E+02
      0.550E-02      0.347E+00      0.841E+00      0.547E+09     -0.990E+02     -0.990E+02
      0.575E-02      0.347E+00      0.841E+00      0.547E+09     -0.990E+02     -0.990E+02
      0.603E-02      0.347E+00      0.841E+00      0.547E+09     -0.990E+02     -0.990E+02
      0.631E-02      0.347E+00      0.841E+00      0.547E+09     -0.990E+02     -0.990E+02
      0.661E-02      0.347E+00      0.841E+00      0.547E+09     -0.990E+02     -0.990E+02
      0.692E-02      0.347E+00      0.841E+00      0.547E+09     -0.990E+02     -0.990E+02
      0.724E-02      0.347E+00      0.841E+00      0.547E+09     -0.990E+02     -0.990E+02
      0.759E-02      0.347E+00      0.841E+00      0.547E+09     -0.990E+02     -0.990E+02
      0.794E-02      0.347E+00      0.841E+00      0.547E+09     -0.990E+02     -0.990E+02
      0.832E-02      0.347E+00      0.841E+00      0.547E+09     -0.990E+02     -0.990E+02
      0.871E-02      0.347E+00      0.841E+00      0.547E+09     -0.990E+02     -0.990E+02
      0.912E-02      0.347E+00      0.841E+00      0.547E+09     -0.990E+02     -0.990E+02
      0.955E-02      0.347E+00      0.841E+00      0.547E+09     -0.990E+02     -0.990E+02
      0.100E-01      0.347E+00      0.841E+00      0.547E+09     -0.498E+00      0.619E+00
      0.105E-01      0.120E+01      0.852E+00      0.543E+09     -0.499E+00      0.619E+00
      0.110E-01      0.120E+01      0.849E+00      0.543E+09     -0.499E+00      0.620E+00
      0.115E-01      0.120E+01      0.847E+00      0.542E+09     -0.499E+00      0.620E+00
      0.120E-01      0.119E+01      0.845E+00      0.541E+09     -0.500E+00      0.621E+00
      0.126E-01      0.120E+01      0.847E+00      0.541E+09     -0.500E+00      0.621E+00
      0.132E-01      0.120E+01      0.851E+00      0.540E+09     -0.500E+00      0.621E+00
      0.138E-01      0.120E+01      0.849E+00      0.540E+09     -0.500E+00      0.622E+00
      0.144E-01      0.119E+01      0.843E+00      0.539E+09     -0.501E+00      0.623E+00
      0.151E-01      0.119E+01      0.845E+00      0.538E+09     -0.501E+00      0.623E+00
      0.159E-01      0.119E+01      0.848E+00      0.538E+09     -0.501E+00      0.624E+00
      0.166E-01      0.119E+01      0.848E+00      0.537E+09     -0.502E+00      0.625E+00
      0.174E-01      0.119E+01      0.849E+00      0.536E+09     -0.502E+00      0.625E+00
      0.182E-01      0.120E+01      0.852E+00      0.535E+09     -0.503E+00      0.626E+00
      0.191E-01      0.119E+01      0.851E+00      0.534E+09     -0.503E+00      0.627E+00
      0.200E-01      0.119E+01      0.847E+00      0.533E+09     -0.504E+00      0.628E+00
      0.209E-01      0.119E+01      0.846E+00      0.533E+09     -0.504E+00      0.629E+00
      0.219E-01      0.118E+01      0.846E+00      0.532E+09     -0.505E+00      0.630E+00
      0.229E-01      0.119E+01      0.848E+00      0.531E+09     -0.505E+00      0.631E+00
      0.240E-01      0.119E+01      0.848E+00      0.530E+09     -0.506E+00      0.632E+00
      0.251E-01      0.119E+01      0.850E+00      0.528E+09     -0.506E+00      0.633E+00
      0.263E-01      0.118E+01      0.850E+00      0.527E+09     -0.507E+00      0.634E+00
      0.275E-01      0.118E+01      0.847E+00      0.526E+09     -0.508E+00      0.636E+00
      0.290E-01      0.118E+01      0.848E+00      0.525E+09     -0.509E+00      0.637E+00
      0.300E-01      0.118E+01      0.849E+00      0.524E+09     -0.509E+00      0.639E+00
      0.310E-01      0.118E+01      0.849E+00      0.523E+09     -0.510E+00      0.640E+00
      0.320E-01      0.118E+01      0.849E+00      0.522E+09     -0.510E+00      0.641E+00
      0.330E-01      0.117E+01      0.849E+00      0.521E+09     -0.511E+00      0.642E+00
      0.340E-01      0.117E+01      0.850E+00      0.520E+09     -0.512E+00      0.644E+00
      0.350E-01      0.117E+01      0.850E+00      0.519E+09     -0.512E+00      0.645E+00
      0.360E-01      0.117E+01      0.850E+00      0.518E+09     -0.513E+00      0.646E+00
      0.370E-01      0.117E+01      0.850E+00      0.517E+09     -0.514E+00      0.648E+00
      0.380E-01      0.117E+01      0.850E+00      0.516E+09     -0.514E+00      0.649E+00
      0.390E-01      0.117E+01      0.851E+00      0.515E+09     -0.515E+00      0.651E+00
      0.400E-01      0.117E+01      0.851E+00      0.514E+09     -0.516E+00      0.652E+00
      0.425E-01      0.116E+01      0.852E+00      0.512E+09     -0.517E+00      0.656E+00
      0.450E-01      0.116E+01      0.852E+00      0.510E+09     -0.519E+00      0.659E+00
      0.475E-01      0.116E+01      0.854E+00      0.508E+09     -0.520E+00      0.663E+00
      0.500E-01      0.115E+01      0.854E+00      0.505E+09     -0.522E+00      0.667E+00
      0.525E-01      0.115E+01      0.856E+00      0.503E+09     -0.524E+00      0.671E+00
      0.550E-01      0.115E+01      0.856E+00      0.501E+09     -0.525E+00      0.674E+00
      0.571E-01      0.115E+01      0.858E+00      0.499E+09     -0.527E+00      0.678E+00
      0.640E-01      0.114E+01      0.857E+00      0.495E+09     -0.530E+00      0.686E+00
      0.719E-01      0.112E+01      0.837E+00      0.488E+09     -0.532E+00      0.680E+00
      0.806E-01      0.110E+01      0.816E+00      0.481E+09     -0.534E+00      0.674E+00
      0.905E-01      0.108E+01      0.792E+00      0.473E+09     -0.536E+00      0.667E+00
      0.102E+00      0.106E+01      0.765E+00      0.464E+09     -0.538E+00      0.659E+00
      0.114E+00      0.103E+01      0.737E+00      0.455E+09     -0.541E+00      0.651E+00
      0.128E+00      0.101E+01      0.705E+00      0.444E+09     -0.544E+00      0.642E+00
      0.143E+00      0.976E+00      0.671E+00      0.433E+09     -0.548E+00      0.635E+00
      0.161E+00      0.942E+00      0.636E+00      0.421E+09     -0.553E+00      0.628E+00
      0.181E+00      0.904E+00      0.598E+00      0.408E+09     -0.559E+00      0.622E+00
      0.203E+00      0.862E+00      0.558E+00      0.395E+09     -0.565E+00      0.616E+00
      0.227E+00      0.817E+00      0.520E+00      0.380E+09     -0.572E+00      0.615E+00
      0.255E+00      0.763E+00      0.481E+00      0.365E+09     -0.578E+00      0.615E+00
      0.286E+00      0.704E+00      0.450E+00      0.349E+09     -0.584E+00      0.632E+00
      0.321E+00      0.648E+00      0.431E+00      0.332E+09     -0.587E+00      0.660E+00
      0.360E+00      0.607E+00      0.400E+00      0.315E+09     -0.581E+00      0.639E+00
      0.404E+00      0.565E+00      0.369E+00      0.298E+09     -0.571E+00      0.614E+00
      0.453E+00      0.523E+00      0.341E+00      0.279E+09     -0.558E+00      0.592E+00
      0.509E+00      0.484E+00      0.319E+00      0.260E+09     -0.539E+00      0.584E+00
      0.571E+00      0.451E+00      0.309E+00      0.241E+09     -0.513E+00      0.595E+00
      0.641E+00      0.429E+00      0.299E+00      0.221E+09     -0.493E+00      0.592E+00
      0.719E+00      0.403E+00      0.282E+00      0.200E+09     -0.464E+00      0.549E+00
      0.806E+00      0.375E+00      0.267E+00      0.177E+09     -0.436E+00      0.528E+00
      0.905E+00      0.348E+00      0.251E+00      0.154E+09     -0.431E+00      0.517E+00
      0.102E+01      0.312E+00      0.228E+00      0.130E+09     -0.430E+00      0.523E+00
      0.114E+01      0.267E+00      0.205E+00      0.106E+09     -0.427E+00      0.548E+00
      0.128E+01      0.232E+00      0.181E+00      0.835E+08     -0.418E+00      0.548E+00
      0.143E+01      0.188E+00      0.164E+00      0.616E+08     -0.418E+00      0.606E+00
      0.161E+01      0.132E+00      0.135E+00      0.418E+08     -0.432E+00      0.706E+00
      0.168E+01      0.115E+00      0.123E+00      0.316E+08     -0.428E+00      0.731E+00
      0.170E+01      0.111E+00      0.119E+00      0.283E+08     -0.426E+00      0.742E+00
      0.180E+01      0.895E-01      0.103E+00      0.241E+08     -0.409E+00      0.787E+00
      0.190E+01      0.729E-01      0.920E-01      0.186E+08     -0.404E+00      0.826E+00
      0.200E+01      0.596E-01      0.823E-01      0.140E+08     -0.408E+00      0.923E+00
      0.210E+01      0.473E-01      0.699E-01      0.104E+08     -0.428E+00      0.103E+01
      0.220E+01      0.365E-01      0.571E-01      0.746E+07     -0.447E+00      0.117E+01
      0.230E+01      0.279E-01      0.474E-01      0.522E+07     -0.464E+00      0.135E+01
      0.240E+01      0.210E-01      0.375E-01      0.352E+07     -0.472E+00      0.142E+01
      0.250E+01      0.151E-01      0.307E-01      0.224E+07     -0.500E+00      0.175E+01
      0.260E+01      0.957E-02      0.225E-01      0.132E+07     -0.555E+00      0.209E+01
      0.275E+01      0.438E-02      0.137E-01      0.602E+06     -0.545E+00      0.269E+01
      0.300E+01      0.498E-03      0.238E-02      0.756E+05     -0.536E+00      0.384E+01
      0.325E+01      0.826E-05      0.161E-03      0.121E+04     -0.103E+01      0.255E+02
      0.350E+01      0.680E-17      0.929E-10      0.991E-09     -0.172E+01      0.313E+08
      0.375E+01      0.000E+00      0.000E+00      0.000E+00     -0.990E+02     -0.990E+02
      0.400E+01      0.000E+00      0.000E+00      0.000E+00     -0.990E+02     -0.990E+02
      0.425E+01      0.000E+00      0.000E+00      0.000E+00     -0.990E+02     -0.990E+02
      0.450E+01      0.000E+00      0.000E+00      0.000E+00     -0.990E+02     -0.990E+02
      0.475E+01      0.000E+00      0.000E+00      0.000E+00     -0.990E+02     -0.990E+02
      0.500E+01      0.000E+00      0.000E+00      0.000E+00     -0.990E+02     -0.990E+02
      0.525E+01      0.000E+00      0.000E+00      0.000E+00     -0.990E+02     -0.990E+02
      0.550E+01      0.000E+00      0.000E+00      0.000E+00     -0.990E+02     -0.990E+02
      0.575E+01      0.000E+00      0.000E+00      0.000E+00     -0.990E+02     -0.990E+02
      0.600E+01      0.000E+00      0.000E+00      0.000E+00     -0.990E+02     -0.990E+02
      0.625E+01      0.000E+00      0.000E+00      0.000E+00     -0.990E+02     -0.990E+02
      0.650E+01      0.000E+00      0.000E+00      0.000E+00     -0.990E+02     -0.990E+02
      0.675E+01      0.000E+00      0.000E+00      0.000E+00     -0.990E+02     -0.990E+02
      0.700E+01      0.000E+00      0.000E+00      0.000E+00     -0.990E+02     -0.990E+02
      0.725E+01      0.000E+00      0.000E+00      0.000E+00     -0.990E+02     -0.990E+02
      0.750E+01      0.000E+00      0.000E+00      0.000E+00     -0.990E+02     -0.990E+02
      0.775E+01      0.000E+00      0.000E+00      0.000E+00     -0.990E+02     -0.990E+02
      0.800E+01      0.000E+00      0.000E+00      0.000E+00     -0.990E+02     -0.990E+02
      0.825E+01      0.000E+00      0.000E+00      0.000E+00     -0.990E+02     -0.990E+02
      0.850E+01      0.000E+00      0.000E+00      0.000E+00     -0.990E+02     -0.990E+02
      0.875E+01      0.000E+00      0.000E+00      0.000E+00     -0.990E+02     -0.990E+02
      0.900E+01      0.000E+00      0.000E+00      0.000E+00     -0.990E+02     -0.990E+02
      0.925E+01      0.000E+00      0.000E+00      0.000E+00     -0.990E+02     -0.990E+02
      0.950E+01      0.000E+00      0.000E+00      0.000E+00     -0.990E+02     -0.990E+02
      0.975E+01      0.000E+00      0.000E+00      0.000E+00     -0.990E+02     -0.990E+02
      0.100E+02      0.000E+00      0.000E+00      0.000E+00     -0.990E+02     -0.990E+02
      0.102E+02      0.000E+00      0.000E+00      0.000E+00     -0.990E+02     -0.990E+02
      0.105E+02      0.000E+00      0.000E+00      0.000E+00     -0.990E+02     -0.990E+02
      0.108E+02      0.000E+00      0.000E+00      0.000E+00     -0.990E+02     -0.990E+02
      0.110E+02      0.000E+00      0.000E+00      0.000E+00     -0.990E+02     -0.990E+02
      0.112E+02      0.000E+00      0.000E+00      0.000E+00     -0.990E+02     -0.990E+02
      0.115E+02      0.000E+00      0.000E+00      0.000E+00     -0.990E+02     -0.990E+02
      0.118E+02      0.000E+00      0.000E+00      0.000E+00     -0.990E+02     -0.990E+02
      0.120E+02      0.000E+00      0.000E+00      0.000E+00     -0.990E+02     -0.990E+02
      0.122E+02      0.000E+00      0.000E+00      0.000E+00     -0.990E+02     -0.990E+02
      0.125E+02      0.000E+00      0.000E+00      0.000E+00     -0.990E+02     -0.990E+02
      0.128E+02      0.000E+00      0.000E+00      0.000E+00     -0.990E+02     -0.990E+02
      0.130E+02      0.000E+00      0.000E+00      0.000E+00     -0.990E+02     -0.990E+02
      0.132E+02      0.000E+00      0.000E+00      0.000E+00     -0.990E+02     -0.990E+02
      0.135E+02      0.000E+00      0.000E+00      0.000E+00     -0.990E+02     -0.990E+02
      0.138E+02      0.000E+00      0.000E+00      0.000E+00     -0.990E+02     -0.990E+02
      0.140E+02      0.000E+00      0.000E+00      0.000E+00     -0.990E+02     -0.990E+02
      0.142E+02      0.000E+00      0.000E+00      0.000E+00     -0.990E+02     -0.990E+02
      0.145E+02      0.000E+00      0.000E+00      0.000E+00     -0.990E+02     -0.990E+02
      0.148E+02      0.000E+00      0.000E+00      0.000E+00     -0.990E+02     -0.990E+02
      0.150E+02      0.000E+00      0.000E+00      0.000E+00     -0.990E+02     -0.990E+02
      0.152E+02      0.000E+00      0.000E+00      0.000E+00     -0.990E+02     -0.990E+02
      0.155E+02      0.000E+00      0.000E+00      0.000E+00     -0.990E+02     -0.990E+02
      0.158E+02      0.000E+00      0.000E+00      0.000E+00     -0.990E+02     -0.990E+02
      0.160E+02      0.000E+00      0.000E+00      0.000E+00     -0.990E+02     -0.990E+02
      0.162E+02      0.000E+00      0.000E+00      0.000E+00     -0.990E+02     -0.990E+02
      0.165E+02      0.000E+00      0.000E+00      0.000E+00     -0.990E+02     -0.990E+02
      0.168E+02      0.000E+00      0.000E+00      0.000E+00     -0.990E+02     -0.990E+02
      0.170E+02      0.000E+00      0.000E+00      0.000E+00     -0.990E+02     -0.990E+02
      0.172E+02      0.000E+00      0.000E+00      0.000E+00     -0.990E+02     -0.990E+02
      0.175E+02      0.000E+00      0.000E+00      0.000E+00     -0.990E+02     -0.990E+02
      0.178E+02      0.000E+00      0.000E+00      0.000E+00     -0.990E+02     -0.990E+02
      0.180E+02      0.000E+00      0.000E+00      0.000E+00     -0.990E+02     -0.990E+02
      0.182E+02      0.000E+00      0.000E+00      0.000E+00     -0.990E+02     -0.990E+02
      0.185E+02      0.000E+00      0.000E+00      0.000E+00     -0.990E+02     -0.990E+02
      0.188E+02      0.000E+00      0.000E+00      0.000E+00     -0.990E+02     -0.990E+02
      0.190E+02      0.000E+00      0.000E+00      0.000E+00     -0.990E+02     -0.990E+02
      0.192E+02      0.000E+00      0.000E+00      0.000E+00     -0.990E+02     -0.990E+02
      0.195E+02      0.000E+00      0.000E+00      0.000E+00     -0.990E+02     -0.990E+02
      0.198E+02      0.000E+00      0.000E+00      0.000E+00     -0.990E+02     -0.990E+02
      0.200E+02      0.000E+00      0.000E+00      0.000E+00     -0.990E+02     -0.990E+02
