      0.000E+00      0.369E-01      0.288E-01      0.100E+09     -0.990E+02     -0.990E+02
      0.100E-03      0.369E-01      0.288E-01      0.100E+09     -0.990E+02     -0.990E+02
      0.140E-03      0.369E-01      0.288E-01      0.100E+09     -0.990E+02     -0.990E+02
      0.160E-03      0.369E-01      0.288E-01      0.100E+09     -0.990E+02     -0.990E+02
      0.180E-03      0.369E-01      0.288E-01      0.100E+09     -0.990E+02     -0.990E+02
      0.200E-03      0.369E-01      0.288E-01      0.100E+09     -0.990E+02     -0.990E+02
      0.220E-03      0.369E-01      0.288E-01      0.100E+09     -0.990E+02     -0.990E+02
      0.250E-03      0.369E-01      0.288E-01      0.100E+09     -0.990E+02     -0.990E+02
      0.280E-03      0.369E-01      0.288E-01      0.100E+09     -0.990E+02     -0.990E+02
      0.320E-03      0.369E-01      0.288E-01      0.100E+09     -0.990E+02     -0.990E+02
      0.350E-03      0.369E-01      0.288E-01      0.100E+09     -0.990E+02     -0.990E+02
      0.400E-03      0.369E-01      0.288E-01      0.100E+09     -0.990E+02     -0.990E+02
      0.450E-03      0.369E-01      0.288E-01      0.100E+09     -0.990E+02     -0.990E+02
      0.500E-03      0.369E-01      0.288E-01      0.100E+09     -0.990E+02     -0.990E+02
      0.560E-03      0.369E-01      0.288E-01      0.100E+09     -0.990E+02     -0.990E+02
      0.630E-03      0.369E-01      0.288E-01      0.100E+09     -0.990E+02     -0.990E+02
      0.710E-03      0.369E-01      0.288E-01      0.100E+09     -0.990E+02     -0.990E+02
      0.790E-03      0.369E-01      0.288E-01      0.100E+09     -0.990E+02     -0.990E+02
      0.890E-03      0.369E-01      0.288E-01      0.100E+09     -0.990E+02     -0.990E+02
      0.100E-02      0.369E-01      0.288E-01      0.100E+09     -0.990E+02     -0.990E+02
      0.105E-02      0.369E-01      0.288E-01      0.100E+09     -0.990E+02     -0.990E+02
      0.110E-02      0.369E-01      0.288E-01      0.100E+09     -0.990E+02     -0.990E+02
      0.115E-02      0.369E-01      0.288E-01      0.100E+09     -0.990E+02     -0.990E+02
      0.120E-02      0.369E-01      0.288E-01      0.100E+09     -0.990E+02     -0.990E+02
      0.126E-02      0.369E-01      0.288E-01      0.100E+09     -0.990E+02     -0.990E+02
      0.132E-02      0.369E-01      0.288E-01      0.100E+09     -0.990E+02     -0.990E+02
      0.138E-02      0.369E-01      0.288E-01      0.100E+09     -0.990E+02     -0.990E+02
      0.145E-02      0.369E-01      0.288E-01      0.100E+09     -0.990E+02     -0.990E+02
      0.151E-02      0.369E-01      0.288E-01      0.100E+09     -0.990E+02     -0.990E+02
      0.158E-02      0.369E-01      0.288E-01      0.100E+09     -0.990E+02     -0.990E+02
      0.166E-02      0.369E-01      0.288E-01      0.100E+09     -0.990E+02     -0.990E+02
      0.174E-02      0.369E-01      0.288E-01      0.100E+09     -0.990E+02     -0.990E+02
      0.182E-02      0.369E-01      0.288E-01      0.100E+09     -0.990E+02     -0.990E+02
      0.191E-02      0.369E-01      0.288E-01      0.100E+09     -0.990E+02     -0.990E+02
      0.200E-02      0.369E-01      0.288E-01      0.100E+09     -0.990E+02     -0.990E+02
      0.209E-02      0.369E-01      0.288E-01      0.100E+09     -0.990E+02     -0.990E+02
      0.219E-02      0.369E-01      0.288E-01      0.100E+09     -0.990E+02     -0.990E+02
      0.229E-02      0.369E-01      0.288E-01      0.100E+09     -0.990E+02     -0.990E+02
      0.240E-02      0.369E-01      0.288E-01      0.100E+09     -0.990E+02     -0.990E+02
      0.251E-02      0.369E-01      0.288E-01      0.100E+09     -0.990E+02     -0.990E+02
      0.263E-02      0.369E-01      0.288E-01      0.100E+09     -0.990E+02     -0.990E+02
      0.275E-02      0.369E-01      0.288E-01      0.100E+09     -0.990E+02     -0.990E+02
      0.288E-02      0.369E-01      0.288E-01      0.100E+09     -0.990E+02     -0.990E+02
      0.302E-02      0.369E-01      0.288E-01      0.100E+09     -0.990E+02     -0.990E+02
      0.316E-02      0.369E-01      0.288E-01      0.100E+09     -0.990E+02     -0.990E+02
      0.331E-02      0.369E-01      0.288E-01      0.100E+09     -0.990E+02     -0.990E+02
      0.347E-02      0.369E-01      0.288E-01      0.100E+09     -0.990E+02     -0.990E+02
      0.363E-02      0.369E-01      0.288E-01      0.100E+09     -0.990E+02     -0.990E+02
      0.380E-02      0.369E-01      0.288E-01      0.100E+09     -0.990E+02     -0.990E+02
      0.398E-02      0.369E-01      0.288E-01      0.100E+09     -0.990E+02     -0.990E+02
      0.417E-02      0.369E-01      0.288E-01      0.100E+09     -0.990E+02     -0.990E+02
      0.437E-02      0.369E-01      0.288E-01      0.100E+09     -0.990E+02     -0.990E+02
      0.457E-02      0.369E-01      0.288E-01      0.100E+09     -0.990E+02     -0.990E+02
      0.479E-02      0.369E-01      0.288E-01      0.100E+09     -0.990E+02     -0.990E+02
      0.501E-02      0.369E-01      0.288E-01      0.100E+09     -0.990E+02     -0.990E+02
      0.525E-02      0.369E-01      0.288E-01      0.100E+09     -0.990E+02     -0.990E+02
      0.550E-02      0.369E-01      0.288E-01      0.100E+09     -0.990E+02     -0.990E+02
      0.575E-02      0.369E-01      0.288E-01      0.100E+09     -0.990E+02     -0.990E+02
      0.603E-02      0.369E-01      0.288E-01      0.100E+09     -0.990E+02     -0.990E+02
      0.631E-02      0.369E-01      0.288E-01      0.100E+09     -0.990E+02     -0.990E+02
      0.661E-02      0.369E-01      0.288E-01      0.100E+09     -0.990E+02     -0.990E+02
      0.692E-02      0.369E-01      0.288E-01      0.100E+09     -0.990E+02     -0.990E+02
      0.724E-02      0.369E-01      0.288E-01      0.100E+09     -0.990E+02     -0.990E+02
      0.759E-02      0.369E-01      0.288E-01      0.100E+09     -0.990E+02     -0.990E+02
      0.794E-02      0.369E-01      0.288E-01      0.100E+09     -0.990E+02     -0.990E+02
      0.832E-02      0.369E-01      0.288E-01      0.100E+09     -0.990E+02     -0.990E+02
      0.871E-02      0.369E-01      0.288E-01      0.100E+09     -0.990E+02     -0.990E+02
      0.912E-02      0.369E-01      0.288E-01      0.100E+09     -0.990E+02     -0.990E+02
      0.955E-02      0.369E-01      0.288E-01      0.100E+09     -0.990E+02     -0.990E+02
      0.100E-01      0.369E-01      0.288E-01      0.100E+09     -0.249E+00      0.539E+00
      0.105E-01      0.180E-01      0.170E-01      0.996E+08     -0.249E+00      0.540E+00
      0.110E-01      0.180E-01      0.170E-01      0.996E+08     -0.250E+00      0.540E+00
      0.115E-01      0.179E-01      0.170E-01      0.996E+08     -0.250E+00      0.542E+00
      0.120E-01      0.179E-01      0.170E-01      0.996E+08     -0.250E+00      0.542E+00
      0.126E-01      0.180E-01      0.170E-01      0.996E+08     -0.251E+00      0.543E+00
      0.132E-01      0.181E-01      0.171E-01      0.996E+08     -0.251E+00      0.544E+00
      0.138E-01      0.180E-01      0.171E-01      0.996E+08     -0.251E+00      0.544E+00
      0.144E-01      0.179E-01      0.170E-01      0.996E+08     -0.252E+00      0.545E+00
      0.151E-01      0.180E-01      0.170E-01      0.996E+08     -0.252E+00      0.547E+00
      0.159E-01      0.180E-01      0.171E-01      0.995E+08     -0.253E+00      0.547E+00
      0.166E-01      0.180E-01      0.171E-01      0.995E+08     -0.253E+00      0.549E+00
      0.174E-01      0.181E-01      0.172E-01      0.995E+08     -0.254E+00      0.550E+00
      0.182E-01      0.182E-01      0.173E-01      0.995E+08     -0.254E+00      0.551E+00
      0.191E-01      0.182E-01      0.173E-01      0.995E+08     -0.254E+00      0.552E+00
      0.200E-01      0.181E-01      0.172E-01      0.995E+08     -0.255E+00      0.554E+00
      0.209E-01      0.181E-01      0.172E-01      0.995E+08     -0.256E+00      0.555E+00
      0.219E-01      0.181E-01      0.173E-01      0.994E+08     -0.256E+00      0.556E+00
      0.229E-01      0.182E-01      0.173E-01      0.994E+08     -0.257E+00      0.558E+00
      0.240E-01      0.182E-01      0.174E-01      0.994E+08     -0.258E+00      0.560E+00
      0.251E-01      0.183E-01      0.174E-01      0.994E+08     -0.258E+00      0.562E+00
      0.263E-01      0.183E-01      0.175E-01      0.994E+08     -0.259E+00      0.563E+00
      0.275E-01      0.183E-01      0.174E-01      0.994E+08     -0.260E+00      0.565E+00
      0.290E-01      0.183E-01      0.175E-01      0.993E+08     -0.261E+00      0.568E+00
      0.300E-01      0.183E-01      0.175E-01      0.993E+08     -0.261E+00      0.569E+00
      0.310E-01      0.183E-01      0.175E-01      0.993E+08     -0.262E+00      0.571E+00
      0.320E-01      0.183E-01      0.175E-01      0.993E+08     -0.262E+00      0.572E+00
      0.330E-01      0.184E-01      0.176E-01      0.993E+08     -0.263E+00      0.574E+00
      0.340E-01      0.184E-01      0.176E-01      0.993E+08     -0.264E+00      0.576E+00
      0.350E-01      0.184E-01      0.176E-01      0.993E+08     -0.264E+00      0.577E+00
      0.360E-01      0.184E-01      0.176E-01      0.992E+08     -0.265E+00      0.579E+00
      0.370E-01      0.184E-01      0.177E-01      0.992E+08     -0.266E+00      0.580E+00
      0.380E-01      0.184E-01      0.177E-01      0.992E+08     -0.266E+00      0.582E+00
      0.390E-01      0.184E-01      0.177E-01      0.992E+08     -0.267E+00      0.583E+00
      0.400E-01      0.185E-01      0.177E-01      0.992E+08     -0.267E+00      0.585E+00
      0.425E-01      0.185E-01      0.178E-01      0.992E+08     -0.269E+00      0.589E+00
      0.450E-01      0.185E-01      0.179E-01      0.991E+08     -0.270E+00      0.594E+00
      0.475E-01      0.186E-01      0.179E-01      0.991E+08     -0.272E+00      0.598E+00
      0.500E-01      0.186E-01      0.180E-01      0.990E+08     -0.273E+00      0.602E+00
      0.525E-01      0.187E-01      0.181E-01      0.990E+08     -0.275E+00      0.607E+00
      0.550E-01      0.187E-01      0.181E-01      0.990E+08     -0.277E+00      0.611E+00
      0.571E-01      0.188E-01      0.182E-01      0.989E+08     -0.278E+00      0.615E+00
      0.640E-01      0.188E-01      0.184E-01      0.989E+08     -0.282E+00      0.626E+00
      0.719E-01      0.190E-01      0.186E-01      0.988E+08     -0.286E+00      0.641E+00
      0.806E-01      0.191E-01      0.189E-01      0.986E+08     -0.291E+00      0.657E+00
      0.905E-01      0.192E-01      0.192E-01      0.985E+08     -0.296E+00      0.674E+00
      0.102E+00      0.194E-01      0.196E-01      0.983E+08     -0.302E+00      0.695E+00
      0.114E+00      0.195E-01      0.201E-01      0.982E+08     -0.309E+00      0.719E+00
      0.128E+00      0.197E-01      0.206E-01      0.980E+08     -0.316E+00      0.747E+00
      0.143E+00      0.200E-01      0.213E-01      0.978E+08     -0.323E+00      0.777E+00
      0.161E+00      0.202E-01      0.218E-01      0.975E+08     -0.329E+00      0.797E+00
      0.181E+00      0.201E-01      0.216E-01      0.972E+08     -0.327E+00      0.780E+00
      0.203E+00      0.200E-01      0.214E-01      0.969E+08     -0.326E+00      0.760E+00
      0.227E+00      0.199E-01      0.213E-01      0.966E+08     -0.325E+00      0.743E+00
      0.255E+00      0.198E-01      0.209E-01      0.962E+08     -0.325E+00      0.728E+00
      0.286E+00      0.195E-01      0.204E-01      0.958E+08     -0.322E+00      0.703E+00
      0.321E+00      0.193E-01      0.197E-01      0.953E+08     -0.319E+00      0.678E+00
      0.360E+00      0.190E-01      0.191E-01      0.948E+08     -0.315E+00      0.658E+00
      0.404E+00      0.189E-01      0.188E-01      0.943E+08     -0.307E+00      0.641E+00
      0.453E+00      0.193E-01      0.189E-01      0.937E+08     -0.303E+00      0.626E+00
      0.509E+00      0.194E-01      0.187E-01      0.930E+08     -0.294E+00      0.601E+00
      0.571E+00      0.194E-01      0.187E-01      0.922E+08     -0.286E+00      0.601E+00
      0.641E+00      0.196E-01      0.193E-01      0.913E+08     -0.281E+00      0.639E+00
      0.719E+00      0.189E-01      0.182E-01      0.903E+08     -0.284E+00      0.675E+00
      0.806E+00      0.181E-01      0.166E-01      0.893E+08     -0.295E+00      0.682E+00
      0.905E+00      0.171E-01      0.154E-01      0.882E+08     -0.308E+00      0.709E+00
      0.102E+01      0.162E-01      0.154E-01      0.870E+08     -0.325E+00      0.769E+00
      0.114E+01      0.155E-01      0.160E-01      0.858E+08     -0.327E+00      0.799E+00
      0.128E+01      0.152E-01      0.148E-01      0.844E+08     -0.301E+00      0.750E+00
      0.143E+01      0.155E-01      0.149E-01      0.830E+08     -0.290E+00      0.782E+00
      0.161E+01      0.155E-01      0.142E-01      0.814E+08     -0.282E+00      0.657E+00
      0.168E+01      0.155E-01      0.142E-01      0.802E+08     -0.287E+00      0.698E+00
      0.170E+01      0.156E-01      0.143E-01      0.797E+08     -0.290E+00      0.716E+00
      0.180E+01      0.158E-01      0.150E-01      0.791E+08     -0.301E+00      0.795E+00
      0.190E+01      0.158E-01      0.139E-01      0.781E+08     -0.286E+00      0.637E+00
      0.200E+01      0.160E-01      0.138E-01      0.772E+08     -0.288E+00      0.565E+00
      0.210E+01      0.161E-01      0.149E-01      0.762E+08     -0.290E+00      0.590E+00
      0.220E+01      0.159E-01      0.146E-01      0.752E+08     -0.289E+00      0.578E+00
      0.230E+01      0.156E-01      0.136E-01      0.742E+08     -0.287E+00      0.538E+00
      0.240E+01      0.155E-01      0.133E-01      0.733E+08     -0.290E+00      0.540E+00
      0.250E+01      0.160E-01      0.134E-01      0.723E+08     -0.313E+00      0.559E+00
      0.260E+01      0.174E-01      0.153E-01      0.713E+08     -0.347E+00      0.615E+00
      0.275E+01      0.198E-01      0.201E-01      0.700E+08     -0.342E+00      0.697E+00
      0.300E+01      0.170E-01      0.146E-01      0.676E+08     -0.283E+00      0.485E+00
      0.325E+01      0.186E-01      0.155E-01      0.651E+08     -0.340E+00      0.567E+00
      0.350E+01      0.189E-01      0.155E-01      0.623E+08     -0.370E+00      0.605E+00
      0.375E+01      0.191E-01      0.154E-01      0.595E+08     -0.408E+00      0.647E+00
      0.400E+01      0.179E-01      0.143E-01      0.567E+08     -0.382E+00      0.564E+00
      0.425E+01      0.180E-01      0.148E-01      0.541E+08     -0.409E+00      0.659E+00
      0.450E+01      0.190E-01      0.156E-01      0.515E+08     -0.421E+00      0.656E+00
      0.475E+01      0.201E-01      0.160E-01      0.487E+08     -0.419E+00      0.632E+00
      0.500E+01      0.232E-01      0.183E-01      0.458E+08     -0.446E+00      0.680E+00
      0.525E+01      0.230E-01      0.167E-01      0.425E+08     -0.435E+00      0.547E+00
      0.550E+01      0.194E-01      0.147E-01      0.392E+08     -0.389E+00      0.536E+00
      0.575E+01      0.192E-01      0.150E-01      0.364E+08     -0.419E+00      0.607E+00
      0.600E+01      0.194E-01      0.143E-01      0.337E+08     -0.390E+00      0.521E+00
      0.625E+01      0.199E-01      0.149E-01      0.309E+08     -0.401E+00      0.545E+00
      0.650E+01      0.205E-01      0.154E-01      0.281E+08     -0.404E+00      0.526E+00
      0.675E+01      0.210E-01      0.152E-01      0.252E+08     -0.418E+00      0.538E+00
      0.700E+01      0.207E-01      0.147E-01      0.222E+08     -0.454E+00      0.561E+00
      0.725E+01      0.217E-01      0.167E-01      0.193E+08     -0.496E+00      0.698E+00
      0.750E+01      0.208E-01      0.153E-01      0.163E+08     -0.496E+00      0.613E+00
      0.775E+01      0.192E-01      0.136E-01      0.133E+08     -0.555E+00      0.645E+00
      0.800E+01      0.179E-01      0.118E-01      0.107E+08     -0.608E+00      0.645E+00
      0.825E+01      0.163E-01      0.128E-01      0.815E+07     -0.665E+00      0.810E+00
      0.850E+01      0.130E-01      0.123E-01      0.587E+07     -0.767E+00      0.108E+01
      0.875E+01      0.974E-02      0.870E-02      0.407E+07     -0.812E+00      0.104E+01
      0.900E+01      0.845E-02      0.927E-02      0.271E+07     -0.894E+00      0.136E+01
      0.925E+01      0.519E-02      0.616E-02      0.154E+07     -0.920E+00      0.149E+01
      0.950E+01      0.352E-02      0.549E-02      0.824E+06     -0.104E+01      0.219E+01
      0.975E+01      0.182E-02      0.330E-02      0.338E+06     -0.107E+01      0.257E+01
      0.100E+02      0.537E-03      0.144E-02      0.872E+05     -0.156E+01      0.560E+01
      0.102E+02      0.909E-04      0.342E-03      0.130E+05     -0.173E+01      0.859E+01
      0.105E+02      0.336E-05      0.226E-04      0.465E+03     -0.147E+01      0.140E+02
      0.108E+02      0.760E-15      0.107E-09      0.103E-06     -0.422E+01      0.839E+06
      0.110E+02      0.000E+00      0.000E+00      0.000E+00     -0.990E+02     -0.990E+02
      0.112E+02      0.000E+00      0.000E+00      0.000E+00     -0.990E+02     -0.990E+02
      0.115E+02      0.000E+00      0.000E+00      0.000E+00     -0.990E+02     -0.990E+02
      0.118E+02      0.000E+00      0.000E+00      0.000E+00     -0.990E+02     -0.990E+02
      0.120E+02      0.000E+00      0.000E+00      0.000E+00     -0.990E+02     -0.990E+02
      0.122E+02      0.000E+00      0.000E+00      0.000E+00     -0.990E+02     -0.990E+02
      0.125E+02      0.000E+00      0.000E+00      0.000E+00     -0.990E+02     -0.990E+02
      0.128E+02      0.000E+00      0.000E+00      0.000E+00     -0.990E+02     -0.990E+02
      0.130E+02      0.000E+00      0.000E+00      0.000E+00     -0.990E+02     -0.990E+02
      0.132E+02      0.000E+00      0.000E+00      0.000E+00     -0.990E+02     -0.990E+02
      0.135E+02      0.000E+00      0.000E+00      0.000E+00     -0.990E+02     -0.990E+02
      0.138E+02      0.000E+00      0.000E+00      0.000E+00     -0.990E+02     -0.990E+02
      0.140E+02      0.000E+00      0.000E+00      0.000E+00     -0.990E+02     -0.990E+02
      0.142E+02      0.000E+00      0.000E+00      0.000E+00     -0.990E+02     -0.990E+02
      0.145E+02      0.000E+00      0.000E+00      0.000E+00     -0.990E+02     -0.990E+02
      0.148E+02      0.000E+00      0.000E+00      0.000E+00     -0.990E+02     -0.990E+02
      0.150E+02      0.000E+00      0.000E+00      0.000E+00     -0.990E+02     -0.990E+02
      0.152E+02      0.000E+00      0.000E+00      0.000E+00     -0.990E+02     -0.990E+02
      0.155E+02      0.000E+00      0.000E+00      0.000E+00     -0.990E+02     -0.990E+02
      0.158E+02      0.000E+00      0.000E+00      0.000E+00     -0.990E+02     -0.990E+02
      0.160E+02      0.000E+00      0.000E+00      0.000E+00     -0.990E+02     -0.990E+02
      0.162E+02      0.000E+00      0.000E+00      0.000E+00     -0.990E+02     -0.990E+02
      0.165E+02      0.000E+00      0.000E+00      0.000E+00     -0.990E+02     -0.990E+02
      0.168E+02      0.000E+00      0.000E+00      0.000E+00     -0.990E+02     -0.990E+02
      0.170E+02      0.000E+00      0.000E+00      0.000E+00     -0.990E+02     -0.990E+02
      0.172E+02      0.000E+00      0.000E+00      0.000E+00     -0.990E+02     -0.990E+02
      0.175E+02      0.000E+00      0.000E+00      0.000E+00     -0.990E+02     -0.990E+02
      0.178E+02      0.000E+00      0.000E+00      0.000E+00     -0.990E+02     -0.990E+02
      0.180E+02      0.000E+00      0.000E+00      0.000E+00     -0.990E+02     -0.990E+02
      0.182E+02      0.000E+00      0.000E+00      0.000E+00     -0.990E+02     -0.990E+02
      0.185E+02      0.000E+00      0.000E+00      0.000E+00     -0.990E+02     -0.990E+02
      0.188E+02      0.000E+00      0.000E+00      0.000E+00     -0.990E+02     -0.990E+02
      0.190E+02      0.000E+00      0.000E+00      0.000E+00     -0.990E+02     -0.990E+02
      0.192E+02      0.000E+00      0.000E+00      0.000E+00     -0.990E+02     -0.990E+02
      0.195E+02      0.000E+00      0.000E+00      0.000E+00     -0.990E+02     -0.990E+02
      0.198E+02      0.000E+00      0.000E+00      0.000E+00     -0.990E+02     -0.990E+02
      0.200E+02      0.000E+00      0.000E+00      0.000E+00     -0.990E+02     -0.990E+02
