      0.000E+00      0.813E+01      0.493E+00      0.128E+10     -0.990E+02     -0.990E+02
      0.100E-03      0.813E+01      0.493E+00      0.128E+10     -0.990E+02     -0.990E+02
      0.140E-03      0.813E+01      0.493E+00      0.128E+10     -0.990E+02     -0.990E+02
      0.160E-03      0.813E+01      0.493E+00      0.128E+10     -0.990E+02     -0.990E+02
      0.180E-03      0.813E+01      0.493E+00      0.128E+10     -0.990E+02     -0.990E+02
      0.200E-03      0.813E+01      0.493E+00      0.128E+10     -0.990E+02     -0.990E+02
      0.220E-03      0.813E+01      0.493E+00      0.128E+10     -0.990E+02     -0.990E+02
      0.250E-03      0.813E+01      0.493E+00      0.128E+10     -0.990E+02     -0.990E+02
      0.280E-03      0.813E+01      0.493E+00      0.128E+10     -0.990E+02     -0.990E+02
      0.320E-03      0.813E+01      0.493E+00      0.128E+10     -0.990E+02     -0.990E+02
      0.350E-03      0.813E+01      0.493E+00      0.128E+10     -0.990E+02     -0.990E+02
      0.400E-03      0.813E+01      0.493E+00      0.128E+10     -0.990E+02     -0.990E+02
      0.450E-03      0.813E+01      0.493E+00      0.128E+10     -0.990E+02     -0.990E+02
      0.500E-03      0.813E+01      0.493E+00      0.128E+10     -0.990E+02     -0.990E+02
      0.560E-03      0.813E+01      0.493E+00      0.128E+10     -0.990E+02     -0.990E+02
      0.630E-03      0.813E+01      0.493E+00      0.128E+10     -0.990E+02     -0.990E+02
      0.710E-03      0.813E+01      0.493E+00      0.128E+10     -0.990E+02     -0.990E+02
      0.790E-03      0.813E+01      0.493E+00      0.128E+10     -0.990E+02     -0.990E+02
      0.890E-03      0.813E+01      0.493E+00      0.128E+10     -0.990E+02     -0.990E+02
      0.100E-02      0.813E+01      0.493E+00      0.128E+10     -0.990E+02     -0.990E+02
      0.105E-02      0.813E+01      0.493E+00      0.128E+10     -0.990E+02     -0.990E+02
      0.110E-02      0.813E+01      0.493E+00      0.128E+10     -0.990E+02     -0.990E+02
      0.115E-02      0.813E+01      0.493E+00      0.128E+10     -0.990E+02     -0.990E+02
      0.120E-02      0.813E+01      0.493E+00      0.128E+10     -0.990E+02     -0.990E+02
      0.126E-02      0.813E+01      0.493E+00      0.128E+10     -0.990E+02     -0.990E+02
      0.132E-02      0.813E+01      0.493E+00      0.128E+10     -0.990E+02     -0.990E+02
      0.138E-02      0.813E+01      0.493E+00      0.128E+10     -0.990E+02     -0.990E+02
      0.145E-02      0.813E+01      0.493E+00      0.128E+10     -0.990E+02     -0.990E+02
      0.151E-02      0.813E+01      0.493E+00      0.128E+10     -0.990E+02     -0.990E+02
      0.158E-02      0.813E+01      0.493E+00      0.128E+10     -0.990E+02     -0.990E+02
      0.166E-02      0.813E+01      0.493E+00      0.128E+10     -0.990E+02     -0.990E+02
      0.174E-02      0.813E+01      0.493E+00      0.128E+10     -0.990E+02     -0.990E+02
      0.182E-02      0.813E+01      0.493E+00      0.128E+10     -0.990E+02     -0.990E+02
      0.191E-02      0.813E+01      0.493E+00      0.128E+10     -0.990E+02     -0.990E+02
      0.200E-02      0.813E+01      0.493E+00      0.128E+10     -0.990E+02     -0.990E+02
      0.209E-02      0.813E+01      0.493E+00      0.128E+10     -0.990E+02     -0.990E+02
      0.219E-02      0.813E+01      0.493E+00      0.128E+10     -0.990E+02     -0.990E+02
      0.229E-02      0.813E+01      0.493E+00      0.128E+10     -0.990E+02     -0.990E+02
      0.240E-02      0.813E+01      0.493E+00      0.128E+10     -0.990E+02     -0.990E+02
      0.251E-02      0.813E+01      0.493E+00      0.128E+10     -0.990E+02     -0.990E+02
      0.263E-02      0.813E+01      0.493E+00      0.128E+10     -0.990E+02     -0.990E+02
      0.275E-02      0.813E+01      0.493E+00      0.128E+10     -0.990E+02     -0.990E+02
      0.288E-02      0.813E+01      0.493E+00      0.128E+10     -0.990E+02     -0.990E+02
      0.302E-02      0.813E+01      0.493E+00      0.128E+10     -0.990E+02     -0.990E+02
      0.316E-02      0.813E+01      0.493E+00      0.128E+10     -0.990E+02     -0.990E+02
      0.331E-02      0.813E+01      0.493E+00      0.128E+10     -0.990E+02     -0.990E+02
      0.347E-02      0.813E+01      0.493E+00      0.128E+10     -0.990E+02     -0.990E+02
      0.363E-02      0.813E+01      0.493E+00      0.128E+10     -0.990E+02     -0.990E+02
      0.380E-02      0.813E+01      0.493E+00      0.128E+10     -0.990E+02     -0.990E+02
      0.398E-02      0.813E+01      0.493E+00      0.128E+10     -0.990E+02     -0.990E+02
      0.417E-02      0.813E+01      0.493E+00      0.128E+10     -0.990E+02     -0.990E+02
      0.437E-02      0.813E+01      0.493E+00      0.128E+10     -0.990E+02     -0.990E+02
      0.457E-02      0.813E+01      0.493E+00      0.128E+10     -0.990E+02     -0.990E+02
      0.479E-02      0.813E+01      0.493E+00      0.128E+10     -0.990E+02     -0.990E+02
      0.501E-02      0.813E+01      0.493E+00      0.128E+10     -0.990E+02     -0.990E+02
      0.525E-02      0.813E+01      0.493E+00      0.128E+10     -0.990E+02     -0.990E+02
      0.550E-02      0.813E+01      0.493E+00      0.128E+10     -0.990E+02     -0.990E+02
      0.575E-02      0.813E+01      0.493E+00      0.128E+10     -0.990E+02     -0.990E+02
      0.603E-02      0.813E+01      0.493E+00      0.128E+10     -0.990E+02     -0.990E+02
      0.631E-02      0.813E+01      0.493E+00      0.128E+10     -0.990E+02     -0.990E+02
      0.661E-02      0.813E+01      0.493E+00      0.128E+10     -0.990E+02     -0.990E+02
      0.692E-02      0.813E+01      0.493E+00      0.128E+10     -0.990E+02     -0.990E+02
      0.724E-02      0.813E+01      0.493E+00      0.128E+10     -0.990E+02     -0.990E+02
      0.759E-02      0.813E+01      0.493E+00      0.128E+10     -0.990E+02     -0.990E+02
      0.794E-02      0.813E+01      0.493E+00      0.128E+10     -0.990E+02     -0.990E+02
      0.832E-02      0.813E+01      0.493E+00      0.128E+10     -0.990E+02     -0.990E+02
      0.871E-02      0.813E+01      0.493E+00      0.128E+10     -0.990E+02     -0.990E+02
      0.912E-02      0.813E+01      0.493E+00      0.128E+10     -0.990E+02     -0.990E+02
      0.955E-02      0.813E+01      0.493E+00      0.128E+10     -0.990E+02     -0.990E+02
      0.100E-01      0.813E+01      0.493E+00      0.128E+10     -0.113E+00      0.601E-01
      0.105E-01      0.553E+01      0.151E+01      0.120E+10     -0.113E+00      0.602E-01
      0.110E-01      0.550E+01      0.150E+01      0.120E+10     -0.113E+00      0.602E-01
      0.115E-01      0.548E+01      0.149E+01      0.120E+10     -0.113E+00      0.602E-01
      0.120E-01      0.547E+01      0.149E+01      0.119E+10     -0.114E+00      0.602E-01
      0.126E-01      0.548E+01      0.149E+01      0.119E+10     -0.114E+00      0.603E-01
      0.132E-01      0.551E+01      0.149E+01      0.119E+10     -0.114E+00      0.602E-01
      0.138E-01      0.549E+01      0.149E+01      0.119E+10     -0.115E+00      0.603E-01
      0.144E-01      0.544E+01      0.147E+01      0.118E+10     -0.115E+00      0.603E-01
      0.151E-01      0.545E+01      0.147E+01      0.118E+10     -0.115E+00      0.604E-01
      0.159E-01      0.547E+01      0.147E+01      0.118E+10     -0.116E+00      0.604E-01
      0.166E-01      0.546E+01      0.147E+01      0.117E+10     -0.116E+00      0.604E-01
      0.174E-01      0.546E+01      0.147E+01      0.117E+10     -0.117E+00      0.605E-01
      0.182E-01      0.549E+01      0.147E+01      0.117E+10     -0.117E+00      0.606E-01
      0.191E-01      0.548E+01      0.146E+01      0.116E+10     -0.117E+00      0.605E-01
      0.200E-01      0.545E+01      0.145E+01      0.116E+10     -0.118E+00      0.606E-01
      0.209E-01      0.543E+01      0.145E+01      0.115E+10     -0.118E+00      0.607E-01
      0.219E-01      0.543E+01      0.144E+01      0.115E+10     -0.119E+00      0.607E-01
      0.229E-01      0.544E+01      0.144E+01      0.114E+10     -0.120E+00      0.609E-01
      0.240E-01      0.543E+01      0.143E+01      0.114E+10     -0.120E+00      0.609E-01
      0.251E-01      0.543E+01      0.143E+01      0.113E+10     -0.121E+00      0.610E-01
      0.263E-01      0.542E+01      0.142E+01      0.113E+10     -0.121E+00      0.611E-01
      0.275E-01      0.540E+01      0.141E+01      0.112E+10     -0.122E+00      0.612E-01
      0.290E-01      0.540E+01      0.141E+01      0.112E+10     -0.123E+00      0.613E-01
      0.300E-01      0.540E+01      0.140E+01      0.111E+10     -0.123E+00      0.614E-01
      0.310E-01      0.539E+01      0.140E+01      0.111E+10     -0.124E+00      0.616E-01
      0.320E-01      0.539E+01      0.139E+01      0.110E+10     -0.125E+00      0.615E-01
      0.330E-01      0.539E+01      0.139E+01      0.110E+10     -0.125E+00      0.617E-01
      0.340E-01      0.538E+01      0.138E+01      0.109E+10     -0.126E+00      0.618E-01
      0.350E-01      0.537E+01      0.138E+01      0.109E+10     -0.126E+00      0.618E-01
      0.360E-01      0.537E+01      0.137E+01      0.109E+10     -0.127E+00      0.620E-01
      0.370E-01      0.537E+01      0.137E+01      0.108E+10     -0.127E+00      0.621E-01
      0.380E-01      0.536E+01      0.137E+01      0.108E+10     -0.128E+00      0.622E-01
      0.390E-01      0.536E+01      0.136E+01      0.107E+10     -0.128E+00      0.622E-01
      0.400E-01      0.535E+01      0.136E+01      0.107E+10     -0.129E+00      0.624E-01
      0.425E-01      0.534E+01      0.135E+01      0.106E+10     -0.130E+00      0.626E-01
      0.450E-01      0.532E+01      0.134E+01      0.105E+10     -0.132E+00      0.630E-01
      0.475E-01      0.531E+01      0.133E+01      0.104E+10     -0.133E+00      0.633E-01
      0.500E-01      0.530E+01      0.132E+01      0.103E+10     -0.135E+00      0.636E-01
      0.525E-01      0.529E+01      0.130E+01      0.102E+10     -0.136E+00      0.638E-01
      0.550E-01      0.527E+01      0.129E+01      0.101E+10     -0.138E+00      0.641E-01
      0.571E-01      0.527E+01      0.129E+01      0.998E+09     -0.140E+00      0.644E-01
      0.640E-01      0.524E+01      0.126E+01      0.979E+09     -0.144E+00      0.653E-01
      0.719E-01      0.521E+01      0.123E+01      0.948E+09     -0.150E+00      0.664E-01
      0.806E-01      0.517E+01      0.121E+01      0.915E+09     -0.156E+00      0.680E-01
      0.905E-01      0.513E+01      0.118E+01      0.877E+09     -0.163E+00      0.700E-01
      0.102E+00      0.509E+01      0.116E+01      0.836E+09     -0.171E+00      0.726E-01
      0.114E+00      0.504E+01      0.115E+01      0.791E+09     -0.180E+00      0.761E-01
      0.128E+00      0.497E+01      0.114E+01      0.740E+09     -0.191E+00      0.804E-01
      0.143E+00      0.490E+01      0.114E+01      0.685E+09     -0.205E+00      0.857E-01
      0.161E+00      0.479E+01      0.113E+01      0.624E+09     -0.219E+00      0.901E-01
      0.181E+00      0.461E+01      0.111E+01      0.558E+09     -0.233E+00      0.933E-01
      0.203E+00      0.426E+01      0.998E+00      0.488E+09     -0.244E+00      0.939E-01
      0.227E+00      0.389E+01      0.884E+00      0.415E+09     -0.258E+00      0.966E-01
      0.255E+00      0.346E+01      0.770E+00      0.341E+09     -0.278E+00      0.104E+00
      0.286E+00      0.299E+01      0.668E+00      0.268E+09     -0.308E+00      0.121E+00
      0.321E+00      0.243E+01      0.566E+00      0.197E+09     -0.348E+00      0.143E+00
      0.360E+00      0.177E+01      0.476E+00      0.134E+09     -0.418E+00      0.189E+00
      0.404E+00      0.104E+01      0.423E+00      0.823E+08     -0.568E+00      0.329E+00
      0.453E+00      0.595E+00      0.319E+00      0.487E+08     -0.748E+00      0.506E+00
      0.509E+00      0.396E+00      0.203E+00      0.273E+08     -0.768E+00      0.488E+00
      0.571E+00      0.205E+00      0.106E+00      0.115E+08     -0.773E+00      0.490E+00
      0.641E+00      0.485E-01      0.249E-01      0.241E+07     -0.775E+00      0.506E+00
      0.719E+00      0.238E-04      0.335E-02      0.119E+05     -0.110E+01      0.221E+03
      0.806E+00      0.234E-04      0.323E-02      0.106E+05     -0.113E+01      0.222E+03
      0.905E+00      0.233E-04      0.319E-02      0.913E+04     -0.118E+01      0.230E+03
      0.102E+01      0.231E-04      0.318E-02      0.755E+04     -0.124E+01      0.240E+03
      0.114E+01      0.224E-04      0.280E-02      0.581E+04     -0.131E+01      0.224E+03
      0.128E+01      0.198E-04      0.234E-02      0.393E+04     -0.144E+01      0.226E+03
      0.143E+01      0.124E-04      0.147E-02      0.208E+04     -0.187E+01      0.300E+03
      0.161E+01      0.575E-05      0.890E-03      0.795E+03     -0.208E+01      0.415E+03
      0.168E+01      0.339E-05      0.676E-03      0.358E+03     -0.191E+01      0.474E+03
      0.170E+01      0.273E-05      0.638E-03      0.263E+03     -0.181E+01      0.529E+03
      0.180E+01      0.123E-05      0.483E-03      0.162E+03     -0.138E+01      0.742E+03
      0.190E+01      0.783E-06      0.312E-03      0.865E+02     -0.133E+01      0.709E+03
      0.200E+01      0.379E-06      0.191E-03      0.388E+02     -0.122E+01      0.820E+03
      0.210E+01      0.214E-06      0.108E-03      0.158E+02     -0.122E+01      0.820E+03
      0.220E+01      0.485E-07      0.244E-04      0.292E+01     -0.122E+01      0.820E+03
      0.230E+01      0.000E+00      0.000E+00      0.000E+00     -0.990E+02     -0.990E+02
      0.240E+01      0.000E+00      0.000E+00      0.000E+00     -0.990E+02     -0.990E+02
      0.250E+01      0.000E+00      0.000E+00      0.000E+00     -0.990E+02     -0.990E+02
      0.260E+01      0.000E+00      0.000E+00      0.000E+00     -0.990E+02     -0.990E+02
      0.275E+01      0.000E+00      0.000E+00      0.000E+00     -0.990E+02     -0.990E+02
      0.300E+01      0.000E+00      0.000E+00      0.000E+00     -0.990E+02     -0.990E+02
      0.325E+01      0.000E+00      0.000E+00      0.000E+00     -0.990E+02     -0.990E+02
      0.350E+01      0.000E+00      0.000E+00      0.000E+00     -0.990E+02     -0.990E+02
      0.375E+01      0.000E+00      0.000E+00      0.000E+00     -0.990E+02     -0.990E+02
      0.400E+01      0.000E+00      0.000E+00      0.000E+00     -0.990E+02     -0.990E+02
      0.425E+01      0.000E+00      0.000E+00      0.000E+00     -0.990E+02     -0.990E+02
      0.450E+01      0.000E+00      0.000E+00      0.000E+00     -0.990E+02     -0.990E+02
      0.475E+01      0.000E+00      0.000E+00      0.000E+00     -0.990E+02     -0.990E+02
      0.500E+01      0.000E+00      0.000E+00      0.000E+00     -0.990E+02     -0.990E+02
      0.525E+01      0.000E+00      0.000E+00      0.000E+00     -0.990E+02     -0.990E+02
      0.550E+01      0.000E+00      0.000E+00      0.000E+00     -0.990E+02     -0.990E+02
      0.575E+01      0.000E+00      0.000E+00      0.000E+00     -0.990E+02     -0.990E+02
      0.600E+01      0.000E+00      0.000E+00      0.000E+00     -0.990E+02     -0.990E+02
      0.625E+01      0.000E+00      0.000E+00      0.000E+00     -0.990E+02     -0.990E+02
      0.650E+01      0.000E+00      0.000E+00      0.000E+00     -0.990E+02     -0.990E+02
      0.675E+01      0.000E+00      0.000E+00      0.000E+00     -0.990E+02     -0.990E+02
      0.700E+01      0.000E+00      0.000E+00      0.000E+00     -0.990E+02     -0.990E+02
      0.725E+01      0.000E+00      0.000E+00      0.000E+00     -0.990E+02     -0.990E+02
      0.750E+01      0.000E+00      0.000E+00      0.000E+00     -0.990E+02     -0.990E+02
      0.775E+01      0.000E+00      0.000E+00      0.000E+00     -0.990E+02     -0.990E+02
      0.800E+01      0.000E+00      0.000E+00      0.000E+00     -0.990E+02     -0.990E+02
      0.825E+01      0.000E+00      0.000E+00      0.000E+00     -0.990E+02     -0.990E+02
      0.850E+01      0.000E+00      0.000E+00      0.000E+00     -0.990E+02     -0.990E+02
      0.875E+01      0.000E+00      0.000E+00      0.000E+00     -0.990E+02     -0.990E+02
      0.900E+01      0.000E+00      0.000E+00      0.000E+00     -0.990E+02     -0.990E+02
      0.925E+01      0.000E+00      0.000E+00      0.000E+00     -0.990E+02     -0.990E+02
      0.950E+01      0.000E+00      0.000E+00      0.000E+00     -0.990E+02     -0.990E+02
      0.975E+01      0.000E+00      0.000E+00      0.000E+00     -0.990E+02     -0.990E+02
      0.100E+02      0.000E+00      0.000E+00      0.000E+00     -0.990E+02     -0.990E+02
      0.102E+02      0.000E+00      0.000E+00      0.000E+00     -0.990E+02     -0.990E+02
      0.105E+02      0.000E+00      0.000E+00      0.000E+00     -0.990E+02     -0.990E+02
      0.108E+02      0.000E+00      0.000E+00      0.000E+00     -0.990E+02     -0.990E+02
      0.110E+02      0.000E+00      0.000E+00      0.000E+00     -0.990E+02     -0.990E+02
      0.112E+02      0.000E+00      0.000E+00      0.000E+00     -0.990E+02     -0.990E+02
      0.115E+02      0.000E+00      0.000E+00      0.000E+00     -0.990E+02     -0.990E+02
      0.118E+02      0.000E+00      0.000E+00      0.000E+00     -0.990E+02     -0.990E+02
      0.120E+02      0.000E+00      0.000E+00      0.000E+00     -0.990E+02     -0.990E+02
      0.122E+02      0.000E+00      0.000E+00      0.000E+00     -0.990E+02     -0.990E+02
      0.125E+02      0.000E+00      0.000E+00      0.000E+00     -0.990E+02     -0.990E+02
      0.128E+02      0.000E+00      0.000E+00      0.000E+00     -0.990E+02     -0.990E+02
      0.130E+02      0.000E+00      0.000E+00      0.000E+00     -0.990E+02     -0.990E+02
      0.132E+02      0.000E+00      0.000E+00      0.000E+00     -0.990E+02     -0.990E+02
      0.135E+02      0.000E+00      0.000E+00      0.000E+00     -0.990E+02     -0.990E+02
      0.138E+02      0.000E+00      0.000E+00      0.000E+00     -0.990E+02     -0.990E+02
      0.140E+02      0.000E+00      0.000E+00      0.000E+00     -0.990E+02     -0.990E+02
      0.142E+02      0.000E+00      0.000E+00      0.000E+00     -0.990E+02     -0.990E+02
      0.145E+02      0.000E+00      0.000E+00      0.000E+00     -0.990E+02     -0.990E+02
      0.148E+02      0.000E+00      0.000E+00      0.000E+00     -0.990E+02     -0.990E+02
      0.150E+02      0.000E+00      0.000E+00      0.000E+00     -0.990E+02     -0.990E+02
      0.152E+02      0.000E+00      0.000E+00      0.000E+00     -0.990E+02     -0.990E+02
      0.155E+02      0.000E+00      0.000E+00      0.000E+00     -0.990E+02     -0.990E+02
      0.158E+02      0.000E+00      0.000E+00      0.000E+00     -0.990E+02     -0.990E+02
      0.160E+02      0.000E+00      0.000E+00      0.000E+00     -0.990E+02     -0.990E+02
      0.162E+02      0.000E+00      0.000E+00      0.000E+00     -0.990E+02     -0.990E+02
      0.165E+02      0.000E+00      0.000E+00      0.000E+00     -0.990E+02     -0.990E+02
      0.168E+02      0.000E+00      0.000E+00      0.000E+00     -0.990E+02     -0.990E+02
      0.170E+02      0.000E+00      0.000E+00      0.000E+00     -0.990E+02     -0.990E+02
      0.172E+02      0.000E+00      0.000E+00      0.000E+00     -0.990E+02     -0.990E+02
      0.175E+02      0.000E+00      0.000E+00      0.000E+00     -0.990E+02     -0.990E+02
      0.178E+02      0.000E+00      0.000E+00      0.000E+00     -0.990E+02     -0.990E+02
      0.180E+02      0.000E+00      0.000E+00      0.000E+00     -0.990E+02     -0.990E+02
      0.182E+02      0.000E+00      0.000E+00      0.000E+00     -0.990E+02     -0.990E+02
      0.185E+02      0.000E+00      0.000E+00      0.000E+00     -0.990E+02     -0.990E+02
      0.188E+02      0.000E+00      0.000E+00      0.000E+00     -0.990E+02     -0.990E+02
      0.190E+02      0.000E+00      0.000E+00      0.000E+00     -0.990E+02     -0.990E+02
      0.192E+02      0.000E+00      0.000E+00      0.000E+00     -0.990E+02     -0.990E+02
      0.195E+02      0.000E+00      0.000E+00      0.000E+00     -0.990E+02     -0.990E+02
      0.198E+02      0.000E+00      0.000E+00      0.000E+00     -0.990E+02     -0.990E+02
      0.200E+02      0.000E+00      0.000E+00      0.000E+00     -0.990E+02     -0.990E+02
