      0.000E+00      0.111E+01      0.250E+00      0.123E+09     -0.990E+02     -0.990E+02
      0.100E-03      0.111E+01      0.250E+00      0.123E+09     -0.990E+02     -0.990E+02
      0.140E-03      0.111E+01      0.250E+00      0.123E+09     -0.990E+02     -0.990E+02
      0.160E-03      0.111E+01      0.250E+00      0.123E+09     -0.990E+02     -0.990E+02
      0.180E-03      0.111E+01      0.250E+00      0.123E+09     -0.990E+02     -0.990E+02
      0.200E-03      0.111E+01      0.250E+00      0.123E+09     -0.990E+02     -0.990E+02
      0.220E-03      0.111E+01      0.250E+00      0.123E+09     -0.990E+02     -0.990E+02
      0.250E-03      0.111E+01      0.250E+00      0.123E+09     -0.990E+02     -0.990E+02
      0.280E-03      0.111E+01      0.250E+00      0.123E+09     -0.990E+02     -0.990E+02
      0.320E-03      0.111E+01      0.250E+00      0.123E+09     -0.990E+02     -0.990E+02
      0.350E-03      0.111E+01      0.250E+00      0.123E+09     -0.990E+02     -0.990E+02
      0.400E-03      0.111E+01      0.250E+00      0.123E+09     -0.990E+02     -0.990E+02
      0.450E-03      0.111E+01      0.250E+00      0.123E+09     -0.990E+02     -0.990E+02
      0.500E-03      0.111E+01      0.250E+00      0.123E+09     -0.990E+02     -0.990E+02
      0.560E-03      0.111E+01      0.250E+00      0.123E+09     -0.990E+02     -0.990E+02
      0.630E-03      0.111E+01      0.250E+00      0.123E+09     -0.990E+02     -0.990E+02
      0.710E-03      0.111E+01      0.250E+00      0.123E+09     -0.990E+02     -0.990E+02
      0.790E-03      0.111E+01      0.250E+00      0.123E+09     -0.990E+02     -0.990E+02
      0.890E-03      0.111E+01      0.250E+00      0.123E+09     -0.990E+02     -0.990E+02
      0.100E-02      0.111E+01      0.250E+00      0.123E+09     -0.990E+02     -0.990E+02
      0.105E-02      0.111E+01      0.250E+00      0.123E+09     -0.990E+02     -0.990E+02
      0.110E-02      0.111E+01      0.250E+00      0.123E+09     -0.990E+02     -0.990E+02
      0.115E-02      0.111E+01      0.250E+00      0.123E+09     -0.990E+02     -0.990E+02
      0.120E-02      0.111E+01      0.250E+00      0.123E+09     -0.990E+02     -0.990E+02
      0.126E-02      0.111E+01      0.250E+00      0.123E+09     -0.990E+02     -0.990E+02
      0.132E-02      0.111E+01      0.250E+00      0.123E+09     -0.990E+02     -0.990E+02
      0.138E-02      0.111E+01      0.250E+00      0.123E+09     -0.990E+02     -0.990E+02
      0.145E-02      0.111E+01      0.250E+00      0.123E+09     -0.990E+02     -0.990E+02
      0.151E-02      0.111E+01      0.250E+00      0.123E+09     -0.990E+02     -0.990E+02
      0.158E-02      0.111E+01      0.250E+00      0.123E+09     -0.990E+02     -0.990E+02
      0.166E-02      0.111E+01      0.250E+00      0.123E+09     -0.990E+02     -0.990E+02
      0.174E-02      0.111E+01      0.250E+00      0.123E+09     -0.990E+02     -0.990E+02
      0.182E-02      0.111E+01      0.250E+00      0.123E+09     -0.990E+02     -0.990E+02
      0.191E-02      0.111E+01      0.250E+00      0.123E+09     -0.990E+02     -0.990E+02
      0.200E-02      0.111E+01      0.250E+00      0.123E+09     -0.990E+02     -0.990E+02
      0.209E-02      0.111E+01      0.250E+00      0.123E+09     -0.990E+02     -0.990E+02
      0.219E-02      0.111E+01      0.250E+00      0.123E+09     -0.990E+02     -0.990E+02
      0.229E-02      0.111E+01      0.250E+00      0.123E+09     -0.990E+02     -0.990E+02
      0.240E-02      0.111E+01      0.250E+00      0.123E+09     -0.990E+02     -0.990E+02
      0.251E-02      0.111E+01      0.250E+00      0.123E+09     -0.990E+02     -0.990E+02
      0.263E-02      0.111E+01      0.250E+00      0.123E+09     -0.990E+02     -0.990E+02
      0.275E-02      0.111E+01      0.250E+00      0.123E+09     -0.990E+02     -0.990E+02
      0.288E-02      0.111E+01      0.250E+00      0.123E+09     -0.990E+02     -0.990E+02
      0.302E-02      0.111E+01      0.250E+00      0.123E+09     -0.990E+02     -0.990E+02
      0.316E-02      0.111E+01      0.250E+00      0.123E+09     -0.990E+02     -0.990E+02
      0.331E-02      0.111E+01      0.250E+00      0.123E+09     -0.990E+02     -0.990E+02
      0.347E-02      0.111E+01      0.250E+00      0.123E+09     -0.990E+02     -0.990E+02
      0.363E-02      0.111E+01      0.250E+00      0.123E+09     -0.990E+02     -0.990E+02
      0.380E-02      0.111E+01      0.250E+00      0.123E+09     -0.990E+02     -0.990E+02
      0.398E-02      0.111E+01      0.250E+00      0.123E+09     -0.990E+02     -0.990E+02
      0.417E-02      0.111E+01      0.250E+00      0.123E+09     -0.990E+02     -0.990E+02
      0.437E-02      0.111E+01      0.250E+00      0.123E+09     -0.990E+02     -0.990E+02
      0.457E-02      0.111E+01      0.250E+00      0.123E+09     -0.990E+02     -0.990E+02
      0.479E-02      0.111E+01      0.250E+00      0.123E+09     -0.990E+02     -0.990E+02
      0.501E-02      0.111E+01      0.250E+00      0.123E+09     -0.990E+02     -0.990E+02
      0.525E-02      0.111E+01      0.250E+00      0.123E+09     -0.990E+02     -0.990E+02
      0.550E-02      0.111E+01      0.250E+00      0.123E+09     -0.990E+02     -0.990E+02
      0.575E-02      0.111E+01      0.250E+00      0.123E+09     -0.990E+02     -0.990E+02
      0.603E-02      0.111E+01      0.250E+00      0.123E+09     -0.990E+02     -0.990E+02
      0.631E-02      0.111E+01      0.250E+00      0.123E+09     -0.990E+02     -0.990E+02
      0.661E-02      0.111E+01      0.250E+00      0.123E+09     -0.990E+02     -0.990E+02
      0.692E-02      0.111E+01      0.250E+00      0.123E+09     -0.990E+02     -0.990E+02
      0.724E-02      0.111E+01      0.250E+00      0.123E+09     -0.990E+02     -0.990E+02
      0.759E-02      0.111E+01      0.250E+00      0.123E+09     -0.990E+02     -0.990E+02
      0.794E-02      0.111E+01      0.250E+00      0.123E+09     -0.990E+02     -0.990E+02
      0.832E-02      0.111E+01      0.250E+00      0.123E+09     -0.990E+02     -0.990E+02
      0.871E-02      0.111E+01      0.250E+00      0.123E+09     -0.990E+02     -0.990E+02
      0.912E-02      0.111E+01      0.250E+00      0.123E+09     -0.990E+02     -0.990E+02
      0.955E-02      0.111E+01      0.250E+00      0.123E+09     -0.990E+02     -0.990E+02
      0.100E-01      0.111E+01      0.250E+00      0.123E+09     -0.396E+00      0.588E+00
      0.105E-01      0.777E-01      0.595E-01      0.112E+09     -0.396E+00      0.588E+00
      0.110E-01      0.774E-01      0.593E-01      0.112E+09     -0.397E+00      0.588E+00
      0.115E-01      0.772E-01      0.591E-01      0.112E+09     -0.397E+00      0.588E+00
      0.120E-01      0.772E-01      0.591E-01      0.112E+09     -0.397E+00      0.588E+00
      0.126E-01      0.773E-01      0.592E-01      0.112E+09     -0.397E+00      0.588E+00
      0.132E-01      0.777E-01      0.595E-01      0.112E+09     -0.397E+00      0.588E+00
      0.138E-01      0.775E-01      0.594E-01      0.112E+09     -0.397E+00      0.588E+00
      0.144E-01      0.770E-01      0.590E-01      0.112E+09     -0.397E+00      0.588E+00
      0.151E-01      0.772E-01      0.591E-01      0.112E+09     -0.397E+00      0.587E+00
      0.159E-01      0.775E-01      0.594E-01      0.112E+09     -0.397E+00      0.588E+00
      0.166E-01      0.775E-01      0.594E-01      0.112E+09     -0.397E+00      0.588E+00
      0.174E-01      0.776E-01      0.595E-01      0.112E+09     -0.397E+00      0.588E+00
      0.182E-01      0.779E-01      0.597E-01      0.112E+09     -0.398E+00      0.588E+00
      0.191E-01      0.778E-01      0.596E-01      0.112E+09     -0.398E+00      0.588E+00
      0.200E-01      0.775E-01      0.594E-01      0.111E+09     -0.398E+00      0.588E+00
      0.209E-01      0.774E-01      0.593E-01      0.111E+09     -0.398E+00      0.587E+00
      0.219E-01      0.775E-01      0.594E-01      0.111E+09     -0.398E+00      0.587E+00
      0.229E-01      0.777E-01      0.596E-01      0.111E+09     -0.398E+00      0.588E+00
      0.240E-01      0.777E-01      0.596E-01      0.111E+09     -0.398E+00      0.587E+00
      0.251E-01      0.779E-01      0.597E-01      0.111E+09     -0.399E+00      0.588E+00
      0.263E-01      0.779E-01      0.597E-01      0.111E+09     -0.399E+00      0.587E+00
      0.275E-01      0.778E-01      0.596E-01      0.111E+09     -0.399E+00      0.587E+00
      0.290E-01      0.778E-01      0.597E-01      0.111E+09     -0.399E+00      0.587E+00
      0.300E-01      0.779E-01      0.598E-01      0.111E+09     -0.399E+00      0.587E+00
      0.310E-01      0.779E-01      0.598E-01      0.111E+09     -0.399E+00      0.587E+00
      0.320E-01      0.780E-01      0.598E-01      0.111E+09     -0.400E+00      0.588E+00
      0.330E-01      0.780E-01      0.598E-01      0.111E+09     -0.400E+00      0.588E+00
      0.340E-01      0.780E-01      0.599E-01      0.111E+09     -0.400E+00      0.588E+00
      0.350E-01      0.780E-01      0.599E-01      0.110E+09     -0.400E+00      0.588E+00
      0.360E-01      0.781E-01      0.600E-01      0.110E+09     -0.400E+00      0.588E+00
      0.370E-01      0.781E-01      0.600E-01      0.110E+09     -0.400E+00      0.588E+00
      0.380E-01      0.781E-01      0.600E-01      0.110E+09     -0.401E+00      0.588E+00
      0.390E-01      0.782E-01      0.600E-01      0.110E+09     -0.401E+00      0.589E+00
      0.400E-01      0.782E-01      0.601E-01      0.110E+09     -0.401E+00      0.589E+00
      0.425E-01      0.783E-01      0.602E-01      0.110E+09     -0.401E+00      0.589E+00
      0.450E-01      0.784E-01      0.603E-01      0.110E+09     -0.402E+00      0.590E+00
      0.475E-01      0.784E-01      0.604E-01      0.110E+09     -0.402E+00      0.590E+00
      0.500E-01      0.785E-01      0.605E-01      0.110E+09     -0.403E+00      0.591E+00
      0.525E-01      0.786E-01      0.606E-01      0.109E+09     -0.403E+00      0.592E+00
      0.550E-01      0.786E-01      0.607E-01      0.109E+09     -0.404E+00      0.592E+00
      0.571E-01      0.787E-01      0.608E-01      0.109E+09     -0.404E+00      0.593E+00
      0.640E-01      0.790E-01      0.608E-01      0.109E+09     -0.406E+00      0.593E+00
      0.719E-01      0.792E-01      0.609E-01      0.108E+09     -0.408E+00      0.593E+00
      0.806E-01      0.795E-01      0.610E-01      0.108E+09     -0.410E+00      0.594E+00
      0.905E-01      0.799E-01      0.613E-01      0.107E+09     -0.412E+00      0.596E+00
      0.102E+00      0.803E-01      0.616E-01      0.107E+09     -0.415E+00      0.597E+00
      0.114E+00      0.808E-01      0.621E-01      0.106E+09     -0.417E+00      0.600E+00
      0.128E+00      0.813E-01      0.628E-01      0.105E+09     -0.421E+00      0.605E+00
      0.143E+00      0.818E-01      0.633E-01      0.104E+09     -0.424E+00      0.611E+00
      0.161E+00      0.817E-01      0.621E-01      0.103E+09     -0.425E+00      0.595E+00
      0.181E+00      0.817E-01      0.610E-01      0.102E+09     -0.427E+00      0.581E+00
      0.203E+00      0.816E-01      0.600E-01      0.101E+09     -0.429E+00      0.569E+00
      0.227E+00      0.815E-01      0.592E-01      0.995E+08     -0.432E+00      0.560E+00
      0.255E+00      0.814E-01      0.587E-01      0.980E+08     -0.435E+00      0.554E+00
      0.286E+00      0.813E-01      0.586E-01      0.962E+08     -0.439E+00      0.554E+00
      0.321E+00      0.805E-01      0.579E-01      0.943E+08     -0.442E+00      0.556E+00
      0.360E+00      0.789E-01      0.560E-01      0.922E+08     -0.445E+00      0.559E+00
      0.404E+00      0.775E-01      0.546E-01      0.899E+08     -0.449E+00      0.569E+00
      0.453E+00      0.765E-01      0.531E-01      0.874E+08     -0.451E+00      0.558E+00
      0.509E+00      0.754E-01      0.526E-01      0.847E+08     -0.453E+00      0.558E+00
      0.571E+00      0.744E-01      0.524E-01      0.817E+08     -0.455E+00      0.566E+00
      0.641E+00      0.743E-01      0.513E-01      0.783E+08     -0.460E+00      0.559E+00
      0.719E+00      0.744E-01      0.507E-01      0.746E+08     -0.467E+00      0.552E+00
      0.806E+00      0.742E-01      0.526E-01      0.705E+08     -0.475E+00      0.576E+00
      0.905E+00      0.722E-01      0.483E-01      0.659E+08     -0.474E+00      0.545E+00
      0.102E+01      0.722E-01      0.467E-01      0.610E+08     -0.480E+00      0.536E+00
      0.114E+01      0.729E-01      0.486E-01      0.555E+08     -0.495E+00      0.569E+00
      0.128E+01      0.706E-01      0.457E-01      0.493E+08     -0.522E+00      0.557E+00
      0.143E+01      0.673E-01      0.430E-01      0.426E+08     -0.548E+00      0.564E+00
      0.161E+01      0.626E-01      0.399E-01      0.356E+08     -0.574E+00      0.581E+00
      0.168E+01      0.602E-01      0.380E-01      0.308E+08     -0.570E+00      0.567E+00
      0.170E+01      0.595E-01      0.375E-01      0.290E+08     -0.567E+00      0.562E+00
      0.180E+01      0.560E-01      0.365E-01      0.268E+08     -0.545E+00      0.556E+00
      0.190E+01      0.524E-01      0.347E-01      0.233E+08     -0.523E+00      0.539E+00
      0.200E+01      0.494E-01      0.337E-01      0.201E+08     -0.521E+00      0.542E+00
      0.210E+01      0.456E-01      0.335E-01      0.171E+08     -0.521E+00      0.586E+00
      0.220E+01      0.408E-01      0.308E-01      0.143E+08     -0.513E+00      0.587E+00
      0.230E+01      0.355E-01      0.288E-01      0.118E+08     -0.497E+00      0.613E+00
      0.240E+01      0.306E-01      0.265E-01      0.961E+07     -0.464E+00      0.604E+00
      0.250E+01      0.254E-01      0.237E-01      0.775E+07     -0.434E+00      0.573E+00
      0.260E+01      0.209E-01      0.224E-01      0.621E+07     -0.406E+00      0.602E+00
      0.275E+01      0.152E-01      0.189E-01      0.462E+07     -0.336E+00      0.596E+00
      0.300E+01      0.886E-02      0.144E-01      0.278E+07     -0.191E+00      0.534E+00
      0.325E+01      0.492E-02      0.917E-02      0.145E+07     -0.203E+00      0.675E+00
      0.350E+01      0.291E-02      0.679E-02      0.718E+06     -0.237E+00      0.923E+00
      0.375E+01      0.139E-02      0.417E-02      0.286E+06     -0.380E+00      0.179E+01
      0.400E+01      0.492E-03      0.199E-02      0.814E+05     -0.697E+00      0.409E+01
      0.425E+01      0.663E-04      0.338E-03      0.997E+04     -0.864E+00      0.603E+01
      0.450E+01      0.277E-05      0.185E-04      0.400E+03     -0.834E+00      0.752E+01
      0.475E+01      0.000E+00      0.000E+00      0.000E+00     -0.990E+02     -0.990E+02
      0.500E+01      0.000E+00      0.000E+00      0.000E+00     -0.990E+02     -0.990E+02
      0.525E+01      0.000E+00      0.000E+00      0.000E+00     -0.990E+02     -0.990E+02
      0.550E+01      0.000E+00      0.000E+00      0.000E+00     -0.990E+02     -0.990E+02
      0.575E+01      0.000E+00      0.000E+00      0.000E+00     -0.990E+02     -0.990E+02
      0.600E+01      0.000E+00      0.000E+00      0.000E+00     -0.990E+02     -0.990E+02
      0.625E+01      0.000E+00      0.000E+00      0.000E+00     -0.990E+02     -0.990E+02
      0.650E+01      0.000E+00      0.000E+00      0.000E+00     -0.990E+02     -0.990E+02
      0.675E+01      0.000E+00      0.000E+00      0.000E+00     -0.990E+02     -0.990E+02
      0.700E+01      0.000E+00      0.000E+00      0.000E+00     -0.990E+02     -0.990E+02
      0.725E+01      0.000E+00      0.000E+00      0.000E+00     -0.990E+02     -0.990E+02
      0.750E+01      0.000E+00      0.000E+00      0.000E+00     -0.990E+02     -0.990E+02
      0.775E+01      0.000E+00      0.000E+00      0.000E+00     -0.990E+02     -0.990E+02
      0.800E+01      0.000E+00      0.000E+00      0.000E+00     -0.990E+02     -0.990E+02
      0.825E+01      0.000E+00      0.000E+00      0.000E+00     -0.990E+02     -0.990E+02
      0.850E+01      0.000E+00      0.000E+00      0.000E+00     -0.990E+02     -0.990E+02
      0.875E+01      0.000E+00      0.000E+00      0.000E+00     -0.990E+02     -0.990E+02
      0.900E+01      0.000E+00      0.000E+00      0.000E+00     -0.990E+02     -0.990E+02
      0.925E+01      0.000E+00      0.000E+00      0.000E+00     -0.990E+02     -0.990E+02
      0.950E+01      0.000E+00      0.000E+00      0.000E+00     -0.990E+02     -0.990E+02
      0.975E+01      0.000E+00      0.000E+00      0.000E+00     -0.990E+02     -0.990E+02
      0.100E+02      0.000E+00      0.000E+00      0.000E+00     -0.990E+02     -0.990E+02
      0.102E+02      0.000E+00      0.000E+00      0.000E+00     -0.990E+02     -0.990E+02
      0.105E+02      0.000E+00      0.000E+00      0.000E+00     -0.990E+02     -0.990E+02
      0.108E+02      0.000E+00      0.000E+00      0.000E+00     -0.990E+02     -0.990E+02
      0.110E+02      0.000E+00      0.000E+00      0.000E+00     -0.990E+02     -0.990E+02
      0.112E+02      0.000E+00      0.000E+00      0.000E+00     -0.990E+02     -0.990E+02
      0.115E+02      0.000E+00      0.000E+00      0.000E+00     -0.990E+02     -0.990E+02
      0.118E+02      0.000E+00      0.000E+00      0.000E+00     -0.990E+02     -0.990E+02
      0.120E+02      0.000E+00      0.000E+00      0.000E+00     -0.990E+02     -0.990E+02
      0.122E+02      0.000E+00      0.000E+00      0.000E+00     -0.990E+02     -0.990E+02
      0.125E+02      0.000E+00      0.000E+00      0.000E+00     -0.990E+02     -0.990E+02
      0.128E+02      0.000E+00      0.000E+00      0.000E+00     -0.990E+02     -0.990E+02
      0.130E+02      0.000E+00      0.000E+00      0.000E+00     -0.990E+02     -0.990E+02
      0.132E+02      0.000E+00      0.000E+00      0.000E+00     -0.990E+02     -0.990E+02
      0.135E+02      0.000E+00      0.000E+00      0.000E+00     -0.990E+02     -0.990E+02
      0.138E+02      0.000E+00      0.000E+00      0.000E+00     -0.990E+02     -0.990E+02
      0.140E+02      0.000E+00      0.000E+00      0.000E+00     -0.990E+02     -0.990E+02
      0.142E+02      0.000E+00      0.000E+00      0.000E+00     -0.990E+02     -0.990E+02
      0.145E+02      0.000E+00      0.000E+00      0.000E+00     -0.990E+02     -0.990E+02
      0.148E+02      0.000E+00      0.000E+00      0.000E+00     -0.990E+02     -0.990E+02
      0.150E+02      0.000E+00      0.000E+00      0.000E+00     -0.990E+02     -0.990E+02
      0.152E+02      0.000E+00      0.000E+00      0.000E+00     -0.990E+02     -0.990E+02
      0.155E+02      0.000E+00      0.000E+00      0.000E+00     -0.990E+02     -0.990E+02
      0.158E+02      0.000E+00      0.000E+00      0.000E+00     -0.990E+02     -0.990E+02
      0.160E+02      0.000E+00      0.000E+00      0.000E+00     -0.990E+02     -0.990E+02
      0.162E+02      0.000E+00      0.000E+00      0.000E+00     -0.990E+02     -0.990E+02
      0.165E+02      0.000E+00      0.000E+00      0.000E+00     -0.990E+02     -0.990E+02
      0.168E+02      0.000E+00      0.000E+00      0.000E+00     -0.990E+02     -0.990E+02
      0.170E+02      0.000E+00      0.000E+00      0.000E+00     -0.990E+02     -0.990E+02
      0.172E+02      0.000E+00      0.000E+00      0.000E+00     -0.990E+02     -0.990E+02
      0.175E+02      0.000E+00      0.000E+00      0.000E+00     -0.990E+02     -0.990E+02
      0.178E+02      0.000E+00      0.000E+00      0.000E+00     -0.990E+02     -0.990E+02
      0.180E+02      0.000E+00      0.000E+00      0.000E+00     -0.990E+02     -0.990E+02
      0.182E+02      0.000E+00      0.000E+00      0.000E+00     -0.990E+02     -0.990E+02
      0.185E+02      0.000E+00      0.000E+00      0.000E+00     -0.990E+02     -0.990E+02
      0.188E+02      0.000E+00      0.000E+00      0.000E+00     -0.990E+02     -0.990E+02
      0.190E+02      0.000E+00      0.000E+00      0.000E+00     -0.990E+02     -0.990E+02
      0.192E+02      0.000E+00      0.000E+00      0.000E+00     -0.990E+02     -0.990E+02
      0.195E+02      0.000E+00      0.000E+00      0.000E+00     -0.990E+02     -0.990E+02
      0.198E+02      0.000E+00      0.000E+00      0.000E+00     -0.990E+02     -0.990E+02
      0.200E+02      0.000E+00      0.000E+00      0.000E+00     -0.990E+02     -0.990E+02
