      0.000E+00      0.394E+01      0.683E+01      0.687E+10     -0.990E+02     -0.990E+02
      0.100E-03      0.394E+01      0.683E+01      0.687E+10     -0.990E+02     -0.990E+02
      0.140E-03      0.394E+01      0.683E+01      0.687E+10     -0.990E+02     -0.990E+02
      0.160E-03      0.394E+01      0.683E+01      0.687E+10     -0.990E+02     -0.990E+02
      0.180E-03      0.394E+01      0.683E+01      0.687E+10     -0.990E+02     -0.990E+02
      0.200E-03      0.394E+01      0.683E+01      0.687E+10     -0.990E+02     -0.990E+02
      0.220E-03      0.394E+01      0.683E+01      0.687E+10     -0.990E+02     -0.990E+02
      0.250E-03      0.394E+01      0.683E+01      0.687E+10     -0.990E+02     -0.990E+02
      0.280E-03      0.394E+01      0.683E+01      0.687E+10     -0.990E+02     -0.990E+02
      0.320E-03      0.394E+01      0.683E+01      0.687E+10     -0.990E+02     -0.990E+02
      0.350E-03      0.394E+01      0.683E+01      0.687E+10     -0.990E+02     -0.990E+02
      0.400E-03      0.394E+01      0.683E+01      0.687E+10     -0.990E+02     -0.990E+02
      0.450E-03      0.394E+01      0.683E+01      0.687E+10     -0.990E+02     -0.990E+02
      0.500E-03      0.394E+01      0.683E+01      0.687E+10     -0.990E+02     -0.990E+02
      0.560E-03      0.394E+01      0.683E+01      0.687E+10     -0.990E+02     -0.990E+02
      0.630E-03      0.394E+01      0.683E+01      0.687E+10     -0.990E+02     -0.990E+02
      0.710E-03      0.394E+01      0.683E+01      0.687E+10     -0.990E+02     -0.990E+02
      0.790E-03      0.394E+01      0.683E+01      0.687E+10     -0.990E+02     -0.990E+02
      0.890E-03      0.394E+01      0.683E+01      0.687E+10     -0.990E+02     -0.990E+02
      0.100E-02      0.394E+01      0.683E+01      0.687E+10     -0.990E+02     -0.990E+02
      0.105E-02      0.394E+01      0.683E+01      0.687E+10     -0.990E+02     -0.990E+02
      0.110E-02      0.394E+01      0.683E+01      0.687E+10     -0.990E+02     -0.990E+02
      0.115E-02      0.394E+01      0.683E+01      0.687E+10     -0.990E+02     -0.990E+02
      0.120E-02      0.394E+01      0.683E+01      0.687E+10     -0.990E+02     -0.990E+02
      0.126E-02      0.394E+01      0.683E+01      0.687E+10     -0.990E+02     -0.990E+02
      0.132E-02      0.394E+01      0.683E+01      0.687E+10     -0.990E+02     -0.990E+02
      0.138E-02      0.394E+01      0.683E+01      0.687E+10     -0.990E+02     -0.990E+02
      0.145E-02      0.394E+01      0.683E+01      0.687E+10     -0.990E+02     -0.990E+02
      0.151E-02      0.394E+01      0.683E+01      0.687E+10     -0.990E+02     -0.990E+02
      0.158E-02      0.394E+01      0.683E+01      0.687E+10     -0.990E+02     -0.990E+02
      0.166E-02      0.394E+01      0.683E+01      0.687E+10     -0.990E+02     -0.990E+02
      0.174E-02      0.394E+01      0.683E+01      0.687E+10     -0.990E+02     -0.990E+02
      0.182E-02      0.394E+01      0.683E+01      0.687E+10     -0.990E+02     -0.990E+02
      0.191E-02      0.394E+01      0.683E+01      0.687E+10     -0.990E+02     -0.990E+02
      0.200E-02      0.394E+01      0.683E+01      0.687E+10     -0.990E+02     -0.990E+02
      0.209E-02      0.394E+01      0.683E+01      0.687E+10     -0.990E+02     -0.990E+02
      0.219E-02      0.394E+01      0.683E+01      0.687E+10     -0.990E+02     -0.990E+02
      0.229E-02      0.394E+01      0.683E+01      0.687E+10     -0.990E+02     -0.990E+02
      0.240E-02      0.394E+01      0.683E+01      0.687E+10     -0.990E+02     -0.990E+02
      0.251E-02      0.394E+01      0.683E+01      0.687E+10     -0.990E+02     -0.990E+02
      0.263E-02      0.394E+01      0.683E+01      0.687E+10     -0.990E+02     -0.990E+02
      0.275E-02      0.394E+01      0.683E+01      0.687E+10     -0.990E+02     -0.990E+02
      0.288E-02      0.394E+01      0.683E+01      0.687E+10     -0.990E+02     -0.990E+02
      0.302E-02      0.394E+01      0.683E+01      0.687E+10     -0.990E+02     -0.990E+02
      0.316E-02      0.394E+01      0.683E+01      0.687E+10     -0.990E+02     -0.990E+02
      0.331E-02      0.394E+01      0.683E+01      0.687E+10     -0.990E+02     -0.990E+02
      0.347E-02      0.394E+01      0.683E+01      0.687E+10     -0.990E+02     -0.990E+02
      0.363E-02      0.394E+01      0.683E+01      0.687E+10     -0.990E+02     -0.990E+02
      0.380E-02      0.394E+01      0.683E+01      0.687E+10     -0.990E+02     -0.990E+02
      0.398E-02      0.394E+01      0.683E+01      0.687E+10     -0.990E+02     -0.990E+02
      0.417E-02      0.394E+01      0.683E+01      0.687E+10     -0.990E+02     -0.990E+02
      0.437E-02      0.394E+01      0.683E+01      0.687E+10     -0.990E+02     -0.990E+02
      0.457E-02      0.394E+01      0.683E+01      0.687E+10     -0.990E+02     -0.990E+02
      0.479E-02      0.394E+01      0.683E+01      0.687E+10     -0.990E+02     -0.990E+02
      0.501E-02      0.394E+01      0.683E+01      0.687E+10     -0.990E+02     -0.990E+02
      0.525E-02      0.394E+01      0.683E+01      0.687E+10     -0.990E+02     -0.990E+02
      0.550E-02      0.394E+01      0.683E+01      0.687E+10     -0.990E+02     -0.990E+02
      0.575E-02      0.394E+01      0.683E+01      0.687E+10     -0.990E+02     -0.990E+02
      0.603E-02      0.394E+01      0.683E+01      0.687E+10     -0.990E+02     -0.990E+02
      0.631E-02      0.394E+01      0.683E+01      0.687E+10     -0.990E+02     -0.990E+02
      0.661E-02      0.394E+01      0.683E+01      0.687E+10     -0.990E+02     -0.990E+02
      0.692E-02      0.394E+01      0.683E+01      0.687E+10     -0.990E+02     -0.990E+02
      0.724E-02      0.394E+01      0.683E+01      0.687E+10     -0.990E+02     -0.990E+02
      0.759E-02      0.394E+01      0.683E+01      0.687E+10     -0.990E+02     -0.990E+02
      0.794E-02      0.394E+01      0.683E+01      0.687E+10     -0.990E+02     -0.990E+02
      0.832E-02      0.394E+01      0.683E+01      0.687E+10     -0.990E+02     -0.990E+02
      0.871E-02      0.394E+01      0.683E+01      0.687E+10     -0.990E+02     -0.990E+02
      0.912E-02      0.394E+01      0.683E+01      0.687E+10     -0.990E+02     -0.990E+02
      0.955E-02      0.394E+01      0.683E+01      0.687E+10     -0.990E+02     -0.990E+02
      0.100E-01      0.394E+01      0.683E+01      0.687E+10     -0.377E+00      0.471E+00
      0.105E-01      0.162E+01      0.109E+01      0.683E+10     -0.377E+00      0.471E+00
      0.110E-01      0.162E+01      0.109E+01      0.683E+10     -0.377E+00      0.471E+00
      0.115E-01      0.161E+01      0.108E+01      0.683E+10     -0.377E+00      0.471E+00
      0.120E-01      0.161E+01      0.108E+01      0.683E+10     -0.377E+00      0.471E+00
      0.126E-01      0.162E+01      0.109E+01      0.683E+10     -0.376E+00      0.471E+00
      0.132E-01      0.163E+01      0.109E+01      0.683E+10     -0.376E+00      0.471E+00
      0.138E-01      0.162E+01      0.109E+01      0.683E+10     -0.376E+00      0.471E+00
      0.144E-01      0.161E+01      0.108E+01      0.683E+10     -0.376E+00      0.472E+00
      0.151E-01      0.162E+01      0.109E+01      0.683E+10     -0.376E+00      0.472E+00
      0.159E-01      0.162E+01      0.109E+01      0.682E+10     -0.376E+00      0.472E+00
      0.166E-01      0.163E+01      0.109E+01      0.682E+10     -0.376E+00      0.472E+00
      0.174E-01      0.163E+01      0.109E+01      0.682E+10     -0.376E+00      0.472E+00
      0.182E-01      0.164E+01      0.110E+01      0.682E+10     -0.376E+00      0.472E+00
      0.191E-01      0.164E+01      0.110E+01      0.682E+10     -0.376E+00      0.472E+00
      0.200E-01      0.163E+01      0.110E+01      0.682E+10     -0.376E+00      0.472E+00
      0.209E-01      0.163E+01      0.110E+01      0.682E+10     -0.376E+00      0.473E+00
      0.219E-01      0.163E+01      0.110E+01      0.682E+10     -0.375E+00      0.473E+00
      0.229E-01      0.164E+01      0.110E+01      0.681E+10     -0.375E+00      0.473E+00
      0.240E-01      0.164E+01      0.110E+01      0.681E+10     -0.375E+00      0.473E+00
      0.251E-01      0.165E+01      0.111E+01      0.681E+10     -0.375E+00      0.474E+00
      0.263E-01      0.165E+01      0.111E+01      0.681E+10     -0.375E+00      0.474E+00
      0.275E-01      0.165E+01      0.111E+01      0.681E+10     -0.375E+00      0.474E+00
      0.290E-01      0.165E+01      0.111E+01      0.681E+10     -0.375E+00      0.475E+00
      0.300E-01      0.165E+01      0.111E+01      0.680E+10     -0.375E+00      0.475E+00
      0.310E-01      0.165E+01      0.112E+01      0.680E+10     -0.375E+00      0.475E+00
      0.320E-01      0.166E+01      0.112E+01      0.680E+10     -0.374E+00      0.475E+00
      0.330E-01      0.166E+01      0.112E+01      0.680E+10     -0.374E+00      0.476E+00
      0.340E-01      0.166E+01      0.112E+01      0.680E+10     -0.374E+00      0.476E+00
      0.350E-01      0.166E+01      0.112E+01      0.680E+10     -0.374E+00      0.476E+00
      0.360E-01      0.166E+01      0.112E+01      0.680E+10     -0.374E+00      0.476E+00
      0.370E-01      0.167E+01      0.113E+01      0.680E+10     -0.374E+00      0.476E+00
      0.380E-01      0.167E+01      0.113E+01      0.679E+10     -0.374E+00      0.477E+00
      0.390E-01      0.167E+01      0.113E+01      0.679E+10     -0.374E+00      0.477E+00
      0.400E-01      0.167E+01      0.113E+01      0.679E+10     -0.374E+00      0.477E+00
      0.425E-01      0.168E+01      0.114E+01      0.679E+10     -0.373E+00      0.478E+00
      0.450E-01      0.168E+01      0.114E+01      0.679E+10     -0.373E+00      0.478E+00
      0.475E-01      0.169E+01      0.115E+01      0.678E+10     -0.373E+00      0.480E+00
      0.500E-01      0.169E+01      0.115E+01      0.678E+10     -0.373E+00      0.480E+00
      0.525E-01      0.169E+01      0.116E+01      0.678E+10     -0.372E+00      0.481E+00
      0.550E-01      0.170E+01      0.116E+01      0.677E+10     -0.372E+00      0.483E+00
      0.571E-01      0.171E+01      0.117E+01      0.677E+10     -0.372E+00      0.483E+00
      0.640E-01      0.172E+01      0.118E+01      0.676E+10     -0.371E+00      0.486E+00
      0.719E-01      0.173E+01      0.120E+01      0.675E+10     -0.372E+00      0.489E+00
      0.806E-01      0.174E+01      0.122E+01      0.674E+10     -0.371E+00      0.493E+00
      0.905E-01      0.176E+01      0.124E+01      0.673E+10     -0.372E+00      0.499E+00
      0.102E+00      0.178E+01      0.126E+01      0.672E+10     -0.372E+00      0.504E+00
      0.114E+00      0.180E+01      0.129E+01      0.670E+10     -0.374E+00      0.505E+00
      0.128E+00      0.184E+01      0.130E+01      0.668E+10     -0.377E+00      0.497E+00
      0.143E+00      0.187E+01      0.132E+01      0.666E+10     -0.381E+00      0.490E+00
      0.161E+00      0.191E+01      0.135E+01      0.664E+10     -0.385E+00      0.485E+00
      0.181E+00      0.196E+01      0.139E+01      0.661E+10     -0.389E+00      0.483E+00
      0.203E+00      0.201E+01      0.145E+01      0.658E+10     -0.394E+00      0.484E+00
      0.227E+00      0.207E+01      0.150E+01      0.655E+10     -0.400E+00      0.490E+00
      0.255E+00      0.207E+01      0.148E+01      0.651E+10     -0.415E+00      0.508E+00
      0.286E+00      0.207E+01      0.147E+01      0.646E+10     -0.432E+00      0.534E+00
      0.321E+00      0.207E+01      0.147E+01      0.642E+10     -0.452E+00      0.569E+00
      0.360E+00      0.207E+01      0.149E+01      0.636E+10     -0.470E+00      0.610E+00
      0.404E+00      0.200E+01      0.140E+01      0.630E+10     -0.480E+00      0.603E+00
      0.453E+00      0.192E+01      0.130E+01      0.624E+10     -0.490E+00      0.595E+00
      0.509E+00      0.179E+01      0.118E+01      0.617E+10     -0.503E+00      0.601E+00
      0.571E+00      0.163E+01      0.106E+01      0.610E+10     -0.522E+00      0.629E+00
      0.641E+00      0.145E+01      0.938E+00      0.602E+10     -0.544E+00      0.645E+00
      0.719E+00      0.126E+01      0.833E+00      0.595E+10     -0.566E+00      0.633E+00
      0.806E+00      0.121E+01      0.825E+00      0.588E+10     -0.550E+00      0.596E+00
      0.905E+00      0.118E+01      0.827E+00      0.581E+10     -0.541E+00      0.604E+00
      0.102E+01      0.120E+01      0.799E+00      0.573E+10     -0.542E+00      0.592E+00
      0.114E+01      0.127E+01      0.821E+00      0.563E+10     -0.508E+00      0.539E+00
      0.128E+01      0.125E+01      0.798E+00      0.553E+10     -0.481E+00      0.494E+00
      0.143E+01      0.110E+01      0.673E+00      0.541E+10     -0.498E+00      0.493E+00
      0.161E+01      0.102E+01      0.645E+00      0.529E+10     -0.501E+00      0.524E+00
      0.168E+01      0.999E+00      0.631E+00      0.521E+10     -0.505E+00      0.525E+00
      0.170E+01      0.994E+00      0.627E+00      0.519E+10     -0.507E+00      0.525E+00
      0.180E+01      0.102E+01      0.643E+00      0.515E+10     -0.489E+00      0.510E+00
      0.190E+01      0.119E+01      0.781E+00      0.509E+10     -0.430E+00      0.454E+00
      0.200E+01      0.139E+01      0.976E+00      0.501E+10     -0.398E+00      0.424E+00
      0.210E+01      0.139E+01      0.942E+00      0.493E+10     -0.431E+00      0.449E+00
      0.220E+01      0.130E+01      0.843E+00      0.484E+10     -0.483E+00      0.492E+00
      0.230E+01      0.122E+01      0.796E+00      0.476E+10     -0.517E+00      0.533E+00
      0.240E+01      0.122E+01      0.783E+00      0.469E+10     -0.512E+00      0.527E+00
      0.250E+01      0.124E+01      0.839E+00      0.461E+10     -0.515E+00      0.575E+00
      0.260E+01      0.128E+01      0.924E+00      0.454E+10     -0.535E+00      0.647E+00
      0.275E+01      0.126E+01      0.921E+00      0.444E+10     -0.547E+00      0.681E+00
      0.300E+01      0.133E+01      0.921E+00      0.429E+10     -0.561E+00      0.629E+00
      0.325E+01      0.118E+01      0.847E+00      0.410E+10     -0.572E+00      0.630E+00
      0.350E+01      0.137E+01      0.112E+01      0.392E+10     -0.508E+00      0.582E+00
      0.375E+01      0.191E+01      0.151E+01      0.372E+10     -0.526E+00      0.663E+00
      0.400E+01      0.181E+01      0.120E+01      0.344E+10     -0.562E+00      0.581E+00
      0.425E+01      0.169E+01      0.104E+01      0.318E+10     -0.562E+00      0.522E+00
      0.450E+01      0.198E+01      0.137E+01      0.293E+10     -0.648E+00      0.745E+00
      0.475E+01      0.158E+01      0.959E+00      0.265E+10     -0.690E+00      0.658E+00
      0.500E+01      0.152E+01      0.908E+00      0.242E+10     -0.708E+00      0.633E+00
      0.525E+01      0.137E+01      0.881E+00      0.220E+10     -0.705E+00      0.690E+00
      0.550E+01      0.125E+01      0.861E+00      0.201E+10     -0.703E+00      0.751E+00
      0.575E+01      0.140E+01      0.101E+01      0.183E+10     -0.738E+00      0.843E+00
      0.600E+01      0.159E+01      0.104E+01      0.163E+10     -0.731E+00      0.795E+00
      0.625E+01      0.167E+01      0.905E+00      0.141E+10     -0.712E+00      0.567E+00
      0.650E+01      0.163E+01      0.897E+00      0.117E+10     -0.698E+00      0.582E+00
      0.675E+01      0.157E+01      0.945E+00      0.943E+09     -0.784E+00      0.654E+00
      0.700E+01      0.111E+01      0.734E+00      0.722E+09     -0.884E+00      0.835E+00
      0.725E+01      0.916E+00      0.676E+00      0.567E+09     -0.925E+00      0.956E+00
      0.750E+01      0.849E+00      0.717E+00      0.439E+09     -0.914E+00      0.109E+01
      0.775E+01      0.609E+00      0.626E+00      0.320E+09     -0.973E+00      0.140E+01
      0.800E+01      0.588E+00      0.655E+00      0.235E+09     -0.101E+01      0.159E+01
      0.825E+01      0.351E+00      0.457E+00      0.153E+09     -0.101E+01      0.181E+01
      0.850E+01      0.250E+00      0.351E+00      0.105E+09     -0.102E+01      0.194E+01
      0.875E+01      0.184E+00      0.257E+00      0.700E+08     -0.119E+01      0.233E+01
      0.900E+01      0.154E+00      0.239E+00      0.445E+08     -0.114E+01      0.246E+01
      0.925E+01      0.130E+00      0.210E+00      0.232E+08     -0.148E+01      0.323E+01
      0.950E+01      0.387E-01      0.605E-01      0.535E+07     -0.171E+01      0.373E+01
      0.975E+01      0.211E-06      0.742E-04      0.294E+02     -0.251E+01      0.132E+04
      0.100E+02      0.355E-14      0.525E-09      0.482E-06     -0.421E+01      0.630E+06
      0.102E+02      0.000E+00      0.000E+00      0.000E+00     -0.990E+02     -0.990E+02
      0.105E+02      0.000E+00      0.000E+00      0.000E+00     -0.990E+02     -0.990E+02
      0.108E+02      0.000E+00      0.000E+00      0.000E+00     -0.990E+02     -0.990E+02
      0.110E+02      0.000E+00      0.000E+00      0.000E+00     -0.990E+02     -0.990E+02
      0.112E+02      0.000E+00      0.000E+00      0.000E+00     -0.990E+02     -0.990E+02
      0.115E+02      0.000E+00      0.000E+00      0.000E+00     -0.990E+02     -0.990E+02
      0.118E+02      0.000E+00      0.000E+00      0.000E+00     -0.990E+02     -0.990E+02
      0.120E+02      0.000E+00      0.000E+00      0.000E+00     -0.990E+02     -0.990E+02
      0.122E+02      0.000E+00      0.000E+00      0.000E+00     -0.990E+02     -0.990E+02
      0.125E+02      0.000E+00      0.000E+00      0.000E+00     -0.990E+02     -0.990E+02
      0.128E+02      0.000E+00      0.000E+00      0.000E+00     -0.990E+02     -0.990E+02
      0.130E+02      0.000E+00      0.000E+00      0.000E+00     -0.990E+02     -0.990E+02
      0.132E+02      0.000E+00      0.000E+00      0.000E+00     -0.990E+02     -0.990E+02
      0.135E+02      0.000E+00      0.000E+00      0.000E+00     -0.990E+02     -0.990E+02
      0.138E+02      0.000E+00      0.000E+00      0.000E+00     -0.990E+02     -0.990E+02
      0.140E+02      0.000E+00      0.000E+00      0.000E+00     -0.990E+02     -0.990E+02
      0.142E+02      0.000E+00      0.000E+00      0.000E+00     -0.990E+02     -0.990E+02
      0.145E+02      0.000E+00      0.000E+00      0.000E+00     -0.990E+02     -0.990E+02
      0.148E+02      0.000E+00      0.000E+00      0.000E+00     -0.990E+02     -0.990E+02
      0.150E+02      0.000E+00      0.000E+00      0.000E+00     -0.990E+02     -0.990E+02
      0.152E+02      0.000E+00      0.000E+00      0.000E+00     -0.990E+02     -0.990E+02
      0.155E+02      0.000E+00      0.000E+00      0.000E+00     -0.990E+02     -0.990E+02
      0.158E+02      0.000E+00      0.000E+00      0.000E+00     -0.990E+02     -0.990E+02
      0.160E+02      0.000E+00      0.000E+00      0.000E+00     -0.990E+02     -0.990E+02
      0.162E+02      0.000E+00      0.000E+00      0.000E+00     -0.990E+02     -0.990E+02
      0.165E+02      0.000E+00      0.000E+00      0.000E+00     -0.990E+02     -0.990E+02
      0.168E+02      0.000E+00      0.000E+00      0.000E+00     -0.990E+02     -0.990E+02
      0.170E+02      0.000E+00      0.000E+00      0.000E+00     -0.990E+02     -0.990E+02
      0.172E+02      0.000E+00      0.000E+00      0.000E+00     -0.990E+02     -0.990E+02
      0.175E+02      0.000E+00      0.000E+00      0.000E+00     -0.990E+02     -0.990E+02
      0.178E+02      0.000E+00      0.000E+00      0.000E+00     -0.990E+02     -0.990E+02
      0.180E+02      0.000E+00      0.000E+00      0.000E+00     -0.990E+02     -0.990E+02
      0.182E+02      0.000E+00      0.000E+00      0.000E+00     -0.990E+02     -0.990E+02
      0.185E+02      0.000E+00      0.000E+00      0.000E+00     -0.990E+02     -0.990E+02
      0.188E+02      0.000E+00      0.000E+00      0.000E+00     -0.990E+02     -0.990E+02
      0.190E+02      0.000E+00      0.000E+00      0.000E+00     -0.990E+02     -0.990E+02
      0.192E+02      0.000E+00      0.000E+00      0.000E+00     -0.990E+02     -0.990E+02
      0.195E+02      0.000E+00      0.000E+00      0.000E+00     -0.990E+02     -0.990E+02
      0.198E+02      0.000E+00      0.000E+00      0.000E+00     -0.990E+02     -0.990E+02
      0.200E+02      0.000E+00      0.000E+00      0.000E+00     -0.990E+02     -0.990E+02
