      0.000E+00      0.262E+02      0.914E+01      0.457E+10     -0.990E+02     -0.990E+02
      0.100E-03      0.262E+02      0.914E+01      0.457E+10     -0.990E+02     -0.990E+02
      0.140E-03      0.262E+02      0.914E+01      0.457E+10     -0.990E+02     -0.990E+02
      0.160E-03      0.262E+02      0.914E+01      0.457E+10     -0.990E+02     -0.990E+02
      0.180E-03      0.262E+02      0.914E+01      0.457E+10     -0.990E+02     -0.990E+02
      0.200E-03      0.262E+02      0.914E+01      0.457E+10     -0.990E+02     -0.990E+02
      0.220E-03      0.262E+02      0.914E+01      0.457E+10     -0.990E+02     -0.990E+02
      0.250E-03      0.262E+02      0.914E+01      0.457E+10     -0.990E+02     -0.990E+02
      0.280E-03      0.262E+02      0.914E+01      0.457E+10     -0.990E+02     -0.990E+02
      0.320E-03      0.262E+02      0.914E+01      0.457E+10     -0.990E+02     -0.990E+02
      0.350E-03      0.262E+02      0.914E+01      0.457E+10     -0.990E+02     -0.990E+02
      0.400E-03      0.262E+02      0.914E+01      0.457E+10     -0.990E+02     -0.990E+02
      0.450E-03      0.262E+02      0.914E+01      0.457E+10     -0.990E+02     -0.990E+02
      0.500E-03      0.262E+02      0.914E+01      0.457E+10     -0.990E+02     -0.990E+02
      0.560E-03      0.262E+02      0.914E+01      0.457E+10     -0.990E+02     -0.990E+02
      0.630E-03      0.262E+02      0.914E+01      0.457E+10     -0.990E+02     -0.990E+02
      0.710E-03      0.262E+02      0.914E+01      0.457E+10     -0.990E+02     -0.990E+02
      0.790E-03      0.262E+02      0.914E+01      0.457E+10     -0.990E+02     -0.990E+02
      0.890E-03      0.262E+02      0.914E+01      0.457E+10     -0.990E+02     -0.990E+02
      0.100E-02      0.262E+02      0.914E+01      0.457E+10     -0.990E+02     -0.990E+02
      0.105E-02      0.262E+02      0.914E+01      0.457E+10     -0.990E+02     -0.990E+02
      0.110E-02      0.262E+02      0.914E+01      0.457E+10     -0.990E+02     -0.990E+02
      0.115E-02      0.262E+02      0.914E+01      0.457E+10     -0.990E+02     -0.990E+02
      0.120E-02      0.262E+02      0.914E+01      0.457E+10     -0.990E+02     -0.990E+02
      0.126E-02      0.262E+02      0.914E+01      0.457E+10     -0.990E+02     -0.990E+02
      0.132E-02      0.262E+02      0.914E+01      0.457E+10     -0.990E+02     -0.990E+02
      0.138E-02      0.262E+02      0.914E+01      0.457E+10     -0.990E+02     -0.990E+02
      0.145E-02      0.262E+02      0.914E+01      0.457E+10     -0.990E+02     -0.990E+02
      0.151E-02      0.262E+02      0.914E+01      0.457E+10     -0.990E+02     -0.990E+02
      0.158E-02      0.262E+02      0.914E+01      0.457E+10     -0.990E+02     -0.990E+02
      0.166E-02      0.262E+02      0.914E+01      0.457E+10     -0.990E+02     -0.990E+02
      0.174E-02      0.262E+02      0.914E+01      0.457E+10     -0.990E+02     -0.990E+02
      0.182E-02      0.262E+02      0.914E+01      0.457E+10     -0.990E+02     -0.990E+02
      0.191E-02      0.262E+02      0.914E+01      0.457E+10     -0.990E+02     -0.990E+02
      0.200E-02      0.262E+02      0.914E+01      0.457E+10     -0.990E+02     -0.990E+02
      0.209E-02      0.262E+02      0.914E+01      0.457E+10     -0.990E+02     -0.990E+02
      0.219E-02      0.262E+02      0.914E+01      0.457E+10     -0.990E+02     -0.990E+02
      0.229E-02      0.262E+02      0.914E+01      0.457E+10     -0.990E+02     -0.990E+02
      0.240E-02      0.262E+02      0.914E+01      0.457E+10     -0.990E+02     -0.990E+02
      0.251E-02      0.262E+02      0.914E+01      0.457E+10     -0.990E+02     -0.990E+02
      0.263E-02      0.262E+02      0.914E+01      0.457E+10     -0.990E+02     -0.990E+02
      0.275E-02      0.262E+02      0.914E+01      0.457E+10     -0.990E+02     -0.990E+02
      0.288E-02      0.262E+02      0.914E+01      0.457E+10     -0.990E+02     -0.990E+02
      0.302E-02      0.262E+02      0.914E+01      0.457E+10     -0.990E+02     -0.990E+02
      0.316E-02      0.262E+02      0.914E+01      0.457E+10     -0.990E+02     -0.990E+02
      0.331E-02      0.262E+02      0.914E+01      0.457E+10     -0.990E+02     -0.990E+02
      0.347E-02      0.262E+02      0.914E+01      0.457E+10     -0.990E+02     -0.990E+02
      0.363E-02      0.262E+02      0.914E+01      0.457E+10     -0.990E+02     -0.990E+02
      0.380E-02      0.262E+02      0.914E+01      0.457E+10     -0.990E+02     -0.990E+02
      0.398E-02      0.262E+02      0.914E+01      0.457E+10     -0.990E+02     -0.990E+02
      0.417E-02      0.262E+02      0.914E+01      0.457E+10     -0.990E+02     -0.990E+02
      0.437E-02      0.262E+02      0.914E+01      0.457E+10     -0.990E+02     -0.990E+02
      0.457E-02      0.262E+02      0.914E+01      0.457E+10     -0.990E+02     -0.990E+02
      0.479E-02      0.262E+02      0.914E+01      0.457E+10     -0.990E+02     -0.990E+02
      0.501E-02      0.262E+02      0.914E+01      0.457E+10     -0.990E+02     -0.990E+02
      0.525E-02      0.262E+02      0.914E+01      0.457E+10     -0.990E+02     -0.990E+02
      0.550E-02      0.262E+02      0.914E+01      0.457E+10     -0.990E+02     -0.990E+02
      0.575E-02      0.262E+02      0.914E+01      0.457E+10     -0.990E+02     -0.990E+02
      0.603E-02      0.262E+02      0.914E+01      0.457E+10     -0.990E+02     -0.990E+02
      0.631E-02      0.262E+02      0.914E+01      0.457E+10     -0.990E+02     -0.990E+02
      0.661E-02      0.262E+02      0.914E+01      0.457E+10     -0.990E+02     -0.990E+02
      0.692E-02      0.262E+02      0.914E+01      0.457E+10     -0.990E+02     -0.990E+02
      0.724E-02      0.262E+02      0.914E+01      0.457E+10     -0.990E+02     -0.990E+02
      0.759E-02      0.262E+02      0.914E+01      0.457E+10     -0.990E+02     -0.990E+02
      0.794E-02      0.262E+02      0.914E+01      0.457E+10     -0.990E+02     -0.990E+02
      0.832E-02      0.262E+02      0.914E+01      0.457E+10     -0.990E+02     -0.990E+02
      0.871E-02      0.262E+02      0.914E+01      0.457E+10     -0.990E+02     -0.990E+02
      0.912E-02      0.262E+02      0.914E+01      0.457E+10     -0.990E+02     -0.990E+02
      0.955E-02      0.262E+02      0.914E+01      0.457E+10     -0.990E+02     -0.990E+02
      0.100E-01      0.262E+02      0.914E+01      0.457E+10     -0.389E+00      0.541E+00
      0.105E-01      0.661E+01      0.452E+01      0.430E+10     -0.389E+00      0.540E+00
      0.110E-01      0.657E+01      0.449E+01      0.430E+10     -0.388E+00      0.540E+00
      0.115E-01      0.655E+01      0.447E+01      0.430E+10     -0.388E+00      0.539E+00
      0.120E-01      0.654E+01      0.446E+01      0.430E+10     -0.388E+00      0.538E+00
      0.126E-01      0.654E+01      0.446E+01      0.429E+10     -0.387E+00      0.538E+00
      0.132E-01      0.657E+01      0.446E+01      0.429E+10     -0.386E+00      0.536E+00
      0.138E-01      0.655E+01      0.444E+01      0.429E+10     -0.386E+00      0.535E+00
      0.144E-01      0.649E+01      0.439E+01      0.428E+10     -0.385E+00      0.534E+00
      0.151E-01      0.651E+01      0.440E+01      0.428E+10     -0.385E+00      0.534E+00
      0.159E-01      0.652E+01      0.440E+01      0.427E+10     -0.384E+00      0.532E+00
      0.166E-01      0.651E+01      0.439E+01      0.427E+10     -0.384E+00      0.532E+00
      0.174E-01      0.651E+01      0.438E+01      0.427E+10     -0.383E+00      0.530E+00
      0.182E-01      0.653E+01      0.438E+01      0.426E+10     -0.382E+00      0.529E+00
      0.191E-01      0.652E+01      0.437E+01      0.426E+10     -0.382E+00      0.528E+00
      0.200E-01      0.647E+01      0.433E+01      0.425E+10     -0.381E+00      0.527E+00
      0.209E-01      0.646E+01      0.431E+01      0.425E+10     -0.380E+00      0.525E+00
      0.219E-01      0.645E+01      0.430E+01      0.424E+10     -0.379E+00      0.524E+00
      0.229E-01      0.645E+01      0.428E+01      0.424E+10     -0.378E+00      0.522E+00
      0.240E-01      0.644E+01      0.427E+01      0.423E+10     -0.378E+00      0.521E+00
      0.251E-01      0.645E+01      0.426E+01      0.422E+10     -0.377E+00      0.519E+00
      0.263E-01      0.643E+01      0.424E+01      0.422E+10     -0.376E+00      0.518E+00
      0.275E-01      0.640E+01      0.420E+01      0.421E+10     -0.374E+00      0.516E+00
      0.290E-01      0.639E+01      0.418E+01      0.420E+10     -0.373E+00      0.514E+00
      0.300E-01      0.639E+01      0.417E+01      0.420E+10     -0.372E+00      0.512E+00
      0.310E-01      0.638E+01      0.416E+01      0.419E+10     -0.372E+00      0.512E+00
      0.320E-01      0.636E+01      0.413E+01      0.419E+10     -0.371E+00      0.510E+00
      0.330E-01      0.635E+01      0.412E+01      0.418E+10     -0.370E+00      0.508E+00
      0.340E-01      0.635E+01      0.411E+01      0.418E+10     -0.369E+00      0.507E+00
      0.350E-01      0.634E+01      0.409E+01      0.417E+10     -0.368E+00      0.506E+00
      0.360E-01      0.633E+01      0.408E+01      0.417E+10     -0.368E+00      0.505E+00
      0.370E-01      0.632E+01      0.406E+01      0.416E+10     -0.366E+00      0.503E+00
      0.380E-01      0.630E+01      0.404E+01      0.416E+10     -0.365E+00      0.501E+00
      0.390E-01      0.630E+01      0.403E+01      0.415E+10     -0.365E+00      0.500E+00
      0.400E-01      0.629E+01      0.401E+01      0.415E+10     -0.364E+00      0.499E+00
      0.425E-01      0.626E+01      0.398E+01      0.414E+10     -0.362E+00      0.496E+00
      0.450E-01      0.624E+01      0.394E+01      0.413E+10     -0.359E+00      0.492E+00
      0.475E-01      0.622E+01      0.390E+01      0.411E+10     -0.357E+00      0.489E+00
      0.500E-01      0.619E+01      0.387E+01      0.410E+10     -0.355E+00      0.486E+00
      0.525E-01      0.617E+01      0.383E+01      0.409E+10     -0.352E+00      0.482E+00
      0.550E-01      0.614E+01      0.379E+01      0.408E+10     -0.350E+00      0.479E+00
      0.571E-01      0.613E+01      0.377E+01      0.406E+10     -0.348E+00      0.476E+00
      0.640E-01      0.606E+01      0.367E+01      0.404E+10     -0.342E+00      0.468E+00
      0.719E-01      0.599E+01      0.357E+01      0.401E+10     -0.334E+00      0.457E+00
      0.806E-01      0.598E+01      0.349E+01      0.397E+10     -0.328E+00      0.445E+00
      0.905E-01      0.604E+01      0.344E+01      0.393E+10     -0.325E+00      0.432E+00
      0.102E+00      0.608E+01      0.337E+01      0.388E+10     -0.322E+00      0.419E+00
      0.114E+00      0.615E+01      0.331E+01      0.382E+10     -0.319E+00      0.405E+00
      0.128E+00      0.622E+01      0.325E+01      0.376E+10     -0.315E+00      0.390E+00
      0.143E+00      0.628E+01      0.319E+01      0.369E+10     -0.311E+00      0.376E+00
      0.161E+00      0.667E+01      0.310E+01      0.361E+10     -0.307E+00      0.342E+00
      0.181E+00      0.712E+01      0.303E+01      0.352E+10     -0.304E+00      0.310E+00
      0.203E+00      0.761E+01      0.300E+01      0.341E+10     -0.301E+00      0.281E+00
      0.227E+00      0.817E+01      0.303E+01      0.328E+10     -0.298E+00      0.257E+00
      0.255E+00      0.867E+01      0.304E+01      0.313E+10     -0.302E+00      0.235E+00
      0.286E+00      0.920E+01      0.312E+01      0.295E+10     -0.307E+00      0.219E+00
      0.321E+00      0.979E+01      0.330E+01      0.273E+10     -0.313E+00      0.208E+00
      0.360E+00      0.102E+02      0.343E+01      0.247E+10     -0.305E+00      0.191E+00
      0.404E+00      0.102E+02      0.348E+01      0.218E+10     -0.295E+00      0.178E+00
      0.453E+00      0.887E+01      0.282E+01      0.184E+10     -0.290E+00      0.170E+00
      0.509E+00      0.738E+01      0.223E+01      0.152E+10     -0.286E+00      0.165E+00
      0.571E+00      0.577E+01      0.187E+01      0.123E+10     -0.285E+00      0.185E+00
      0.641E+00      0.418E+01      0.190E+01      0.966E+09     -0.356E+00      0.268E+00
      0.719E+00      0.383E+01      0.179E+01      0.758E+09     -0.398E+00      0.287E+00
      0.806E+00      0.267E+01      0.137E+01      0.545E+09     -0.469E+00      0.387E+00
      0.905E+00      0.147E+01      0.934E+00      0.380E+09     -0.583E+00      0.662E+00
      0.102E+01      0.634E+00      0.811E+00      0.279E+09     -0.952E+00      0.173E+01
      0.114E+01      0.653E+00      0.748E+00      0.231E+09     -0.101E+01      0.161E+01
      0.128E+01      0.764E+00      0.870E+00      0.176E+09     -0.114E+01      0.185E+01
      0.143E+01      0.597E+00      0.714E+00      0.105E+09     -0.121E+01      0.203E+01
      0.161E+01      0.300E+00      0.361E+00      0.435E+08     -0.135E+01      0.222E+01
      0.168E+01      0.216E+00      0.243E+00      0.207E+08     -0.146E+01      0.219E+01
      0.170E+01      0.193E+00      0.210E+00      0.146E+08     -0.151E+01      0.218E+01
      0.180E+01      0.745E-01      0.650E-01      0.747E+07     -0.222E+01      0.296E+01
      0.190E+01      0.334E-01      0.389E-01      0.289E+07     -0.282E+01      0.484E+01
      0.200E+01      0.139E-01      0.162E-01      0.847E+06     -0.282E+01      0.484E+01
      0.210E+01      0.139E-07      0.670E-04      0.135E+01     -0.121E+01      0.810E+04
      0.220E+01      0.749E-08      0.360E-04      0.511E+00     -0.121E+01      0.811E+04
      0.230E+01      0.103E-08      0.493E-05      0.615E-01     -0.122E+01      0.812E+04
      0.240E+01      0.160E-11      0.120E-07      0.132E-03     -0.423E+01      0.448E+05
      0.250E+01      0.633E-12      0.474E-08      0.373E-04     -0.423E+01      0.448E+05
      0.260E+01      0.000E+00      0.000E+00      0.000E+00     -0.990E+02     -0.990E+02
      0.275E+01      0.000E+00      0.000E+00      0.000E+00     -0.990E+02     -0.990E+02
      0.300E+01      0.000E+00      0.000E+00      0.000E+00     -0.990E+02     -0.990E+02
      0.325E+01      0.000E+00      0.000E+00      0.000E+00     -0.990E+02     -0.990E+02
      0.350E+01      0.000E+00      0.000E+00      0.000E+00     -0.990E+02     -0.990E+02
      0.375E+01      0.000E+00      0.000E+00      0.000E+00     -0.990E+02     -0.990E+02
      0.400E+01      0.000E+00      0.000E+00      0.000E+00     -0.990E+02     -0.990E+02
      0.425E+01      0.000E+00      0.000E+00      0.000E+00     -0.990E+02     -0.990E+02
      0.450E+01      0.000E+00      0.000E+00      0.000E+00     -0.990E+02     -0.990E+02
      0.475E+01      0.000E+00      0.000E+00      0.000E+00     -0.990E+02     -0.990E+02
      0.500E+01      0.000E+00      0.000E+00      0.000E+00     -0.990E+02     -0.990E+02
      0.525E+01      0.000E+00      0.000E+00      0.000E+00     -0.990E+02     -0.990E+02
      0.550E+01      0.000E+00      0.000E+00      0.000E+00     -0.990E+02     -0.990E+02
      0.575E+01      0.000E+00      0.000E+00      0.000E+00     -0.990E+02     -0.990E+02
      0.600E+01      0.000E+00      0.000E+00      0.000E+00     -0.990E+02     -0.990E+02
      0.625E+01      0.000E+00      0.000E+00      0.000E+00     -0.990E+02     -0.990E+02
      0.650E+01      0.000E+00      0.000E+00      0.000E+00     -0.990E+02     -0.990E+02
      0.675E+01      0.000E+00      0.000E+00      0.000E+00     -0.990E+02     -0.990E+02
      0.700E+01      0.000E+00      0.000E+00      0.000E+00     -0.990E+02     -0.990E+02
      0.725E+01      0.000E+00      0.000E+00      0.000E+00     -0.990E+02     -0.990E+02
      0.750E+01      0.000E+00      0.000E+00      0.000E+00     -0.990E+02     -0.990E+02
      0.775E+01      0.000E+00      0.000E+00      0.000E+00     -0.990E+02     -0.990E+02
      0.800E+01      0.000E+00      0.000E+00      0.000E+00     -0.990E+02     -0.990E+02
      0.825E+01      0.000E+00      0.000E+00      0.000E+00     -0.990E+02     -0.990E+02
      0.850E+01      0.000E+00      0.000E+00      0.000E+00     -0.990E+02     -0.990E+02
      0.875E+01      0.000E+00      0.000E+00      0.000E+00     -0.990E+02     -0.990E+02
      0.900E+01      0.000E+00      0.000E+00      0.000E+00     -0.990E+02     -0.990E+02
      0.925E+01      0.000E+00      0.000E+00      0.000E+00     -0.990E+02     -0.990E+02
      0.950E+01      0.000E+00      0.000E+00      0.000E+00     -0.990E+02     -0.990E+02
      0.975E+01      0.000E+00      0.000E+00      0.000E+00     -0.990E+02     -0.990E+02
      0.100E+02      0.000E+00      0.000E+00      0.000E+00     -0.990E+02     -0.990E+02
      0.102E+02      0.000E+00      0.000E+00      0.000E+00     -0.990E+02     -0.990E+02
      0.105E+02      0.000E+00      0.000E+00      0.000E+00     -0.990E+02     -0.990E+02
      0.108E+02      0.000E+00      0.000E+00      0.000E+00     -0.990E+02     -0.990E+02
      0.110E+02      0.000E+00      0.000E+00      0.000E+00     -0.990E+02     -0.990E+02
      0.112E+02      0.000E+00      0.000E+00      0.000E+00     -0.990E+02     -0.990E+02
      0.115E+02      0.000E+00      0.000E+00      0.000E+00     -0.990E+02     -0.990E+02
      0.118E+02      0.000E+00      0.000E+00      0.000E+00     -0.990E+02     -0.990E+02
      0.120E+02      0.000E+00      0.000E+00      0.000E+00     -0.990E+02     -0.990E+02
      0.122E+02      0.000E+00      0.000E+00      0.000E+00     -0.990E+02     -0.990E+02
      0.125E+02      0.000E+00      0.000E+00      0.000E+00     -0.990E+02     -0.990E+02
      0.128E+02      0.000E+00      0.000E+00      0.000E+00     -0.990E+02     -0.990E+02
      0.130E+02      0.000E+00      0.000E+00      0.000E+00     -0.990E+02     -0.990E+02
      0.132E+02      0.000E+00      0.000E+00      0.000E+00     -0.990E+02     -0.990E+02
      0.135E+02      0.000E+00      0.000E+00      0.000E+00     -0.990E+02     -0.990E+02
      0.138E+02      0.000E+00      0.000E+00      0.000E+00     -0.990E+02     -0.990E+02
      0.140E+02      0.000E+00      0.000E+00      0.000E+00     -0.990E+02     -0.990E+02
      0.142E+02      0.000E+00      0.000E+00      0.000E+00     -0.990E+02     -0.990E+02
      0.145E+02      0.000E+00      0.000E+00      0.000E+00     -0.990E+02     -0.990E+02
      0.148E+02      0.000E+00      0.000E+00      0.000E+00     -0.990E+02     -0.990E+02
      0.150E+02      0.000E+00      0.000E+00      0.000E+00     -0.990E+02     -0.990E+02
      0.152E+02      0.000E+00      0.000E+00      0.000E+00     -0.990E+02     -0.990E+02
      0.155E+02      0.000E+00      0.000E+00      0.000E+00     -0.990E+02     -0.990E+02
      0.158E+02      0.000E+00      0.000E+00      0.000E+00     -0.990E+02     -0.990E+02
      0.160E+02      0.000E+00      0.000E+00      0.000E+00     -0.990E+02     -0.990E+02
      0.162E+02      0.000E+00      0.000E+00      0.000E+00     -0.990E+02     -0.990E+02
      0.165E+02      0.000E+00      0.000E+00      0.000E+00     -0.990E+02     -0.990E+02
      0.168E+02      0.000E+00      0.000E+00      0.000E+00     -0.990E+02     -0.990E+02
      0.170E+02      0.000E+00      0.000E+00      0.000E+00     -0.990E+02     -0.990E+02
      0.172E+02      0.000E+00      0.000E+00      0.000E+00     -0.990E+02     -0.990E+02
      0.175E+02      0.000E+00      0.000E+00      0.000E+00     -0.990E+02     -0.990E+02
      0.178E+02      0.000E+00      0.000E+00      0.000E+00     -0.990E+02     -0.990E+02
      0.180E+02      0.000E+00      0.000E+00      0.000E+00     -0.990E+02     -0.990E+02
      0.182E+02      0.000E+00      0.000E+00      0.000E+00     -0.990E+02     -0.990E+02
      0.185E+02      0.000E+00      0.000E+00      0.000E+00     -0.990E+02     -0.990E+02
      0.188E+02      0.000E+00      0.000E+00      0.000E+00     -0.990E+02     -0.990E+02
      0.190E+02      0.000E+00      0.000E+00      0.000E+00     -0.990E+02     -0.990E+02
      0.192E+02      0.000E+00      0.000E+00      0.000E+00     -0.990E+02     -0.990E+02
      0.195E+02      0.000E+00      0.000E+00      0.000E+00     -0.990E+02     -0.990E+02
      0.198E+02      0.000E+00      0.000E+00      0.000E+00     -0.990E+02     -0.990E+02
      0.200E+02      0.000E+00      0.000E+00      0.000E+00     -0.990E+02     -0.990E+02
