      0.000E+00      0.109E+01      0.200E+00      0.787E+09     -0.990E+02     -0.990E+02
      0.100E-03      0.109E+01      0.200E+00      0.787E+09     -0.990E+02     -0.990E+02
      0.140E-03      0.109E+01      0.200E+00      0.787E+09     -0.990E+02     -0.990E+02
      0.160E-03      0.109E+01      0.200E+00      0.787E+09     -0.990E+02     -0.990E+02
      0.180E-03      0.109E+01      0.200E+00      0.787E+09     -0.990E+02     -0.990E+02
      0.200E-03      0.109E+01      0.200E+00      0.787E+09     -0.990E+02     -0.990E+02
      0.220E-03      0.109E+01      0.200E+00      0.787E+09     -0.990E+02     -0.990E+02
      0.250E-03      0.109E+01      0.200E+00      0.787E+09     -0.990E+02     -0.990E+02
      0.280E-03      0.109E+01      0.200E+00      0.787E+09     -0.990E+02     -0.990E+02
      0.320E-03      0.109E+01      0.200E+00      0.787E+09     -0.990E+02     -0.990E+02
      0.350E-03      0.109E+01      0.200E+00      0.787E+09     -0.990E+02     -0.990E+02
      0.400E-03      0.109E+01      0.200E+00      0.787E+09     -0.990E+02     -0.990E+02
      0.450E-03      0.109E+01      0.200E+00      0.787E+09     -0.990E+02     -0.990E+02
      0.500E-03      0.109E+01      0.200E+00      0.787E+09     -0.990E+02     -0.990E+02
      0.560E-03      0.109E+01      0.200E+00      0.787E+09     -0.990E+02     -0.990E+02
      0.630E-03      0.109E+01      0.200E+00      0.787E+09     -0.990E+02     -0.990E+02
      0.710E-03      0.109E+01      0.200E+00      0.787E+09     -0.990E+02     -0.990E+02
      0.790E-03      0.109E+01      0.200E+00      0.787E+09     -0.990E+02     -0.990E+02
      0.890E-03      0.109E+01      0.200E+00      0.787E+09     -0.990E+02     -0.990E+02
      0.100E-02      0.109E+01      0.200E+00      0.787E+09     -0.990E+02     -0.990E+02
      0.105E-02      0.109E+01      0.200E+00      0.787E+09     -0.990E+02     -0.990E+02
      0.110E-02      0.109E+01      0.200E+00      0.787E+09     -0.990E+02     -0.990E+02
      0.115E-02      0.109E+01      0.200E+00      0.787E+09     -0.990E+02     -0.990E+02
      0.120E-02      0.109E+01      0.200E+00      0.787E+09     -0.990E+02     -0.990E+02
      0.126E-02      0.109E+01      0.200E+00      0.787E+09     -0.990E+02     -0.990E+02
      0.132E-02      0.109E+01      0.200E+00      0.787E+09     -0.990E+02     -0.990E+02
      0.138E-02      0.109E+01      0.200E+00      0.787E+09     -0.990E+02     -0.990E+02
      0.145E-02      0.109E+01      0.200E+00      0.787E+09     -0.990E+02     -0.990E+02
      0.151E-02      0.109E+01      0.200E+00      0.787E+09     -0.990E+02     -0.990E+02
      0.158E-02      0.109E+01      0.200E+00      0.787E+09     -0.990E+02     -0.990E+02
      0.166E-02      0.109E+01      0.200E+00      0.787E+09     -0.990E+02     -0.990E+02
      0.174E-02      0.109E+01      0.200E+00      0.787E+09     -0.990E+02     -0.990E+02
      0.182E-02      0.109E+01      0.200E+00      0.787E+09     -0.990E+02     -0.990E+02
      0.191E-02      0.109E+01      0.200E+00      0.787E+09     -0.990E+02     -0.990E+02
      0.200E-02      0.109E+01      0.200E+00      0.787E+09     -0.990E+02     -0.990E+02
      0.209E-02      0.109E+01      0.200E+00      0.787E+09     -0.990E+02     -0.990E+02
      0.219E-02      0.109E+01      0.200E+00      0.787E+09     -0.990E+02     -0.990E+02
      0.229E-02      0.109E+01      0.200E+00      0.787E+09     -0.990E+02     -0.990E+02
      0.240E-02      0.109E+01      0.200E+00      0.787E+09     -0.990E+02     -0.990E+02
      0.251E-02      0.109E+01      0.200E+00      0.787E+09     -0.990E+02     -0.990E+02
      0.263E-02      0.109E+01      0.200E+00      0.787E+09     -0.990E+02     -0.990E+02
      0.275E-02      0.109E+01      0.200E+00      0.787E+09     -0.990E+02     -0.990E+02
      0.288E-02      0.109E+01      0.200E+00      0.787E+09     -0.990E+02     -0.990E+02
      0.302E-02      0.109E+01      0.200E+00      0.787E+09     -0.990E+02     -0.990E+02
      0.316E-02      0.109E+01      0.200E+00      0.787E+09     -0.990E+02     -0.990E+02
      0.331E-02      0.109E+01      0.200E+00      0.787E+09     -0.990E+02     -0.990E+02
      0.347E-02      0.109E+01      0.200E+00      0.787E+09     -0.990E+02     -0.990E+02
      0.363E-02      0.109E+01      0.200E+00      0.787E+09     -0.990E+02     -0.990E+02
      0.380E-02      0.109E+01      0.200E+00      0.787E+09     -0.990E+02     -0.990E+02
      0.398E-02      0.109E+01      0.200E+00      0.787E+09     -0.990E+02     -0.990E+02
      0.417E-02      0.109E+01      0.200E+00      0.787E+09     -0.990E+02     -0.990E+02
      0.437E-02      0.109E+01      0.200E+00      0.787E+09     -0.990E+02     -0.990E+02
      0.457E-02      0.109E+01      0.200E+00      0.787E+09     -0.990E+02     -0.990E+02
      0.479E-02      0.109E+01      0.200E+00      0.787E+09     -0.990E+02     -0.990E+02
      0.501E-02      0.109E+01      0.200E+00      0.787E+09     -0.990E+02     -0.990E+02
      0.525E-02      0.109E+01      0.200E+00      0.787E+09     -0.990E+02     -0.990E+02
      0.550E-02      0.109E+01      0.200E+00      0.787E+09     -0.990E+02     -0.990E+02
      0.575E-02      0.109E+01      0.200E+00      0.787E+09     -0.990E+02     -0.990E+02
      0.603E-02      0.109E+01      0.200E+00      0.787E+09     -0.990E+02     -0.990E+02
      0.631E-02      0.109E+01      0.200E+00      0.787E+09     -0.990E+02     -0.990E+02
      0.661E-02      0.109E+01      0.200E+00      0.787E+09     -0.990E+02     -0.990E+02
      0.692E-02      0.109E+01      0.200E+00      0.787E+09     -0.990E+02     -0.990E+02
      0.724E-02      0.109E+01      0.200E+00      0.787E+09     -0.990E+02     -0.990E+02
      0.759E-02      0.109E+01      0.200E+00      0.787E+09     -0.990E+02     -0.990E+02
      0.794E-02      0.109E+01      0.200E+00      0.787E+09     -0.990E+02     -0.990E+02
      0.832E-02      0.109E+01      0.200E+00      0.787E+09     -0.990E+02     -0.990E+02
      0.871E-02      0.109E+01      0.200E+00      0.787E+09     -0.990E+02     -0.990E+02
      0.912E-02      0.109E+01      0.200E+00      0.787E+09     -0.990E+02     -0.990E+02
      0.955E-02      0.109E+01      0.200E+00      0.787E+09     -0.990E+02     -0.990E+02
      0.100E-01      0.109E+01      0.200E+00      0.787E+09     -0.688E+00      0.532E+00
      0.105E-01      0.346E+00      0.199E+00      0.776E+09     -0.688E+00      0.532E+00
      0.110E-01      0.344E+00      0.198E+00      0.776E+09     -0.688E+00      0.532E+00
      0.115E-01      0.343E+00      0.198E+00      0.775E+09     -0.688E+00      0.533E+00
      0.120E-01      0.343E+00      0.198E+00      0.775E+09     -0.688E+00      0.533E+00
      0.126E-01      0.344E+00      0.198E+00      0.775E+09     -0.688E+00      0.533E+00
      0.132E-01      0.345E+00      0.200E+00      0.775E+09     -0.688E+00      0.534E+00
      0.138E-01      0.344E+00      0.200E+00      0.775E+09     -0.688E+00      0.534E+00
      0.144E-01      0.342E+00      0.198E+00      0.775E+09     -0.688E+00      0.534E+00
      0.151E-01      0.343E+00      0.199E+00      0.774E+09     -0.688E+00      0.535E+00
      0.159E-01      0.344E+00      0.200E+00      0.774E+09     -0.688E+00      0.535E+00
      0.166E-01      0.344E+00      0.200E+00      0.774E+09     -0.688E+00      0.536E+00
      0.174E-01      0.344E+00      0.200E+00      0.774E+09     -0.688E+00      0.536E+00
      0.182E-01      0.345E+00      0.201E+00      0.773E+09     -0.688E+00      0.537E+00
      0.191E-01      0.345E+00      0.202E+00      0.773E+09     -0.687E+00      0.538E+00
      0.200E-01      0.343E+00      0.201E+00      0.773E+09     -0.687E+00      0.538E+00
      0.209E-01      0.343E+00      0.201E+00      0.773E+09     -0.687E+00      0.539E+00
      0.219E-01      0.343E+00      0.202E+00      0.772E+09     -0.687E+00      0.540E+00
      0.229E-01      0.344E+00      0.202E+00      0.772E+09     -0.687E+00      0.540E+00
      0.240E-01      0.344E+00      0.203E+00      0.772E+09     -0.687E+00      0.541E+00
      0.251E-01      0.345E+00      0.203E+00      0.772E+09     -0.687E+00      0.541E+00
      0.263E-01      0.344E+00      0.203E+00      0.771E+09     -0.687E+00      0.541E+00
      0.275E-01      0.343E+00      0.202E+00      0.771E+09     -0.686E+00      0.540E+00
      0.290E-01      0.343E+00      0.202E+00      0.770E+09     -0.686E+00      0.540E+00
      0.300E-01      0.343E+00      0.203E+00      0.770E+09     -0.686E+00      0.540E+00
      0.310E-01      0.343E+00      0.203E+00      0.770E+09     -0.686E+00      0.540E+00
      0.320E-01      0.343E+00      0.203E+00      0.770E+09     -0.686E+00      0.540E+00
      0.330E-01      0.343E+00      0.203E+00      0.769E+09     -0.686E+00      0.540E+00
      0.340E-01      0.343E+00      0.203E+00      0.769E+09     -0.686E+00      0.540E+00
      0.350E-01      0.343E+00      0.203E+00      0.769E+09     -0.686E+00      0.540E+00
      0.360E-01      0.342E+00      0.203E+00      0.768E+09     -0.685E+00      0.539E+00
      0.370E-01      0.342E+00      0.203E+00      0.768E+09     -0.685E+00      0.539E+00
      0.380E-01      0.342E+00      0.203E+00      0.768E+09     -0.685E+00      0.539E+00
      0.390E-01      0.342E+00      0.203E+00      0.768E+09     -0.685E+00      0.539E+00
      0.400E-01      0.342E+00      0.203E+00      0.767E+09     -0.685E+00      0.539E+00
      0.425E-01      0.341E+00      0.203E+00      0.767E+09     -0.685E+00      0.539E+00
      0.450E-01      0.341E+00      0.203E+00      0.766E+09     -0.685E+00      0.539E+00
      0.475E-01      0.340E+00      0.203E+00      0.765E+09     -0.685E+00      0.539E+00
      0.500E-01      0.340E+00      0.203E+00      0.765E+09     -0.684E+00      0.539E+00
      0.525E-01      0.340E+00      0.203E+00      0.764E+09     -0.684E+00      0.540E+00
      0.550E-01      0.339E+00      0.203E+00      0.763E+09     -0.684E+00      0.540E+00
      0.571E-01      0.339E+00      0.204E+00      0.763E+09     -0.684E+00      0.540E+00
      0.640E-01      0.338E+00      0.204E+00      0.762E+09     -0.683E+00      0.541E+00
      0.719E-01      0.337E+00      0.205E+00      0.760E+09     -0.682E+00      0.542E+00
      0.806E-01      0.336E+00      0.206E+00      0.757E+09     -0.681E+00      0.544E+00
      0.905E-01      0.333E+00      0.203E+00      0.755E+09     -0.682E+00      0.542E+00
      0.102E+00      0.331E+00      0.199E+00      0.752E+09     -0.683E+00      0.540E+00
      0.114E+00      0.328E+00      0.196E+00      0.749E+09     -0.683E+00      0.540E+00
      0.128E+00      0.325E+00      0.192E+00      0.746E+09     -0.684E+00      0.538E+00
      0.143E+00      0.321E+00      0.187E+00      0.743E+09     -0.684E+00      0.534E+00
      0.161E+00      0.324E+00      0.180E+00      0.739E+09     -0.691E+00      0.512E+00
      0.181E+00      0.327E+00      0.172E+00      0.734E+09     -0.699E+00      0.489E+00
      0.203E+00      0.330E+00      0.164E+00      0.729E+09     -0.708E+00      0.468E+00
      0.227E+00      0.334E+00      0.158E+00      0.724E+09     -0.718E+00      0.453E+00
      0.255E+00      0.339E+00      0.153E+00      0.717E+09     -0.730E+00      0.442E+00
      0.286E+00      0.345E+00      0.152E+00      0.710E+09     -0.742E+00      0.442E+00
      0.321E+00      0.353E+00      0.155E+00      0.702E+09     -0.756E+00      0.451E+00
      0.360E+00      0.363E+00      0.165E+00      0.693E+09     -0.768E+00      0.474E+00
      0.404E+00      0.372E+00      0.173E+00      0.683E+09     -0.775E+00      0.490E+00
      0.453E+00      0.373E+00      0.172E+00      0.671E+09     -0.766E+00      0.480E+00
      0.509E+00      0.372E+00      0.179E+00      0.657E+09     -0.755E+00      0.493E+00
      0.571E+00      0.375E+00      0.195E+00      0.643E+09     -0.740E+00      0.528E+00
      0.641E+00      0.382E+00      0.219E+00      0.626E+09     -0.721E+00      0.580E+00
      0.719E+00      0.386E+00      0.206E+00      0.607E+09     -0.718E+00      0.543E+00
      0.806E+00      0.387E+00      0.196E+00      0.586E+09     -0.716E+00      0.521E+00
      0.905E+00      0.381E+00      0.187E+00      0.562E+09     -0.722E+00      0.515E+00
      0.102E+01      0.386E+00      0.186E+00      0.536E+09     -0.742E+00      0.527E+00
      0.114E+01      0.393E+00      0.209E+00      0.507E+09     -0.758E+00      0.602E+00
      0.128E+01      0.364E+00      0.181E+00      0.474E+09     -0.775E+00      0.576E+00
      0.143E+01      0.358E+00      0.162E+00      0.439E+09     -0.806E+00      0.529E+00
      0.161E+01      0.418E+00      0.205E+00      0.402E+09     -0.843E+00      0.598E+00
      0.168E+01      0.417E+00      0.208E+00      0.371E+09     -0.848E+00      0.613E+00
      0.170E+01      0.411E+00      0.200E+00      0.359E+09     -0.848E+00      0.596E+00
      0.180E+01      0.387E+00      0.167E+00      0.344E+09     -0.849E+00      0.529E+00
      0.190E+01      0.372E+00      0.159E+00      0.320E+09     -0.862E+00      0.533E+00
      0.200E+01      0.398E+00      0.166E+00      0.297E+09     -0.918E+00      0.572E+00
      0.210E+01      0.423E+00      0.197E+00      0.273E+09     -0.971E+00      0.684E+00
      0.220E+01      0.381E+00      0.173E+00      0.248E+09     -0.984E+00      0.666E+00
      0.230E+01      0.312E+00      0.143E+00      0.225E+09     -0.990E+00      0.653E+00
      0.240E+01      0.255E+00      0.143E+00      0.206E+09     -0.101E+01      0.800E+00
      0.250E+01      0.240E+00      0.135E+00      0.191E+09     -0.103E+01      0.843E+00
      0.260E+01      0.221E+00      0.127E+00      0.176E+09     -0.102E+01      0.832E+00
      0.275E+01      0.206E+00      0.121E+00      0.160E+09     -0.100E+01      0.835E+00
      0.300E+01      0.198E+00      0.135E+00      0.136E+09     -0.994E+00      0.964E+00
      0.325E+01      0.189E+00      0.147E+00      0.106E+09     -0.991E+00      0.110E+01
      0.350E+01      0.165E+00      0.110E+00      0.789E+08     -0.109E+01      0.102E+01
      0.375E+01      0.135E+00      0.932E-01      0.549E+08     -0.123E+01      0.117E+01
      0.400E+01      0.103E+00      0.928E-01      0.353E+08     -0.122E+01      0.147E+01
      0.425E+01      0.789E-01      0.805E-01      0.205E+08     -0.126E+01      0.168E+01
      0.450E+01      0.452E-01      0.511E-01      0.913E+07     -0.135E+01      0.202E+01
      0.475E+01      0.144E-01      0.199E-01      0.266E+07     -0.123E+01      0.224E+01
      0.500E+01      0.430E-02      0.490E-02      0.612E+06     -0.164E+01      0.255E+01
      0.525E+01      0.926E-11      0.462E-07      0.131E-02     -0.162E+01      0.156E+05
      0.550E+01      0.105E-15      0.921E-10      0.148E-07     -0.128E+01      0.158E+07
      0.575E+01      0.000E+00      0.000E+00      0.000E+00     -0.990E+02     -0.990E+02
      0.600E+01      0.000E+00      0.000E+00      0.000E+00     -0.990E+02     -0.990E+02
      0.625E+01      0.000E+00      0.000E+00      0.000E+00     -0.990E+02     -0.990E+02
      0.650E+01      0.000E+00      0.000E+00      0.000E+00     -0.990E+02     -0.990E+02
      0.675E+01      0.000E+00      0.000E+00      0.000E+00     -0.990E+02     -0.990E+02
      0.700E+01      0.000E+00      0.000E+00      0.000E+00     -0.990E+02     -0.990E+02
      0.725E+01      0.000E+00      0.000E+00      0.000E+00     -0.990E+02     -0.990E+02
      0.750E+01      0.000E+00      0.000E+00      0.000E+00     -0.990E+02     -0.990E+02
      0.775E+01      0.000E+00      0.000E+00      0.000E+00     -0.990E+02     -0.990E+02
      0.800E+01      0.000E+00      0.000E+00      0.000E+00     -0.990E+02     -0.990E+02
      0.825E+01      0.000E+00      0.000E+00      0.000E+00     -0.990E+02     -0.990E+02
      0.850E+01      0.000E+00      0.000E+00      0.000E+00     -0.990E+02     -0.990E+02
      0.875E+01      0.000E+00      0.000E+00      0.000E+00     -0.990E+02     -0.990E+02
      0.900E+01      0.000E+00      0.000E+00      0.000E+00     -0.990E+02     -0.990E+02
      0.925E+01      0.000E+00      0.000E+00      0.000E+00     -0.990E+02     -0.990E+02
      0.950E+01      0.000E+00      0.000E+00      0.000E+00     -0.990E+02     -0.990E+02
      0.975E+01      0.000E+00      0.000E+00      0.000E+00     -0.990E+02     -0.990E+02
      0.100E+02      0.000E+00      0.000E+00      0.000E+00     -0.990E+02     -0.990E+02
      0.102E+02      0.000E+00      0.000E+00      0.000E+00     -0.990E+02     -0.990E+02
      0.105E+02      0.000E+00      0.000E+00      0.000E+00     -0.990E+02     -0.990E+02
      0.108E+02      0.000E+00      0.000E+00      0.000E+00     -0.990E+02     -0.990E+02
      0.110E+02      0.000E+00      0.000E+00      0.000E+00     -0.990E+02     -0.990E+02
      0.112E+02      0.000E+00      0.000E+00      0.000E+00     -0.990E+02     -0.990E+02
      0.115E+02      0.000E+00      0.000E+00      0.000E+00     -0.990E+02     -0.990E+02
      0.118E+02      0.000E+00      0.000E+00      0.000E+00     -0.990E+02     -0.990E+02
      0.120E+02      0.000E+00      0.000E+00      0.000E+00     -0.990E+02     -0.990E+02
      0.122E+02      0.000E+00      0.000E+00      0.000E+00     -0.990E+02     -0.990E+02
      0.125E+02      0.000E+00      0.000E+00      0.000E+00     -0.990E+02     -0.990E+02
      0.128E+02      0.000E+00      0.000E+00      0.000E+00     -0.990E+02     -0.990E+02
      0.130E+02      0.000E+00      0.000E+00      0.000E+00     -0.990E+02     -0.990E+02
      0.132E+02      0.000E+00      0.000E+00      0.000E+00     -0.990E+02     -0.990E+02
      0.135E+02      0.000E+00      0.000E+00      0.000E+00     -0.990E+02     -0.990E+02
      0.138E+02      0.000E+00      0.000E+00      0.000E+00     -0.990E+02     -0.990E+02
      0.140E+02      0.000E+00      0.000E+00      0.000E+00     -0.990E+02     -0.990E+02
      0.142E+02      0.000E+00      0.000E+00      0.000E+00     -0.990E+02     -0.990E+02
      0.145E+02      0.000E+00      0.000E+00      0.000E+00     -0.990E+02     -0.990E+02
      0.148E+02      0.000E+00      0.000E+00      0.000E+00     -0.990E+02     -0.990E+02
      0.150E+02      0.000E+00      0.000E+00      0.000E+00     -0.990E+02     -0.990E+02
      0.152E+02      0.000E+00      0.000E+00      0.000E+00     -0.990E+02     -0.990E+02
      0.155E+02      0.000E+00      0.000E+00      0.000E+00     -0.990E+02     -0.990E+02
      0.158E+02      0.000E+00      0.000E+00      0.000E+00     -0.990E+02     -0.990E+02
      0.160E+02      0.000E+00      0.000E+00      0.000E+00     -0.990E+02     -0.990E+02
      0.162E+02      0.000E+00      0.000E+00      0.000E+00     -0.990E+02     -0.990E+02
      0.165E+02      0.000E+00      0.000E+00      0.000E+00     -0.990E+02     -0.990E+02
      0.168E+02      0.000E+00      0.000E+00      0.000E+00     -0.990E+02     -0.990E+02
      0.170E+02      0.000E+00      0.000E+00      0.000E+00     -0.990E+02     -0.990E+02
      0.172E+02      0.000E+00      0.000E+00      0.000E+00     -0.990E+02     -0.990E+02
      0.175E+02      0.000E+00      0.000E+00      0.000E+00     -0.990E+02     -0.990E+02
      0.178E+02      0.000E+00      0.000E+00      0.000E+00     -0.990E+02     -0.990E+02
      0.180E+02      0.000E+00      0.000E+00      0.000E+00     -0.990E+02     -0.990E+02
      0.182E+02      0.000E+00      0.000E+00      0.000E+00     -0.990E+02     -0.990E+02
      0.185E+02      0.000E+00      0.000E+00      0.000E+00     -0.990E+02     -0.990E+02
      0.188E+02      0.000E+00      0.000E+00      0.000E+00     -0.990E+02     -0.990E+02
      0.190E+02      0.000E+00      0.000E+00      0.000E+00     -0.990E+02     -0.990E+02
      0.192E+02      0.000E+00      0.000E+00      0.000E+00     -0.990E+02     -0.990E+02
      0.195E+02      0.000E+00      0.000E+00      0.000E+00     -0.990E+02     -0.990E+02
      0.198E+02      0.000E+00      0.000E+00      0.000E+00     -0.990E+02     -0.990E+02
      0.200E+02      0.000E+00      0.000E+00      0.000E+00     -0.990E+02     -0.990E+02
