      0.000E+00      0.653E+00      0.111E+00      0.650E+09     -0.990E+02     -0.990E+02
      0.100E-03      0.653E+00      0.111E+00      0.650E+09     -0.990E+02     -0.990E+02
      0.140E-03      0.653E+00      0.111E+00      0.650E+09     -0.990E+02     -0.990E+02
      0.160E-03      0.653E+00      0.111E+00      0.650E+09     -0.990E+02     -0.990E+02
      0.180E-03      0.653E+00      0.111E+00      0.650E+09     -0.990E+02     -0.990E+02
      0.200E-03      0.653E+00      0.111E+00      0.650E+09     -0.990E+02     -0.990E+02
      0.220E-03      0.653E+00      0.111E+00      0.650E+09     -0.990E+02     -0.990E+02
      0.250E-03      0.653E+00      0.111E+00      0.650E+09     -0.990E+02     -0.990E+02
      0.280E-03      0.653E+00      0.111E+00      0.650E+09     -0.990E+02     -0.990E+02
      0.320E-03      0.653E+00      0.111E+00      0.650E+09     -0.990E+02     -0.990E+02
      0.350E-03      0.653E+00      0.111E+00      0.650E+09     -0.990E+02     -0.990E+02
      0.400E-03      0.653E+00      0.111E+00      0.650E+09     -0.990E+02     -0.990E+02
      0.450E-03      0.653E+00      0.111E+00      0.650E+09     -0.990E+02     -0.990E+02
      0.500E-03      0.653E+00      0.111E+00      0.650E+09     -0.990E+02     -0.990E+02
      0.560E-03      0.653E+00      0.111E+00      0.650E+09     -0.990E+02     -0.990E+02
      0.630E-03      0.653E+00      0.111E+00      0.650E+09     -0.990E+02     -0.990E+02
      0.710E-03      0.653E+00      0.111E+00      0.650E+09     -0.990E+02     -0.990E+02
      0.790E-03      0.653E+00      0.111E+00      0.650E+09     -0.990E+02     -0.990E+02
      0.890E-03      0.653E+00      0.111E+00      0.650E+09     -0.990E+02     -0.990E+02
      0.100E-02      0.653E+00      0.111E+00      0.650E+09     -0.990E+02     -0.990E+02
      0.105E-02      0.653E+00      0.111E+00      0.650E+09     -0.990E+02     -0.990E+02
      0.110E-02      0.653E+00      0.111E+00      0.650E+09     -0.990E+02     -0.990E+02
      0.115E-02      0.653E+00      0.111E+00      0.650E+09     -0.990E+02     -0.990E+02
      0.120E-02      0.653E+00      0.111E+00      0.650E+09     -0.990E+02     -0.990E+02
      0.126E-02      0.653E+00      0.111E+00      0.650E+09     -0.990E+02     -0.990E+02
      0.132E-02      0.653E+00      0.111E+00      0.650E+09     -0.990E+02     -0.990E+02
      0.138E-02      0.653E+00      0.111E+00      0.650E+09     -0.990E+02     -0.990E+02
      0.145E-02      0.653E+00      0.111E+00      0.650E+09     -0.990E+02     -0.990E+02
      0.151E-02      0.653E+00      0.111E+00      0.650E+09     -0.990E+02     -0.990E+02
      0.158E-02      0.653E+00      0.111E+00      0.650E+09     -0.990E+02     -0.990E+02
      0.166E-02      0.653E+00      0.111E+00      0.650E+09     -0.990E+02     -0.990E+02
      0.174E-02      0.653E+00      0.111E+00      0.650E+09     -0.990E+02     -0.990E+02
      0.182E-02      0.653E+00      0.111E+00      0.650E+09     -0.990E+02     -0.990E+02
      0.191E-02      0.653E+00      0.111E+00      0.650E+09     -0.990E+02     -0.990E+02
      0.200E-02      0.653E+00      0.111E+00      0.650E+09     -0.990E+02     -0.990E+02
      0.209E-02      0.653E+00      0.111E+00      0.650E+09     -0.990E+02     -0.990E+02
      0.219E-02      0.653E+00      0.111E+00      0.650E+09     -0.990E+02     -0.990E+02
      0.229E-02      0.653E+00      0.111E+00      0.650E+09     -0.990E+02     -0.990E+02
      0.240E-02      0.653E+00      0.111E+00      0.650E+09     -0.990E+02     -0.990E+02
      0.251E-02      0.653E+00      0.111E+00      0.650E+09     -0.990E+02     -0.990E+02
      0.263E-02      0.653E+00      0.111E+00      0.650E+09     -0.990E+02     -0.990E+02
      0.275E-02      0.653E+00      0.111E+00      0.650E+09     -0.990E+02     -0.990E+02
      0.288E-02      0.653E+00      0.111E+00      0.650E+09     -0.990E+02     -0.990E+02
      0.302E-02      0.653E+00      0.111E+00      0.650E+09     -0.990E+02     -0.990E+02
      0.316E-02      0.653E+00      0.111E+00      0.650E+09     -0.990E+02     -0.990E+02
      0.331E-02      0.653E+00      0.111E+00      0.650E+09     -0.990E+02     -0.990E+02
      0.347E-02      0.653E+00      0.111E+00      0.650E+09     -0.990E+02     -0.990E+02
      0.363E-02      0.653E+00      0.111E+00      0.650E+09     -0.990E+02     -0.990E+02
      0.380E-02      0.653E+00      0.111E+00      0.650E+09     -0.990E+02     -0.990E+02
      0.398E-02      0.653E+00      0.111E+00      0.650E+09     -0.990E+02     -0.990E+02
      0.417E-02      0.653E+00      0.111E+00      0.650E+09     -0.990E+02     -0.990E+02
      0.437E-02      0.653E+00      0.111E+00      0.650E+09     -0.990E+02     -0.990E+02
      0.457E-02      0.653E+00      0.111E+00      0.650E+09     -0.990E+02     -0.990E+02
      0.479E-02      0.653E+00      0.111E+00      0.650E+09     -0.990E+02     -0.990E+02
      0.501E-02      0.653E+00      0.111E+00      0.650E+09     -0.990E+02     -0.990E+02
      0.525E-02      0.653E+00      0.111E+00      0.650E+09     -0.990E+02     -0.990E+02
      0.550E-02      0.653E+00      0.111E+00      0.650E+09     -0.990E+02     -0.990E+02
      0.575E-02      0.653E+00      0.111E+00      0.650E+09     -0.990E+02     -0.990E+02
      0.603E-02      0.653E+00      0.111E+00      0.650E+09     -0.990E+02     -0.990E+02
      0.631E-02      0.653E+00      0.111E+00      0.650E+09     -0.990E+02     -0.990E+02
      0.661E-02      0.653E+00      0.111E+00      0.650E+09     -0.990E+02     -0.990E+02
      0.692E-02      0.653E+00      0.111E+00      0.650E+09     -0.990E+02     -0.990E+02
      0.724E-02      0.653E+00      0.111E+00      0.650E+09     -0.990E+02     -0.990E+02
      0.759E-02      0.653E+00      0.111E+00      0.650E+09     -0.990E+02     -0.990E+02
      0.794E-02      0.653E+00      0.111E+00      0.650E+09     -0.990E+02     -0.990E+02
      0.832E-02      0.653E+00      0.111E+00      0.650E+09     -0.990E+02     -0.990E+02
      0.871E-02      0.653E+00      0.111E+00      0.650E+09     -0.990E+02     -0.990E+02
      0.912E-02      0.653E+00      0.111E+00      0.650E+09     -0.990E+02     -0.990E+02
      0.955E-02      0.653E+00      0.111E+00      0.650E+09     -0.990E+02     -0.990E+02
      0.100E-01      0.653E+00      0.111E+00      0.650E+09     -0.658E+00      0.505E+00
      0.105E-01      0.690E+00      0.366E+00      0.643E+09     -0.658E+00      0.505E+00
      0.110E-01      0.687E+00      0.365E+00      0.643E+09     -0.658E+00      0.505E+00
      0.115E-01      0.686E+00      0.364E+00      0.642E+09     -0.659E+00      0.505E+00
      0.120E-01      0.686E+00      0.364E+00      0.642E+09     -0.659E+00      0.505E+00
      0.126E-01      0.687E+00      0.364E+00      0.642E+09     -0.659E+00      0.504E+00
      0.132E-01      0.691E+00      0.366E+00      0.641E+09     -0.659E+00      0.504E+00
      0.138E-01      0.690E+00      0.365E+00      0.641E+09     -0.659E+00      0.503E+00
      0.144E-01      0.685E+00      0.362E+00      0.641E+09     -0.659E+00      0.503E+00
      0.151E-01      0.688E+00      0.363E+00      0.640E+09     -0.660E+00      0.502E+00
      0.159E-01      0.691E+00      0.364E+00      0.640E+09     -0.660E+00      0.502E+00
      0.166E-01      0.691E+00      0.364E+00      0.639E+09     -0.660E+00      0.502E+00
      0.174E-01      0.693E+00      0.365E+00      0.639E+09     -0.661E+00      0.501E+00
      0.182E-01      0.696E+00      0.366E+00      0.638E+09     -0.661E+00      0.501E+00
      0.191E-01      0.696E+00      0.365E+00      0.638E+09     -0.661E+00      0.500E+00
      0.200E-01      0.693E+00      0.363E+00      0.637E+09     -0.661E+00      0.499E+00
      0.209E-01      0.693E+00      0.363E+00      0.637E+09     -0.661E+00      0.499E+00
      0.219E-01      0.694E+00      0.363E+00      0.636E+09     -0.662E+00      0.498E+00
      0.229E-01      0.697E+00      0.364E+00      0.636E+09     -0.662E+00      0.498E+00
      0.240E-01      0.698E+00      0.364E+00      0.635E+09     -0.663E+00      0.497E+00
      0.251E-01      0.700E+00      0.364E+00      0.634E+09     -0.663E+00      0.497E+00
      0.263E-01      0.700E+00      0.364E+00      0.634E+09     -0.663E+00      0.496E+00
      0.275E-01      0.700E+00      0.363E+00      0.633E+09     -0.664E+00      0.495E+00
      0.290E-01      0.701E+00      0.363E+00      0.632E+09     -0.664E+00      0.495E+00
      0.300E-01      0.703E+00      0.364E+00      0.632E+09     -0.665E+00      0.494E+00
      0.310E-01      0.703E+00      0.363E+00      0.631E+09     -0.664E+00      0.494E+00
      0.320E-01      0.704E+00      0.363E+00      0.630E+09     -0.665E+00      0.493E+00
      0.330E-01      0.705E+00      0.363E+00      0.630E+09     -0.665E+00      0.493E+00
      0.340E-01      0.706E+00      0.363E+00      0.629E+09     -0.666E+00      0.492E+00
      0.350E-01      0.707E+00      0.363E+00      0.629E+09     -0.666E+00      0.492E+00
      0.360E-01      0.708E+00      0.363E+00      0.628E+09     -0.666E+00      0.491E+00
      0.370E-01      0.708E+00      0.363E+00      0.628E+09     -0.666E+00      0.491E+00
      0.380E-01      0.709E+00      0.363E+00      0.627E+09     -0.667E+00      0.490E+00
      0.390E-01      0.710E+00      0.363E+00      0.626E+09     -0.667E+00      0.490E+00
      0.400E-01      0.711E+00      0.363E+00      0.626E+09     -0.667E+00      0.489E+00
      0.425E-01      0.713E+00      0.363E+00      0.625E+09     -0.668E+00      0.488E+00
      0.450E-01      0.715E+00      0.363E+00      0.623E+09     -0.669E+00      0.487E+00
      0.475E-01      0.716E+00      0.362E+00      0.622E+09     -0.670E+00      0.486E+00
      0.500E-01      0.719E+00      0.362E+00      0.620E+09     -0.671E+00      0.485E+00
      0.525E-01      0.720E+00      0.362E+00      0.619E+09     -0.672E+00      0.484E+00
      0.550E-01      0.721E+00      0.361E+00      0.618E+09     -0.673E+00      0.483E+00
      0.571E-01      0.723E+00      0.361E+00      0.616E+09     -0.674E+00      0.482E+00
      0.640E-01      0.728E+00      0.361E+00      0.614E+09     -0.676E+00      0.480E+00
      0.719E-01      0.733E+00      0.360E+00      0.610E+09     -0.679E+00      0.478E+00
      0.806E-01      0.740E+00      0.360E+00      0.605E+09     -0.683E+00      0.476E+00
      0.905E-01      0.746E+00      0.359E+00      0.599E+09     -0.687E+00      0.475E+00
      0.102E+00      0.753E+00      0.359E+00      0.594E+09     -0.691E+00      0.474E+00
      0.114E+00      0.761E+00      0.360E+00      0.587E+09     -0.696E+00      0.475E+00
      0.128E+00      0.770E+00      0.361E+00      0.579E+09     -0.701E+00      0.476E+00
      0.143E+00      0.778E+00      0.364E+00      0.571E+09     -0.707E+00      0.480E+00
      0.161E+00      0.786E+00      0.368E+00      0.561E+09     -0.717E+00      0.488E+00
      0.181E+00      0.795E+00      0.374E+00      0.550E+09     -0.726E+00      0.499E+00
      0.203E+00      0.805E+00      0.384E+00      0.538E+09     -0.736E+00      0.513E+00
      0.227E+00      0.818E+00      0.396E+00      0.525E+09     -0.747E+00      0.531E+00
      0.255E+00      0.827E+00      0.411E+00      0.509E+09     -0.757E+00      0.552E+00
      0.286E+00      0.797E+00      0.395E+00      0.492E+09     -0.761E+00      0.555E+00
      0.321E+00      0.761E+00      0.375E+00      0.474E+09     -0.764E+00      0.555E+00
      0.360E+00      0.723E+00      0.356E+00      0.454E+09     -0.767E+00      0.559E+00
      0.404E+00      0.683E+00      0.339E+00      0.433E+09     -0.769E+00      0.571E+00
      0.453E+00      0.639E+00      0.326E+00      0.411E+09     -0.767E+00      0.593E+00
      0.509E+00      0.591E+00      0.317E+00      0.388E+09     -0.765E+00      0.633E+00
      0.571E+00      0.564E+00      0.289E+00      0.365E+09     -0.764E+00      0.598E+00
      0.641E+00      0.536E+00      0.264E+00      0.340E+09     -0.766E+00      0.573E+00
      0.719E+00      0.492E+00      0.242E+00      0.313E+09     -0.789E+00      0.587E+00
      0.806E+00      0.435E+00      0.215E+00      0.286E+09     -0.799E+00      0.595E+00
      0.905E+00      0.366E+00      0.177E+00      0.259E+09     -0.786E+00      0.566E+00
      0.102E+01      0.301E+00      0.157E+00      0.235E+09     -0.754E+00      0.581E+00
      0.114E+01      0.296E+00      0.158E+00      0.212E+09     -0.814E+00      0.641E+00
      0.128E+01      0.289E+00      0.169E+00      0.187E+09     -0.859E+00      0.736E+00
      0.143E+01      0.248E+00      0.146E+00      0.160E+09     -0.844E+00      0.705E+00
      0.161E+01      0.216E+00      0.124E+00      0.134E+09     -0.849E+00      0.663E+00
      0.168E+01      0.206E+00      0.118E+00      0.117E+09     -0.868E+00      0.666E+00
      0.170E+01      0.204E+00      0.118E+00      0.111E+09     -0.873E+00      0.677E+00
      0.180E+01      0.197E+00      0.122E+00      0.104E+09     -0.847E+00      0.704E+00
      0.190E+01      0.198E+00      0.127E+00      0.913E+08     -0.758E+00      0.645E+00
      0.200E+01      0.186E+00      0.121E+00      0.790E+08     -0.685E+00      0.601E+00
      0.210E+01      0.164E+00      0.110E+00      0.675E+08     -0.627E+00      0.560E+00
      0.220E+01      0.146E+00      0.104E+00      0.575E+08     -0.562E+00      0.551E+00
      0.230E+01      0.135E+00      0.999E-01      0.485E+08     -0.501E+00      0.531E+00
      0.240E+01      0.122E+00      0.943E-01      0.403E+08     -0.467E+00      0.499E+00
      0.250E+01      0.102E+00      0.851E-01      0.328E+08     -0.470E+00      0.621E+00
      0.260E+01      0.858E-01      0.812E-01      0.266E+08     -0.460E+00      0.755E+00
      0.275E+01      0.650E-01      0.719E-01      0.201E+08     -0.345E+00      0.833E+00
      0.300E+01      0.429E-01      0.538E-01      0.123E+08     -0.376E+00      0.880E+00
      0.325E+01      0.259E-01      0.372E-01      0.584E+07     -0.561E+00      0.144E+01
      0.350E+01      0.107E-01      0.169E-01      0.199E+07     -0.994E+00      0.229E+01
      0.375E+01      0.240E-02      0.799E-02      0.425E+06     -0.141E+01      0.572E+01
      0.400E+01      0.445E-03      0.342E-02      0.746E+05     -0.183E+01      0.167E+02
      0.425E+01      0.672E-04      0.785E-03      0.101E+05     -0.908E+00      0.187E+02
      0.450E+01      0.268E-05      0.100E-03      0.389E+03     -0.273E+01      0.149E+03
      0.475E+01      0.596E-15      0.587E-09      0.848E-07     -0.384E+01      0.556E+07
      0.500E+01      0.601E-29      0.221E-16      0.871E-21     -0.181E+01       Infinity
      0.525E+01      0.000E+00      0.000E+00      0.000E+00     -0.990E+02     -0.990E+02
      0.550E+01      0.000E+00      0.000E+00      0.000E+00     -0.990E+02     -0.990E+02
      0.575E+01      0.000E+00      0.000E+00      0.000E+00     -0.990E+02     -0.990E+02
      0.600E+01      0.000E+00      0.000E+00      0.000E+00     -0.990E+02     -0.990E+02
      0.625E+01      0.000E+00      0.000E+00      0.000E+00     -0.990E+02     -0.990E+02
      0.650E+01      0.000E+00      0.000E+00      0.000E+00     -0.990E+02     -0.990E+02
      0.675E+01      0.000E+00      0.000E+00      0.000E+00     -0.990E+02     -0.990E+02
      0.700E+01      0.000E+00      0.000E+00      0.000E+00     -0.990E+02     -0.990E+02
      0.725E+01      0.000E+00      0.000E+00      0.000E+00     -0.990E+02     -0.990E+02
      0.750E+01      0.000E+00      0.000E+00      0.000E+00     -0.990E+02     -0.990E+02
      0.775E+01      0.000E+00      0.000E+00      0.000E+00     -0.990E+02     -0.990E+02
      0.800E+01      0.000E+00      0.000E+00      0.000E+00     -0.990E+02     -0.990E+02
      0.825E+01      0.000E+00      0.000E+00      0.000E+00     -0.990E+02     -0.990E+02
      0.850E+01      0.000E+00      0.000E+00      0.000E+00     -0.990E+02     -0.990E+02
      0.875E+01      0.000E+00      0.000E+00      0.000E+00     -0.990E+02     -0.990E+02
      0.900E+01      0.000E+00      0.000E+00      0.000E+00     -0.990E+02     -0.990E+02
      0.925E+01      0.000E+00      0.000E+00      0.000E+00     -0.990E+02     -0.990E+02
      0.950E+01      0.000E+00      0.000E+00      0.000E+00     -0.990E+02     -0.990E+02
      0.975E+01      0.000E+00      0.000E+00      0.000E+00     -0.990E+02     -0.990E+02
      0.100E+02      0.000E+00      0.000E+00      0.000E+00     -0.990E+02     -0.990E+02
      0.102E+02      0.000E+00      0.000E+00      0.000E+00     -0.990E+02     -0.990E+02
      0.105E+02      0.000E+00      0.000E+00      0.000E+00     -0.990E+02     -0.990E+02
      0.108E+02      0.000E+00      0.000E+00      0.000E+00     -0.990E+02     -0.990E+02
      0.110E+02      0.000E+00      0.000E+00      0.000E+00     -0.990E+02     -0.990E+02
      0.112E+02      0.000E+00      0.000E+00      0.000E+00     -0.990E+02     -0.990E+02
      0.115E+02      0.000E+00      0.000E+00      0.000E+00     -0.990E+02     -0.990E+02
      0.118E+02      0.000E+00      0.000E+00      0.000E+00     -0.990E+02     -0.990E+02
      0.120E+02      0.000E+00      0.000E+00      0.000E+00     -0.990E+02     -0.990E+02
      0.122E+02      0.000E+00      0.000E+00      0.000E+00     -0.990E+02     -0.990E+02
      0.125E+02      0.000E+00      0.000E+00      0.000E+00     -0.990E+02     -0.990E+02
      0.128E+02      0.000E+00      0.000E+00      0.000E+00     -0.990E+02     -0.990E+02
      0.130E+02      0.000E+00      0.000E+00      0.000E+00     -0.990E+02     -0.990E+02
      0.132E+02      0.000E+00      0.000E+00      0.000E+00     -0.990E+02     -0.990E+02
      0.135E+02      0.000E+00      0.000E+00      0.000E+00     -0.990E+02     -0.990E+02
      0.138E+02      0.000E+00      0.000E+00      0.000E+00     -0.990E+02     -0.990E+02
      0.140E+02      0.000E+00      0.000E+00      0.000E+00     -0.990E+02     -0.990E+02
      0.142E+02      0.000E+00      0.000E+00      0.000E+00     -0.990E+02     -0.990E+02
      0.145E+02      0.000E+00      0.000E+00      0.000E+00     -0.990E+02     -0.990E+02
      0.148E+02      0.000E+00      0.000E+00      0.000E+00     -0.990E+02     -0.990E+02
      0.150E+02      0.000E+00      0.000E+00      0.000E+00     -0.990E+02     -0.990E+02
      0.152E+02      0.000E+00      0.000E+00      0.000E+00     -0.990E+02     -0.990E+02
      0.155E+02      0.000E+00      0.000E+00      0.000E+00     -0.990E+02     -0.990E+02
      0.158E+02      0.000E+00      0.000E+00      0.000E+00     -0.990E+02     -0.990E+02
      0.160E+02      0.000E+00      0.000E+00      0.000E+00     -0.990E+02     -0.990E+02
      0.162E+02      0.000E+00      0.000E+00      0.000E+00     -0.990E+02     -0.990E+02
      0.165E+02      0.000E+00      0.000E+00      0.000E+00     -0.990E+02     -0.990E+02
      0.168E+02      0.000E+00      0.000E+00      0.000E+00     -0.990E+02     -0.990E+02
      0.170E+02      0.000E+00      0.000E+00      0.000E+00     -0.990E+02     -0.990E+02
      0.172E+02      0.000E+00      0.000E+00      0.000E+00     -0.990E+02     -0.990E+02
      0.175E+02      0.000E+00      0.000E+00      0.000E+00     -0.990E+02     -0.990E+02
      0.178E+02      0.000E+00      0.000E+00      0.000E+00     -0.990E+02     -0.990E+02
      0.180E+02      0.000E+00      0.000E+00      0.000E+00     -0.990E+02     -0.990E+02
      0.182E+02      0.000E+00      0.000E+00      0.000E+00     -0.990E+02     -0.990E+02
      0.185E+02      0.000E+00      0.000E+00      0.000E+00     -0.990E+02     -0.990E+02
      0.188E+02      0.000E+00      0.000E+00      0.000E+00     -0.990E+02     -0.990E+02
      0.190E+02      0.000E+00      0.000E+00      0.000E+00     -0.990E+02     -0.990E+02
      0.192E+02      0.000E+00      0.000E+00      0.000E+00     -0.990E+02     -0.990E+02
      0.195E+02      0.000E+00      0.000E+00      0.000E+00     -0.990E+02     -0.990E+02
      0.198E+02      0.000E+00      0.000E+00      0.000E+00     -0.990E+02     -0.990E+02
      0.200E+02      0.000E+00      0.000E+00      0.000E+00     -0.990E+02     -0.990E+02
