      0.000E+00      0.212E+01      0.124E+01      0.158E+10     -0.990E+02     -0.990E+02
      0.100E-03      0.212E+01      0.124E+01      0.158E+10     -0.990E+02     -0.990E+02
      0.140E-03      0.212E+01      0.124E+01      0.158E+10     -0.990E+02     -0.990E+02
      0.160E-03      0.212E+01      0.124E+01      0.158E+10     -0.990E+02     -0.990E+02
      0.180E-03      0.212E+01      0.124E+01      0.158E+10     -0.990E+02     -0.990E+02
      0.200E-03      0.212E+01      0.124E+01      0.158E+10     -0.990E+02     -0.990E+02
      0.220E-03      0.212E+01      0.124E+01      0.158E+10     -0.990E+02     -0.990E+02
      0.250E-03      0.212E+01      0.124E+01      0.158E+10     -0.990E+02     -0.990E+02
      0.280E-03      0.212E+01      0.124E+01      0.158E+10     -0.990E+02     -0.990E+02
      0.320E-03      0.212E+01      0.124E+01      0.158E+10     -0.990E+02     -0.990E+02
      0.350E-03      0.212E+01      0.124E+01      0.158E+10     -0.990E+02     -0.990E+02
      0.400E-03      0.212E+01      0.124E+01      0.158E+10     -0.990E+02     -0.990E+02
      0.450E-03      0.212E+01      0.124E+01      0.158E+10     -0.990E+02     -0.990E+02
      0.500E-03      0.212E+01      0.124E+01      0.158E+10     -0.990E+02     -0.990E+02
      0.560E-03      0.212E+01      0.124E+01      0.158E+10     -0.990E+02     -0.990E+02
      0.630E-03      0.212E+01      0.124E+01      0.158E+10     -0.990E+02     -0.990E+02
      0.710E-03      0.212E+01      0.124E+01      0.158E+10     -0.990E+02     -0.990E+02
      0.790E-03      0.212E+01      0.124E+01      0.158E+10     -0.990E+02     -0.990E+02
      0.890E-03      0.212E+01      0.124E+01      0.158E+10     -0.990E+02     -0.990E+02
      0.100E-02      0.212E+01      0.124E+01      0.158E+10     -0.990E+02     -0.990E+02
      0.105E-02      0.212E+01      0.124E+01      0.158E+10     -0.990E+02     -0.990E+02
      0.110E-02      0.212E+01      0.124E+01      0.158E+10     -0.990E+02     -0.990E+02
      0.115E-02      0.212E+01      0.124E+01      0.158E+10     -0.990E+02     -0.990E+02
      0.120E-02      0.212E+01      0.124E+01      0.158E+10     -0.990E+02     -0.990E+02
      0.126E-02      0.212E+01      0.124E+01      0.158E+10     -0.990E+02     -0.990E+02
      0.132E-02      0.212E+01      0.124E+01      0.158E+10     -0.990E+02     -0.990E+02
      0.138E-02      0.212E+01      0.124E+01      0.158E+10     -0.990E+02     -0.990E+02
      0.145E-02      0.212E+01      0.124E+01      0.158E+10     -0.990E+02     -0.990E+02
      0.151E-02      0.212E+01      0.124E+01      0.158E+10     -0.990E+02     -0.990E+02
      0.158E-02      0.212E+01      0.124E+01      0.158E+10     -0.990E+02     -0.990E+02
      0.166E-02      0.212E+01      0.124E+01      0.158E+10     -0.990E+02     -0.990E+02
      0.174E-02      0.212E+01      0.124E+01      0.158E+10     -0.990E+02     -0.990E+02
      0.182E-02      0.212E+01      0.124E+01      0.158E+10     -0.990E+02     -0.990E+02
      0.191E-02      0.212E+01      0.124E+01      0.158E+10     -0.990E+02     -0.990E+02
      0.200E-02      0.212E+01      0.124E+01      0.158E+10     -0.990E+02     -0.990E+02
      0.209E-02      0.212E+01      0.124E+01      0.158E+10     -0.990E+02     -0.990E+02
      0.219E-02      0.212E+01      0.124E+01      0.158E+10     -0.990E+02     -0.990E+02
      0.229E-02      0.212E+01      0.124E+01      0.158E+10     -0.990E+02     -0.990E+02
      0.240E-02      0.212E+01      0.124E+01      0.158E+10     -0.990E+02     -0.990E+02
      0.251E-02      0.212E+01      0.124E+01      0.158E+10     -0.990E+02     -0.990E+02
      0.263E-02      0.212E+01      0.124E+01      0.158E+10     -0.990E+02     -0.990E+02
      0.275E-02      0.212E+01      0.124E+01      0.158E+10     -0.990E+02     -0.990E+02
      0.288E-02      0.212E+01      0.124E+01      0.158E+10     -0.990E+02     -0.990E+02
      0.302E-02      0.212E+01      0.124E+01      0.158E+10     -0.990E+02     -0.990E+02
      0.316E-02      0.212E+01      0.124E+01      0.158E+10     -0.990E+02     -0.990E+02
      0.331E-02      0.212E+01      0.124E+01      0.158E+10     -0.990E+02     -0.990E+02
      0.347E-02      0.212E+01      0.124E+01      0.158E+10     -0.990E+02     -0.990E+02
      0.363E-02      0.212E+01      0.124E+01      0.158E+10     -0.990E+02     -0.990E+02
      0.380E-02      0.212E+01      0.124E+01      0.158E+10     -0.990E+02     -0.990E+02
      0.398E-02      0.212E+01      0.124E+01      0.158E+10     -0.990E+02     -0.990E+02
      0.417E-02      0.212E+01      0.124E+01      0.158E+10     -0.990E+02     -0.990E+02
      0.437E-02      0.212E+01      0.124E+01      0.158E+10     -0.990E+02     -0.990E+02
      0.457E-02      0.212E+01      0.124E+01      0.158E+10     -0.990E+02     -0.990E+02
      0.479E-02      0.212E+01      0.124E+01      0.158E+10     -0.990E+02     -0.990E+02
      0.501E-02      0.212E+01      0.124E+01      0.158E+10     -0.990E+02     -0.990E+02
      0.525E-02      0.212E+01      0.124E+01      0.158E+10     -0.990E+02     -0.990E+02
      0.550E-02      0.212E+01      0.124E+01      0.158E+10     -0.990E+02     -0.990E+02
      0.575E-02      0.212E+01      0.124E+01      0.158E+10     -0.990E+02     -0.990E+02
      0.603E-02      0.212E+01      0.124E+01      0.158E+10     -0.990E+02     -0.990E+02
      0.631E-02      0.212E+01      0.124E+01      0.158E+10     -0.990E+02     -0.990E+02
      0.661E-02      0.212E+01      0.124E+01      0.158E+10     -0.990E+02     -0.990E+02
      0.692E-02      0.212E+01      0.124E+01      0.158E+10     -0.990E+02     -0.990E+02
      0.724E-02      0.212E+01      0.124E+01      0.158E+10     -0.990E+02     -0.990E+02
      0.759E-02      0.212E+01      0.124E+01      0.158E+10     -0.990E+02     -0.990E+02
      0.794E-02      0.212E+01      0.124E+01      0.158E+10     -0.990E+02     -0.990E+02
      0.832E-02      0.212E+01      0.124E+01      0.158E+10     -0.990E+02     -0.990E+02
      0.871E-02      0.212E+01      0.124E+01      0.158E+10     -0.990E+02     -0.990E+02
      0.912E-02      0.212E+01      0.124E+01      0.158E+10     -0.990E+02     -0.990E+02
      0.955E-02      0.212E+01      0.124E+01      0.158E+10     -0.990E+02     -0.990E+02
      0.100E-01      0.212E+01      0.124E+01      0.158E+10     -0.737E+00      0.586E+00
      0.105E-01      0.406E+01      0.215E+01      0.156E+10     -0.737E+00      0.586E+00
      0.110E-01      0.404E+01      0.214E+01      0.156E+10     -0.738E+00      0.586E+00
      0.115E-01      0.403E+01      0.214E+01      0.155E+10     -0.738E+00      0.586E+00
      0.120E-01      0.402E+01      0.213E+01      0.155E+10     -0.738E+00      0.586E+00
      0.126E-01      0.403E+01      0.213E+01      0.155E+10     -0.739E+00      0.586E+00
      0.132E-01      0.404E+01      0.214E+01      0.155E+10     -0.739E+00      0.586E+00
      0.138E-01      0.403E+01      0.213E+01      0.155E+10     -0.739E+00      0.586E+00
      0.144E-01      0.399E+01      0.211E+01      0.154E+10     -0.739E+00      0.587E+00
      0.151E-01      0.400E+01      0.212E+01      0.154E+10     -0.740E+00      0.587E+00
      0.159E-01      0.401E+01      0.212E+01      0.154E+10     -0.740E+00      0.587E+00
      0.166E-01      0.400E+01      0.212E+01      0.154E+10     -0.741E+00      0.587E+00
      0.174E-01      0.400E+01      0.212E+01      0.153E+10     -0.741E+00      0.587E+00
      0.182E-01      0.401E+01      0.212E+01      0.153E+10     -0.742E+00      0.587E+00
      0.191E-01      0.400E+01      0.211E+01      0.153E+10     -0.742E+00      0.587E+00
      0.200E-01      0.398E+01      0.210E+01      0.152E+10     -0.743E+00      0.588E+00
      0.209E-01      0.397E+01      0.209E+01      0.152E+10     -0.743E+00      0.587E+00
      0.219E-01      0.397E+01      0.209E+01      0.152E+10     -0.744E+00      0.587E+00
      0.229E-01      0.397E+01      0.208E+01      0.151E+10     -0.745E+00      0.587E+00
      0.240E-01      0.396E+01      0.208E+01      0.151E+10     -0.745E+00      0.587E+00
      0.251E-01      0.396E+01      0.208E+01      0.151E+10     -0.746E+00      0.587E+00
      0.263E-01      0.395E+01      0.207E+01      0.150E+10     -0.747E+00      0.587E+00
      0.275E-01      0.394E+01      0.206E+01      0.150E+10     -0.748E+00      0.587E+00
      0.290E-01      0.393E+01      0.205E+01      0.150E+10     -0.749E+00      0.587E+00
      0.300E-01      0.393E+01      0.205E+01      0.149E+10     -0.749E+00      0.586E+00
      0.310E-01      0.392E+01      0.204E+01      0.149E+10     -0.750E+00      0.586E+00
      0.320E-01      0.392E+01      0.204E+01      0.148E+10     -0.751E+00      0.586E+00
      0.330E-01      0.391E+01      0.203E+01      0.148E+10     -0.751E+00      0.586E+00
      0.340E-01      0.391E+01      0.202E+01      0.148E+10     -0.752E+00      0.586E+00
      0.350E-01      0.390E+01      0.202E+01      0.148E+10     -0.752E+00      0.586E+00
      0.360E-01      0.389E+01      0.201E+01      0.147E+10     -0.753E+00      0.586E+00
      0.370E-01      0.389E+01      0.201E+01      0.147E+10     -0.754E+00      0.586E+00
      0.380E-01      0.388E+01      0.200E+01      0.147E+10     -0.754E+00      0.585E+00
      0.390E-01      0.388E+01      0.200E+01      0.146E+10     -0.755E+00      0.585E+00
      0.400E-01      0.387E+01      0.199E+01      0.146E+10     -0.756E+00      0.585E+00
      0.425E-01      0.386E+01      0.198E+01      0.145E+10     -0.757E+00      0.585E+00
      0.450E-01      0.385E+01      0.197E+01      0.145E+10     -0.759E+00      0.585E+00
      0.475E-01      0.383E+01      0.196E+01      0.144E+10     -0.761E+00      0.585E+00
      0.500E-01      0.382E+01      0.194E+01      0.143E+10     -0.762E+00      0.585E+00
      0.525E-01      0.380E+01      0.193E+01      0.142E+10     -0.764E+00      0.585E+00
      0.550E-01      0.378E+01      0.192E+01      0.142E+10     -0.766E+00      0.586E+00
      0.571E-01      0.378E+01      0.191E+01      0.141E+10     -0.767E+00      0.586E+00
      0.640E-01      0.373E+01      0.188E+01      0.140E+10     -0.772E+00      0.585E+00
      0.719E-01      0.369E+01      0.184E+01      0.137E+10     -0.778E+00      0.585E+00
      0.806E-01      0.364E+01      0.180E+01      0.135E+10     -0.784E+00      0.585E+00
      0.905E-01      0.359E+01      0.175E+01      0.132E+10     -0.791E+00      0.583E+00
      0.102E+00      0.354E+01      0.170E+01      0.130E+10     -0.799E+00      0.578E+00
      0.114E+00      0.348E+01      0.164E+01      0.126E+10     -0.806E+00      0.570E+00
      0.128E+00      0.341E+01      0.156E+01      0.123E+10     -0.814E+00      0.561E+00
      0.143E+00      0.334E+01      0.149E+01      0.119E+10     -0.822E+00      0.552E+00
      0.161E+00      0.325E+01      0.142E+01      0.115E+10     -0.832E+00      0.547E+00
      0.181E+00      0.316E+01      0.136E+01      0.111E+10     -0.843E+00      0.547E+00
      0.203E+00      0.305E+01      0.131E+01      0.106E+10     -0.857E+00      0.556E+00
      0.227E+00      0.294E+01      0.129E+01      0.101E+10     -0.873E+00      0.581E+00
      0.255E+00      0.281E+01      0.131E+01      0.951E+09     -0.892E+00      0.629E+00
      0.286E+00      0.260E+01      0.127E+01      0.893E+09     -0.912E+00      0.673E+00
      0.321E+00      0.231E+01      0.115E+01      0.832E+09     -0.933E+00      0.707E+00
      0.360E+00      0.202E+01      0.101E+01      0.773E+09     -0.945E+00      0.728E+00
      0.404E+00      0.178E+01      0.827E+00      0.715E+09     -0.934E+00      0.666E+00
      0.453E+00      0.152E+01      0.659E+00      0.657E+09     -0.916E+00      0.604E+00
      0.509E+00      0.123E+01      0.572E+00      0.603E+09     -0.886E+00      0.605E+00
      0.571E+00      0.112E+01      0.598E+00      0.554E+09     -0.833E+00      0.629E+00
      0.641E+00      0.110E+01      0.579E+00      0.504E+09     -0.820E+00      0.606E+00
      0.719E+00      0.116E+01      0.551E+00      0.450E+09     -0.838E+00      0.569E+00
      0.806E+00      0.127E+01      0.626E+00      0.386E+09     -0.884E+00      0.614E+00
      0.905E+00      0.132E+01      0.641E+00      0.309E+09     -0.964E+00      0.627E+00
      0.102E+01      0.120E+01      0.559E+00      0.219E+09     -0.108E+01      0.674E+00
      0.114E+01      0.780E+00      0.407E+00      0.127E+09     -0.120E+01      0.813E+00
      0.128E+01      0.409E+00      0.246E+00      0.617E+08     -0.134E+01      0.103E+01
      0.143E+01      0.177E+00      0.170E+00      0.234E+08     -0.129E+01      0.156E+01
      0.161E+01      0.378E-01      0.463E-01      0.508E+07     -0.171E+01      0.285E+01
      0.168E+01      0.254E-01      0.344E-01      0.218E+07     -0.180E+01      0.324E+01
      0.170E+01      0.228E-01      0.311E-01      0.146E+07     -0.179E+01      0.324E+01
      0.180E+01      0.935E-02      0.146E-01      0.614E+06     -0.173E+01      0.339E+01
      0.190E+01      0.534E-03      0.498E-02      0.352E+05     -0.495E+00      0.650E+01
      0.200E+01      0.351E-04      0.356E-03      0.219E+04     -0.467E+00      0.721E+01
      0.210E+01      0.455E-06      0.677E-04      0.336E+02     -0.985E+00      0.201E+03
      0.220E+01      0.917E-07      0.123E-04      0.608E+01     -0.103E+01      0.190E+03
      0.230E+01      0.768E-08      0.429E-05      0.551E+00     -0.118E+01      0.866E+03
      0.240E+01      0.148E-08      0.827E-06      0.889E-01     -0.118E+01      0.866E+03
      0.250E+01      0.246E-20      0.817E-12      0.148E-12     -0.107E+01       Infinity
      0.260E+01      0.000E+00      0.123E-26      0.000E+00     -0.110E+01            NaN
      0.275E+01      0.000E+00      0.000E+00      0.000E+00     -0.990E+02     -0.990E+02
      0.300E+01      0.000E+00      0.000E+00      0.000E+00     -0.990E+02     -0.990E+02
      0.325E+01      0.000E+00      0.000E+00      0.000E+00     -0.990E+02     -0.990E+02
      0.350E+01      0.000E+00      0.000E+00      0.000E+00     -0.990E+02     -0.990E+02
      0.375E+01      0.000E+00      0.000E+00      0.000E+00     -0.990E+02     -0.990E+02
      0.400E+01      0.000E+00      0.000E+00      0.000E+00     -0.990E+02     -0.990E+02
      0.425E+01      0.000E+00      0.000E+00      0.000E+00     -0.990E+02     -0.990E+02
      0.450E+01      0.000E+00      0.000E+00      0.000E+00     -0.990E+02     -0.990E+02
      0.475E+01      0.000E+00      0.000E+00      0.000E+00     -0.990E+02     -0.990E+02
      0.500E+01      0.000E+00      0.000E+00      0.000E+00     -0.990E+02     -0.990E+02
      0.525E+01      0.000E+00      0.000E+00      0.000E+00     -0.990E+02     -0.990E+02
      0.550E+01      0.000E+00      0.000E+00      0.000E+00     -0.990E+02     -0.990E+02
      0.575E+01      0.000E+00      0.000E+00      0.000E+00     -0.990E+02     -0.990E+02
      0.600E+01      0.000E+00      0.000E+00      0.000E+00     -0.990E+02     -0.990E+02
      0.625E+01      0.000E+00      0.000E+00      0.000E+00     -0.990E+02     -0.990E+02
      0.650E+01      0.000E+00      0.000E+00      0.000E+00     -0.990E+02     -0.990E+02
      0.675E+01      0.000E+00      0.000E+00      0.000E+00     -0.990E+02     -0.990E+02
      0.700E+01      0.000E+00      0.000E+00      0.000E+00     -0.990E+02     -0.990E+02
      0.725E+01      0.000E+00      0.000E+00      0.000E+00     -0.990E+02     -0.990E+02
      0.750E+01      0.000E+00      0.000E+00      0.000E+00     -0.990E+02     -0.990E+02
      0.775E+01      0.000E+00      0.000E+00      0.000E+00     -0.990E+02     -0.990E+02
      0.800E+01      0.000E+00      0.000E+00      0.000E+00     -0.990E+02     -0.990E+02
      0.825E+01      0.000E+00      0.000E+00      0.000E+00     -0.990E+02     -0.990E+02
      0.850E+01      0.000E+00      0.000E+00      0.000E+00     -0.990E+02     -0.990E+02
      0.875E+01      0.000E+00      0.000E+00      0.000E+00     -0.990E+02     -0.990E+02
      0.900E+01      0.000E+00      0.000E+00      0.000E+00     -0.990E+02     -0.990E+02
      0.925E+01      0.000E+00      0.000E+00      0.000E+00     -0.990E+02     -0.990E+02
      0.950E+01      0.000E+00      0.000E+00      0.000E+00     -0.990E+02     -0.990E+02
      0.975E+01      0.000E+00      0.000E+00      0.000E+00     -0.990E+02     -0.990E+02
      0.100E+02      0.000E+00      0.000E+00      0.000E+00     -0.990E+02     -0.990E+02
      0.102E+02      0.000E+00      0.000E+00      0.000E+00     -0.990E+02     -0.990E+02
      0.105E+02      0.000E+00      0.000E+00      0.000E+00     -0.990E+02     -0.990E+02
      0.108E+02      0.000E+00      0.000E+00      0.000E+00     -0.990E+02     -0.990E+02
      0.110E+02      0.000E+00      0.000E+00      0.000E+00     -0.990E+02     -0.990E+02
      0.112E+02      0.000E+00      0.000E+00      0.000E+00     -0.990E+02     -0.990E+02
      0.115E+02      0.000E+00      0.000E+00      0.000E+00     -0.990E+02     -0.990E+02
      0.118E+02      0.000E+00      0.000E+00      0.000E+00     -0.990E+02     -0.990E+02
      0.120E+02      0.000E+00      0.000E+00      0.000E+00     -0.990E+02     -0.990E+02
      0.122E+02      0.000E+00      0.000E+00      0.000E+00     -0.990E+02     -0.990E+02
      0.125E+02      0.000E+00      0.000E+00      0.000E+00     -0.990E+02     -0.990E+02
      0.128E+02      0.000E+00      0.000E+00      0.000E+00     -0.990E+02     -0.990E+02
      0.130E+02      0.000E+00      0.000E+00      0.000E+00     -0.990E+02     -0.990E+02
      0.132E+02      0.000E+00      0.000E+00      0.000E+00     -0.990E+02     -0.990E+02
      0.135E+02      0.000E+00      0.000E+00      0.000E+00     -0.990E+02     -0.990E+02
      0.138E+02      0.000E+00      0.000E+00      0.000E+00     -0.990E+02     -0.990E+02
      0.140E+02      0.000E+00      0.000E+00      0.000E+00     -0.990E+02     -0.990E+02
      0.142E+02      0.000E+00      0.000E+00      0.000E+00     -0.990E+02     -0.990E+02
      0.145E+02      0.000E+00      0.000E+00      0.000E+00     -0.990E+02     -0.990E+02
      0.148E+02      0.000E+00      0.000E+00      0.000E+00     -0.990E+02     -0.990E+02
      0.150E+02      0.000E+00      0.000E+00      0.000E+00     -0.990E+02     -0.990E+02
      0.152E+02      0.000E+00      0.000E+00      0.000E+00     -0.990E+02     -0.990E+02
      0.155E+02      0.000E+00      0.000E+00      0.000E+00     -0.990E+02     -0.990E+02
      0.158E+02      0.000E+00      0.000E+00      0.000E+00     -0.990E+02     -0.990E+02
      0.160E+02      0.000E+00      0.000E+00      0.000E+00     -0.990E+02     -0.990E+02
      0.162E+02      0.000E+00      0.000E+00      0.000E+00     -0.990E+02     -0.990E+02
      0.165E+02      0.000E+00      0.000E+00      0.000E+00     -0.990E+02     -0.990E+02
      0.168E+02      0.000E+00      0.000E+00      0.000E+00     -0.990E+02     -0.990E+02
      0.170E+02      0.000E+00      0.000E+00      0.000E+00     -0.990E+02     -0.990E+02
      0.172E+02      0.000E+00      0.000E+00      0.000E+00     -0.990E+02     -0.990E+02
      0.175E+02      0.000E+00      0.000E+00      0.000E+00     -0.990E+02     -0.990E+02
      0.178E+02      0.000E+00      0.000E+00      0.000E+00     -0.990E+02     -0.990E+02
      0.180E+02      0.000E+00      0.000E+00      0.000E+00     -0.990E+02     -0.990E+02
      0.182E+02      0.000E+00      0.000E+00      0.000E+00     -0.990E+02     -0.990E+02
      0.185E+02      0.000E+00      0.000E+00      0.000E+00     -0.990E+02     -0.990E+02
      0.188E+02      0.000E+00      0.000E+00      0.000E+00     -0.990E+02     -0.990E+02
      0.190E+02      0.000E+00      0.000E+00      0.000E+00     -0.990E+02     -0.990E+02
      0.192E+02      0.000E+00      0.000E+00      0.000E+00     -0.990E+02     -0.990E+02
      0.195E+02      0.000E+00      0.000E+00      0.000E+00     -0.990E+02     -0.990E+02
      0.198E+02      0.000E+00      0.000E+00      0.000E+00     -0.990E+02     -0.990E+02
      0.200E+02      0.000E+00      0.000E+00      0.000E+00     -0.990E+02     -0.990E+02
