      0.000E+00      0.453E+01      0.151E+00      0.134E+10     -0.990E+02     -0.990E+02
      0.100E-03      0.453E+01      0.151E+00      0.134E+10     -0.990E+02     -0.990E+02
      0.140E-03      0.453E+01      0.151E+00      0.134E+10     -0.990E+02     -0.990E+02
      0.160E-03      0.453E+01      0.151E+00      0.134E+10     -0.990E+02     -0.990E+02
      0.180E-03      0.453E+01      0.151E+00      0.134E+10     -0.990E+02     -0.990E+02
      0.200E-03      0.453E+01      0.151E+00      0.134E+10     -0.990E+02     -0.990E+02
      0.220E-03      0.453E+01      0.151E+00      0.134E+10     -0.990E+02     -0.990E+02
      0.250E-03      0.453E+01      0.151E+00      0.134E+10     -0.990E+02     -0.990E+02
      0.280E-03      0.453E+01      0.151E+00      0.134E+10     -0.990E+02     -0.990E+02
      0.320E-03      0.453E+01      0.151E+00      0.134E+10     -0.990E+02     -0.990E+02
      0.350E-03      0.453E+01      0.151E+00      0.134E+10     -0.990E+02     -0.990E+02
      0.400E-03      0.453E+01      0.151E+00      0.134E+10     -0.990E+02     -0.990E+02
      0.450E-03      0.453E+01      0.151E+00      0.134E+10     -0.990E+02     -0.990E+02
      0.500E-03      0.453E+01      0.151E+00      0.134E+10     -0.990E+02     -0.990E+02
      0.560E-03      0.453E+01      0.151E+00      0.134E+10     -0.990E+02     -0.990E+02
      0.630E-03      0.453E+01      0.151E+00      0.134E+10     -0.990E+02     -0.990E+02
      0.710E-03      0.453E+01      0.151E+00      0.134E+10     -0.990E+02     -0.990E+02
      0.790E-03      0.453E+01      0.151E+00      0.134E+10     -0.990E+02     -0.990E+02
      0.890E-03      0.453E+01      0.151E+00      0.134E+10     -0.990E+02     -0.990E+02
      0.100E-02      0.453E+01      0.151E+00      0.134E+10     -0.990E+02     -0.990E+02
      0.105E-02      0.453E+01      0.151E+00      0.134E+10     -0.990E+02     -0.990E+02
      0.110E-02      0.453E+01      0.151E+00      0.134E+10     -0.990E+02     -0.990E+02
      0.115E-02      0.453E+01      0.151E+00      0.134E+10     -0.990E+02     -0.990E+02
      0.120E-02      0.453E+01      0.151E+00      0.134E+10     -0.990E+02     -0.990E+02
      0.126E-02      0.453E+01      0.151E+00      0.134E+10     -0.990E+02     -0.990E+02
      0.132E-02      0.453E+01      0.151E+00      0.134E+10     -0.990E+02     -0.990E+02
      0.138E-02      0.453E+01      0.151E+00      0.134E+10     -0.990E+02     -0.990E+02
      0.145E-02      0.453E+01      0.151E+00      0.134E+10     -0.990E+02     -0.990E+02
      0.151E-02      0.453E+01      0.151E+00      0.134E+10     -0.990E+02     -0.990E+02
      0.158E-02      0.453E+01      0.151E+00      0.134E+10     -0.990E+02     -0.990E+02
      0.166E-02      0.453E+01      0.151E+00      0.134E+10     -0.990E+02     -0.990E+02
      0.174E-02      0.453E+01      0.151E+00      0.134E+10     -0.990E+02     -0.990E+02
      0.182E-02      0.453E+01      0.151E+00      0.134E+10     -0.990E+02     -0.990E+02
      0.191E-02      0.453E+01      0.151E+00      0.134E+10     -0.990E+02     -0.990E+02
      0.200E-02      0.453E+01      0.151E+00      0.134E+10     -0.990E+02     -0.990E+02
      0.209E-02      0.453E+01      0.151E+00      0.134E+10     -0.990E+02     -0.990E+02
      0.219E-02      0.453E+01      0.151E+00      0.134E+10     -0.990E+02     -0.990E+02
      0.229E-02      0.453E+01      0.151E+00      0.134E+10     -0.990E+02     -0.990E+02
      0.240E-02      0.453E+01      0.151E+00      0.134E+10     -0.990E+02     -0.990E+02
      0.251E-02      0.453E+01      0.151E+00      0.134E+10     -0.990E+02     -0.990E+02
      0.263E-02      0.453E+01      0.151E+00      0.134E+10     -0.990E+02     -0.990E+02
      0.275E-02      0.453E+01      0.151E+00      0.134E+10     -0.990E+02     -0.990E+02
      0.288E-02      0.453E+01      0.151E+00      0.134E+10     -0.990E+02     -0.990E+02
      0.302E-02      0.453E+01      0.151E+00      0.134E+10     -0.990E+02     -0.990E+02
      0.316E-02      0.453E+01      0.151E+00      0.134E+10     -0.990E+02     -0.990E+02
      0.331E-02      0.453E+01      0.151E+00      0.134E+10     -0.990E+02     -0.990E+02
      0.347E-02      0.453E+01      0.151E+00      0.134E+10     -0.990E+02     -0.990E+02
      0.363E-02      0.453E+01      0.151E+00      0.134E+10     -0.990E+02     -0.990E+02
      0.380E-02      0.453E+01      0.151E+00      0.134E+10     -0.990E+02     -0.990E+02
      0.398E-02      0.453E+01      0.151E+00      0.134E+10     -0.990E+02     -0.990E+02
      0.417E-02      0.453E+01      0.151E+00      0.134E+10     -0.990E+02     -0.990E+02
      0.437E-02      0.453E+01      0.151E+00      0.134E+10     -0.990E+02     -0.990E+02
      0.457E-02      0.453E+01      0.151E+00      0.134E+10     -0.990E+02     -0.990E+02
      0.479E-02      0.453E+01      0.151E+00      0.134E+10     -0.990E+02     -0.990E+02
      0.501E-02      0.453E+01      0.151E+00      0.134E+10     -0.990E+02     -0.990E+02
      0.525E-02      0.453E+01      0.151E+00      0.134E+10     -0.990E+02     -0.990E+02
      0.550E-02      0.453E+01      0.151E+00      0.134E+10     -0.990E+02     -0.990E+02
      0.575E-02      0.453E+01      0.151E+00      0.134E+10     -0.990E+02     -0.990E+02
      0.603E-02      0.453E+01      0.151E+00      0.134E+10     -0.990E+02     -0.990E+02
      0.631E-02      0.453E+01      0.151E+00      0.134E+10     -0.990E+02     -0.990E+02
      0.661E-02      0.453E+01      0.151E+00      0.134E+10     -0.990E+02     -0.990E+02
      0.692E-02      0.453E+01      0.151E+00      0.134E+10     -0.990E+02     -0.990E+02
      0.724E-02      0.453E+01      0.151E+00      0.134E+10     -0.990E+02     -0.990E+02
      0.759E-02      0.453E+01      0.151E+00      0.134E+10     -0.990E+02     -0.990E+02
      0.794E-02      0.453E+01      0.151E+00      0.134E+10     -0.990E+02     -0.990E+02
      0.832E-02      0.453E+01      0.151E+00      0.134E+10     -0.990E+02     -0.990E+02
      0.871E-02      0.453E+01      0.151E+00      0.134E+10     -0.990E+02     -0.990E+02
      0.912E-02      0.453E+01      0.151E+00      0.134E+10     -0.990E+02     -0.990E+02
      0.955E-02      0.453E+01      0.151E+00      0.134E+10     -0.990E+02     -0.990E+02
      0.100E-01      0.453E+01      0.151E+00      0.134E+10     -0.425E+00      0.326E+00
      0.105E-01      0.873E+00      0.354E+00      0.130E+10     -0.425E+00      0.326E+00
      0.110E-01      0.869E+00      0.353E+00      0.130E+10     -0.425E+00      0.326E+00
      0.115E-01      0.866E+00      0.353E+00      0.130E+10     -0.425E+00      0.328E+00
      0.120E-01      0.865E+00      0.351E+00      0.130E+10     -0.425E+00      0.326E+00
      0.126E-01      0.866E+00      0.352E+00      0.130E+10     -0.425E+00      0.326E+00
      0.132E-01      0.869E+00      0.354E+00      0.130E+10     -0.425E+00      0.327E+00
      0.138E-01      0.868E+00      0.353E+00      0.130E+10     -0.425E+00      0.327E+00
      0.144E-01      0.861E+00      0.351E+00      0.129E+10     -0.425E+00      0.328E+00
      0.151E-01      0.863E+00      0.352E+00      0.129E+10     -0.425E+00      0.328E+00
      0.159E-01      0.866E+00      0.353E+00      0.129E+10     -0.425E+00      0.328E+00
      0.166E-01      0.864E+00      0.352E+00      0.129E+10     -0.425E+00      0.328E+00
      0.174E-01      0.865E+00      0.353E+00      0.129E+10     -0.424E+00      0.329E+00
      0.182E-01      0.867E+00      0.354E+00      0.129E+10     -0.425E+00      0.329E+00
      0.191E-01      0.865E+00      0.354E+00      0.129E+10     -0.424E+00      0.330E+00
      0.200E-01      0.861E+00      0.352E+00      0.129E+10     -0.424E+00      0.330E+00
      0.209E-01      0.859E+00      0.352E+00      0.129E+10     -0.424E+00      0.330E+00
      0.219E-01      0.859E+00      0.352E+00      0.129E+10     -0.424E+00      0.330E+00
      0.229E-01      0.861E+00      0.353E+00      0.129E+10     -0.424E+00      0.331E+00
      0.240E-01      0.860E+00      0.353E+00      0.129E+10     -0.424E+00      0.331E+00
      0.251E-01      0.861E+00      0.354E+00      0.129E+10     -0.424E+00      0.332E+00
      0.263E-01      0.861E+00      0.353E+00      0.129E+10     -0.424E+00      0.332E+00
      0.275E-01      0.857E+00      0.352E+00      0.129E+10     -0.424E+00      0.333E+00
      0.290E-01      0.856E+00      0.352E+00      0.128E+10     -0.424E+00      0.333E+00
      0.300E-01      0.857E+00      0.353E+00      0.128E+10     -0.424E+00      0.333E+00
      0.310E-01      0.856E+00      0.353E+00      0.128E+10     -0.423E+00      0.334E+00
      0.320E-01      0.856E+00      0.353E+00      0.128E+10     -0.423E+00      0.334E+00
      0.330E-01      0.855E+00      0.353E+00      0.128E+10     -0.423E+00      0.335E+00
      0.340E-01      0.854E+00      0.353E+00      0.128E+10     -0.423E+00      0.335E+00
      0.350E-01      0.853E+00      0.353E+00      0.128E+10     -0.423E+00      0.335E+00
      0.360E-01      0.852E+00      0.353E+00      0.128E+10     -0.423E+00      0.336E+00
      0.370E-01      0.852E+00      0.353E+00      0.128E+10     -0.423E+00      0.336E+00
      0.380E-01      0.851E+00      0.353E+00      0.128E+10     -0.423E+00      0.337E+00
      0.390E-01      0.850E+00      0.353E+00      0.128E+10     -0.423E+00      0.337E+00
      0.400E-01      0.850E+00      0.353E+00      0.128E+10     -0.423E+00      0.338E+00
      0.425E-01      0.847E+00      0.353E+00      0.128E+10     -0.423E+00      0.339E+00
      0.450E-01      0.845E+00      0.354E+00      0.127E+10     -0.423E+00      0.341E+00
      0.475E-01      0.847E+00      0.354E+00      0.127E+10     -0.422E+00      0.340E+00
      0.500E-01      0.845E+00      0.355E+00      0.127E+10     -0.422E+00      0.342E+00
      0.525E-01      0.843E+00      0.355E+00      0.127E+10     -0.422E+00      0.343E+00
      0.550E-01      0.841E+00      0.355E+00      0.127E+10     -0.422E+00      0.344E+00
      0.571E-01      0.839E+00      0.356E+00      0.127E+10     -0.421E+00      0.347E+00
      0.640E-01      0.834E+00      0.357E+00      0.126E+10     -0.421E+00      0.351E+00
      0.719E-01      0.830E+00      0.359E+00      0.126E+10     -0.421E+00      0.354E+00
      0.806E-01      0.824E+00      0.360E+00      0.125E+10     -0.420E+00      0.359E+00
      0.905E-01      0.818E+00      0.360E+00      0.125E+10     -0.419E+00      0.358E+00
      0.102E+00      0.811E+00      0.360E+00      0.124E+10     -0.418E+00      0.358E+00
      0.114E+00      0.803E+00      0.360E+00      0.123E+10     -0.416E+00      0.357E+00
      0.128E+00      0.794E+00      0.357E+00      0.122E+10     -0.414E+00      0.355E+00
      0.143E+00      0.783E+00      0.350E+00      0.122E+10     -0.410E+00      0.350E+00
      0.161E+00      0.771E+00      0.343E+00      0.121E+10     -0.406E+00      0.344E+00
      0.181E+00      0.785E+00      0.334E+00      0.120E+10     -0.404E+00      0.324E+00
      0.203E+00      0.821E+00      0.325E+00      0.118E+10     -0.403E+00      0.293E+00
      0.227E+00      0.858E+00      0.316E+00      0.117E+10     -0.403E+00      0.265E+00
      0.255E+00      0.905E+00      0.309E+00      0.115E+10     -0.402E+00      0.236E+00
      0.286E+00      0.953E+00      0.305E+00      0.113E+10     -0.402E+00      0.211E+00
      0.321E+00      0.101E+01      0.306E+00      0.111E+10     -0.401E+00      0.187E+00
      0.360E+00      0.107E+01      0.314E+00      0.109E+10     -0.402E+00      0.173E+00
      0.404E+00      0.115E+01      0.327E+00      0.105E+10     -0.403E+00      0.162E+00
      0.453E+00      0.113E+01      0.303E+00      0.102E+10     -0.422E+00      0.156E+00
      0.509E+00      0.107E+01      0.265E+00      0.976E+09     -0.455E+00      0.158E+00
      0.571E+00      0.101E+01      0.243E+00      0.933E+09     -0.496E+00      0.172E+00
      0.641E+00      0.937E+00      0.249E+00      0.888E+09     -0.549E+00      0.211E+00
      0.719E+00      0.942E+00      0.255E+00      0.842E+09     -0.565E+00      0.223E+00
      0.806E+00      0.994E+00      0.257E+00      0.790E+09     -0.554E+00      0.213E+00
      0.905E+00      0.106E+01      0.259E+00      0.729E+09     -0.546E+00      0.201E+00
      0.102E+01      0.994E+00      0.233E+00      0.657E+09     -0.588E+00      0.202E+00
      0.114E+01      0.894E+00      0.210E+00      0.581E+09     -0.648E+00      0.214E+00
      0.128E+01      0.989E+00      0.216E+00      0.505E+09     -0.693E+00      0.202E+00
      0.143E+01      0.111E+01      0.259E+00      0.412E+09     -0.729E+00      0.240E+00
      0.161E+01      0.620E+00      0.200E+00      0.297E+09     -0.761E+00      0.342E+00
      0.168E+01      0.457E+00      0.215E+00      0.249E+09     -0.786E+00      0.484E+00
      0.170E+01      0.459E+00      0.212E+00      0.237E+09     -0.788E+00      0.476E+00
      0.180E+01      0.471E+00      0.210E+00      0.220E+09     -0.800E+00      0.459E+00
      0.190E+01      0.482E+00      0.207E+00      0.191E+09     -0.817E+00      0.451E+00
      0.200E+01      0.470E+00      0.180E+00      0.161E+09     -0.804E+00      0.402E+00
      0.210E+01      0.450E+00      0.168E+00      0.133E+09     -0.782E+00      0.405E+00
      0.220E+01      0.397E+00      0.153E+00      0.106E+09     -0.765E+00      0.425E+00
      0.230E+01      0.293E+00      0.142E+00      0.816E+08     -0.775E+00      0.542E+00
      0.240E+01      0.192E+00      0.137E+00      0.640E+08     -0.791E+00      0.803E+00
      0.250E+01      0.176E+00      0.124E+00      0.525E+08     -0.898E+00      0.854E+00
      0.260E+01      0.177E+00      0.110E+00      0.420E+08     -0.102E+01      0.814E+00
      0.275E+01      0.146E+00      0.998E-01      0.289E+08     -0.110E+01      0.913E+00
      0.300E+01      0.526E-01      0.103E+00      0.115E+08     -0.106E+01      0.270E+01
      0.325E+01      0.215E-01      0.584E-01      0.380E+07     -0.124E+01      0.429E+01
      0.350E+01      0.428E-02      0.119E-01      0.654E+06     -0.146E+01      0.562E+01
      0.375E+01      0.191E-03      0.272E-02      0.278E+05     -0.108E+01      0.208E+02
      0.400E+01      0.000E+00      0.906E-27      0.000E+00     -0.470E+00            NaN
      0.425E+01      0.000E+00      0.000E+00      0.000E+00     -0.990E+02     -0.990E+02
      0.450E+01      0.000E+00      0.000E+00      0.000E+00     -0.990E+02     -0.990E+02
      0.475E+01      0.000E+00      0.000E+00      0.000E+00     -0.990E+02     -0.990E+02
      0.500E+01      0.000E+00      0.000E+00      0.000E+00     -0.990E+02     -0.990E+02
      0.525E+01      0.000E+00      0.000E+00      0.000E+00     -0.990E+02     -0.990E+02
      0.550E+01      0.000E+00      0.000E+00      0.000E+00     -0.990E+02     -0.990E+02
      0.575E+01      0.000E+00      0.000E+00      0.000E+00     -0.990E+02     -0.990E+02
      0.600E+01      0.000E+00      0.000E+00      0.000E+00     -0.990E+02     -0.990E+02
      0.625E+01      0.000E+00      0.000E+00      0.000E+00     -0.990E+02     -0.990E+02
      0.650E+01      0.000E+00      0.000E+00      0.000E+00     -0.990E+02     -0.990E+02
      0.675E+01      0.000E+00      0.000E+00      0.000E+00     -0.990E+02     -0.990E+02
      0.700E+01      0.000E+00      0.000E+00      0.000E+00     -0.990E+02     -0.990E+02
      0.725E+01      0.000E+00      0.000E+00      0.000E+00     -0.990E+02     -0.990E+02
      0.750E+01      0.000E+00      0.000E+00      0.000E+00     -0.990E+02     -0.990E+02
      0.775E+01      0.000E+00      0.000E+00      0.000E+00     -0.990E+02     -0.990E+02
      0.800E+01      0.000E+00      0.000E+00      0.000E+00     -0.990E+02     -0.990E+02
      0.825E+01      0.000E+00      0.000E+00      0.000E+00     -0.990E+02     -0.990E+02
      0.850E+01      0.000E+00      0.000E+00      0.000E+00     -0.990E+02     -0.990E+02
      0.875E+01      0.000E+00      0.000E+00      0.000E+00     -0.990E+02     -0.990E+02
      0.900E+01      0.000E+00      0.000E+00      0.000E+00     -0.990E+02     -0.990E+02
      0.925E+01      0.000E+00      0.000E+00      0.000E+00     -0.990E+02     -0.990E+02
      0.950E+01      0.000E+00      0.000E+00      0.000E+00     -0.990E+02     -0.990E+02
      0.975E+01      0.000E+00      0.000E+00      0.000E+00     -0.990E+02     -0.990E+02
      0.100E+02      0.000E+00      0.000E+00      0.000E+00     -0.990E+02     -0.990E+02
      0.102E+02      0.000E+00      0.000E+00      0.000E+00     -0.990E+02     -0.990E+02
      0.105E+02      0.000E+00      0.000E+00      0.000E+00     -0.990E+02     -0.990E+02
      0.108E+02      0.000E+00      0.000E+00      0.000E+00     -0.990E+02     -0.990E+02
      0.110E+02      0.000E+00      0.000E+00      0.000E+00     -0.990E+02     -0.990E+02
      0.112E+02      0.000E+00      0.000E+00      0.000E+00     -0.990E+02     -0.990E+02
      0.115E+02      0.000E+00      0.000E+00      0.000E+00     -0.990E+02     -0.990E+02
      0.118E+02      0.000E+00      0.000E+00      0.000E+00     -0.990E+02     -0.990E+02
      0.120E+02      0.000E+00      0.000E+00      0.000E+00     -0.990E+02     -0.990E+02
      0.122E+02      0.000E+00      0.000E+00      0.000E+00     -0.990E+02     -0.990E+02
      0.125E+02      0.000E+00      0.000E+00      0.000E+00     -0.990E+02     -0.990E+02
      0.128E+02      0.000E+00      0.000E+00      0.000E+00     -0.990E+02     -0.990E+02
      0.130E+02      0.000E+00      0.000E+00      0.000E+00     -0.990E+02     -0.990E+02
      0.132E+02      0.000E+00      0.000E+00      0.000E+00     -0.990E+02     -0.990E+02
      0.135E+02      0.000E+00      0.000E+00      0.000E+00     -0.990E+02     -0.990E+02
      0.138E+02      0.000E+00      0.000E+00      0.000E+00     -0.990E+02     -0.990E+02
      0.140E+02      0.000E+00      0.000E+00      0.000E+00     -0.990E+02     -0.990E+02
      0.142E+02      0.000E+00      0.000E+00      0.000E+00     -0.990E+02     -0.990E+02
      0.145E+02      0.000E+00      0.000E+00      0.000E+00     -0.990E+02     -0.990E+02
      0.148E+02      0.000E+00      0.000E+00      0.000E+00     -0.990E+02     -0.990E+02
      0.150E+02      0.000E+00      0.000E+00      0.000E+00     -0.990E+02     -0.990E+02
      0.152E+02      0.000E+00      0.000E+00      0.000E+00     -0.990E+02     -0.990E+02
      0.155E+02      0.000E+00      0.000E+00      0.000E+00     -0.990E+02     -0.990E+02
      0.158E+02      0.000E+00      0.000E+00      0.000E+00     -0.990E+02     -0.990E+02
      0.160E+02      0.000E+00      0.000E+00      0.000E+00     -0.990E+02     -0.990E+02
      0.162E+02      0.000E+00      0.000E+00      0.000E+00     -0.990E+02     -0.990E+02
      0.165E+02      0.000E+00      0.000E+00      0.000E+00     -0.990E+02     -0.990E+02
      0.168E+02      0.000E+00      0.000E+00      0.000E+00     -0.990E+02     -0.990E+02
      0.170E+02      0.000E+00      0.000E+00      0.000E+00     -0.990E+02     -0.990E+02
      0.172E+02      0.000E+00      0.000E+00      0.000E+00     -0.990E+02     -0.990E+02
      0.175E+02      0.000E+00      0.000E+00      0.000E+00     -0.990E+02     -0.990E+02
      0.178E+02      0.000E+00      0.000E+00      0.000E+00     -0.990E+02     -0.990E+02
      0.180E+02      0.000E+00      0.000E+00      0.000E+00     -0.990E+02     -0.990E+02
      0.182E+02      0.000E+00      0.000E+00      0.000E+00     -0.990E+02     -0.990E+02
      0.185E+02      0.000E+00      0.000E+00      0.000E+00     -0.990E+02     -0.990E+02
      0.188E+02      0.000E+00      0.000E+00      0.000E+00     -0.990E+02     -0.990E+02
      0.190E+02      0.000E+00      0.000E+00      0.000E+00     -0.990E+02     -0.990E+02
      0.192E+02      0.000E+00      0.000E+00      0.000E+00     -0.990E+02     -0.990E+02
      0.195E+02      0.000E+00      0.000E+00      0.000E+00     -0.990E+02     -0.990E+02
      0.198E+02      0.000E+00      0.000E+00      0.000E+00     -0.990E+02     -0.990E+02
      0.200E+02      0.000E+00      0.000E+00      0.000E+00     -0.990E+02     -0.990E+02
