      0.000E+00      0.582E+00      0.117E+01      0.171E+10     -0.990E+02     -0.990E+02
      0.100E-03      0.582E+00      0.117E+01      0.171E+10     -0.990E+02     -0.990E+02
      0.140E-03      0.582E+00      0.117E+01      0.171E+10     -0.990E+02     -0.990E+02
      0.160E-03      0.582E+00      0.117E+01      0.171E+10     -0.990E+02     -0.990E+02
      0.180E-03      0.582E+00      0.117E+01      0.171E+10     -0.990E+02     -0.990E+02
      0.200E-03      0.582E+00      0.117E+01      0.171E+10     -0.990E+02     -0.990E+02
      0.220E-03      0.582E+00      0.117E+01      0.171E+10     -0.990E+02     -0.990E+02
      0.250E-03      0.582E+00      0.117E+01      0.171E+10     -0.990E+02     -0.990E+02
      0.280E-03      0.582E+00      0.117E+01      0.171E+10     -0.990E+02     -0.990E+02
      0.320E-03      0.582E+00      0.117E+01      0.171E+10     -0.990E+02     -0.990E+02
      0.350E-03      0.582E+00      0.117E+01      0.171E+10     -0.990E+02     -0.990E+02
      0.400E-03      0.582E+00      0.117E+01      0.171E+10     -0.990E+02     -0.990E+02
      0.450E-03      0.582E+00      0.117E+01      0.171E+10     -0.990E+02     -0.990E+02
      0.500E-03      0.582E+00      0.117E+01      0.171E+10     -0.990E+02     -0.990E+02
      0.560E-03      0.582E+00      0.117E+01      0.171E+10     -0.990E+02     -0.990E+02
      0.630E-03      0.582E+00      0.117E+01      0.171E+10     -0.990E+02     -0.990E+02
      0.710E-03      0.582E+00      0.117E+01      0.171E+10     -0.990E+02     -0.990E+02
      0.790E-03      0.582E+00      0.117E+01      0.171E+10     -0.990E+02     -0.990E+02
      0.890E-03      0.582E+00      0.117E+01      0.171E+10     -0.990E+02     -0.990E+02
      0.100E-02      0.582E+00      0.117E+01      0.171E+10     -0.990E+02     -0.990E+02
      0.105E-02      0.582E+00      0.117E+01      0.171E+10     -0.990E+02     -0.990E+02
      0.110E-02      0.582E+00      0.117E+01      0.171E+10     -0.990E+02     -0.990E+02
      0.115E-02      0.582E+00      0.117E+01      0.171E+10     -0.990E+02     -0.990E+02
      0.120E-02      0.582E+00      0.117E+01      0.171E+10     -0.990E+02     -0.990E+02
      0.126E-02      0.582E+00      0.117E+01      0.171E+10     -0.990E+02     -0.990E+02
      0.132E-02      0.582E+00      0.117E+01      0.171E+10     -0.990E+02     -0.990E+02
      0.138E-02      0.582E+00      0.117E+01      0.171E+10     -0.990E+02     -0.990E+02
      0.145E-02      0.582E+00      0.117E+01      0.171E+10     -0.990E+02     -0.990E+02
      0.151E-02      0.582E+00      0.117E+01      0.171E+10     -0.990E+02     -0.990E+02
      0.158E-02      0.582E+00      0.117E+01      0.171E+10     -0.990E+02     -0.990E+02
      0.166E-02      0.582E+00      0.117E+01      0.171E+10     -0.990E+02     -0.990E+02
      0.174E-02      0.582E+00      0.117E+01      0.171E+10     -0.990E+02     -0.990E+02
      0.182E-02      0.582E+00      0.117E+01      0.171E+10     -0.990E+02     -0.990E+02
      0.191E-02      0.582E+00      0.117E+01      0.171E+10     -0.990E+02     -0.990E+02
      0.200E-02      0.582E+00      0.117E+01      0.171E+10     -0.990E+02     -0.990E+02
      0.209E-02      0.582E+00      0.117E+01      0.171E+10     -0.990E+02     -0.990E+02
      0.219E-02      0.582E+00      0.117E+01      0.171E+10     -0.990E+02     -0.990E+02
      0.229E-02      0.582E+00      0.117E+01      0.171E+10     -0.990E+02     -0.990E+02
      0.240E-02      0.582E+00      0.117E+01      0.171E+10     -0.990E+02     -0.990E+02
      0.251E-02      0.582E+00      0.117E+01      0.171E+10     -0.990E+02     -0.990E+02
      0.263E-02      0.582E+00      0.117E+01      0.171E+10     -0.990E+02     -0.990E+02
      0.275E-02      0.582E+00      0.117E+01      0.171E+10     -0.990E+02     -0.990E+02
      0.288E-02      0.582E+00      0.117E+01      0.171E+10     -0.990E+02     -0.990E+02
      0.302E-02      0.582E+00      0.117E+01      0.171E+10     -0.990E+02     -0.990E+02
      0.316E-02      0.582E+00      0.117E+01      0.171E+10     -0.990E+02     -0.990E+02
      0.331E-02      0.582E+00      0.117E+01      0.171E+10     -0.990E+02     -0.990E+02
      0.347E-02      0.582E+00      0.117E+01      0.171E+10     -0.990E+02     -0.990E+02
      0.363E-02      0.582E+00      0.117E+01      0.171E+10     -0.990E+02     -0.990E+02
      0.380E-02      0.582E+00      0.117E+01      0.171E+10     -0.990E+02     -0.990E+02
      0.398E-02      0.582E+00      0.117E+01      0.171E+10     -0.990E+02     -0.990E+02
      0.417E-02      0.582E+00      0.117E+01      0.171E+10     -0.990E+02     -0.990E+02
      0.437E-02      0.582E+00      0.117E+01      0.171E+10     -0.990E+02     -0.990E+02
      0.457E-02      0.582E+00      0.117E+01      0.171E+10     -0.990E+02     -0.990E+02
      0.479E-02      0.582E+00      0.117E+01      0.171E+10     -0.990E+02     -0.990E+02
      0.501E-02      0.582E+00      0.117E+01      0.171E+10     -0.990E+02     -0.990E+02
      0.525E-02      0.582E+00      0.117E+01      0.171E+10     -0.990E+02     -0.990E+02
      0.550E-02      0.582E+00      0.117E+01      0.171E+10     -0.990E+02     -0.990E+02
      0.575E-02      0.582E+00      0.117E+01      0.171E+10     -0.990E+02     -0.990E+02
      0.603E-02      0.582E+00      0.117E+01      0.171E+10     -0.990E+02     -0.990E+02
      0.631E-02      0.582E+00      0.117E+01      0.171E+10     -0.990E+02     -0.990E+02
      0.661E-02      0.582E+00      0.117E+01      0.171E+10     -0.990E+02     -0.990E+02
      0.692E-02      0.582E+00      0.117E+01      0.171E+10     -0.990E+02     -0.990E+02
      0.724E-02      0.582E+00      0.117E+01      0.171E+10     -0.990E+02     -0.990E+02
      0.759E-02      0.582E+00      0.117E+01      0.171E+10     -0.990E+02     -0.990E+02
      0.794E-02      0.582E+00      0.117E+01      0.171E+10     -0.990E+02     -0.990E+02
      0.832E-02      0.582E+00      0.117E+01      0.171E+10     -0.990E+02     -0.990E+02
      0.871E-02      0.582E+00      0.117E+01      0.171E+10     -0.990E+02     -0.990E+02
      0.912E-02      0.582E+00      0.117E+01      0.171E+10     -0.990E+02     -0.990E+02
      0.955E-02      0.582E+00      0.117E+01      0.171E+10     -0.990E+02     -0.990E+02
      0.100E-01      0.582E+00      0.117E+01      0.171E+10     -0.409E+00      0.534E+00
      0.105E-01      0.714E+01      0.431E+01      0.170E+10     -0.410E+00      0.534E+00
      0.110E-01      0.710E+01      0.429E+01      0.170E+10     -0.410E+00      0.534E+00
      0.115E-01      0.707E+01      0.427E+01      0.170E+10     -0.410E+00      0.534E+00
      0.120E-01      0.706E+01      0.426E+01      0.169E+10     -0.410E+00      0.534E+00
      0.126E-01      0.707E+01      0.426E+01      0.169E+10     -0.410E+00      0.535E+00
      0.132E-01      0.710E+01      0.428E+01      0.169E+10     -0.411E+00      0.534E+00
      0.138E-01      0.707E+01      0.426E+01      0.168E+10     -0.411E+00      0.535E+00
      0.144E-01      0.701E+01      0.422E+01      0.168E+10     -0.411E+00      0.535E+00
      0.151E-01      0.702E+01      0.422E+01      0.168E+10     -0.412E+00      0.535E+00
      0.159E-01      0.704E+01      0.423E+01      0.167E+10     -0.412E+00      0.535E+00
      0.166E-01      0.703E+01      0.422E+01      0.167E+10     -0.412E+00      0.535E+00
      0.174E-01      0.703E+01      0.422E+01      0.166E+10     -0.412E+00      0.535E+00
      0.182E-01      0.705E+01      0.422E+01      0.166E+10     -0.413E+00      0.535E+00
      0.191E-01      0.703E+01      0.421E+01      0.165E+10     -0.413E+00      0.535E+00
      0.200E-01      0.699E+01      0.418E+01      0.165E+10     -0.413E+00      0.535E+00
      0.209E-01      0.697E+01      0.416E+01      0.164E+10     -0.414E+00      0.535E+00
      0.219E-01      0.696E+01      0.416E+01      0.164E+10     -0.414E+00      0.535E+00
      0.229E-01      0.696E+01      0.415E+01      0.163E+10     -0.414E+00      0.535E+00
      0.240E-01      0.695E+01      0.414E+01      0.162E+10     -0.415E+00      0.535E+00
      0.251E-01      0.696E+01      0.414E+01      0.162E+10     -0.415E+00      0.535E+00
      0.263E-01      0.694E+01      0.412E+01      0.161E+10     -0.416E+00      0.535E+00
      0.275E-01      0.691E+01      0.410E+01      0.160E+10     -0.416E+00      0.536E+00
      0.290E-01      0.689E+01      0.408E+01      0.160E+10     -0.417E+00      0.536E+00
      0.300E-01      0.688E+01      0.407E+01      0.159E+10     -0.417E+00      0.536E+00
      0.310E-01      0.687E+01      0.406E+01      0.158E+10     -0.417E+00      0.535E+00
      0.320E-01      0.686E+01      0.405E+01      0.158E+10     -0.418E+00      0.535E+00
      0.330E-01      0.685E+01      0.404E+01      0.157E+10     -0.418E+00      0.535E+00
      0.340E-01      0.684E+01      0.403E+01      0.157E+10     -0.418E+00      0.535E+00
      0.350E-01      0.683E+01      0.402E+01      0.156E+10     -0.418E+00      0.535E+00
      0.360E-01      0.682E+01      0.401E+01      0.155E+10     -0.419E+00      0.534E+00
      0.370E-01      0.680E+01      0.400E+01      0.155E+10     -0.419E+00      0.534E+00
      0.380E-01      0.679E+01      0.398E+01      0.154E+10     -0.419E+00      0.534E+00
      0.390E-01      0.678E+01      0.397E+01      0.154E+10     -0.419E+00      0.534E+00
      0.400E-01      0.677E+01      0.396E+01      0.153E+10     -0.420E+00      0.533E+00
      0.425E-01      0.674E+01      0.394E+01      0.152E+10     -0.420E+00      0.533E+00
      0.450E-01      0.671E+01      0.391E+01      0.151E+10     -0.421E+00      0.532E+00
      0.475E-01      0.668E+01      0.388E+01      0.150E+10     -0.421E+00      0.531E+00
      0.500E-01      0.665E+01      0.385E+01      0.148E+10     -0.422E+00      0.530E+00
      0.525E-01      0.662E+01      0.383E+01      0.147E+10     -0.422E+00      0.530E+00
      0.550E-01      0.659E+01      0.380E+01      0.146E+10     -0.423E+00      0.529E+00
      0.571E-01      0.657E+01      0.378E+01      0.144E+10     -0.424E+00      0.528E+00
      0.640E-01      0.649E+01      0.370E+01      0.142E+10     -0.425E+00      0.525E+00
      0.719E-01      0.640E+01      0.362E+01      0.138E+10     -0.427E+00      0.522E+00
      0.806E-01      0.629E+01      0.353E+01      0.134E+10     -0.429E+00      0.518E+00
      0.905E-01      0.618E+01      0.343E+01      0.130E+10     -0.431E+00      0.514E+00
      0.102E+00      0.604E+01      0.332E+01      0.125E+10     -0.434E+00      0.510E+00
      0.114E+00      0.589E+01      0.320E+01      0.119E+10     -0.437E+00      0.505E+00
      0.128E+00      0.570E+01      0.306E+01      0.113E+10     -0.441E+00      0.501E+00
      0.143E+00      0.550E+01      0.291E+01      0.107E+10     -0.445E+00      0.497E+00
      0.161E+00      0.526E+01      0.274E+01      0.100E+10     -0.451E+00      0.490E+00
      0.181E+00      0.499E+01      0.255E+01      0.931E+09     -0.457E+00      0.481E+00
      0.203E+00      0.468E+01      0.235E+01      0.855E+09     -0.466E+00      0.474E+00
      0.227E+00      0.433E+01      0.216E+01      0.775E+09     -0.476E+00      0.471E+00
      0.255E+00      0.392E+01      0.197E+01      0.693E+09     -0.489E+00      0.480E+00
      0.286E+00      0.349E+01      0.178E+01      0.610E+09     -0.507E+00      0.495E+00
      0.321E+00      0.307E+01      0.159E+01      0.529E+09     -0.530E+00      0.510E+00
      0.360E+00      0.265E+01      0.141E+01      0.448E+09     -0.558E+00      0.533E+00
      0.404E+00      0.224E+01      0.123E+01      0.371E+09     -0.582E+00      0.559E+00
      0.453E+00      0.183E+01      0.106E+01      0.299E+09     -0.598E+00      0.580E+00
      0.509E+00      0.141E+01      0.897E+00      0.233E+09     -0.599E+00      0.611E+00
      0.571E+00      0.105E+01      0.758E+00      0.177E+09     -0.596E+00      0.665E+00
      0.641E+00      0.748E+00      0.635E+00      0.129E+09     -0.600E+00      0.770E+00
      0.719E+00      0.528E+00      0.521E+00      0.922E+08     -0.603E+00      0.909E+00
      0.806E+00      0.371E+00      0.426E+00      0.630E+08     -0.615E+00      0.108E+01
      0.905E+00      0.248E+00      0.336E+00      0.401E+08     -0.646E+00      0.133E+01
      0.102E+01      0.158E+00      0.256E+00      0.231E+08     -0.690E+00      0.174E+01
      0.114E+01      0.825E-01      0.168E+00      0.110E+08     -0.713E+00      0.207E+01
      0.128E+01      0.326E-01      0.869E-01      0.404E+07     -0.722E+00      0.265E+01
      0.143E+01      0.865E-02      0.356E-01      0.968E+06     -0.754E+00      0.421E+01
      0.161E+01      0.527E-03      0.496E-02      0.634E+05     -0.105E+01      0.130E+02
      0.168E+01      0.307E-03      0.340E-02      0.231E+05     -0.928E+00      0.141E+02
      0.170E+01      0.264E-03      0.299E-02      0.144E+05     -0.932E+00      0.145E+02
      0.180E+01      0.745E-04      0.108E-02      0.460E+04     -0.995E+00      0.195E+02
      0.190E+01      0.284E-06      0.435E-04      0.174E+02     -0.178E+01      0.365E+03
      0.200E+01      0.193E-17      0.481E-11      0.118E-09     -0.247E+01      0.859E+07
      0.210E+01      0.000E+00      0.337E-20      0.542E-29     -0.423E+01            NaN
      0.220E+01      0.000E+00      0.000E+00      0.000E+00     -0.990E+02     -0.990E+02
      0.230E+01      0.000E+00      0.000E+00      0.000E+00     -0.990E+02     -0.990E+02
      0.240E+01      0.000E+00      0.000E+00      0.000E+00     -0.990E+02     -0.990E+02
      0.250E+01      0.000E+00      0.000E+00      0.000E+00     -0.990E+02     -0.990E+02
      0.260E+01      0.000E+00      0.000E+00      0.000E+00     -0.990E+02     -0.990E+02
      0.275E+01      0.000E+00      0.000E+00      0.000E+00     -0.990E+02     -0.990E+02
      0.300E+01      0.000E+00      0.000E+00      0.000E+00     -0.990E+02     -0.990E+02
      0.325E+01      0.000E+00      0.000E+00      0.000E+00     -0.990E+02     -0.990E+02
      0.350E+01      0.000E+00      0.000E+00      0.000E+00     -0.990E+02     -0.990E+02
      0.375E+01      0.000E+00      0.000E+00      0.000E+00     -0.990E+02     -0.990E+02
      0.400E+01      0.000E+00      0.000E+00      0.000E+00     -0.990E+02     -0.990E+02
      0.425E+01      0.000E+00      0.000E+00      0.000E+00     -0.990E+02     -0.990E+02
      0.450E+01      0.000E+00      0.000E+00      0.000E+00     -0.990E+02     -0.990E+02
      0.475E+01      0.000E+00      0.000E+00      0.000E+00     -0.990E+02     -0.990E+02
      0.500E+01      0.000E+00      0.000E+00      0.000E+00     -0.990E+02     -0.990E+02
      0.525E+01      0.000E+00      0.000E+00      0.000E+00     -0.990E+02     -0.990E+02
      0.550E+01      0.000E+00      0.000E+00      0.000E+00     -0.990E+02     -0.990E+02
      0.575E+01      0.000E+00      0.000E+00      0.000E+00     -0.990E+02     -0.990E+02
      0.600E+01      0.000E+00      0.000E+00      0.000E+00     -0.990E+02     -0.990E+02
      0.625E+01      0.000E+00      0.000E+00      0.000E+00     -0.990E+02     -0.990E+02
      0.650E+01      0.000E+00      0.000E+00      0.000E+00     -0.990E+02     -0.990E+02
      0.675E+01      0.000E+00      0.000E+00      0.000E+00     -0.990E+02     -0.990E+02
      0.700E+01      0.000E+00      0.000E+00      0.000E+00     -0.990E+02     -0.990E+02
      0.725E+01      0.000E+00      0.000E+00      0.000E+00     -0.990E+02     -0.990E+02
      0.750E+01      0.000E+00      0.000E+00      0.000E+00     -0.990E+02     -0.990E+02
      0.775E+01      0.000E+00      0.000E+00      0.000E+00     -0.990E+02     -0.990E+02
      0.800E+01      0.000E+00      0.000E+00      0.000E+00     -0.990E+02     -0.990E+02
      0.825E+01      0.000E+00      0.000E+00      0.000E+00     -0.990E+02     -0.990E+02
      0.850E+01      0.000E+00      0.000E+00      0.000E+00     -0.990E+02     -0.990E+02
      0.875E+01      0.000E+00      0.000E+00      0.000E+00     -0.990E+02     -0.990E+02
      0.900E+01      0.000E+00      0.000E+00      0.000E+00     -0.990E+02     -0.990E+02
      0.925E+01      0.000E+00      0.000E+00      0.000E+00     -0.990E+02     -0.990E+02
      0.950E+01      0.000E+00      0.000E+00      0.000E+00     -0.990E+02     -0.990E+02
      0.975E+01      0.000E+00      0.000E+00      0.000E+00     -0.990E+02     -0.990E+02
      0.100E+02      0.000E+00      0.000E+00      0.000E+00     -0.990E+02     -0.990E+02
      0.102E+02      0.000E+00      0.000E+00      0.000E+00     -0.990E+02     -0.990E+02
      0.105E+02      0.000E+00      0.000E+00      0.000E+00     -0.990E+02     -0.990E+02
      0.108E+02      0.000E+00      0.000E+00      0.000E+00     -0.990E+02     -0.990E+02
      0.110E+02      0.000E+00      0.000E+00      0.000E+00     -0.990E+02     -0.990E+02
      0.112E+02      0.000E+00      0.000E+00      0.000E+00     -0.990E+02     -0.990E+02
      0.115E+02      0.000E+00      0.000E+00      0.000E+00     -0.990E+02     -0.990E+02
      0.118E+02      0.000E+00      0.000E+00      0.000E+00     -0.990E+02     -0.990E+02
      0.120E+02      0.000E+00      0.000E+00      0.000E+00     -0.990E+02     -0.990E+02
      0.122E+02      0.000E+00      0.000E+00      0.000E+00     -0.990E+02     -0.990E+02
      0.125E+02      0.000E+00      0.000E+00      0.000E+00     -0.990E+02     -0.990E+02
      0.128E+02      0.000E+00      0.000E+00      0.000E+00     -0.990E+02     -0.990E+02
      0.130E+02      0.000E+00      0.000E+00      0.000E+00     -0.990E+02     -0.990E+02
      0.132E+02      0.000E+00      0.000E+00      0.000E+00     -0.990E+02     -0.990E+02
      0.135E+02      0.000E+00      0.000E+00      0.000E+00     -0.990E+02     -0.990E+02
      0.138E+02      0.000E+00      0.000E+00      0.000E+00     -0.990E+02     -0.990E+02
      0.140E+02      0.000E+00      0.000E+00      0.000E+00     -0.990E+02     -0.990E+02
      0.142E+02      0.000E+00      0.000E+00      0.000E+00     -0.990E+02     -0.990E+02
      0.145E+02      0.000E+00      0.000E+00      0.000E+00     -0.990E+02     -0.990E+02
      0.148E+02      0.000E+00      0.000E+00      0.000E+00     -0.990E+02     -0.990E+02
      0.150E+02      0.000E+00      0.000E+00      0.000E+00     -0.990E+02     -0.990E+02
      0.152E+02      0.000E+00      0.000E+00      0.000E+00     -0.990E+02     -0.990E+02
      0.155E+02      0.000E+00      0.000E+00      0.000E+00     -0.990E+02     -0.990E+02
      0.158E+02      0.000E+00      0.000E+00      0.000E+00     -0.990E+02     -0.990E+02
      0.160E+02      0.000E+00      0.000E+00      0.000E+00     -0.990E+02     -0.990E+02
      0.162E+02      0.000E+00      0.000E+00      0.000E+00     -0.990E+02     -0.990E+02
      0.165E+02      0.000E+00      0.000E+00      0.000E+00     -0.990E+02     -0.990E+02
      0.168E+02      0.000E+00      0.000E+00      0.000E+00     -0.990E+02     -0.990E+02
      0.170E+02      0.000E+00      0.000E+00      0.000E+00     -0.990E+02     -0.990E+02
      0.172E+02      0.000E+00      0.000E+00      0.000E+00     -0.990E+02     -0.990E+02
      0.175E+02      0.000E+00      0.000E+00      0.000E+00     -0.990E+02     -0.990E+02
      0.178E+02      0.000E+00      0.000E+00      0.000E+00     -0.990E+02     -0.990E+02
      0.180E+02      0.000E+00      0.000E+00      0.000E+00     -0.990E+02     -0.990E+02
      0.182E+02      0.000E+00      0.000E+00      0.000E+00     -0.990E+02     -0.990E+02
      0.185E+02      0.000E+00      0.000E+00      0.000E+00     -0.990E+02     -0.990E+02
      0.188E+02      0.000E+00      0.000E+00      0.000E+00     -0.990E+02     -0.990E+02
      0.190E+02      0.000E+00      0.000E+00      0.000E+00     -0.990E+02     -0.990E+02
      0.192E+02      0.000E+00      0.000E+00      0.000E+00     -0.990E+02     -0.990E+02
      0.195E+02      0.000E+00      0.000E+00      0.000E+00     -0.990E+02     -0.990E+02
      0.198E+02      0.000E+00      0.000E+00      0.000E+00     -0.990E+02     -0.990E+02
      0.200E+02      0.000E+00      0.000E+00      0.000E+00     -0.990E+02     -0.990E+02
