      0.000E+00      0.624E+00      0.388E-01      0.191E+09     -0.990E+02     -0.990E+02
      0.100E-03      0.624E+00      0.388E-01      0.191E+09     -0.990E+02     -0.990E+02
      0.140E-03      0.624E+00      0.388E-01      0.191E+09     -0.990E+02     -0.990E+02
      0.160E-03      0.624E+00      0.388E-01      0.191E+09     -0.990E+02     -0.990E+02
      0.180E-03      0.624E+00      0.388E-01      0.191E+09     -0.990E+02     -0.990E+02
      0.200E-03      0.624E+00      0.388E-01      0.191E+09     -0.990E+02     -0.990E+02
      0.220E-03      0.624E+00      0.388E-01      0.191E+09     -0.990E+02     -0.990E+02
      0.250E-03      0.624E+00      0.388E-01      0.191E+09     -0.990E+02     -0.990E+02
      0.280E-03      0.624E+00      0.388E-01      0.191E+09     -0.990E+02     -0.990E+02
      0.320E-03      0.624E+00      0.388E-01      0.191E+09     -0.990E+02     -0.990E+02
      0.350E-03      0.624E+00      0.388E-01      0.191E+09     -0.990E+02     -0.990E+02
      0.400E-03      0.624E+00      0.388E-01      0.191E+09     -0.990E+02     -0.990E+02
      0.450E-03      0.624E+00      0.388E-01      0.191E+09     -0.990E+02     -0.990E+02
      0.500E-03      0.624E+00      0.388E-01      0.191E+09     -0.990E+02     -0.990E+02
      0.560E-03      0.624E+00      0.388E-01      0.191E+09     -0.990E+02     -0.990E+02
      0.630E-03      0.624E+00      0.388E-01      0.191E+09     -0.990E+02     -0.990E+02
      0.710E-03      0.624E+00      0.388E-01      0.191E+09     -0.990E+02     -0.990E+02
      0.790E-03      0.624E+00      0.388E-01      0.191E+09     -0.990E+02     -0.990E+02
      0.890E-03      0.624E+00      0.388E-01      0.191E+09     -0.990E+02     -0.990E+02
      0.100E-02      0.624E+00      0.388E-01      0.191E+09     -0.990E+02     -0.990E+02
      0.105E-02      0.624E+00      0.388E-01      0.191E+09     -0.990E+02     -0.990E+02
      0.110E-02      0.624E+00      0.388E-01      0.191E+09     -0.990E+02     -0.990E+02
      0.115E-02      0.624E+00      0.388E-01      0.191E+09     -0.990E+02     -0.990E+02
      0.120E-02      0.624E+00      0.388E-01      0.191E+09     -0.990E+02     -0.990E+02
      0.126E-02      0.624E+00      0.388E-01      0.191E+09     -0.990E+02     -0.990E+02
      0.132E-02      0.624E+00      0.388E-01      0.191E+09     -0.990E+02     -0.990E+02
      0.138E-02      0.624E+00      0.388E-01      0.191E+09     -0.990E+02     -0.990E+02
      0.145E-02      0.624E+00      0.388E-01      0.191E+09     -0.990E+02     -0.990E+02
      0.151E-02      0.624E+00      0.388E-01      0.191E+09     -0.990E+02     -0.990E+02
      0.158E-02      0.624E+00      0.388E-01      0.191E+09     -0.990E+02     -0.990E+02
      0.166E-02      0.624E+00      0.388E-01      0.191E+09     -0.990E+02     -0.990E+02
      0.174E-02      0.624E+00      0.388E-01      0.191E+09     -0.990E+02     -0.990E+02
      0.182E-02      0.624E+00      0.388E-01      0.191E+09     -0.990E+02     -0.990E+02
      0.191E-02      0.624E+00      0.388E-01      0.191E+09     -0.990E+02     -0.990E+02
      0.200E-02      0.624E+00      0.388E-01      0.191E+09     -0.990E+02     -0.990E+02
      0.209E-02      0.624E+00      0.388E-01      0.191E+09     -0.990E+02     -0.990E+02
      0.219E-02      0.624E+00      0.388E-01      0.191E+09     -0.990E+02     -0.990E+02
      0.229E-02      0.624E+00      0.388E-01      0.191E+09     -0.990E+02     -0.990E+02
      0.240E-02      0.624E+00      0.388E-01      0.191E+09     -0.990E+02     -0.990E+02
      0.251E-02      0.624E+00      0.388E-01      0.191E+09     -0.990E+02     -0.990E+02
      0.263E-02      0.624E+00      0.388E-01      0.191E+09     -0.990E+02     -0.990E+02
      0.275E-02      0.624E+00      0.388E-01      0.191E+09     -0.990E+02     -0.990E+02
      0.288E-02      0.624E+00      0.388E-01      0.191E+09     -0.990E+02     -0.990E+02
      0.302E-02      0.624E+00      0.388E-01      0.191E+09     -0.990E+02     -0.990E+02
      0.316E-02      0.624E+00      0.388E-01      0.191E+09     -0.990E+02     -0.990E+02
      0.331E-02      0.624E+00      0.388E-01      0.191E+09     -0.990E+02     -0.990E+02
      0.347E-02      0.624E+00      0.388E-01      0.191E+09     -0.990E+02     -0.990E+02
      0.363E-02      0.624E+00      0.388E-01      0.191E+09     -0.990E+02     -0.990E+02
      0.380E-02      0.624E+00      0.388E-01      0.191E+09     -0.990E+02     -0.990E+02
      0.398E-02      0.624E+00      0.388E-01      0.191E+09     -0.990E+02     -0.990E+02
      0.417E-02      0.624E+00      0.388E-01      0.191E+09     -0.990E+02     -0.990E+02
      0.437E-02      0.624E+00      0.388E-01      0.191E+09     -0.990E+02     -0.990E+02
      0.457E-02      0.624E+00      0.388E-01      0.191E+09     -0.990E+02     -0.990E+02
      0.479E-02      0.624E+00      0.388E-01      0.191E+09     -0.990E+02     -0.990E+02
      0.501E-02      0.624E+00      0.388E-01      0.191E+09     -0.990E+02     -0.990E+02
      0.525E-02      0.624E+00      0.388E-01      0.191E+09     -0.990E+02     -0.990E+02
      0.550E-02      0.624E+00      0.388E-01      0.191E+09     -0.990E+02     -0.990E+02
      0.575E-02      0.624E+00      0.388E-01      0.191E+09     -0.990E+02     -0.990E+02
      0.603E-02      0.624E+00      0.388E-01      0.191E+09     -0.990E+02     -0.990E+02
      0.631E-02      0.624E+00      0.388E-01      0.191E+09     -0.990E+02     -0.990E+02
      0.661E-02      0.624E+00      0.388E-01      0.191E+09     -0.990E+02     -0.990E+02
      0.692E-02      0.624E+00      0.388E-01      0.191E+09     -0.990E+02     -0.990E+02
      0.724E-02      0.624E+00      0.388E-01      0.191E+09     -0.990E+02     -0.990E+02
      0.759E-02      0.624E+00      0.388E-01      0.191E+09     -0.990E+02     -0.990E+02
      0.794E-02      0.624E+00      0.388E-01      0.191E+09     -0.990E+02     -0.990E+02
      0.832E-02      0.624E+00      0.388E-01      0.191E+09     -0.990E+02     -0.990E+02
      0.871E-02      0.624E+00      0.388E-01      0.191E+09     -0.990E+02     -0.990E+02
      0.912E-02      0.624E+00      0.388E-01      0.191E+09     -0.990E+02     -0.990E+02
      0.955E-02      0.624E+00      0.388E-01      0.191E+09     -0.990E+02     -0.990E+02
      0.100E-01      0.624E+00      0.388E-01      0.191E+09      0.451E-01      0.304E+00
      0.105E-01      0.669E-01      0.367E-01      0.185E+09      0.451E-01      0.304E+00
      0.110E-01      0.666E-01      0.366E-01      0.185E+09      0.451E-01      0.304E+00
      0.115E-01      0.664E-01      0.365E-01      0.185E+09      0.451E-01      0.304E+00
      0.120E-01      0.663E-01      0.365E-01      0.185E+09      0.450E-01      0.303E+00
      0.126E-01      0.664E-01      0.366E-01      0.185E+09      0.450E-01      0.303E+00
      0.132E-01      0.667E-01      0.367E-01      0.185E+09      0.448E-01      0.303E+00
      0.138E-01      0.665E-01      0.367E-01      0.185E+09      0.448E-01      0.303E+00
      0.144E-01      0.660E-01      0.364E-01      0.185E+09      0.447E-01      0.303E+00
      0.151E-01      0.662E-01      0.365E-01      0.185E+09      0.446E-01      0.302E+00
      0.159E-01      0.664E-01      0.366E-01      0.185E+09      0.446E-01      0.302E+00
      0.166E-01      0.663E-01      0.366E-01      0.185E+09      0.445E-01      0.302E+00
      0.174E-01      0.663E-01      0.367E-01      0.185E+09      0.444E-01      0.302E+00
      0.182E-01      0.666E-01      0.368E-01      0.185E+09      0.443E-01      0.301E+00
      0.191E-01      0.665E-01      0.369E-01      0.185E+09      0.442E-01      0.301E+00
      0.200E-01      0.661E-01      0.367E-01      0.184E+09      0.441E-01      0.301E+00
      0.209E-01      0.660E-01      0.366E-01      0.184E+09      0.441E-01      0.300E+00
      0.219E-01      0.660E-01      0.367E-01      0.184E+09      0.441E-01      0.299E+00
      0.229E-01      0.661E-01      0.368E-01      0.184E+09      0.439E-01      0.299E+00
      0.240E-01      0.661E-01      0.368E-01      0.184E+09      0.438E-01      0.299E+00
      0.251E-01      0.662E-01      0.369E-01      0.184E+09      0.436E-01      0.299E+00
      0.263E-01      0.661E-01      0.369E-01      0.184E+09      0.436E-01      0.298E+00
      0.275E-01      0.660E-01      0.369E-01      0.184E+09      0.434E-01      0.297E+00
      0.290E-01      0.659E-01      0.369E-01      0.184E+09      0.433E-01      0.297E+00
      0.300E-01      0.659E-01      0.369E-01      0.184E+09      0.432E-01      0.296E+00
      0.310E-01      0.659E-01      0.370E-01      0.184E+09      0.430E-01      0.296E+00
      0.320E-01      0.659E-01      0.370E-01      0.184E+09      0.430E-01      0.296E+00
      0.330E-01      0.658E-01      0.370E-01      0.184E+09      0.429E-01      0.296E+00
      0.340E-01      0.658E-01      0.371E-01      0.184E+09      0.428E-01      0.296E+00
      0.350E-01      0.658E-01      0.371E-01      0.184E+09      0.427E-01      0.295E+00
      0.360E-01      0.657E-01      0.371E-01      0.184E+09      0.426E-01      0.295E+00
      0.370E-01      0.657E-01      0.372E-01      0.184E+09      0.426E-01      0.294E+00
      0.380E-01      0.657E-01      0.372E-01      0.183E+09      0.424E-01      0.294E+00
      0.390E-01      0.656E-01      0.372E-01      0.183E+09      0.423E-01      0.294E+00
      0.400E-01      0.656E-01      0.373E-01      0.183E+09      0.422E-01      0.293E+00
      0.425E-01      0.655E-01      0.373E-01      0.183E+09      0.420E-01      0.293E+00
      0.450E-01      0.654E-01      0.374E-01      0.183E+09      0.416E-01      0.292E+00
      0.475E-01      0.654E-01      0.375E-01      0.183E+09      0.416E-01      0.291E+00
      0.500E-01      0.653E-01      0.376E-01      0.183E+09      0.412E-01      0.290E+00
      0.525E-01      0.652E-01      0.377E-01      0.183E+09      0.410E-01      0.290E+00
      0.550E-01      0.651E-01      0.378E-01      0.183E+09      0.407E-01      0.290E+00
      0.571E-01      0.653E-01      0.378E-01      0.183E+09      0.405E-01      0.288E+00
      0.640E-01      0.660E-01      0.373E-01      0.182E+09      0.403E-01      0.281E+00
      0.719E-01      0.669E-01      0.369E-01      0.182E+09      0.400E-01      0.274E+00
      0.806E-01      0.680E-01      0.366E-01      0.181E+09      0.398E-01      0.267E+00
      0.905E-01      0.692E-01      0.363E-01      0.181E+09      0.393E-01      0.260E+00
      0.102E+00      0.704E-01      0.362E-01      0.180E+09      0.391E-01      0.252E+00
      0.114E+00      0.719E-01      0.364E-01      0.180E+09      0.387E-01      0.245E+00
      0.128E+00      0.735E-01      0.369E-01      0.179E+09      0.382E-01      0.238E+00
      0.143E+00      0.753E-01      0.376E-01      0.178E+09      0.377E-01      0.232E+00
      0.161E+00      0.773E-01      0.389E-01      0.177E+09      0.372E-01      0.228E+00
      0.181E+00      0.796E-01      0.407E-01      0.176E+09      0.367E-01      0.224E+00
      0.203E+00      0.821E-01      0.433E-01      0.175E+09      0.361E-01      0.223E+00
      0.227E+00      0.849E-01      0.467E-01      0.174E+09      0.358E-01      0.221E+00
      0.255E+00      0.881E-01      0.508E-01      0.172E+09      0.354E-01      0.213E+00
      0.286E+00      0.914E-01      0.553E-01      0.170E+09      0.363E-01      0.201E+00
      0.321E+00      0.943E-01      0.567E-01      0.168E+09      0.356E-01      0.188E+00
      0.360E+00      0.956E-01      0.516E-01      0.165E+09      0.320E-01      0.176E+00
      0.404E+00      0.973E-01      0.481E-01      0.163E+09      0.283E-01      0.164E+00
      0.453E+00      0.991E-01      0.463E-01      0.160E+09      0.240E-01      0.153E+00
      0.509E+00      0.101E+00      0.476E-01      0.156E+09      0.185E-01      0.142E+00
      0.571E+00      0.103E+00      0.514E-01      0.152E+09      0.124E-01      0.134E+00
      0.641E+00      0.102E+00      0.498E-01      0.147E+09      0.853E-02      0.131E+00
      0.719E+00      0.101E+00      0.485E-01      0.142E+09      0.469E-02      0.133E+00
      0.806E+00      0.100E+00      0.477E-01      0.136E+09      0.242E-02      0.124E+00
      0.905E+00      0.894E-01      0.425E-01      0.130E+09      0.652E-02      0.132E+00
      0.102E+01      0.783E-01      0.445E-01      0.124E+09      0.107E-01      0.143E+00
      0.114E+01      0.751E-01      0.422E-01      0.118E+09      0.139E-01      0.127E+00
      0.128E+01      0.761E-01      0.361E-01      0.111E+09      0.161E-01      0.106E+00
      0.143E+01      0.888E-01      0.366E-01      0.104E+09      0.302E-02      0.812E-01
      0.161E+01      0.982E-01      0.412E-01      0.948E+08     -0.124E-01      0.944E-01
      0.168E+01      0.937E-01      0.402E-01      0.871E+08     -0.145E-01      0.111E+00
      0.170E+01      0.923E-01      0.402E-01      0.844E+08     -0.150E-01      0.115E+00
      0.180E+01      0.857E-01      0.433E-01      0.809E+08     -0.177E-01      0.133E+00
      0.190E+01      0.951E-01      0.414E-01      0.755E+08     -0.228E-01      0.123E+00
      0.200E+01      0.105E+00      0.452E-01      0.695E+08     -0.253E-01      0.116E+00
      0.210E+01      0.106E+00      0.459E-01      0.629E+08     -0.301E-01      0.978E-01
      0.220E+01      0.940E-01      0.415E-01      0.563E+08     -0.433E-01      0.999E-01
      0.230E+01      0.826E-01      0.436E-01      0.505E+08     -0.633E-01      0.126E+00
      0.240E+01      0.769E-01      0.361E-01      0.454E+08     -0.664E-01      0.133E+00
      0.250E+01      0.716E-01      0.334E-01      0.407E+08     -0.681E-01      0.145E+00
      0.260E+01      0.703E-01      0.346E-01      0.363E+08     -0.718E-01      0.141E+00
      0.275E+01      0.767E-01      0.372E-01      0.309E+08     -0.902E-01      0.133E+00
      0.300E+01      0.445E-01      0.298E-01      0.216E+08     -0.162E+00      0.211E+00
      0.325E+01      0.316E-01      0.231E-01      0.149E+08     -0.720E-01      0.226E+00
      0.350E+01      0.274E-01      0.200E-01      0.102E+08     -0.769E-01      0.245E+00
      0.375E+01      0.233E-01      0.188E-01      0.610E+07     -0.161E+00      0.293E+00
      0.400E+01      0.980E-02      0.143E-01      0.266E+07     -0.690E-01      0.613E+00
      0.425E+01      0.397E-02      0.146E-01      0.121E+07      0.770E-01      0.187E+01
      0.450E+01      0.266E-02      0.107E-01      0.634E+06      0.112E+00      0.136E+01
      0.475E+01      0.954E-03      0.514E-02      0.244E+06     -0.336E-01      0.961E+00
      0.500E+01      0.490E-03      0.280E-02      0.105E+06     -0.845E-01      0.111E+01
      0.525E+01      0.230E-03      0.102E-02      0.334E+05     -0.176E+00      0.126E+01
      0.550E+01      0.502E-06      0.361E-04      0.720E+02     -0.146E+01      0.174E+03
      0.575E+01      0.293E-10      0.755E-07      0.414E-02     -0.857E+00      0.307E+04
      0.600E+01      0.000E+00      0.000E+00      0.000E+00     -0.990E+02     -0.990E+02
      0.625E+01      0.000E+00      0.000E+00      0.000E+00     -0.990E+02     -0.990E+02
      0.650E+01      0.000E+00      0.000E+00      0.000E+00     -0.990E+02     -0.990E+02
      0.675E+01      0.000E+00      0.000E+00      0.000E+00     -0.990E+02     -0.990E+02
      0.700E+01      0.000E+00      0.000E+00      0.000E+00     -0.990E+02     -0.990E+02
      0.725E+01      0.000E+00      0.000E+00      0.000E+00     -0.990E+02     -0.990E+02
      0.750E+01      0.000E+00      0.000E+00      0.000E+00     -0.990E+02     -0.990E+02
      0.775E+01      0.000E+00      0.000E+00      0.000E+00     -0.990E+02     -0.990E+02
      0.800E+01      0.000E+00      0.000E+00      0.000E+00     -0.990E+02     -0.990E+02
      0.825E+01      0.000E+00      0.000E+00      0.000E+00     -0.990E+02     -0.990E+02
      0.850E+01      0.000E+00      0.000E+00      0.000E+00     -0.990E+02     -0.990E+02
      0.875E+01      0.000E+00      0.000E+00      0.000E+00     -0.990E+02     -0.990E+02
      0.900E+01      0.000E+00      0.000E+00      0.000E+00     -0.990E+02     -0.990E+02
      0.925E+01      0.000E+00      0.000E+00      0.000E+00     -0.990E+02     -0.990E+02
      0.950E+01      0.000E+00      0.000E+00      0.000E+00     -0.990E+02     -0.990E+02
      0.975E+01      0.000E+00      0.000E+00      0.000E+00     -0.990E+02     -0.990E+02
      0.100E+02      0.000E+00      0.000E+00      0.000E+00     -0.990E+02     -0.990E+02
      0.102E+02      0.000E+00      0.000E+00      0.000E+00     -0.990E+02     -0.990E+02
      0.105E+02      0.000E+00      0.000E+00      0.000E+00     -0.990E+02     -0.990E+02
      0.108E+02      0.000E+00      0.000E+00      0.000E+00     -0.990E+02     -0.990E+02
      0.110E+02      0.000E+00      0.000E+00      0.000E+00     -0.990E+02     -0.990E+02
      0.112E+02      0.000E+00      0.000E+00      0.000E+00     -0.990E+02     -0.990E+02
      0.115E+02      0.000E+00      0.000E+00      0.000E+00     -0.990E+02     -0.990E+02
      0.118E+02      0.000E+00      0.000E+00      0.000E+00     -0.990E+02     -0.990E+02
      0.120E+02      0.000E+00      0.000E+00      0.000E+00     -0.990E+02     -0.990E+02
      0.122E+02      0.000E+00      0.000E+00      0.000E+00     -0.990E+02     -0.990E+02
      0.125E+02      0.000E+00      0.000E+00      0.000E+00     -0.990E+02     -0.990E+02
      0.128E+02      0.000E+00      0.000E+00      0.000E+00     -0.990E+02     -0.990E+02
      0.130E+02      0.000E+00      0.000E+00      0.000E+00     -0.990E+02     -0.990E+02
      0.132E+02      0.000E+00      0.000E+00      0.000E+00     -0.990E+02     -0.990E+02
      0.135E+02      0.000E+00      0.000E+00      0.000E+00     -0.990E+02     -0.990E+02
      0.138E+02      0.000E+00      0.000E+00      0.000E+00     -0.990E+02     -0.990E+02
      0.140E+02      0.000E+00      0.000E+00      0.000E+00     -0.990E+02     -0.990E+02
      0.142E+02      0.000E+00      0.000E+00      0.000E+00     -0.990E+02     -0.990E+02
      0.145E+02      0.000E+00      0.000E+00      0.000E+00     -0.990E+02     -0.990E+02
      0.148E+02      0.000E+00      0.000E+00      0.000E+00     -0.990E+02     -0.990E+02
      0.150E+02      0.000E+00      0.000E+00      0.000E+00     -0.990E+02     -0.990E+02
      0.152E+02      0.000E+00      0.000E+00      0.000E+00     -0.990E+02     -0.990E+02
      0.155E+02      0.000E+00      0.000E+00      0.000E+00     -0.990E+02     -0.990E+02
      0.158E+02      0.000E+00      0.000E+00      0.000E+00     -0.990E+02     -0.990E+02
      0.160E+02      0.000E+00      0.000E+00      0.000E+00     -0.990E+02     -0.990E+02
      0.162E+02      0.000E+00      0.000E+00      0.000E+00     -0.990E+02     -0.990E+02
      0.165E+02      0.000E+00      0.000E+00      0.000E+00     -0.990E+02     -0.990E+02
      0.168E+02      0.000E+00      0.000E+00      0.000E+00     -0.990E+02     -0.990E+02
      0.170E+02      0.000E+00      0.000E+00      0.000E+00     -0.990E+02     -0.990E+02
      0.172E+02      0.000E+00      0.000E+00      0.000E+00     -0.990E+02     -0.990E+02
      0.175E+02      0.000E+00      0.000E+00      0.000E+00     -0.990E+02     -0.990E+02
      0.178E+02      0.000E+00      0.000E+00      0.000E+00     -0.990E+02     -0.990E+02
      0.180E+02      0.000E+00      0.000E+00      0.000E+00     -0.990E+02     -0.990E+02
      0.182E+02      0.000E+00      0.000E+00      0.000E+00     -0.990E+02     -0.990E+02
      0.185E+02      0.000E+00      0.000E+00      0.000E+00     -0.990E+02     -0.990E+02
      0.188E+02      0.000E+00      0.000E+00      0.000E+00     -0.990E+02     -0.990E+02
      0.190E+02      0.000E+00      0.000E+00      0.000E+00     -0.990E+02     -0.990E+02
      0.192E+02      0.000E+00      0.000E+00      0.000E+00     -0.990E+02     -0.990E+02
      0.195E+02      0.000E+00      0.000E+00      0.000E+00     -0.990E+02     -0.990E+02
      0.198E+02      0.000E+00      0.000E+00      0.000E+00     -0.990E+02     -0.990E+02
      0.200E+02      0.000E+00      0.000E+00      0.000E+00     -0.990E+02     -0.990E+02
