      0.000E+00      0.369E+00      0.604E+00      0.361E+10     -0.990E+02     -0.990E+02
      0.100E-03      0.369E+00      0.604E+00      0.361E+10     -0.990E+02     -0.990E+02
      0.140E-03      0.369E+00      0.604E+00      0.361E+10     -0.990E+02     -0.990E+02
      0.160E-03      0.369E+00      0.604E+00      0.361E+10     -0.990E+02     -0.990E+02
      0.180E-03      0.369E+00      0.604E+00      0.361E+10     -0.990E+02     -0.990E+02
      0.200E-03      0.369E+00      0.604E+00      0.361E+10     -0.990E+02     -0.990E+02
      0.220E-03      0.369E+00      0.604E+00      0.361E+10     -0.990E+02     -0.990E+02
      0.250E-03      0.369E+00      0.604E+00      0.361E+10     -0.990E+02     -0.990E+02
      0.280E-03      0.369E+00      0.604E+00      0.361E+10     -0.990E+02     -0.990E+02
      0.320E-03      0.369E+00      0.604E+00      0.361E+10     -0.990E+02     -0.990E+02
      0.350E-03      0.369E+00      0.604E+00      0.361E+10     -0.990E+02     -0.990E+02
      0.400E-03      0.369E+00      0.604E+00      0.361E+10     -0.990E+02     -0.990E+02
      0.450E-03      0.369E+00      0.604E+00      0.361E+10     -0.990E+02     -0.990E+02
      0.500E-03      0.369E+00      0.604E+00      0.361E+10     -0.990E+02     -0.990E+02
      0.560E-03      0.369E+00      0.604E+00      0.361E+10     -0.990E+02     -0.990E+02
      0.630E-03      0.369E+00      0.604E+00      0.361E+10     -0.990E+02     -0.990E+02
      0.710E-03      0.369E+00      0.604E+00      0.361E+10     -0.990E+02     -0.990E+02
      0.790E-03      0.369E+00      0.604E+00      0.361E+10     -0.990E+02     -0.990E+02
      0.890E-03      0.369E+00      0.604E+00      0.361E+10     -0.990E+02     -0.990E+02
      0.100E-02      0.369E+00      0.604E+00      0.361E+10     -0.990E+02     -0.990E+02
      0.105E-02      0.369E+00      0.604E+00      0.361E+10     -0.990E+02     -0.990E+02
      0.110E-02      0.369E+00      0.604E+00      0.361E+10     -0.990E+02     -0.990E+02
      0.115E-02      0.369E+00      0.604E+00      0.361E+10     -0.990E+02     -0.990E+02
      0.120E-02      0.369E+00      0.604E+00      0.361E+10     -0.990E+02     -0.990E+02
      0.126E-02      0.369E+00      0.604E+00      0.361E+10     -0.990E+02     -0.990E+02
      0.132E-02      0.369E+00      0.604E+00      0.361E+10     -0.990E+02     -0.990E+02
      0.138E-02      0.369E+00      0.604E+00      0.361E+10     -0.990E+02     -0.990E+02
      0.145E-02      0.369E+00      0.604E+00      0.361E+10     -0.990E+02     -0.990E+02
      0.151E-02      0.369E+00      0.604E+00      0.361E+10     -0.990E+02     -0.990E+02
      0.158E-02      0.369E+00      0.604E+00      0.361E+10     -0.990E+02     -0.990E+02
      0.166E-02      0.369E+00      0.604E+00      0.361E+10     -0.990E+02     -0.990E+02
      0.174E-02      0.369E+00      0.604E+00      0.361E+10     -0.990E+02     -0.990E+02
      0.182E-02      0.369E+00      0.604E+00      0.361E+10     -0.990E+02     -0.990E+02
      0.191E-02      0.369E+00      0.604E+00      0.361E+10     -0.990E+02     -0.990E+02
      0.200E-02      0.369E+00      0.604E+00      0.361E+10     -0.990E+02     -0.990E+02
      0.209E-02      0.369E+00      0.604E+00      0.361E+10     -0.990E+02     -0.990E+02
      0.219E-02      0.369E+00      0.604E+00      0.361E+10     -0.990E+02     -0.990E+02
      0.229E-02      0.369E+00      0.604E+00      0.361E+10     -0.990E+02     -0.990E+02
      0.240E-02      0.369E+00      0.604E+00      0.361E+10     -0.990E+02     -0.990E+02
      0.251E-02      0.369E+00      0.604E+00      0.361E+10     -0.990E+02     -0.990E+02
      0.263E-02      0.369E+00      0.604E+00      0.361E+10     -0.990E+02     -0.990E+02
      0.275E-02      0.369E+00      0.604E+00      0.361E+10     -0.990E+02     -0.990E+02
      0.288E-02      0.369E+00      0.604E+00      0.361E+10     -0.990E+02     -0.990E+02
      0.302E-02      0.369E+00      0.604E+00      0.361E+10     -0.990E+02     -0.990E+02
      0.316E-02      0.369E+00      0.604E+00      0.361E+10     -0.990E+02     -0.990E+02
      0.331E-02      0.369E+00      0.604E+00      0.361E+10     -0.990E+02     -0.990E+02
      0.347E-02      0.369E+00      0.604E+00      0.361E+10     -0.990E+02     -0.990E+02
      0.363E-02      0.369E+00      0.604E+00      0.361E+10     -0.990E+02     -0.990E+02
      0.380E-02      0.369E+00      0.604E+00      0.361E+10     -0.990E+02     -0.990E+02
      0.398E-02      0.369E+00      0.604E+00      0.361E+10     -0.990E+02     -0.990E+02
      0.417E-02      0.369E+00      0.604E+00      0.361E+10     -0.990E+02     -0.990E+02
      0.437E-02      0.369E+00      0.604E+00      0.361E+10     -0.990E+02     -0.990E+02
      0.457E-02      0.369E+00      0.604E+00      0.361E+10     -0.990E+02     -0.990E+02
      0.479E-02      0.369E+00      0.604E+00      0.361E+10     -0.990E+02     -0.990E+02
      0.501E-02      0.369E+00      0.604E+00      0.361E+10     -0.990E+02     -0.990E+02
      0.525E-02      0.369E+00      0.604E+00      0.361E+10     -0.990E+02     -0.990E+02
      0.550E-02      0.369E+00      0.604E+00      0.361E+10     -0.990E+02     -0.990E+02
      0.575E-02      0.369E+00      0.604E+00      0.361E+10     -0.990E+02     -0.990E+02
      0.603E-02      0.369E+00      0.604E+00      0.361E+10     -0.990E+02     -0.990E+02
      0.631E-02      0.369E+00      0.604E+00      0.361E+10     -0.990E+02     -0.990E+02
      0.661E-02      0.369E+00      0.604E+00      0.361E+10     -0.990E+02     -0.990E+02
      0.692E-02      0.369E+00      0.604E+00      0.361E+10     -0.990E+02     -0.990E+02
      0.724E-02      0.369E+00      0.604E+00      0.361E+10     -0.990E+02     -0.990E+02
      0.759E-02      0.369E+00      0.604E+00      0.361E+10     -0.990E+02     -0.990E+02
      0.794E-02      0.369E+00      0.604E+00      0.361E+10     -0.990E+02     -0.990E+02
      0.832E-02      0.369E+00      0.604E+00      0.361E+10     -0.990E+02     -0.990E+02
      0.871E-02      0.369E+00      0.604E+00      0.361E+10     -0.990E+02     -0.990E+02
      0.912E-02      0.369E+00      0.604E+00      0.361E+10     -0.990E+02     -0.990E+02
      0.955E-02      0.369E+00      0.604E+00      0.361E+10     -0.990E+02     -0.990E+02
      0.100E-01      0.369E+00      0.604E+00      0.361E+10     -0.430E+00      0.515E+00
      0.105E-01      0.587E+00      0.405E+00      0.361E+10     -0.430E+00      0.514E+00
      0.110E-01      0.584E+00      0.403E+00      0.361E+10     -0.430E+00      0.513E+00
      0.115E-01      0.583E+00      0.401E+00      0.361E+10     -0.430E+00      0.513E+00
      0.120E-01      0.583E+00      0.401E+00      0.361E+10     -0.429E+00      0.512E+00
      0.126E-01      0.584E+00      0.401E+00      0.361E+10     -0.429E+00      0.511E+00
      0.132E-01      0.587E+00      0.403E+00      0.361E+10     -0.429E+00      0.510E+00
      0.138E-01      0.586E+00      0.402E+00      0.361E+10     -0.428E+00      0.509E+00
      0.144E-01      0.581E+00      0.399E+00      0.361E+10     -0.428E+00      0.507E+00
      0.151E-01      0.583E+00      0.399E+00      0.361E+10     -0.428E+00      0.506E+00
      0.159E-01      0.585E+00      0.400E+00      0.361E+10     -0.427E+00      0.505E+00
      0.166E-01      0.585E+00      0.400E+00      0.361E+10     -0.427E+00      0.503E+00
      0.174E-01      0.586E+00      0.400E+00      0.361E+10     -0.427E+00      0.502E+00
      0.182E-01      0.588E+00      0.401E+00      0.361E+10     -0.426E+00      0.501E+00
      0.191E-01      0.588E+00      0.401E+00      0.361E+10     -0.426E+00      0.499E+00
      0.200E-01      0.586E+00      0.399E+00      0.360E+10     -0.425E+00      0.498E+00
      0.209E-01      0.585E+00      0.398E+00      0.360E+10     -0.425E+00      0.496E+00
      0.219E-01      0.586E+00      0.398E+00      0.360E+10     -0.425E+00      0.495E+00
      0.229E-01      0.587E+00      0.398E+00      0.360E+10     -0.424E+00      0.493E+00
      0.240E-01      0.587E+00      0.398E+00      0.360E+10     -0.424E+00      0.492E+00
      0.251E-01      0.589E+00      0.399E+00      0.360E+10     -0.423E+00      0.490E+00
      0.263E-01      0.589E+00      0.398E+00      0.360E+10     -0.423E+00      0.488E+00
      0.275E-01      0.588E+00      0.397E+00      0.360E+10     -0.422E+00      0.487E+00
      0.290E-01      0.589E+00      0.397E+00      0.360E+10     -0.421E+00      0.484E+00
      0.300E-01      0.590E+00      0.397E+00      0.360E+10     -0.421E+00      0.483E+00
      0.310E-01      0.590E+00      0.397E+00      0.360E+10     -0.420E+00      0.482E+00
      0.320E-01      0.591E+00      0.397E+00      0.360E+10     -0.420E+00      0.481E+00
      0.330E-01      0.591E+00      0.396E+00      0.360E+10     -0.420E+00      0.479E+00
      0.340E-01      0.591E+00      0.397E+00      0.360E+10     -0.419E+00      0.478E+00
      0.350E-01      0.592E+00      0.396E+00      0.360E+10     -0.419E+00      0.477E+00
      0.360E-01      0.592E+00      0.396E+00      0.360E+10     -0.418E+00      0.476E+00
      0.370E-01      0.592E+00      0.396E+00      0.360E+10     -0.418E+00      0.474E+00
      0.380E-01      0.592E+00      0.396E+00      0.360E+10     -0.417E+00      0.473E+00
      0.390E-01      0.593E+00      0.396E+00      0.360E+10     -0.417E+00      0.472E+00
      0.400E-01      0.593E+00      0.396E+00      0.359E+10     -0.416E+00      0.471E+00
      0.425E-01      0.594E+00      0.396E+00      0.359E+10     -0.415E+00      0.469E+00
      0.450E-01      0.595E+00      0.397E+00      0.359E+10     -0.414E+00      0.467E+00
      0.475E-01      0.596E+00      0.397E+00      0.359E+10     -0.413E+00      0.465E+00
      0.500E-01      0.597E+00      0.397E+00      0.359E+10     -0.412E+00      0.463E+00
      0.525E-01      0.598E+00      0.398E+00      0.359E+10     -0.411E+00      0.461E+00
      0.550E-01      0.599E+00      0.398E+00      0.359E+10     -0.410E+00      0.460E+00
      0.571E-01      0.600E+00      0.399E+00      0.359E+10     -0.409E+00      0.458E+00
      0.640E-01      0.604E+00      0.401E+00      0.358E+10     -0.406E+00      0.455E+00
      0.719E-01      0.609E+00      0.404E+00      0.358E+10     -0.404E+00      0.452E+00
      0.806E-01      0.616E+00      0.408E+00      0.358E+10     -0.402E+00      0.449E+00
      0.905E-01      0.625E+00      0.414E+00      0.357E+10     -0.401E+00      0.446E+00
      0.102E+00      0.634E+00      0.421E+00      0.357E+10     -0.400E+00      0.443E+00
      0.114E+00      0.646E+00      0.430E+00      0.356E+10     -0.399E+00      0.440E+00
      0.128E+00      0.660E+00      0.442E+00      0.356E+10     -0.398E+00      0.438E+00
      0.143E+00      0.675E+00      0.456E+00      0.355E+10     -0.396E+00      0.437E+00
      0.161E+00      0.693E+00      0.474E+00      0.354E+10     -0.395E+00      0.436E+00
      0.181E+00      0.713E+00      0.495E+00      0.353E+10     -0.393E+00      0.437E+00
      0.203E+00      0.737E+00      0.523E+00      0.352E+10     -0.391E+00      0.439E+00
      0.227E+00      0.764E+00      0.557E+00      0.351E+10     -0.389E+00      0.442E+00
      0.255E+00      0.797E+00      0.599E+00      0.349E+10     -0.387E+00      0.448E+00
      0.286E+00      0.810E+00      0.591E+00      0.348E+10     -0.391E+00      0.445E+00
      0.321E+00      0.820E+00      0.580E+00      0.346E+10     -0.397E+00      0.441E+00
      0.360E+00      0.832E+00      0.573E+00      0.344E+10     -0.405E+00      0.434E+00
      0.404E+00      0.846E+00      0.575E+00      0.341E+10     -0.412E+00      0.432E+00
      0.453E+00      0.864E+00      0.584E+00      0.338E+10     -0.421E+00      0.436E+00
      0.509E+00      0.880E+00      0.581E+00      0.335E+10     -0.433E+00      0.443E+00
      0.571E+00      0.927E+00      0.599E+00      0.332E+10     -0.440E+00      0.444E+00
      0.641E+00      0.963E+00      0.619E+00      0.328E+10     -0.445E+00      0.447E+00
      0.719E+00      0.987E+00      0.635E+00      0.323E+10     -0.457E+00      0.458E+00
      0.806E+00      0.104E+01      0.691E+00      0.317E+10     -0.468E+00      0.477E+00
      0.905E+00      0.114E+01      0.815E+00      0.311E+10     -0.485E+00      0.519E+00
      0.102E+01      0.122E+01      0.937E+00      0.303E+10     -0.504E+00      0.593E+00
      0.114E+01      0.123E+01      0.868E+00      0.294E+10     -0.525E+00      0.576E+00
      0.128E+01      0.128E+01      0.957E+00      0.283E+10     -0.542E+00      0.633E+00
      0.143E+01      0.127E+01      0.928E+00      0.271E+10     -0.548E+00      0.624E+00
      0.161E+01      0.119E+01      0.824E+00      0.258E+10     -0.549E+00      0.592E+00
      0.168E+01      0.115E+01      0.793E+00      0.249E+10     -0.554E+00      0.588E+00
      0.170E+01      0.115E+01      0.788E+00      0.246E+10     -0.554E+00      0.587E+00
      0.180E+01      0.115E+01      0.792E+00      0.241E+10     -0.557E+00      0.590E+00
      0.190E+01      0.119E+01      0.833E+00      0.234E+10     -0.559E+00      0.594E+00
      0.200E+01      0.120E+01      0.838E+00      0.227E+10     -0.573E+00      0.623E+00
      0.210E+01      0.119E+01      0.801E+00      0.220E+10     -0.592E+00      0.616E+00
      0.220E+01      0.121E+01      0.810E+00      0.212E+10     -0.621E+00      0.657E+00
      0.230E+01      0.123E+01      0.830E+00      0.205E+10     -0.636E+00      0.685E+00
      0.240E+01      0.121E+01      0.783E+00      0.198E+10     -0.637E+00      0.641E+00
      0.250E+01      0.117E+01      0.757E+00      0.190E+10     -0.623E+00      0.622E+00
      0.260E+01      0.116E+01      0.756E+00      0.183E+10     -0.626E+00      0.636E+00
      0.275E+01      0.119E+01      0.755E+00      0.175E+10     -0.636E+00      0.623E+00
      0.300E+01      0.120E+01      0.749E+00      0.160E+10     -0.647E+00      0.613E+00
      0.325E+01      0.122E+01      0.802E+00      0.143E+10     -0.714E+00      0.730E+00
      0.350E+01      0.116E+01      0.727E+00      0.125E+10     -0.721E+00      0.650E+00
      0.375E+01      0.122E+01      0.726E+00      0.108E+10     -0.747E+00      0.644E+00
      0.400E+01      0.116E+01      0.720E+00      0.900E+09     -0.803E+00      0.737E+00
      0.425E+01      0.102E+01      0.662E+00      0.732E+09     -0.829E+00      0.778E+00
      0.450E+01      0.848E+00      0.555E+00      0.585E+09     -0.839E+00      0.797E+00
      0.475E+01      0.820E+00      0.522E+00      0.463E+09     -0.863E+00      0.797E+00
      0.500E+01      0.803E+00      0.513E+00      0.346E+09     -0.904E+00      0.835E+00
      0.525E+01      0.642E+00      0.482E+00      0.232E+09     -0.101E+01      0.107E+01
      0.550E+01      0.386E+00      0.365E+00      0.141E+09     -0.108E+01      0.139E+01
      0.575E+01      0.290E+00      0.321E+00      0.861E+08     -0.113E+01      0.172E+01
      0.600E+01      0.157E+00      0.212E+00      0.451E+08     -0.123E+01      0.223E+01
      0.625E+01      0.886E-01      0.165E+00      0.229E+08     -0.133E+01      0.325E+01
      0.650E+01      0.555E-01      0.139E+00      0.104E+08     -0.146E+01      0.490E+01
      0.675E+01      0.185E-01      0.667E-01      0.265E+07     -0.157E+01      0.750E+01
      0.700E+01      0.342E-03      0.319E-02      0.485E+05     -0.162E+01      0.201E+02
      0.725E+01      0.294E-05      0.257E-03      0.416E+03     -0.221E+01      0.220E+03
      0.750E+01      0.571E-07      0.886E-05      0.804E+01     -0.305E+01      0.699E+03
      0.775E+01      0.000E+00      0.000E+00      0.000E+00     -0.990E+02     -0.990E+02
      0.800E+01      0.000E+00      0.000E+00      0.000E+00     -0.990E+02     -0.990E+02
      0.825E+01      0.000E+00      0.000E+00      0.000E+00     -0.990E+02     -0.990E+02
      0.850E+01      0.000E+00      0.000E+00      0.000E+00     -0.990E+02     -0.990E+02
      0.875E+01      0.000E+00      0.000E+00      0.000E+00     -0.990E+02     -0.990E+02
      0.900E+01      0.000E+00      0.000E+00      0.000E+00     -0.990E+02     -0.990E+02
      0.925E+01      0.000E+00      0.000E+00      0.000E+00     -0.990E+02     -0.990E+02
      0.950E+01      0.000E+00      0.000E+00      0.000E+00     -0.990E+02     -0.990E+02
      0.975E+01      0.000E+00      0.000E+00      0.000E+00     -0.990E+02     -0.990E+02
      0.100E+02      0.000E+00      0.000E+00      0.000E+00     -0.990E+02     -0.990E+02
      0.102E+02      0.000E+00      0.000E+00      0.000E+00     -0.990E+02     -0.990E+02
      0.105E+02      0.000E+00      0.000E+00      0.000E+00     -0.990E+02     -0.990E+02
      0.108E+02      0.000E+00      0.000E+00      0.000E+00     -0.990E+02     -0.990E+02
      0.110E+02      0.000E+00      0.000E+00      0.000E+00     -0.990E+02     -0.990E+02
      0.112E+02      0.000E+00      0.000E+00      0.000E+00     -0.990E+02     -0.990E+02
      0.115E+02      0.000E+00      0.000E+00      0.000E+00     -0.990E+02     -0.990E+02
      0.118E+02      0.000E+00      0.000E+00      0.000E+00     -0.990E+02     -0.990E+02
      0.120E+02      0.000E+00      0.000E+00      0.000E+00     -0.990E+02     -0.990E+02
      0.122E+02      0.000E+00      0.000E+00      0.000E+00     -0.990E+02     -0.990E+02
      0.125E+02      0.000E+00      0.000E+00      0.000E+00     -0.990E+02     -0.990E+02
      0.128E+02      0.000E+00      0.000E+00      0.000E+00     -0.990E+02     -0.990E+02
      0.130E+02      0.000E+00      0.000E+00      0.000E+00     -0.990E+02     -0.990E+02
      0.132E+02      0.000E+00      0.000E+00      0.000E+00     -0.990E+02     -0.990E+02
      0.135E+02      0.000E+00      0.000E+00      0.000E+00     -0.990E+02     -0.990E+02
      0.138E+02      0.000E+00      0.000E+00      0.000E+00     -0.990E+02     -0.990E+02
      0.140E+02      0.000E+00      0.000E+00      0.000E+00     -0.990E+02     -0.990E+02
      0.142E+02      0.000E+00      0.000E+00      0.000E+00     -0.990E+02     -0.990E+02
      0.145E+02      0.000E+00      0.000E+00      0.000E+00     -0.990E+02     -0.990E+02
      0.148E+02      0.000E+00      0.000E+00      0.000E+00     -0.990E+02     -0.990E+02
      0.150E+02      0.000E+00      0.000E+00      0.000E+00     -0.990E+02     -0.990E+02
      0.152E+02      0.000E+00      0.000E+00      0.000E+00     -0.990E+02     -0.990E+02
      0.155E+02      0.000E+00      0.000E+00      0.000E+00     -0.990E+02     -0.990E+02
      0.158E+02      0.000E+00      0.000E+00      0.000E+00     -0.990E+02     -0.990E+02
      0.160E+02      0.000E+00      0.000E+00      0.000E+00     -0.990E+02     -0.990E+02
      0.162E+02      0.000E+00      0.000E+00      0.000E+00     -0.990E+02     -0.990E+02
      0.165E+02      0.000E+00      0.000E+00      0.000E+00     -0.990E+02     -0.990E+02
      0.168E+02      0.000E+00      0.000E+00      0.000E+00     -0.990E+02     -0.990E+02
      0.170E+02      0.000E+00      0.000E+00      0.000E+00     -0.990E+02     -0.990E+02
      0.172E+02      0.000E+00      0.000E+00      0.000E+00     -0.990E+02     -0.990E+02
      0.175E+02      0.000E+00      0.000E+00      0.000E+00     -0.990E+02     -0.990E+02
      0.178E+02      0.000E+00      0.000E+00      0.000E+00     -0.990E+02     -0.990E+02
      0.180E+02      0.000E+00      0.000E+00      0.000E+00     -0.990E+02     -0.990E+02
      0.182E+02      0.000E+00      0.000E+00      0.000E+00     -0.990E+02     -0.990E+02
      0.185E+02      0.000E+00      0.000E+00      0.000E+00     -0.990E+02     -0.990E+02
      0.188E+02      0.000E+00      0.000E+00      0.000E+00     -0.990E+02     -0.990E+02
      0.190E+02      0.000E+00      0.000E+00      0.000E+00     -0.990E+02     -0.990E+02
      0.192E+02      0.000E+00      0.000E+00      0.000E+00     -0.990E+02     -0.990E+02
      0.195E+02      0.000E+00      0.000E+00      0.000E+00     -0.990E+02     -0.990E+02
      0.198E+02      0.000E+00      0.000E+00      0.000E+00     -0.990E+02     -0.990E+02
      0.200E+02      0.000E+00      0.000E+00      0.000E+00     -0.990E+02     -0.990E+02
