      0.000E+00      0.100E-02      0.000E+00      0.100E+09     -0.990E+02     -0.990E+02
      0.100E-03      0.100E-02      0.000E+00      0.100E+09     -0.990E+02     -0.990E+02
      0.140E-03      0.100E-02      0.000E+00      0.100E+09     -0.990E+02     -0.990E+02
      0.160E-03      0.100E-02      0.000E+00      0.100E+09     -0.990E+02     -0.990E+02
      0.180E-03      0.100E-02      0.000E+00      0.100E+09     -0.990E+02     -0.990E+02
      0.200E-03      0.100E-02      0.000E+00      0.100E+09     -0.990E+02     -0.990E+02
      0.220E-03      0.100E-02      0.000E+00      0.100E+09     -0.990E+02     -0.990E+02
      0.250E-03      0.100E-02      0.000E+00      0.100E+09     -0.990E+02     -0.990E+02
      0.280E-03      0.100E-02      0.000E+00      0.100E+09     -0.990E+02     -0.990E+02
      0.320E-03      0.100E-02      0.000E+00      0.100E+09     -0.990E+02     -0.990E+02
      0.350E-03      0.100E-02      0.000E+00      0.100E+09     -0.990E+02     -0.990E+02
      0.400E-03      0.100E-02      0.000E+00      0.100E+09     -0.990E+02     -0.990E+02
      0.450E-03      0.100E-02      0.000E+00      0.100E+09     -0.990E+02     -0.990E+02
      0.500E-03      0.100E-02      0.000E+00      0.100E+09     -0.990E+02     -0.990E+02
      0.560E-03      0.100E-02      0.000E+00      0.100E+09     -0.990E+02     -0.990E+02
      0.630E-03      0.100E-02      0.000E+00      0.100E+09     -0.990E+02     -0.990E+02
      0.710E-03      0.100E-02      0.000E+00      0.100E+09     -0.990E+02     -0.990E+02
      0.790E-03      0.100E-02      0.000E+00      0.100E+09     -0.990E+02     -0.990E+02
      0.890E-03      0.100E-02      0.000E+00      0.100E+09     -0.990E+02     -0.990E+02
      0.100E-02      0.100E-02      0.000E+00      0.100E+09     -0.990E+02     -0.990E+02
      0.105E-02      0.100E-02      0.000E+00      0.100E+09     -0.990E+02     -0.990E+02
      0.110E-02      0.100E-02      0.000E+00      0.100E+09     -0.990E+02     -0.990E+02
      0.115E-02      0.100E-02      0.000E+00      0.100E+09     -0.990E+02     -0.990E+02
      0.120E-02      0.100E-02      0.000E+00      0.100E+09     -0.990E+02     -0.990E+02
      0.126E-02      0.100E-02      0.000E+00      0.100E+09     -0.990E+02     -0.990E+02
      0.132E-02      0.100E-02      0.000E+00      0.100E+09     -0.990E+02     -0.990E+02
      0.138E-02      0.100E-02      0.000E+00      0.100E+09     -0.990E+02     -0.990E+02
      0.145E-02      0.100E-02      0.000E+00      0.100E+09     -0.990E+02     -0.990E+02
      0.151E-02      0.100E-02      0.000E+00      0.100E+09     -0.990E+02     -0.990E+02
      0.158E-02      0.100E-02      0.000E+00      0.100E+09     -0.990E+02     -0.990E+02
      0.166E-02      0.100E-02      0.000E+00      0.100E+09     -0.990E+02     -0.990E+02
      0.174E-02      0.100E-02      0.000E+00      0.100E+09     -0.990E+02     -0.990E+02
      0.182E-02      0.100E-02      0.000E+00      0.100E+09     -0.990E+02     -0.990E+02
      0.191E-02      0.100E-02      0.000E+00      0.100E+09     -0.990E+02     -0.990E+02
      0.200E-02      0.100E-02      0.000E+00      0.100E+09     -0.990E+02     -0.990E+02
      0.209E-02      0.100E-02      0.000E+00      0.100E+09     -0.990E+02     -0.990E+02
      0.219E-02      0.100E-02      0.000E+00      0.100E+09     -0.990E+02     -0.990E+02
      0.229E-02      0.100E-02      0.000E+00      0.100E+09     -0.990E+02     -0.990E+02
      0.240E-02      0.100E-02      0.000E+00      0.100E+09     -0.990E+02     -0.990E+02
      0.251E-02      0.100E-02      0.000E+00      0.100E+09     -0.990E+02     -0.990E+02
      0.263E-02      0.100E-02      0.000E+00      0.100E+09     -0.990E+02     -0.990E+02
      0.275E-02      0.100E-02      0.000E+00      0.100E+09     -0.990E+02     -0.990E+02
      0.288E-02      0.100E-02      0.000E+00      0.100E+09     -0.990E+02     -0.990E+02
      0.302E-02      0.100E-02      0.000E+00      0.100E+09     -0.990E+02     -0.990E+02
      0.316E-02      0.100E-02      0.000E+00      0.100E+09     -0.990E+02     -0.990E+02
      0.331E-02      0.100E-02      0.000E+00      0.100E+09     -0.990E+02     -0.990E+02
      0.347E-02      0.100E-02      0.000E+00      0.100E+09     -0.990E+02     -0.990E+02
      0.363E-02      0.100E-02      0.000E+00      0.100E+09     -0.990E+02     -0.990E+02
      0.380E-02      0.100E-02      0.000E+00      0.100E+09     -0.990E+02     -0.990E+02
      0.398E-02      0.100E-02      0.000E+00      0.100E+09     -0.990E+02     -0.990E+02
      0.417E-02      0.100E-02      0.000E+00      0.100E+09     -0.990E+02     -0.990E+02
      0.437E-02      0.100E-02      0.000E+00      0.100E+09     -0.990E+02     -0.990E+02
      0.457E-02      0.100E-02      0.000E+00      0.100E+09     -0.990E+02     -0.990E+02
      0.479E-02      0.100E-02      0.000E+00      0.100E+09     -0.990E+02     -0.990E+02
      0.501E-02      0.100E-02      0.000E+00      0.100E+09     -0.990E+02     -0.990E+02
      0.525E-02      0.100E-02      0.000E+00      0.100E+09     -0.990E+02     -0.990E+02
      0.550E-02      0.100E-02      0.000E+00      0.100E+09     -0.990E+02     -0.990E+02
      0.575E-02      0.100E-02      0.000E+00      0.100E+09     -0.990E+02     -0.990E+02
      0.603E-02      0.100E-02      0.000E+00      0.100E+09     -0.990E+02     -0.990E+02
      0.631E-02      0.100E-02      0.000E+00      0.100E+09     -0.990E+02     -0.990E+02
      0.661E-02      0.100E-02      0.000E+00      0.100E+09     -0.990E+02     -0.990E+02
      0.692E-02      0.100E-02      0.000E+00      0.100E+09     -0.990E+02     -0.990E+02
      0.724E-02      0.100E-02      0.000E+00      0.100E+09     -0.990E+02     -0.990E+02
      0.759E-02      0.100E-02      0.000E+00      0.100E+09     -0.990E+02     -0.990E+02
      0.794E-02      0.100E-02      0.000E+00      0.100E+09     -0.990E+02     -0.990E+02
      0.832E-02      0.100E-02      0.000E+00      0.100E+09     -0.990E+02     -0.990E+02
      0.871E-02      0.100E-02      0.000E+00      0.100E+09     -0.990E+02     -0.990E+02
      0.912E-02      0.100E-02      0.000E+00      0.100E+09     -0.990E+02     -0.990E+02
      0.955E-02      0.100E-02      0.000E+00      0.100E+09     -0.990E+02     -0.990E+02
      0.100E-01      0.100E-02      0.000E+00      0.100E+09     -0.175E+00      0.190E+01
      0.105E-01      0.114E-03      0.422E-03      0.100E+09     -0.175E+00      0.190E+01
      0.110E-01      0.114E-03      0.421E-03      0.100E+09     -0.175E+00      0.190E+01
      0.115E-01      0.114E-03      0.420E-03      0.100E+09     -0.175E+00      0.190E+01
      0.120E-01      0.114E-03      0.420E-03      0.100E+09     -0.175E+00      0.190E+01
      0.126E-01      0.114E-03      0.421E-03      0.100E+09     -0.175E+00      0.190E+01
      0.132E-01      0.115E-03      0.423E-03      0.100E+09     -0.175E+00      0.190E+01
      0.138E-01      0.115E-03      0.422E-03      0.100E+09     -0.175E+00      0.190E+01
      0.144E-01      0.114E-03      0.419E-03      0.100E+09     -0.175E+00      0.189E+01
      0.151E-01      0.115E-03      0.420E-03      0.100E+09     -0.175E+00      0.189E+01
      0.159E-01      0.115E-03      0.422E-03      0.100E+09     -0.175E+00      0.189E+01
      0.166E-01      0.115E-03      0.422E-03      0.100E+09     -0.175E+00      0.188E+01
      0.174E-01      0.116E-03      0.423E-03      0.100E+09     -0.175E+00      0.188E+01
      0.182E-01      0.117E-03      0.425E-03      0.100E+09     -0.175E+00      0.188E+01
      0.191E-01      0.117E-03      0.425E-03      0.100E+09     -0.175E+00      0.187E+01
      0.200E-01      0.117E-03      0.424E-03      0.100E+09     -0.175E+00      0.187E+01
      0.209E-01      0.117E-03      0.424E-03      0.100E+09     -0.175E+00      0.186E+01
      0.219E-01      0.117E-03      0.425E-03      0.100E+09     -0.175E+00      0.186E+01
      0.229E-01      0.118E-03      0.426E-03      0.100E+09     -0.175E+00      0.185E+01
      0.240E-01      0.118E-03      0.426E-03      0.100E+09     -0.176E+00      0.185E+01
      0.251E-01      0.119E-03      0.428E-03      0.100E+09     -0.176E+00      0.185E+01
      0.263E-01      0.119E-03      0.428E-03      0.100E+09     -0.176E+00      0.184E+01
      0.275E-01      0.119E-03      0.428E-03      0.100E+09     -0.176E+00      0.183E+01
      0.290E-01      0.120E-03      0.429E-03      0.100E+09     -0.176E+00      0.183E+01
      0.300E-01      0.120E-03      0.430E-03      0.100E+09     -0.176E+00      0.182E+01
      0.310E-01      0.121E-03      0.431E-03      0.100E+09     -0.177E+00      0.182E+01
      0.320E-01      0.121E-03      0.431E-03      0.100E+09     -0.177E+00      0.181E+01
      0.330E-01      0.122E-03      0.432E-03      0.100E+09     -0.177E+00      0.181E+01
      0.340E-01      0.122E-03      0.433E-03      0.100E+09     -0.177E+00      0.181E+01
      0.350E-01      0.122E-03      0.434E-03      0.100E+09     -0.177E+00      0.180E+01
      0.360E-01      0.123E-03      0.435E-03      0.100E+09     -0.177E+00      0.180E+01
      0.370E-01      0.123E-03      0.436E-03      0.100E+09     -0.178E+00      0.180E+01
      0.380E-01      0.124E-03      0.436E-03      0.100E+09     -0.178E+00      0.179E+01
      0.390E-01      0.124E-03      0.438E-03      0.100E+09     -0.178E+00      0.179E+01
      0.400E-01      0.124E-03      0.438E-03      0.100E+09     -0.178E+00      0.179E+01
      0.425E-01      0.125E-03      0.441E-03      0.100E+09     -0.179E+00      0.178E+01
      0.450E-01      0.126E-03      0.444E-03      0.100E+09     -0.179E+00      0.177E+01
      0.475E-01      0.127E-03      0.446E-03      0.100E+09     -0.179E+00      0.177E+01
      0.500E-01      0.128E-03      0.449E-03      0.100E+09     -0.180E+00      0.176E+01
      0.525E-01      0.129E-03      0.451E-03      0.100E+09     -0.180E+00      0.175E+01
      0.550E-01      0.130E-03      0.453E-03      0.100E+09     -0.181E+00      0.175E+01
      0.571E-01      0.131E-03      0.455E-03      0.100E+09     -0.181E+00      0.174E+01
      0.640E-01      0.134E-03      0.462E-03      0.100E+09     -0.181E+00      0.172E+01
      0.719E-01      0.137E-03      0.471E-03      0.100E+09     -0.181E+00      0.169E+01
      0.806E-01      0.142E-03      0.482E-03      0.100E+09     -0.181E+00      0.166E+01
      0.905E-01      0.150E-03      0.506E-03      0.100E+09     -0.180E+00      0.160E+01
      0.102E+00      0.162E-03      0.550E-03      0.100E+09     -0.176E+00      0.152E+01
      0.114E+00      0.171E-03      0.569E-03      0.100E+09     -0.181E+00      0.150E+01
      0.128E+00      0.187E-03      0.679E-03      0.100E+09     -0.191E+00      0.153E+01
      0.143E+00      0.185E-03      0.660E-03      0.100E+09     -0.196E+00      0.153E+01
      0.161E+00      0.180E-03      0.612E-03      0.100E+09     -0.202E+00      0.153E+01
      0.181E+00      0.170E-03      0.560E-03      0.100E+09     -0.211E+00      0.160E+01
      0.203E+00      0.153E-03      0.515E-03      0.100E+09     -0.225E+00      0.179E+01
      0.227E+00      0.140E-03      0.500E-03      0.100E+09     -0.231E+00      0.200E+01
      0.255E+00      0.134E-03      0.487E-03      0.100E+09     -0.237E+00      0.200E+01
      0.286E+00      0.131E-03      0.493E-03      0.100E+09     -0.242E+00      0.199E+01
      0.321E+00      0.127E-03      0.487E-03      0.100E+09     -0.252E+00      0.204E+01
      0.360E+00      0.119E-03      0.460E-03      0.100E+09     -0.268E+00      0.219E+01
      0.404E+00      0.112E-03      0.468E-03      0.100E+09     -0.287E+00      0.246E+01
      0.453E+00      0.119E-03      0.472E-03      0.999E+08     -0.280E+00      0.228E+01
      0.509E+00      0.136E-03      0.509E-03      0.999E+08     -0.242E+00      0.192E+01
      0.571E+00      0.157E-03      0.606E-03      0.999E+08     -0.207E+00      0.165E+01
      0.641E+00      0.180E-03      0.756E-03      0.999E+08     -0.183E+00      0.155E+01
      0.719E+00      0.187E-03      0.831E-03      0.999E+08     -0.179E+00      0.151E+01
      0.806E+00      0.175E-03      0.744E-03      0.999E+08     -0.217E+00      0.173E+01
      0.905E+00      0.171E-03      0.682E-03      0.999E+08     -0.272E+00      0.197E+01
      0.102E+01      0.196E-03      0.875E-03      0.999E+08     -0.326E+00      0.253E+01
      0.114E+01      0.241E-03      0.946E-03      0.999E+08     -0.349E+00      0.276E+01
      0.128E+01      0.272E-03      0.907E-03      0.999E+08     -0.268E+00      0.172E+01
      0.143E+01      0.346E-03      0.110E-02      0.998E+08     -0.217E+00      0.146E+01
      0.161E+01      0.485E-03      0.142E-02      0.998E+08     -0.218E+00      0.172E+01
      0.168E+01      0.522E-03      0.149E-02      0.998E+08     -0.218E+00      0.170E+01
      0.170E+01      0.541E-03      0.147E-02      0.997E+08     -0.214E+00      0.158E+01
      0.180E+01      0.595E-03      0.134E-02      0.997E+08     -0.215E+00      0.124E+01
      0.190E+01      0.675E-03      0.147E-02      0.997E+08     -0.221E+00      0.109E+01
      0.200E+01      0.785E-03      0.182E-02      0.996E+08     -0.263E+00      0.120E+01
      0.210E+01      0.955E-03      0.232E-02      0.996E+08     -0.313E+00      0.134E+01
      0.220E+01      0.110E-02      0.280E-02      0.995E+08     -0.340E+00      0.148E+01
      0.230E+01      0.998E-03      0.254E-02      0.995E+08     -0.350E+00      0.155E+01
      0.240E+01      0.862E-03      0.225E-02      0.994E+08     -0.361E+00      0.164E+01
      0.250E+01      0.901E-03      0.221E-02      0.993E+08     -0.373E+00      0.164E+01
      0.260E+01      0.113E-02      0.270E-02      0.993E+08     -0.376E+00      0.158E+01
      0.275E+01      0.142E-02      0.332E-02      0.992E+08     -0.391E+00      0.157E+01
      0.300E+01      0.154E-02      0.311E-02      0.990E+08     -0.429E+00      0.146E+01
      0.325E+01      0.223E-02      0.436E-02      0.988E+08     -0.453E+00      0.150E+01
      0.350E+01      0.309E-02      0.638E-02      0.985E+08     -0.513E+00      0.164E+01
      0.375E+01      0.445E-02      0.818E-02      0.980E+08     -0.615E+00      0.180E+01
      0.400E+01      0.481E-02      0.928E-02      0.974E+08     -0.624E+00      0.197E+01
      0.425E+01      0.488E-02      0.776E-02      0.967E+08     -0.624E+00      0.160E+01
      0.450E+01      0.566E-02      0.906E-02      0.960E+08     -0.643E+00      0.158E+01
      0.475E+01      0.652E-02      0.949E-02      0.952E+08     -0.647E+00      0.152E+01
      0.500E+01      0.691E-02      0.986E-02      0.942E+08     -0.668E+00      0.148E+01
      0.525E+01      0.826E-02      0.113E-01      0.932E+08     -0.701E+00      0.150E+01
      0.550E+01      0.944E-02      0.128E-01      0.921E+08     -0.730E+00      0.152E+01
      0.575E+01      0.842E-02      0.996E-02      0.907E+08     -0.707E+00      0.131E+01
      0.600E+01      0.951E-02      0.104E-01      0.895E+08     -0.677E+00      0.119E+01
      0.625E+01      0.116E-01      0.122E-01      0.882E+08     -0.640E+00      0.107E+01
      0.650E+01      0.159E-01      0.160E-01      0.865E+08     -0.680E+00      0.101E+01
      0.675E+01      0.181E-01      0.177E-01      0.843E+08     -0.746E+00      0.108E+01
      0.700E+01      0.208E-01      0.200E-01      0.818E+08     -0.753E+00      0.112E+01
      0.725E+01      0.278E-01      0.225E-01      0.789E+08     -0.738E+00      0.934E+00
      0.750E+01      0.404E-01      0.326E-01      0.750E+08     -0.811E+00      0.971E+00
      0.775E+01      0.446E-01      0.334E-01      0.694E+08     -0.879E+00      0.966E+00
      0.800E+01      0.367E-01      0.275E-01      0.632E+08     -0.896E+00      0.987E+00
      0.825E+01      0.374E-01      0.225E-01      0.581E+08     -0.835E+00      0.728E+00
      0.850E+01      0.468E-01      0.287E-01      0.529E+08     -0.843E+00      0.749E+00
      0.875E+01      0.520E-01      0.390E-01      0.464E+08     -0.902E+00      0.976E+00
      0.900E+01      0.534E-01      0.342E-01      0.393E+08     -0.927E+00      0.840E+00
      0.925E+01      0.508E-01      0.343E-01      0.319E+08     -0.968E+00      0.914E+00
      0.950E+01      0.496E-01      0.325E-01      0.249E+08     -0.103E+01      0.934E+00
      0.975E+01      0.411E-01      0.276E-01      0.181E+08     -0.106E+01      0.989E+00
      0.100E+02      0.318E-01      0.238E-01      0.125E+08     -0.110E+01      0.116E+01
      0.102E+02      0.233E-01      0.189E-01      0.810E+07     -0.115E+01      0.129E+01
      0.105E+02      0.141E-01      0.136E-01      0.490E+07     -0.116E+01      0.151E+01
      0.108E+02      0.937E-02      0.112E-01      0.296E+07     -0.119E+01      0.186E+01
      0.110E+02      0.771E-02      0.121E-01      0.167E+07     -0.124E+01      0.248E+01
      0.112E+02      0.364E-02      0.800E-02      0.616E+06     -0.141E+01      0.391E+01
      0.115E+02      0.763E-03      0.290E-02      0.118E+06     -0.160E+01      0.757E+01
      0.118E+02      0.901E-04      0.618E-03      0.135E+05     -0.136E+01      0.127E+02
      0.120E+02      0.826E-05      0.538E-04      0.115E+04     -0.208E+01      0.190E+02
      0.122E+02      0.000E+00      0.000E+00      0.000E+00     -0.990E+02     -0.990E+02
      0.125E+02      0.000E+00      0.000E+00      0.000E+00     -0.990E+02     -0.990E+02
      0.128E+02      0.000E+00      0.000E+00      0.000E+00     -0.990E+02     -0.990E+02
      0.130E+02      0.000E+00      0.000E+00      0.000E+00     -0.990E+02     -0.990E+02
      0.132E+02      0.000E+00      0.000E+00      0.000E+00     -0.990E+02     -0.990E+02
      0.135E+02      0.000E+00      0.000E+00      0.000E+00     -0.990E+02     -0.990E+02
      0.138E+02      0.000E+00      0.000E+00      0.000E+00     -0.990E+02     -0.990E+02
      0.140E+02      0.000E+00      0.000E+00      0.000E+00     -0.990E+02     -0.990E+02
      0.142E+02      0.000E+00      0.000E+00      0.000E+00     -0.990E+02     -0.990E+02
      0.145E+02      0.000E+00      0.000E+00      0.000E+00     -0.990E+02     -0.990E+02
      0.148E+02      0.000E+00      0.000E+00      0.000E+00     -0.990E+02     -0.990E+02
      0.150E+02      0.000E+00      0.000E+00      0.000E+00     -0.990E+02     -0.990E+02
      0.152E+02      0.000E+00      0.000E+00      0.000E+00     -0.990E+02     -0.990E+02
      0.155E+02      0.000E+00      0.000E+00      0.000E+00     -0.990E+02     -0.990E+02
      0.158E+02      0.000E+00      0.000E+00      0.000E+00     -0.990E+02     -0.990E+02
      0.160E+02      0.000E+00      0.000E+00      0.000E+00     -0.990E+02     -0.990E+02
      0.162E+02      0.000E+00      0.000E+00      0.000E+00     -0.990E+02     -0.990E+02
      0.165E+02      0.000E+00      0.000E+00      0.000E+00     -0.990E+02     -0.990E+02
      0.168E+02      0.000E+00      0.000E+00      0.000E+00     -0.990E+02     -0.990E+02
      0.170E+02      0.000E+00      0.000E+00      0.000E+00     -0.990E+02     -0.990E+02
      0.172E+02      0.000E+00      0.000E+00      0.000E+00     -0.990E+02     -0.990E+02
      0.175E+02      0.000E+00      0.000E+00      0.000E+00     -0.990E+02     -0.990E+02
      0.178E+02      0.000E+00      0.000E+00      0.000E+00     -0.990E+02     -0.990E+02
      0.180E+02      0.000E+00      0.000E+00      0.000E+00     -0.990E+02     -0.990E+02
      0.182E+02      0.000E+00      0.000E+00      0.000E+00     -0.990E+02     -0.990E+02
      0.185E+02      0.000E+00      0.000E+00      0.000E+00     -0.990E+02     -0.990E+02
      0.188E+02      0.000E+00      0.000E+00      0.000E+00     -0.990E+02     -0.990E+02
      0.190E+02      0.000E+00      0.000E+00      0.000E+00     -0.990E+02     -0.990E+02
      0.192E+02      0.000E+00      0.000E+00      0.000E+00     -0.990E+02     -0.990E+02
      0.195E+02      0.000E+00      0.000E+00      0.000E+00     -0.990E+02     -0.990E+02
      0.198E+02      0.000E+00      0.000E+00      0.000E+00     -0.990E+02     -0.990E+02
      0.200E+02      0.000E+00      0.000E+00      0.000E+00     -0.990E+02     -0.990E+02
