      0.000E+00      0.113E+01      0.108E+01      0.589E+09     -0.990E+02     -0.990E+02
      0.100E-03      0.113E+01      0.108E+01      0.589E+09     -0.990E+02     -0.990E+02
      0.140E-03      0.113E+01      0.108E+01      0.589E+09     -0.990E+02     -0.990E+02
      0.160E-03      0.113E+01      0.108E+01      0.589E+09     -0.990E+02     -0.990E+02
      0.180E-03      0.113E+01      0.108E+01      0.589E+09     -0.990E+02     -0.990E+02
      0.200E-03      0.113E+01      0.108E+01      0.589E+09     -0.990E+02     -0.990E+02
      0.220E-03      0.113E+01      0.108E+01      0.589E+09     -0.990E+02     -0.990E+02
      0.250E-03      0.113E+01      0.108E+01      0.589E+09     -0.990E+02     -0.990E+02
      0.280E-03      0.113E+01      0.108E+01      0.589E+09     -0.990E+02     -0.990E+02
      0.320E-03      0.113E+01      0.108E+01      0.589E+09     -0.990E+02     -0.990E+02
      0.350E-03      0.113E+01      0.108E+01      0.589E+09     -0.990E+02     -0.990E+02
      0.400E-03      0.113E+01      0.108E+01      0.589E+09     -0.990E+02     -0.990E+02
      0.450E-03      0.113E+01      0.108E+01      0.589E+09     -0.990E+02     -0.990E+02
      0.500E-03      0.113E+01      0.108E+01      0.589E+09     -0.990E+02     -0.990E+02
      0.560E-03      0.113E+01      0.108E+01      0.589E+09     -0.990E+02     -0.990E+02
      0.630E-03      0.113E+01      0.108E+01      0.589E+09     -0.990E+02     -0.990E+02
      0.710E-03      0.113E+01      0.108E+01      0.589E+09     -0.990E+02     -0.990E+02
      0.790E-03      0.113E+01      0.108E+01      0.589E+09     -0.990E+02     -0.990E+02
      0.890E-03      0.113E+01      0.108E+01      0.589E+09     -0.990E+02     -0.990E+02
      0.100E-02      0.113E+01      0.108E+01      0.589E+09     -0.990E+02     -0.990E+02
      0.105E-02      0.113E+01      0.108E+01      0.589E+09     -0.990E+02     -0.990E+02
      0.110E-02      0.113E+01      0.108E+01      0.589E+09     -0.990E+02     -0.990E+02
      0.115E-02      0.113E+01      0.108E+01      0.589E+09     -0.990E+02     -0.990E+02
      0.120E-02      0.113E+01      0.108E+01      0.589E+09     -0.990E+02     -0.990E+02
      0.126E-02      0.113E+01      0.108E+01      0.589E+09     -0.990E+02     -0.990E+02
      0.132E-02      0.113E+01      0.108E+01      0.589E+09     -0.990E+02     -0.990E+02
      0.138E-02      0.113E+01      0.108E+01      0.589E+09     -0.990E+02     -0.990E+02
      0.145E-02      0.113E+01      0.108E+01      0.589E+09     -0.990E+02     -0.990E+02
      0.151E-02      0.113E+01      0.108E+01      0.589E+09     -0.990E+02     -0.990E+02
      0.158E-02      0.113E+01      0.108E+01      0.589E+09     -0.990E+02     -0.990E+02
      0.166E-02      0.113E+01      0.108E+01      0.589E+09     -0.990E+02     -0.990E+02
      0.174E-02      0.113E+01      0.108E+01      0.589E+09     -0.990E+02     -0.990E+02
      0.182E-02      0.113E+01      0.108E+01      0.589E+09     -0.990E+02     -0.990E+02
      0.191E-02      0.113E+01      0.108E+01      0.589E+09     -0.990E+02     -0.990E+02
      0.200E-02      0.113E+01      0.108E+01      0.589E+09     -0.990E+02     -0.990E+02
      0.209E-02      0.113E+01      0.108E+01      0.589E+09     -0.990E+02     -0.990E+02
      0.219E-02      0.113E+01      0.108E+01      0.589E+09     -0.990E+02     -0.990E+02
      0.229E-02      0.113E+01      0.108E+01      0.589E+09     -0.990E+02     -0.990E+02
      0.240E-02      0.113E+01      0.108E+01      0.589E+09     -0.990E+02     -0.990E+02
      0.251E-02      0.113E+01      0.108E+01      0.589E+09     -0.990E+02     -0.990E+02
      0.263E-02      0.113E+01      0.108E+01      0.589E+09     -0.990E+02     -0.990E+02
      0.275E-02      0.113E+01      0.108E+01      0.589E+09     -0.990E+02     -0.990E+02
      0.288E-02      0.113E+01      0.108E+01      0.589E+09     -0.990E+02     -0.990E+02
      0.302E-02      0.113E+01      0.108E+01      0.589E+09     -0.990E+02     -0.990E+02
      0.316E-02      0.113E+01      0.108E+01      0.589E+09     -0.990E+02     -0.990E+02
      0.331E-02      0.113E+01      0.108E+01      0.589E+09     -0.990E+02     -0.990E+02
      0.347E-02      0.113E+01      0.108E+01      0.589E+09     -0.990E+02     -0.990E+02
      0.363E-02      0.113E+01      0.108E+01      0.589E+09     -0.990E+02     -0.990E+02
      0.380E-02      0.113E+01      0.108E+01      0.589E+09     -0.990E+02     -0.990E+02
      0.398E-02      0.113E+01      0.108E+01      0.589E+09     -0.990E+02     -0.990E+02
      0.417E-02      0.113E+01      0.108E+01      0.589E+09     -0.990E+02     -0.990E+02
      0.437E-02      0.113E+01      0.108E+01      0.589E+09     -0.990E+02     -0.990E+02
      0.457E-02      0.113E+01      0.108E+01      0.589E+09     -0.990E+02     -0.990E+02
      0.479E-02      0.113E+01      0.108E+01      0.589E+09     -0.990E+02     -0.990E+02
      0.501E-02      0.113E+01      0.108E+01      0.589E+09     -0.990E+02     -0.990E+02
      0.525E-02      0.113E+01      0.108E+01      0.589E+09     -0.990E+02     -0.990E+02
      0.550E-02      0.113E+01      0.108E+01      0.589E+09     -0.990E+02     -0.990E+02
      0.575E-02      0.113E+01      0.108E+01      0.589E+09     -0.990E+02     -0.990E+02
      0.603E-02      0.113E+01      0.108E+01      0.589E+09     -0.990E+02     -0.990E+02
      0.631E-02      0.113E+01      0.108E+01      0.589E+09     -0.990E+02     -0.990E+02
      0.661E-02      0.113E+01      0.108E+01      0.589E+09     -0.990E+02     -0.990E+02
      0.692E-02      0.113E+01      0.108E+01      0.589E+09     -0.990E+02     -0.990E+02
      0.724E-02      0.113E+01      0.108E+01      0.589E+09     -0.990E+02     -0.990E+02
      0.759E-02      0.113E+01      0.108E+01      0.589E+09     -0.990E+02     -0.990E+02
      0.794E-02      0.113E+01      0.108E+01      0.589E+09     -0.990E+02     -0.990E+02
      0.832E-02      0.113E+01      0.108E+01      0.589E+09     -0.990E+02     -0.990E+02
      0.871E-02      0.113E+01      0.108E+01      0.589E+09     -0.990E+02     -0.990E+02
      0.912E-02      0.113E+01      0.108E+01      0.589E+09     -0.990E+02     -0.990E+02
      0.955E-02      0.113E+01      0.108E+01      0.589E+09     -0.990E+02     -0.990E+02
      0.100E-01      0.113E+01      0.108E+01      0.589E+09     -0.102E+01      0.125E+01
      0.105E-01      0.198E+01      0.134E+01      0.577E+09     -0.102E+01      0.125E+01
      0.110E-01      0.197E+01      0.133E+01      0.576E+09     -0.102E+01      0.125E+01
      0.115E-01      0.196E+01      0.133E+01      0.575E+09     -0.102E+01      0.125E+01
      0.120E-01      0.196E+01      0.132E+01      0.574E+09     -0.102E+01      0.125E+01
      0.126E-01      0.196E+01      0.132E+01      0.573E+09     -0.102E+01      0.125E+01
      0.132E-01      0.197E+01      0.133E+01      0.572E+09     -0.102E+01      0.125E+01
      0.138E-01      0.196E+01      0.132E+01      0.571E+09     -0.102E+01      0.125E+01
      0.144E-01      0.194E+01      0.131E+01      0.570E+09     -0.102E+01      0.126E+01
      0.151E-01      0.194E+01      0.131E+01      0.569E+09     -0.102E+01      0.126E+01
      0.159E-01      0.195E+01      0.131E+01      0.568E+09     -0.102E+01      0.126E+01
      0.166E-01      0.194E+01      0.131E+01      0.566E+09     -0.102E+01      0.126E+01
      0.174E-01      0.194E+01      0.131E+01      0.565E+09     -0.103E+01      0.127E+01
      0.182E-01      0.194E+01      0.131E+01      0.564E+09     -0.103E+01      0.127E+01
      0.191E-01      0.194E+01      0.130E+01      0.562E+09     -0.103E+01      0.127E+01
      0.200E-01      0.192E+01      0.129E+01      0.561E+09     -0.103E+01      0.127E+01
      0.209E-01      0.192E+01      0.129E+01      0.559E+09     -0.103E+01      0.128E+01
      0.219E-01      0.191E+01      0.129E+01      0.558E+09     -0.103E+01      0.128E+01
      0.229E-01      0.191E+01      0.128E+01      0.556E+09     -0.103E+01      0.128E+01
      0.240E-01      0.191E+01      0.128E+01      0.555E+09     -0.103E+01      0.129E+01
      0.251E-01      0.191E+01      0.128E+01      0.553E+09     -0.103E+01      0.129E+01
      0.263E-01      0.190E+01      0.127E+01      0.551E+09     -0.104E+01      0.129E+01
      0.275E-01      0.189E+01      0.127E+01      0.549E+09     -0.104E+01      0.130E+01
      0.290E-01      0.188E+01      0.126E+01      0.547E+09     -0.104E+01      0.130E+01
      0.300E-01      0.188E+01      0.126E+01      0.545E+09     -0.104E+01      0.131E+01
      0.310E-01      0.188E+01      0.126E+01      0.544E+09     -0.104E+01      0.131E+01
      0.320E-01      0.187E+01      0.125E+01      0.542E+09     -0.104E+01      0.131E+01
      0.330E-01      0.187E+01      0.125E+01      0.540E+09     -0.104E+01      0.132E+01
      0.340E-01      0.186E+01      0.125E+01      0.539E+09     -0.105E+01      0.132E+01
      0.350E-01      0.186E+01      0.124E+01      0.537E+09     -0.105E+01      0.133E+01
      0.360E-01      0.185E+01      0.124E+01      0.536E+09     -0.105E+01      0.133E+01
      0.370E-01      0.185E+01      0.124E+01      0.534E+09     -0.105E+01      0.133E+01
      0.380E-01      0.185E+01      0.124E+01      0.533E+09     -0.105E+01      0.134E+01
      0.390E-01      0.184E+01      0.123E+01      0.531E+09     -0.105E+01      0.134E+01
      0.400E-01      0.184E+01      0.123E+01      0.530E+09     -0.105E+01      0.135E+01
      0.425E-01      0.182E+01      0.122E+01      0.527E+09     -0.106E+01      0.136E+01
      0.450E-01      0.181E+01      0.121E+01      0.524E+09     -0.106E+01      0.137E+01
      0.475E-01      0.180E+01      0.121E+01      0.520E+09     -0.106E+01      0.138E+01
      0.500E-01      0.179E+01      0.120E+01      0.516E+09     -0.107E+01      0.139E+01
      0.525E-01      0.178E+01      0.119E+01      0.513E+09     -0.107E+01      0.140E+01
      0.550E-01      0.177E+01      0.119E+01      0.509E+09     -0.107E+01      0.142E+01
      0.571E-01      0.176E+01      0.118E+01      0.506E+09     -0.108E+01      0.142E+01
      0.640E-01      0.172E+01      0.115E+01      0.500E+09     -0.108E+01      0.141E+01
      0.719E-01      0.168E+01      0.111E+01      0.490E+09     -0.108E+01      0.140E+01
      0.806E-01      0.163E+01      0.107E+01      0.479E+09     -0.108E+01      0.139E+01
      0.905E-01      0.158E+01      0.103E+01      0.467E+09     -0.108E+01      0.138E+01
      0.102E+00      0.153E+01      0.981E+00      0.455E+09     -0.108E+01      0.136E+01
      0.114E+00      0.146E+01      0.932E+00      0.441E+09     -0.108E+01      0.134E+01
      0.128E+00      0.139E+01      0.881E+00      0.427E+09     -0.108E+01      0.133E+01
      0.143E+00      0.131E+01      0.830E+00      0.411E+09     -0.108E+01      0.131E+01
      0.161E+00      0.123E+01      0.774E+00      0.395E+09     -0.108E+01      0.128E+01
      0.181E+00      0.114E+01      0.711E+00      0.378E+09     -0.106E+01      0.123E+01
      0.203E+00      0.105E+01      0.647E+00      0.361E+09     -0.105E+01      0.118E+01
      0.227E+00      0.948E+00      0.589E+00      0.343E+09     -0.102E+01      0.113E+01
      0.255E+00      0.841E+00      0.532E+00      0.325E+09     -0.968E+00      0.106E+01
      0.286E+00      0.748E+00      0.476E+00      0.308E+09     -0.897E+00      0.951E+00
      0.321E+00      0.667E+00      0.427E+00      0.290E+09     -0.821E+00      0.875E+00
      0.360E+00      0.605E+00      0.381E+00      0.273E+09     -0.772E+00      0.804E+00
      0.404E+00      0.534E+00      0.342E+00      0.255E+09     -0.704E+00      0.742E+00
      0.453E+00      0.466E+00      0.316E+00      0.238E+09     -0.620E+00      0.684E+00
      0.509E+00      0.408E+00      0.305E+00      0.221E+09     -0.521E+00      0.673E+00
      0.571E+00      0.428E+00      0.289E+00      0.205E+09     -0.540E+00      0.583E+00
      0.641E+00      0.453E+00      0.292E+00      0.186E+09     -0.583E+00      0.594E+00
      0.719E+00      0.493E+00      0.328E+00      0.163E+09     -0.633E+00      0.684E+00
      0.806E+00      0.463E+00      0.309E+00      0.136E+09     -0.633E+00      0.685E+00
      0.905E+00      0.366E+00      0.227E+00      0.108E+09     -0.581E+00      0.540E+00
      0.102E+01      0.269E+00      0.204E+00      0.824E+08     -0.495E+00      0.529E+00
      0.114E+01      0.221E+00      0.171E+00      0.618E+08     -0.427E+00      0.457E+00
      0.128E+01      0.138E+00      0.123E+00      0.429E+08     -0.294E+00      0.441E+00
      0.143E+01      0.877E-01      0.945E-01      0.298E+08     -0.207E+00      0.432E+00
      0.161E+01      0.685E-01      0.754E-01      0.205E+08     -0.102E+00      0.300E+00
      0.168E+01      0.724E-01      0.762E-01      0.151E+08     -0.147E+00      0.279E+00
      0.170E+01      0.734E-01      0.780E-01      0.130E+08     -0.159E+00      0.283E+00
      0.180E+01      0.789E-01      0.948E-01      0.103E+08     -0.212E+00      0.361E+00
      0.190E+01      0.521E-01      0.619E-01      0.531E+07     -0.227E+00      0.388E+00
      0.200E+01      0.228E-01      0.272E-01      0.206E+07     -0.271E+00      0.549E+00
      0.210E+01      0.517E-02      0.143E-01      0.643E+06     -0.495E+00      0.226E+01
      0.220E+01      0.306E-02      0.101E-01      0.326E+06     -0.556E+00      0.319E+01
      0.230E+01      0.954E-03      0.942E-02      0.140E+06     -0.890E+00      0.128E+02
      0.240E+01      0.632E-03      0.714E-02      0.824E+05     -0.105E+01      0.161E+02
      0.250E+01      0.389E-03      0.375E-02      0.446E+05     -0.123E+01      0.157E+02
      0.260E+01      0.186E-03      0.204E-02      0.213E+05     -0.164E+01      0.238E+02
      0.275E+01      0.622E-04      0.683E-03      0.742E+04     -0.164E+01      0.238E+02
      0.300E+01      0.439E-07      0.788E-05      0.647E+01     -0.166E+01      0.395E+03
      0.325E+01      0.945E-13      0.223E-08      0.138E-04     -0.354E+01      0.127E+06
      0.350E+01      0.000E+00      0.000E+00      0.000E+00     -0.990E+02     -0.990E+02
      0.375E+01      0.000E+00      0.000E+00      0.000E+00     -0.990E+02     -0.990E+02
      0.400E+01      0.000E+00      0.000E+00      0.000E+00     -0.990E+02     -0.990E+02
      0.425E+01      0.000E+00      0.000E+00      0.000E+00     -0.990E+02     -0.990E+02
      0.450E+01      0.000E+00      0.000E+00      0.000E+00     -0.990E+02     -0.990E+02
      0.475E+01      0.000E+00      0.000E+00      0.000E+00     -0.990E+02     -0.990E+02
      0.500E+01      0.000E+00      0.000E+00      0.000E+00     -0.990E+02     -0.990E+02
      0.525E+01      0.000E+00      0.000E+00      0.000E+00     -0.990E+02     -0.990E+02
      0.550E+01      0.000E+00      0.000E+00      0.000E+00     -0.990E+02     -0.990E+02
      0.575E+01      0.000E+00      0.000E+00      0.000E+00     -0.990E+02     -0.990E+02
      0.600E+01      0.000E+00      0.000E+00      0.000E+00     -0.990E+02     -0.990E+02
      0.625E+01      0.000E+00      0.000E+00      0.000E+00     -0.990E+02     -0.990E+02
      0.650E+01      0.000E+00      0.000E+00      0.000E+00     -0.990E+02     -0.990E+02
      0.675E+01      0.000E+00      0.000E+00      0.000E+00     -0.990E+02     -0.990E+02
      0.700E+01      0.000E+00      0.000E+00      0.000E+00     -0.990E+02     -0.990E+02
      0.725E+01      0.000E+00      0.000E+00      0.000E+00     -0.990E+02     -0.990E+02
      0.750E+01      0.000E+00      0.000E+00      0.000E+00     -0.990E+02     -0.990E+02
      0.775E+01      0.000E+00      0.000E+00      0.000E+00     -0.990E+02     -0.990E+02
      0.800E+01      0.000E+00      0.000E+00      0.000E+00     -0.990E+02     -0.990E+02
      0.825E+01      0.000E+00      0.000E+00      0.000E+00     -0.990E+02     -0.990E+02
      0.850E+01      0.000E+00      0.000E+00      0.000E+00     -0.990E+02     -0.990E+02
      0.875E+01      0.000E+00      0.000E+00      0.000E+00     -0.990E+02     -0.990E+02
      0.900E+01      0.000E+00      0.000E+00      0.000E+00     -0.990E+02     -0.990E+02
      0.925E+01      0.000E+00      0.000E+00      0.000E+00     -0.990E+02     -0.990E+02
      0.950E+01      0.000E+00      0.000E+00      0.000E+00     -0.990E+02     -0.990E+02
      0.975E+01      0.000E+00      0.000E+00      0.000E+00     -0.990E+02     -0.990E+02
      0.100E+02      0.000E+00      0.000E+00      0.000E+00     -0.990E+02     -0.990E+02
      0.102E+02      0.000E+00      0.000E+00      0.000E+00     -0.990E+02     -0.990E+02
      0.105E+02      0.000E+00      0.000E+00      0.000E+00     -0.990E+02     -0.990E+02
      0.108E+02      0.000E+00      0.000E+00      0.000E+00     -0.990E+02     -0.990E+02
      0.110E+02      0.000E+00      0.000E+00      0.000E+00     -0.990E+02     -0.990E+02
      0.112E+02      0.000E+00      0.000E+00      0.000E+00     -0.990E+02     -0.990E+02
      0.115E+02      0.000E+00      0.000E+00      0.000E+00     -0.990E+02     -0.990E+02
      0.118E+02      0.000E+00      0.000E+00      0.000E+00     -0.990E+02     -0.990E+02
      0.120E+02      0.000E+00      0.000E+00      0.000E+00     -0.990E+02     -0.990E+02
      0.122E+02      0.000E+00      0.000E+00      0.000E+00     -0.990E+02     -0.990E+02
      0.125E+02      0.000E+00      0.000E+00      0.000E+00     -0.990E+02     -0.990E+02
      0.128E+02      0.000E+00      0.000E+00      0.000E+00     -0.990E+02     -0.990E+02
      0.130E+02      0.000E+00      0.000E+00      0.000E+00     -0.990E+02     -0.990E+02
      0.132E+02      0.000E+00      0.000E+00      0.000E+00     -0.990E+02     -0.990E+02
      0.135E+02      0.000E+00      0.000E+00      0.000E+00     -0.990E+02     -0.990E+02
      0.138E+02      0.000E+00      0.000E+00      0.000E+00     -0.990E+02     -0.990E+02
      0.140E+02      0.000E+00      0.000E+00      0.000E+00     -0.990E+02     -0.990E+02
      0.142E+02      0.000E+00      0.000E+00      0.000E+00     -0.990E+02     -0.990E+02
      0.145E+02      0.000E+00      0.000E+00      0.000E+00     -0.990E+02     -0.990E+02
      0.148E+02      0.000E+00      0.000E+00      0.000E+00     -0.990E+02     -0.990E+02
      0.150E+02      0.000E+00      0.000E+00      0.000E+00     -0.990E+02     -0.990E+02
      0.152E+02      0.000E+00      0.000E+00      0.000E+00     -0.990E+02     -0.990E+02
      0.155E+02      0.000E+00      0.000E+00      0.000E+00     -0.990E+02     -0.990E+02
      0.158E+02      0.000E+00      0.000E+00      0.000E+00     -0.990E+02     -0.990E+02
      0.160E+02      0.000E+00      0.000E+00      0.000E+00     -0.990E+02     -0.990E+02
      0.162E+02      0.000E+00      0.000E+00      0.000E+00     -0.990E+02     -0.990E+02
      0.165E+02      0.000E+00      0.000E+00      0.000E+00     -0.990E+02     -0.990E+02
      0.168E+02      0.000E+00      0.000E+00      0.000E+00     -0.990E+02     -0.990E+02
      0.170E+02      0.000E+00      0.000E+00      0.000E+00     -0.990E+02     -0.990E+02
      0.172E+02      0.000E+00      0.000E+00      0.000E+00     -0.990E+02     -0.990E+02
      0.175E+02      0.000E+00      0.000E+00      0.000E+00     -0.990E+02     -0.990E+02
      0.178E+02      0.000E+00      0.000E+00      0.000E+00     -0.990E+02     -0.990E+02
      0.180E+02      0.000E+00      0.000E+00      0.000E+00     -0.990E+02     -0.990E+02
      0.182E+02      0.000E+00      0.000E+00      0.000E+00     -0.990E+02     -0.990E+02
      0.185E+02      0.000E+00      0.000E+00      0.000E+00     -0.990E+02     -0.990E+02
      0.188E+02      0.000E+00      0.000E+00      0.000E+00     -0.990E+02     -0.990E+02
      0.190E+02      0.000E+00      0.000E+00      0.000E+00     -0.990E+02     -0.990E+02
      0.192E+02      0.000E+00      0.000E+00      0.000E+00     -0.990E+02     -0.990E+02
      0.195E+02      0.000E+00      0.000E+00      0.000E+00     -0.990E+02     -0.990E+02
      0.198E+02      0.000E+00      0.000E+00      0.000E+00     -0.990E+02     -0.990E+02
      0.200E+02      0.000E+00      0.000E+00      0.000E+00     -0.990E+02     -0.990E+02
