      0.000E+00      0.100E-02      0.274E-02      0.293E+11     -0.990E+02     -0.990E+02
      0.100E-03      0.100E-02      0.274E-02      0.293E+11     -0.990E+02     -0.990E+02
      0.140E-03      0.100E-02      0.274E-02      0.293E+11     -0.990E+02     -0.990E+02
      0.160E-03      0.100E-02      0.274E-02      0.293E+11     -0.990E+02     -0.990E+02
      0.180E-03      0.100E-02      0.274E-02      0.293E+11     -0.990E+02     -0.990E+02
      0.200E-03      0.100E-02      0.274E-02      0.293E+11     -0.990E+02     -0.990E+02
      0.220E-03      0.100E-02      0.274E-02      0.293E+11     -0.990E+02     -0.990E+02
      0.250E-03      0.100E-02      0.274E-02      0.293E+11     -0.990E+02     -0.990E+02
      0.280E-03      0.100E-02      0.274E-02      0.293E+11     -0.990E+02     -0.990E+02
      0.320E-03      0.100E-02      0.274E-02      0.293E+11     -0.990E+02     -0.990E+02
      0.350E-03      0.100E-02      0.274E-02      0.293E+11     -0.990E+02     -0.990E+02
      0.400E-03      0.100E-02      0.274E-02      0.293E+11     -0.990E+02     -0.990E+02
      0.450E-03      0.100E-02      0.274E-02      0.293E+11     -0.990E+02     -0.990E+02
      0.500E-03      0.100E-02      0.274E-02      0.293E+11     -0.990E+02     -0.990E+02
      0.560E-03      0.100E-02      0.274E-02      0.293E+11     -0.990E+02     -0.990E+02
      0.630E-03      0.100E-02      0.274E-02      0.293E+11     -0.990E+02     -0.990E+02
      0.710E-03      0.100E-02      0.274E-02      0.293E+11     -0.990E+02     -0.990E+02
      0.790E-03      0.100E-02      0.274E-02      0.293E+11     -0.990E+02     -0.990E+02
      0.890E-03      0.100E-02      0.274E-02      0.293E+11     -0.990E+02     -0.990E+02
      0.100E-02      0.100E-02      0.274E-02      0.293E+11     -0.990E+02     -0.990E+02
      0.105E-02      0.100E-02      0.274E-02      0.293E+11     -0.990E+02     -0.990E+02
      0.110E-02      0.100E-02      0.274E-02      0.293E+11     -0.990E+02     -0.990E+02
      0.115E-02      0.100E-02      0.274E-02      0.293E+11     -0.990E+02     -0.990E+02
      0.120E-02      0.100E-02      0.274E-02      0.293E+11     -0.990E+02     -0.990E+02
      0.126E-02      0.100E-02      0.274E-02      0.293E+11     -0.990E+02     -0.990E+02
      0.132E-02      0.100E-02      0.274E-02      0.293E+11     -0.990E+02     -0.990E+02
      0.138E-02      0.100E-02      0.274E-02      0.293E+11     -0.990E+02     -0.990E+02
      0.145E-02      0.100E-02      0.274E-02      0.293E+11     -0.990E+02     -0.990E+02
      0.151E-02      0.100E-02      0.274E-02      0.293E+11     -0.990E+02     -0.990E+02
      0.158E-02      0.100E-02      0.274E-02      0.293E+11     -0.990E+02     -0.990E+02
      0.166E-02      0.100E-02      0.274E-02      0.293E+11     -0.990E+02     -0.990E+02
      0.174E-02      0.100E-02      0.274E-02      0.293E+11     -0.990E+02     -0.990E+02
      0.182E-02      0.100E-02      0.274E-02      0.293E+11     -0.990E+02     -0.990E+02
      0.191E-02      0.100E-02      0.274E-02      0.293E+11     -0.990E+02     -0.990E+02
      0.200E-02      0.100E-02      0.274E-02      0.293E+11     -0.990E+02     -0.990E+02
      0.209E-02      0.100E-02      0.274E-02      0.293E+11     -0.990E+02     -0.990E+02
      0.219E-02      0.100E-02      0.274E-02      0.293E+11     -0.990E+02     -0.990E+02
      0.229E-02      0.100E-02      0.274E-02      0.293E+11     -0.990E+02     -0.990E+02
      0.240E-02      0.100E-02      0.274E-02      0.293E+11     -0.990E+02     -0.990E+02
      0.251E-02      0.100E-02      0.274E-02      0.293E+11     -0.990E+02     -0.990E+02
      0.263E-02      0.100E-02      0.274E-02      0.293E+11     -0.990E+02     -0.990E+02
      0.275E-02      0.100E-02      0.274E-02      0.293E+11     -0.990E+02     -0.990E+02
      0.288E-02      0.100E-02      0.274E-02      0.293E+11     -0.990E+02     -0.990E+02
      0.302E-02      0.100E-02      0.274E-02      0.293E+11     -0.990E+02     -0.990E+02
      0.316E-02      0.100E-02      0.274E-02      0.293E+11     -0.990E+02     -0.990E+02
      0.331E-02      0.100E-02      0.274E-02      0.293E+11     -0.990E+02     -0.990E+02
      0.347E-02      0.100E-02      0.274E-02      0.293E+11     -0.990E+02     -0.990E+02
      0.363E-02      0.100E-02      0.274E-02      0.293E+11     -0.990E+02     -0.990E+02
      0.380E-02      0.100E-02      0.274E-02      0.293E+11     -0.990E+02     -0.990E+02
      0.398E-02      0.100E-02      0.274E-02      0.293E+11     -0.990E+02     -0.990E+02
      0.417E-02      0.100E-02      0.274E-02      0.293E+11     -0.990E+02     -0.990E+02
      0.437E-02      0.100E-02      0.274E-02      0.293E+11     -0.990E+02     -0.990E+02
      0.457E-02      0.100E-02      0.274E-02      0.293E+11     -0.990E+02     -0.990E+02
      0.479E-02      0.100E-02      0.274E-02      0.293E+11     -0.990E+02     -0.990E+02
      0.501E-02      0.100E-02      0.274E-02      0.293E+11     -0.990E+02     -0.990E+02
      0.525E-02      0.100E-02      0.274E-02      0.293E+11     -0.990E+02     -0.990E+02
      0.550E-02      0.100E-02      0.274E-02      0.293E+11     -0.990E+02     -0.990E+02
      0.575E-02      0.100E-02      0.274E-02      0.293E+11     -0.990E+02     -0.990E+02
      0.603E-02      0.100E-02      0.274E-02      0.293E+11     -0.990E+02     -0.990E+02
      0.631E-02      0.100E-02      0.274E-02      0.293E+11     -0.990E+02     -0.990E+02
      0.661E-02      0.100E-02      0.274E-02      0.293E+11     -0.990E+02     -0.990E+02
      0.692E-02      0.100E-02      0.274E-02      0.293E+11     -0.990E+02     -0.990E+02
      0.724E-02      0.100E-02      0.274E-02      0.293E+11     -0.990E+02     -0.990E+02
      0.759E-02      0.100E-02      0.274E-02      0.293E+11     -0.990E+02     -0.990E+02
      0.794E-02      0.100E-02      0.274E-02      0.293E+11     -0.990E+02     -0.990E+02
      0.832E-02      0.100E-02      0.274E-02      0.293E+11     -0.990E+02     -0.990E+02
      0.871E-02      0.100E-02      0.274E-02      0.293E+11     -0.990E+02     -0.990E+02
      0.912E-02      0.100E-02      0.274E-02      0.293E+11     -0.990E+02     -0.990E+02
      0.955E-02      0.100E-02      0.274E-02      0.293E+11     -0.990E+02     -0.990E+02
      0.100E-01      0.100E-02      0.274E-02      0.293E+11      0.440E+00      0.985E+00
      0.105E-01      0.153E+00      0.213E+00      0.293E+11      0.441E+00      0.985E+00
      0.110E-01      0.153E+00      0.212E+00      0.293E+11      0.441E+00      0.984E+00
      0.115E-01      0.153E+00      0.212E+00      0.293E+11      0.441E+00      0.985E+00
      0.120E-01      0.153E+00      0.213E+00      0.293E+11      0.442E+00      0.985E+00
      0.126E-01      0.154E+00      0.214E+00      0.293E+11      0.442E+00      0.986E+00
      0.132E-01      0.155E+00      0.215E+00      0.293E+11      0.442E+00      0.986E+00
      0.138E-01      0.155E+00      0.215E+00      0.293E+11      0.443E+00      0.986E+00
      0.144E-01      0.154E+00      0.214E+00      0.293E+11      0.443E+00      0.986E+00
      0.151E-01      0.155E+00      0.216E+00      0.293E+11      0.443E+00      0.987E+00
      0.159E-01      0.156E+00      0.217E+00      0.293E+11      0.444E+00      0.987E+00
      0.166E-01      0.157E+00      0.217E+00      0.293E+11      0.444E+00      0.987E+00
      0.174E-01      0.157E+00      0.219E+00      0.293E+11      0.445E+00      0.988E+00
      0.182E-01      0.159E+00      0.220E+00      0.293E+11      0.445E+00      0.988E+00
      0.191E-01      0.159E+00      0.221E+00      0.293E+11      0.446E+00      0.988E+00
      0.200E-01      0.159E+00      0.221E+00      0.293E+11      0.446E+00      0.989E+00
      0.209E-01      0.159E+00      0.221E+00      0.293E+11      0.446E+00      0.989E+00
      0.219E-01      0.160E+00      0.223E+00      0.293E+11      0.447E+00      0.990E+00
      0.229E-01      0.161E+00      0.224E+00      0.293E+11      0.447E+00      0.989E+00
      0.240E-01      0.162E+00      0.225E+00      0.293E+11      0.447E+00      0.989E+00
      0.251E-01      0.163E+00      0.227E+00      0.293E+11      0.447E+00      0.988E+00
      0.263E-01      0.164E+00      0.228E+00      0.293E+11      0.447E+00      0.987E+00
      0.275E-01      0.165E+00      0.229E+00      0.293E+11      0.447E+00      0.987E+00
      0.290E-01      0.166E+00      0.230E+00      0.293E+11      0.447E+00      0.986E+00
      0.300E-01      0.167E+00      0.232E+00      0.293E+11      0.447E+00      0.986E+00
      0.310E-01      0.168E+00      0.232E+00      0.293E+11      0.447E+00      0.985E+00
      0.320E-01      0.169E+00      0.233E+00      0.293E+11      0.447E+00      0.984E+00
      0.330E-01      0.170E+00      0.235E+00      0.293E+11      0.447E+00      0.984E+00
      0.340E-01      0.170E+00      0.236E+00      0.293E+11      0.447E+00      0.983E+00
      0.350E-01      0.171E+00      0.237E+00      0.293E+11      0.446E+00      0.982E+00
      0.360E-01      0.172E+00      0.238E+00      0.293E+11      0.446E+00      0.982E+00
      0.370E-01      0.173E+00      0.239E+00      0.293E+11      0.446E+00      0.981E+00
      0.380E-01      0.174E+00      0.240E+00      0.293E+11      0.446E+00      0.982E+00
      0.390E-01      0.174E+00      0.241E+00      0.293E+11      0.446E+00      0.981E+00
      0.400E-01      0.175E+00      0.242E+00      0.293E+11      0.446E+00      0.980E+00
      0.425E-01      0.178E+00      0.245E+00      0.293E+11      0.446E+00      0.980E+00
      0.450E-01      0.179E+00      0.247E+00      0.293E+11      0.445E+00      0.978E+00
      0.475E-01      0.182E+00      0.250E+00      0.293E+11      0.445E+00      0.978E+00
      0.500E-01      0.184E+00      0.253E+00      0.293E+11      0.445E+00      0.976E+00
      0.525E-01      0.186E+00      0.256E+00      0.293E+11      0.445E+00      0.976E+00
      0.550E-01      0.188E+00      0.259E+00      0.293E+11      0.444E+00      0.975E+00
      0.571E-01      0.190E+00      0.261E+00      0.293E+11      0.444E+00      0.973E+00
      0.640E-01      0.200E+00      0.269E+00      0.293E+11      0.444E+00      0.949E+00
      0.719E-01      0.219E+00      0.280E+00      0.293E+11      0.444E+00      0.903E+00
      0.806E-01      0.240E+00      0.295E+00      0.293E+11      0.445E+00      0.866E+00
      0.905E-01      0.308E+00      0.314E+00      0.293E+11      0.425E+00      0.703E+00
      0.102E+00      0.440E+00      0.344E+00      0.293E+11      0.398E+00      0.520E+00
      0.114E+00      0.588E+00      0.391E+00      0.293E+11      0.383E+00      0.427E+00
      0.128E+00      0.753E+00      0.454E+00      0.293E+11      0.372E+00      0.372E+00
      0.143E+00      0.939E+00      0.535E+00      0.293E+11      0.365E+00      0.340E+00
      0.161E+00      0.115E+01      0.628E+00      0.293E+11      0.359E+00      0.316E+00
      0.181E+00      0.138E+01      0.741E+00      0.293E+11      0.354E+00      0.301E+00
      0.203E+00      0.164E+01      0.872E+00      0.292E+11      0.350E+00      0.291E+00
      0.227E+00      0.194E+01      0.102E+01      0.292E+11      0.347E+00      0.285E+00
      0.255E+00      0.227E+01      0.120E+01      0.292E+11      0.344E+00      0.281E+00
      0.286E+00      0.264E+01      0.140E+01      0.291E+11      0.342E+00      0.277E+00
      0.321E+00      0.309E+01      0.159E+01      0.291E+11      0.337E+00      0.266E+00
      0.360E+00      0.324E+01      0.163E+01      0.290E+11      0.329E+00      0.253E+00
      0.404E+00      0.314E+01      0.175E+01      0.289E+11      0.322E+00      0.270E+00
      0.453E+00      0.305E+01      0.206E+01      0.288E+11      0.313E+00      0.308E+00
      0.509E+00      0.297E+01      0.257E+01      0.287E+11      0.302E+00      0.373E+00
      0.571E+00      0.291E+01      0.310E+01      0.286E+11      0.283E+00      0.435E+00
      0.641E+00      0.332E+01      0.342E+01      0.284E+11      0.230E+00      0.333E+00
      0.719E+00      0.429E+01      0.474E+01      0.283E+11      0.182E+00      0.263E+00
      0.806E+00      0.611E+01      0.679E+01      0.280E+11      0.140E+00      0.212E+00
      0.905E+00      0.662E+01      0.556E+01      0.276E+11      0.145E+00      0.201E+00
      0.102E+01      0.671E+01      0.480E+01      0.272E+11      0.890E-01      0.150E+00
      0.114E+01      0.777E+01      0.593E+01      0.267E+11      0.293E-02      0.143E+00
      0.128E+01      0.840E+01      0.627E+01      0.260E+11     -0.300E-03      0.139E+00
      0.143E+01      0.916E+01      0.521E+01      0.252E+11      0.322E-01      0.108E+00
      0.161E+01      0.121E+02      0.677E+01      0.242E+11      0.429E-01      0.630E-01
      0.168E+01      0.104E+02      0.606E+01      0.233E+11      0.458E-01      0.667E-01
      0.170E+01      0.989E+01      0.561E+01      0.230E+11      0.443E-01      0.667E-01
      0.180E+01      0.786E+01      0.403E+01      0.226E+11      0.124E-01      0.736E-01
      0.190E+01      0.783E+01      0.435E+01      0.221E+11     -0.196E-01      0.110E+00
      0.200E+01      0.997E+01      0.523E+01      0.216E+11     -0.732E-01      0.156E+00
      0.210E+01      0.121E+02      0.708E+01      0.210E+11     -0.131E+00      0.209E+00
      0.220E+01      0.123E+02      0.887E+01      0.202E+11     -0.187E+00      0.290E+00
      0.230E+01      0.960E+01      0.604E+01      0.195E+11     -0.169E+00      0.258E+00
      0.240E+01      0.745E+01      0.386E+01      0.189E+11     -0.120E+00      0.207E+00
      0.250E+01      0.677E+01      0.391E+01      0.184E+11     -0.844E-01      0.196E+00
      0.260E+01      0.679E+01      0.499E+01      0.180E+11     -0.752E-01      0.235E+00
      0.275E+01      0.690E+01      0.485E+01      0.175E+11     -0.692E-01      0.279E+00
      0.300E+01      0.704E+01      0.428E+01      0.167E+11     -0.875E-01      0.239E+00
      0.325E+01      0.707E+01      0.499E+01      0.156E+11     -0.147E+00      0.399E+00
      0.350E+01      0.610E+01      0.399E+01      0.145E+11     -0.103E+00      0.324E+00
      0.375E+01      0.657E+01      0.433E+01      0.136E+11     -0.124E+00      0.343E+00
      0.400E+01      0.813E+01      0.505E+01      0.127E+11     -0.110E+00      0.308E+00
      0.425E+01      0.948E+01      0.559E+01      0.115E+11     -0.787E-01      0.336E+00
      0.450E+01      0.841E+01      0.413E+01      0.101E+11     -0.758E-01      0.239E+00
      0.475E+01      0.678E+01      0.374E+01      0.884E+10     -0.131E+00      0.253E+00
      0.500E+01      0.769E+01      0.445E+01      0.785E+10     -0.157E+00      0.320E+00
      0.525E+01      0.108E+02      0.514E+01      0.674E+10     -0.116E+00      0.180E+00
      0.550E+01      0.101E+02      0.436E+01      0.517E+10     -0.168E+00      0.181E+00
      0.575E+01      0.802E+01      0.378E+01      0.371E+10     -0.202E+00      0.233E+00
      0.600E+01      0.510E+01      0.266E+01      0.256E+10     -0.214E+00      0.325E+00
      0.625E+01      0.338E+01      0.225E+01      0.182E+10     -0.234E+00      0.440E+00
      0.650E+01      0.401E+01      0.256E+01      0.134E+10     -0.185E+00      0.299E+00
      0.675E+01      0.316E+01      0.205E+01      0.769E+09     -0.193E+00      0.277E+00
      0.700E+01      0.166E+01      0.134E+01      0.318E+09     -0.320E+00      0.447E+00
      0.725E+01      0.509E+00      0.575E+00      0.828E+08     -0.496E+00      0.859E+00
      0.750E+01      0.689E-01      0.287E+00      0.110E+08     -0.648E+00      0.369E+01
      0.775E+01      0.894E-02      0.620E-01      0.129E+07     -0.107E+01      0.101E+02
      0.800E+01      0.261E-03      0.519E-02      0.364E+05     -0.157E+01      0.510E+02
      0.825E+01      0.701E-13      0.618E-07      0.977E-05     -0.160E+01      0.188E+07
      0.850E+01      0.000E+00      0.000E+00      0.000E+00     -0.990E+02     -0.990E+02
      0.875E+01      0.000E+00      0.000E+00      0.000E+00     -0.990E+02     -0.990E+02
      0.900E+01      0.000E+00      0.000E+00      0.000E+00     -0.990E+02     -0.990E+02
      0.925E+01      0.000E+00      0.000E+00      0.000E+00     -0.990E+02     -0.990E+02
      0.950E+01      0.000E+00      0.000E+00      0.000E+00     -0.990E+02     -0.990E+02
      0.975E+01      0.000E+00      0.000E+00      0.000E+00     -0.990E+02     -0.990E+02
      0.100E+02      0.000E+00      0.000E+00      0.000E+00     -0.990E+02     -0.990E+02
      0.102E+02      0.000E+00      0.000E+00      0.000E+00     -0.990E+02     -0.990E+02
      0.105E+02      0.000E+00      0.000E+00      0.000E+00     -0.990E+02     -0.990E+02
      0.108E+02      0.000E+00      0.000E+00      0.000E+00     -0.990E+02     -0.990E+02
      0.110E+02      0.000E+00      0.000E+00      0.000E+00     -0.990E+02     -0.990E+02
      0.112E+02      0.000E+00      0.000E+00      0.000E+00     -0.990E+02     -0.990E+02
      0.115E+02      0.000E+00      0.000E+00      0.000E+00     -0.990E+02     -0.990E+02
      0.118E+02      0.000E+00      0.000E+00      0.000E+00     -0.990E+02     -0.990E+02
      0.120E+02      0.000E+00      0.000E+00      0.000E+00     -0.990E+02     -0.990E+02
      0.122E+02      0.000E+00      0.000E+00      0.000E+00     -0.990E+02     -0.990E+02
      0.125E+02      0.000E+00      0.000E+00      0.000E+00     -0.990E+02     -0.990E+02
      0.128E+02      0.000E+00      0.000E+00      0.000E+00     -0.990E+02     -0.990E+02
      0.130E+02      0.000E+00      0.000E+00      0.000E+00     -0.990E+02     -0.990E+02
      0.132E+02      0.000E+00      0.000E+00      0.000E+00     -0.990E+02     -0.990E+02
      0.135E+02      0.000E+00      0.000E+00      0.000E+00     -0.990E+02     -0.990E+02
      0.138E+02      0.000E+00      0.000E+00      0.000E+00     -0.990E+02     -0.990E+02
      0.140E+02      0.000E+00      0.000E+00      0.000E+00     -0.990E+02     -0.990E+02
      0.142E+02      0.000E+00      0.000E+00      0.000E+00     -0.990E+02     -0.990E+02
      0.145E+02      0.000E+00      0.000E+00      0.000E+00     -0.990E+02     -0.990E+02
      0.148E+02      0.000E+00      0.000E+00      0.000E+00     -0.990E+02     -0.990E+02
      0.150E+02      0.000E+00      0.000E+00      0.000E+00     -0.990E+02     -0.990E+02
      0.152E+02      0.000E+00      0.000E+00      0.000E+00     -0.990E+02     -0.990E+02
      0.155E+02      0.000E+00      0.000E+00      0.000E+00     -0.990E+02     -0.990E+02
      0.158E+02      0.000E+00      0.000E+00      0.000E+00     -0.990E+02     -0.990E+02
      0.160E+02      0.000E+00      0.000E+00      0.000E+00     -0.990E+02     -0.990E+02
      0.162E+02      0.000E+00      0.000E+00      0.000E+00     -0.990E+02     -0.990E+02
      0.165E+02      0.000E+00      0.000E+00      0.000E+00     -0.990E+02     -0.990E+02
      0.168E+02      0.000E+00      0.000E+00      0.000E+00     -0.990E+02     -0.990E+02
      0.170E+02      0.000E+00      0.000E+00      0.000E+00     -0.990E+02     -0.990E+02
      0.172E+02      0.000E+00      0.000E+00      0.000E+00     -0.990E+02     -0.990E+02
      0.175E+02      0.000E+00      0.000E+00      0.000E+00     -0.990E+02     -0.990E+02
      0.178E+02      0.000E+00      0.000E+00      0.000E+00     -0.990E+02     -0.990E+02
      0.180E+02      0.000E+00      0.000E+00      0.000E+00     -0.990E+02     -0.990E+02
      0.182E+02      0.000E+00      0.000E+00      0.000E+00     -0.990E+02     -0.990E+02
      0.185E+02      0.000E+00      0.000E+00      0.000E+00     -0.990E+02     -0.990E+02
      0.188E+02      0.000E+00      0.000E+00      0.000E+00     -0.990E+02     -0.990E+02
      0.190E+02      0.000E+00      0.000E+00      0.000E+00     -0.990E+02     -0.990E+02
      0.192E+02      0.000E+00      0.000E+00      0.000E+00     -0.990E+02     -0.990E+02
      0.195E+02      0.000E+00      0.000E+00      0.000E+00     -0.990E+02     -0.990E+02
      0.198E+02      0.000E+00      0.000E+00      0.000E+00     -0.990E+02     -0.990E+02
      0.200E+02      0.000E+00      0.000E+00      0.000E+00     -0.990E+02     -0.990E+02
