      0.000E+00      0.179E+01      0.235E+01      0.181E+11     -0.990E+02     -0.990E+02
      0.100E-03      0.179E+01      0.235E+01      0.181E+11     -0.990E+02     -0.990E+02
      0.140E-03      0.179E+01      0.235E+01      0.181E+11     -0.990E+02     -0.990E+02
      0.160E-03      0.179E+01      0.235E+01      0.181E+11     -0.990E+02     -0.990E+02
      0.180E-03      0.179E+01      0.235E+01      0.181E+11     -0.990E+02     -0.990E+02
      0.200E-03      0.179E+01      0.235E+01      0.181E+11     -0.990E+02     -0.990E+02
      0.220E-03      0.179E+01      0.235E+01      0.181E+11     -0.990E+02     -0.990E+02
      0.250E-03      0.179E+01      0.235E+01      0.181E+11     -0.990E+02     -0.990E+02
      0.280E-03      0.179E+01      0.235E+01      0.181E+11     -0.990E+02     -0.990E+02
      0.320E-03      0.179E+01      0.235E+01      0.181E+11     -0.990E+02     -0.990E+02
      0.350E-03      0.179E+01      0.235E+01      0.181E+11     -0.990E+02     -0.990E+02
      0.400E-03      0.179E+01      0.235E+01      0.181E+11     -0.990E+02     -0.990E+02
      0.450E-03      0.179E+01      0.235E+01      0.181E+11     -0.990E+02     -0.990E+02
      0.500E-03      0.179E+01      0.235E+01      0.181E+11     -0.990E+02     -0.990E+02
      0.560E-03      0.179E+01      0.235E+01      0.181E+11     -0.990E+02     -0.990E+02
      0.630E-03      0.179E+01      0.235E+01      0.181E+11     -0.990E+02     -0.990E+02
      0.710E-03      0.179E+01      0.235E+01      0.181E+11     -0.990E+02     -0.990E+02
      0.790E-03      0.179E+01      0.235E+01      0.181E+11     -0.990E+02     -0.990E+02
      0.890E-03      0.179E+01      0.235E+01      0.181E+11     -0.990E+02     -0.990E+02
      0.100E-02      0.179E+01      0.235E+01      0.181E+11     -0.990E+02     -0.990E+02
      0.105E-02      0.179E+01      0.235E+01      0.181E+11     -0.990E+02     -0.990E+02
      0.110E-02      0.179E+01      0.235E+01      0.181E+11     -0.990E+02     -0.990E+02
      0.115E-02      0.179E+01      0.235E+01      0.181E+11     -0.990E+02     -0.990E+02
      0.120E-02      0.179E+01      0.235E+01      0.181E+11     -0.990E+02     -0.990E+02
      0.126E-02      0.179E+01      0.235E+01      0.181E+11     -0.990E+02     -0.990E+02
      0.132E-02      0.179E+01      0.235E+01      0.181E+11     -0.990E+02     -0.990E+02
      0.138E-02      0.179E+01      0.235E+01      0.181E+11     -0.990E+02     -0.990E+02
      0.145E-02      0.179E+01      0.235E+01      0.181E+11     -0.990E+02     -0.990E+02
      0.151E-02      0.179E+01      0.235E+01      0.181E+11     -0.990E+02     -0.990E+02
      0.158E-02      0.179E+01      0.235E+01      0.181E+11     -0.990E+02     -0.990E+02
      0.166E-02      0.179E+01      0.235E+01      0.181E+11     -0.990E+02     -0.990E+02
      0.174E-02      0.179E+01      0.235E+01      0.181E+11     -0.990E+02     -0.990E+02
      0.182E-02      0.179E+01      0.235E+01      0.181E+11     -0.990E+02     -0.990E+02
      0.191E-02      0.179E+01      0.235E+01      0.181E+11     -0.990E+02     -0.990E+02
      0.200E-02      0.179E+01      0.235E+01      0.181E+11     -0.990E+02     -0.990E+02
      0.209E-02      0.179E+01      0.235E+01      0.181E+11     -0.990E+02     -0.990E+02
      0.219E-02      0.179E+01      0.235E+01      0.181E+11     -0.990E+02     -0.990E+02
      0.229E-02      0.179E+01      0.235E+01      0.181E+11     -0.990E+02     -0.990E+02
      0.240E-02      0.179E+01      0.235E+01      0.181E+11     -0.990E+02     -0.990E+02
      0.251E-02      0.179E+01      0.235E+01      0.181E+11     -0.990E+02     -0.990E+02
      0.263E-02      0.179E+01      0.235E+01      0.181E+11     -0.990E+02     -0.990E+02
      0.275E-02      0.179E+01      0.235E+01      0.181E+11     -0.990E+02     -0.990E+02
      0.288E-02      0.179E+01      0.235E+01      0.181E+11     -0.990E+02     -0.990E+02
      0.302E-02      0.179E+01      0.235E+01      0.181E+11     -0.990E+02     -0.990E+02
      0.316E-02      0.179E+01      0.235E+01      0.181E+11     -0.990E+02     -0.990E+02
      0.331E-02      0.179E+01      0.235E+01      0.181E+11     -0.990E+02     -0.990E+02
      0.347E-02      0.179E+01      0.235E+01      0.181E+11     -0.990E+02     -0.990E+02
      0.363E-02      0.179E+01      0.235E+01      0.181E+11     -0.990E+02     -0.990E+02
      0.380E-02      0.179E+01      0.235E+01      0.181E+11     -0.990E+02     -0.990E+02
      0.398E-02      0.179E+01      0.235E+01      0.181E+11     -0.990E+02     -0.990E+02
      0.417E-02      0.179E+01      0.235E+01      0.181E+11     -0.990E+02     -0.990E+02
      0.437E-02      0.179E+01      0.235E+01      0.181E+11     -0.990E+02     -0.990E+02
      0.457E-02      0.179E+01      0.235E+01      0.181E+11     -0.990E+02     -0.990E+02
      0.479E-02      0.179E+01      0.235E+01      0.181E+11     -0.990E+02     -0.990E+02
      0.501E-02      0.179E+01      0.235E+01      0.181E+11     -0.990E+02     -0.990E+02
      0.525E-02      0.179E+01      0.235E+01      0.181E+11     -0.990E+02     -0.990E+02
      0.550E-02      0.179E+01      0.235E+01      0.181E+11     -0.990E+02     -0.990E+02
      0.575E-02      0.179E+01      0.235E+01      0.181E+11     -0.990E+02     -0.990E+02
      0.603E-02      0.179E+01      0.235E+01      0.181E+11     -0.990E+02     -0.990E+02
      0.631E-02      0.179E+01      0.235E+01      0.181E+11     -0.990E+02     -0.990E+02
      0.661E-02      0.179E+01      0.235E+01      0.181E+11     -0.990E+02     -0.990E+02
      0.692E-02      0.179E+01      0.235E+01      0.181E+11     -0.990E+02     -0.990E+02
      0.724E-02      0.179E+01      0.235E+01      0.181E+11     -0.990E+02     -0.990E+02
      0.759E-02      0.179E+01      0.235E+01      0.181E+11     -0.990E+02     -0.990E+02
      0.794E-02      0.179E+01      0.235E+01      0.181E+11     -0.990E+02     -0.990E+02
      0.832E-02      0.179E+01      0.235E+01      0.181E+11     -0.990E+02     -0.990E+02
      0.871E-02      0.179E+01      0.235E+01      0.181E+11     -0.990E+02     -0.990E+02
      0.912E-02      0.179E+01      0.235E+01      0.181E+11     -0.990E+02     -0.990E+02
      0.955E-02      0.179E+01      0.235E+01      0.181E+11     -0.990E+02     -0.990E+02
      0.100E-01      0.179E+01      0.235E+01      0.181E+11      0.671E-01      0.163E+00
      0.105E-01      0.247E+01      0.162E+01      0.181E+11      0.670E-01      0.163E+00
      0.110E-01      0.246E+01      0.161E+01      0.181E+11      0.670E-01      0.163E+00
      0.115E-01      0.245E+01      0.160E+01      0.181E+11      0.671E-01      0.163E+00
      0.120E-01      0.245E+01      0.160E+01      0.181E+11      0.671E-01      0.163E+00
      0.126E-01      0.245E+01      0.161E+01      0.181E+11      0.671E-01      0.163E+00
      0.132E-01      0.247E+01      0.161E+01      0.181E+11      0.671E-01      0.163E+00
      0.138E-01      0.246E+01      0.161E+01      0.181E+11      0.672E-01      0.163E+00
      0.144E-01      0.244E+01      0.160E+01      0.181E+11      0.671E-01      0.162E+00
      0.151E-01      0.245E+01      0.160E+01      0.181E+11      0.672E-01      0.162E+00
      0.159E-01      0.246E+01      0.161E+01      0.181E+11      0.672E-01      0.162E+00
      0.166E-01      0.246E+01      0.161E+01      0.181E+11      0.672E-01      0.162E+00
      0.174E-01      0.246E+01      0.161E+01      0.181E+11      0.672E-01      0.162E+00
      0.182E-01      0.247E+01      0.162E+01      0.181E+11      0.673E-01      0.162E+00
      0.191E-01      0.247E+01      0.161E+01      0.181E+11      0.672E-01      0.162E+00
      0.200E-01      0.246E+01      0.161E+01      0.181E+11      0.672E-01      0.162E+00
      0.209E-01      0.245E+01      0.160E+01      0.181E+11      0.672E-01      0.162E+00
      0.219E-01      0.245E+01      0.161E+01      0.180E+11      0.673E-01      0.162E+00
      0.229E-01      0.246E+01      0.161E+01      0.180E+11      0.673E-01      0.162E+00
      0.240E-01      0.246E+01      0.161E+01      0.180E+11      0.673E-01      0.162E+00
      0.251E-01      0.247E+01      0.161E+01      0.180E+11      0.674E-01      0.162E+00
      0.263E-01      0.246E+01      0.161E+01      0.180E+11      0.674E-01      0.162E+00
      0.275E-01      0.246E+01      0.161E+01      0.180E+11      0.674E-01      0.162E+00
      0.290E-01      0.246E+01      0.161E+01      0.180E+11      0.674E-01      0.162E+00
      0.300E-01      0.246E+01      0.161E+01      0.180E+11      0.674E-01      0.162E+00
      0.310E-01      0.246E+01      0.161E+01      0.180E+11      0.675E-01      0.162E+00
      0.320E-01      0.246E+01      0.161E+01      0.180E+11      0.675E-01      0.162E+00
      0.330E-01      0.246E+01      0.161E+01      0.180E+11      0.675E-01      0.162E+00
      0.340E-01      0.246E+01      0.161E+01      0.180E+11      0.675E-01      0.162E+00
      0.350E-01      0.246E+01      0.161E+01      0.180E+11      0.675E-01      0.162E+00
      0.360E-01      0.246E+01      0.161E+01      0.180E+11      0.676E-01      0.162E+00
      0.370E-01      0.246E+01      0.161E+01      0.180E+11      0.676E-01      0.162E+00
      0.380E-01      0.246E+01      0.161E+01      0.180E+11      0.676E-01      0.162E+00
      0.390E-01      0.246E+01      0.161E+01      0.180E+11      0.676E-01      0.162E+00
      0.400E-01      0.247E+01      0.161E+01      0.180E+11      0.677E-01      0.162E+00
      0.425E-01      0.247E+01      0.161E+01      0.180E+11      0.677E-01      0.162E+00
      0.450E-01      0.247E+01      0.162E+01      0.180E+11      0.678E-01      0.162E+00
      0.475E-01      0.247E+01      0.162E+01      0.180E+11      0.678E-01      0.162E+00
      0.500E-01      0.247E+01      0.162E+01      0.180E+11      0.679E-01      0.162E+00
      0.525E-01      0.247E+01      0.162E+01      0.180E+11      0.679E-01      0.162E+00
      0.550E-01      0.247E+01      0.162E+01      0.180E+11      0.680E-01      0.162E+00
      0.571E-01      0.248E+01      0.162E+01      0.180E+11      0.681E-01      0.162E+00
      0.640E-01      0.248E+01      0.163E+01      0.180E+11      0.683E-01      0.163E+00
      0.719E-01      0.248E+01      0.163E+01      0.180E+11      0.684E-01      0.163E+00
      0.806E-01      0.249E+01      0.164E+01      0.179E+11      0.685E-01      0.163E+00
      0.905E-01      0.250E+01      0.165E+01      0.179E+11      0.681E-01      0.164E+00
      0.102E+00      0.251E+01      0.166E+01      0.179E+11      0.677E-01      0.164E+00
      0.114E+00      0.252E+01      0.168E+01      0.179E+11      0.674E-01      0.165E+00
      0.128E+00      0.253E+01      0.169E+01      0.179E+11      0.671E-01      0.165E+00
      0.143E+00      0.255E+01      0.172E+01      0.178E+11      0.667E-01      0.166E+00
      0.161E+00      0.257E+01      0.174E+01      0.178E+11      0.664E-01      0.167E+00
      0.181E+00      0.259E+01      0.176E+01      0.178E+11      0.662E-01      0.169E+00
      0.203E+00      0.260E+01      0.179E+01      0.177E+11      0.663E-01      0.171E+00
      0.227E+00      0.262E+01      0.182E+01      0.177E+11      0.664E-01      0.173E+00
      0.255E+00      0.265E+01      0.185E+01      0.176E+11      0.669E-01      0.176E+00
      0.286E+00      0.267E+01      0.188E+01      0.176E+11      0.650E-01      0.177E+00
      0.321E+00      0.268E+01      0.189E+01      0.175E+11      0.624E-01      0.176E+00
      0.360E+00      0.269E+01      0.190E+01      0.174E+11      0.597E-01      0.177E+00
      0.404E+00      0.270E+01      0.190E+01      0.174E+11      0.575E-01      0.178E+00
      0.453E+00      0.275E+01      0.192E+01      0.173E+11      0.563E-01      0.178E+00
      0.509E+00      0.281E+01      0.195E+01      0.172E+11      0.560E-01      0.179E+00
      0.571E+00      0.285E+01      0.198E+01      0.171E+11      0.585E-01      0.183E+00
      0.641E+00      0.288E+01      0.200E+01      0.169E+11      0.640E-01      0.185E+00
      0.719E+00      0.288E+01      0.203E+01      0.168E+11      0.659E-01      0.184E+00
      0.806E+00      0.302E+01      0.212E+01      0.166E+11      0.666E-01      0.176E+00
      0.905E+00      0.326E+01      0.241E+01      0.164E+11      0.641E-01      0.174E+00
      0.102E+01      0.339E+01      0.262E+01      0.162E+11      0.643E-01      0.175E+00
      0.114E+01      0.325E+01      0.241E+01      0.159E+11      0.596E-01      0.173E+00
      0.128E+01      0.323E+01      0.219E+01      0.157E+11      0.473E-01      0.167E+00
      0.143E+01      0.335E+01      0.226E+01      0.154E+11      0.281E-01      0.171E+00
      0.161E+01      0.362E+01      0.253E+01      0.150E+11      0.159E-01      0.174E+00
      0.168E+01      0.367E+01      0.269E+01      0.147E+11      0.143E-01      0.179E+00
      0.170E+01      0.370E+01      0.273E+01      0.146E+11      0.153E-01      0.180E+00
      0.180E+01      0.372E+01      0.264E+01      0.145E+11      0.237E-01      0.183E+00
      0.190E+01      0.381E+01      0.272E+01      0.142E+11      0.365E-01      0.186E+00
      0.200E+01      0.392E+01      0.283E+01      0.140E+11      0.420E-01      0.182E+00
      0.210E+01      0.401E+01      0.285E+01      0.138E+11      0.286E-01      0.182E+00
      0.220E+01      0.411E+01      0.296E+01      0.135E+11      0.119E-01      0.202E+00
      0.230E+01      0.409E+01      0.296E+01      0.133E+11      0.251E-02      0.210E+00
      0.240E+01      0.391E+01      0.289E+01      0.130E+11     -0.303E-02      0.206E+00
      0.250E+01      0.369E+01      0.275E+01      0.128E+11     -0.478E-02      0.206E+00
      0.260E+01      0.370E+01      0.270E+01      0.125E+11      0.101E-02      0.218E+00
      0.275E+01      0.403E+01      0.283E+01      0.123E+11      0.123E-01      0.206E+00
      0.300E+01      0.435E+01      0.296E+01      0.118E+11      0.454E-02      0.207E+00
      0.325E+01      0.436E+01      0.301E+01      0.111E+11     -0.316E-01      0.218E+00
      0.350E+01      0.476E+01      0.315E+01      0.105E+11     -0.370E-01      0.228E+00
      0.375E+01      0.469E+01      0.323E+01      0.974E+10     -0.484E-01      0.212E+00
      0.400E+01      0.517E+01      0.333E+01      0.905E+10     -0.205E-01      0.210E+00
      0.425E+01      0.544E+01      0.335E+01      0.828E+10     -0.341E-01      0.190E+00
      0.450E+01      0.593E+01      0.385E+01      0.748E+10     -0.645E-01      0.189E+00
      0.475E+01      0.603E+01      0.380E+01      0.661E+10     -0.107E+00      0.233E+00
      0.500E+01      0.509E+01      0.325E+01      0.573E+10     -0.129E+00      0.257E+00
      0.525E+01      0.513E+01      0.318E+01      0.500E+10     -0.122E+00      0.257E+00
      0.550E+01      0.561E+01      0.331E+01      0.425E+10     -0.127E+00      0.213E+00
      0.575E+01      0.509E+01      0.315E+01      0.344E+10     -0.182E+00      0.235E+00
      0.600E+01      0.457E+01      0.306E+01      0.271E+10     -0.197E+00      0.255E+00
      0.625E+01      0.365E+01      0.256E+01      0.206E+10     -0.258E+00      0.354E+00
      0.650E+01      0.319E+01      0.226E+01      0.153E+10     -0.268E+00      0.365E+00
      0.675E+01      0.273E+01      0.212E+01      0.108E+10     -0.263E+00      0.409E+00
      0.700E+01      0.215E+01      0.200E+01      0.690E+09     -0.303E+00      0.493E+00
      0.725E+01      0.124E+01      0.159E+01      0.386E+09     -0.279E+00      0.555E+00
      0.750E+01      0.811E+00      0.130E+01      0.211E+09     -0.329E+00      0.806E+00
      0.775E+01      0.513E+00      0.870E+00      0.960E+08     -0.465E+00      0.128E+01
      0.800E+01      0.166E+00      0.296E+00      0.239E+08     -0.103E+01      0.268E+01
      0.825E+01      0.503E-02      0.148E-01      0.698E+06     -0.123E+01      0.486E+01
      0.850E+01      0.143E-09      0.252E-06      0.196E-01     -0.423E+01      0.105E+05
      0.875E+01      0.000E+00      0.000E+00      0.000E+00     -0.990E+02     -0.990E+02
      0.900E+01      0.000E+00      0.000E+00      0.000E+00     -0.990E+02     -0.990E+02
      0.925E+01      0.000E+00      0.000E+00      0.000E+00     -0.990E+02     -0.990E+02
      0.950E+01      0.000E+00      0.000E+00      0.000E+00     -0.990E+02     -0.990E+02
      0.975E+01      0.000E+00      0.000E+00      0.000E+00     -0.990E+02     -0.990E+02
      0.100E+02      0.000E+00      0.000E+00      0.000E+00     -0.990E+02     -0.990E+02
      0.102E+02      0.000E+00      0.000E+00      0.000E+00     -0.990E+02     -0.990E+02
      0.105E+02      0.000E+00      0.000E+00      0.000E+00     -0.990E+02     -0.990E+02
      0.108E+02      0.000E+00      0.000E+00      0.000E+00     -0.990E+02     -0.990E+02
      0.110E+02      0.000E+00      0.000E+00      0.000E+00     -0.990E+02     -0.990E+02
      0.112E+02      0.000E+00      0.000E+00      0.000E+00     -0.990E+02     -0.990E+02
      0.115E+02      0.000E+00      0.000E+00      0.000E+00     -0.990E+02     -0.990E+02
      0.118E+02      0.000E+00      0.000E+00      0.000E+00     -0.990E+02     -0.990E+02
      0.120E+02      0.000E+00      0.000E+00      0.000E+00     -0.990E+02     -0.990E+02
      0.122E+02      0.000E+00      0.000E+00      0.000E+00     -0.990E+02     -0.990E+02
      0.125E+02      0.000E+00      0.000E+00      0.000E+00     -0.990E+02     -0.990E+02
      0.128E+02      0.000E+00      0.000E+00      0.000E+00     -0.990E+02     -0.990E+02
      0.130E+02      0.000E+00      0.000E+00      0.000E+00     -0.990E+02     -0.990E+02
      0.132E+02      0.000E+00      0.000E+00      0.000E+00     -0.990E+02     -0.990E+02
      0.135E+02      0.000E+00      0.000E+00      0.000E+00     -0.990E+02     -0.990E+02
      0.138E+02      0.000E+00      0.000E+00      0.000E+00     -0.990E+02     -0.990E+02
      0.140E+02      0.000E+00      0.000E+00      0.000E+00     -0.990E+02     -0.990E+02
      0.142E+02      0.000E+00      0.000E+00      0.000E+00     -0.990E+02     -0.990E+02
      0.145E+02      0.000E+00      0.000E+00      0.000E+00     -0.990E+02     -0.990E+02
      0.148E+02      0.000E+00      0.000E+00      0.000E+00     -0.990E+02     -0.990E+02
      0.150E+02      0.000E+00      0.000E+00      0.000E+00     -0.990E+02     -0.990E+02
      0.152E+02      0.000E+00      0.000E+00      0.000E+00     -0.990E+02     -0.990E+02
      0.155E+02      0.000E+00      0.000E+00      0.000E+00     -0.990E+02     -0.990E+02
      0.158E+02      0.000E+00      0.000E+00      0.000E+00     -0.990E+02     -0.990E+02
      0.160E+02      0.000E+00      0.000E+00      0.000E+00     -0.990E+02     -0.990E+02
      0.162E+02      0.000E+00      0.000E+00      0.000E+00     -0.990E+02     -0.990E+02
      0.165E+02      0.000E+00      0.000E+00      0.000E+00     -0.990E+02     -0.990E+02
      0.168E+02      0.000E+00      0.000E+00      0.000E+00     -0.990E+02     -0.990E+02
      0.170E+02      0.000E+00      0.000E+00      0.000E+00     -0.990E+02     -0.990E+02
      0.172E+02      0.000E+00      0.000E+00      0.000E+00     -0.990E+02     -0.990E+02
      0.175E+02      0.000E+00      0.000E+00      0.000E+00     -0.990E+02     -0.990E+02
      0.178E+02      0.000E+00      0.000E+00      0.000E+00     -0.990E+02     -0.990E+02
      0.180E+02      0.000E+00      0.000E+00      0.000E+00     -0.990E+02     -0.990E+02
      0.182E+02      0.000E+00      0.000E+00      0.000E+00     -0.990E+02     -0.990E+02
      0.185E+02      0.000E+00      0.000E+00      0.000E+00     -0.990E+02     -0.990E+02
      0.188E+02      0.000E+00      0.000E+00      0.000E+00     -0.990E+02     -0.990E+02
      0.190E+02      0.000E+00      0.000E+00      0.000E+00     -0.990E+02     -0.990E+02
      0.192E+02      0.000E+00      0.000E+00      0.000E+00     -0.990E+02     -0.990E+02
      0.195E+02      0.000E+00      0.000E+00      0.000E+00     -0.990E+02     -0.990E+02
      0.198E+02      0.000E+00      0.000E+00      0.000E+00     -0.990E+02     -0.990E+02
      0.200E+02      0.000E+00      0.000E+00      0.000E+00     -0.990E+02     -0.990E+02
