      0.000E+00      0.444E+01      0.271E+01      0.333E+10     -0.990E+02     -0.990E+02
      0.100E-03      0.444E+01      0.271E+01      0.333E+10     -0.990E+02     -0.990E+02
      0.140E-03      0.444E+01      0.271E+01      0.333E+10     -0.990E+02     -0.990E+02
      0.160E-03      0.444E+01      0.271E+01      0.333E+10     -0.990E+02     -0.990E+02
      0.180E-03      0.444E+01      0.271E+01      0.333E+10     -0.990E+02     -0.990E+02
      0.200E-03      0.444E+01      0.271E+01      0.333E+10     -0.990E+02     -0.990E+02
      0.220E-03      0.444E+01      0.271E+01      0.333E+10     -0.990E+02     -0.990E+02
      0.250E-03      0.444E+01      0.271E+01      0.333E+10     -0.990E+02     -0.990E+02
      0.280E-03      0.444E+01      0.271E+01      0.333E+10     -0.990E+02     -0.990E+02
      0.320E-03      0.444E+01      0.271E+01      0.333E+10     -0.990E+02     -0.990E+02
      0.350E-03      0.444E+01      0.271E+01      0.333E+10     -0.990E+02     -0.990E+02
      0.400E-03      0.444E+01      0.271E+01      0.333E+10     -0.990E+02     -0.990E+02
      0.450E-03      0.444E+01      0.271E+01      0.333E+10     -0.990E+02     -0.990E+02
      0.500E-03      0.444E+01      0.271E+01      0.333E+10     -0.990E+02     -0.990E+02
      0.560E-03      0.444E+01      0.271E+01      0.333E+10     -0.990E+02     -0.990E+02
      0.630E-03      0.444E+01      0.271E+01      0.333E+10     -0.990E+02     -0.990E+02
      0.710E-03      0.444E+01      0.271E+01      0.333E+10     -0.990E+02     -0.990E+02
      0.790E-03      0.444E+01      0.271E+01      0.333E+10     -0.990E+02     -0.990E+02
      0.890E-03      0.444E+01      0.271E+01      0.333E+10     -0.990E+02     -0.990E+02
      0.100E-02      0.444E+01      0.271E+01      0.333E+10     -0.990E+02     -0.990E+02
      0.105E-02      0.444E+01      0.271E+01      0.333E+10     -0.990E+02     -0.990E+02
      0.110E-02      0.444E+01      0.271E+01      0.333E+10     -0.990E+02     -0.990E+02
      0.115E-02      0.444E+01      0.271E+01      0.333E+10     -0.990E+02     -0.990E+02
      0.120E-02      0.444E+01      0.271E+01      0.333E+10     -0.990E+02     -0.990E+02
      0.126E-02      0.444E+01      0.271E+01      0.333E+10     -0.990E+02     -0.990E+02
      0.132E-02      0.444E+01      0.271E+01      0.333E+10     -0.990E+02     -0.990E+02
      0.138E-02      0.444E+01      0.271E+01      0.333E+10     -0.990E+02     -0.990E+02
      0.145E-02      0.444E+01      0.271E+01      0.333E+10     -0.990E+02     -0.990E+02
      0.151E-02      0.444E+01      0.271E+01      0.333E+10     -0.990E+02     -0.990E+02
      0.158E-02      0.444E+01      0.271E+01      0.333E+10     -0.990E+02     -0.990E+02
      0.166E-02      0.444E+01      0.271E+01      0.333E+10     -0.990E+02     -0.990E+02
      0.174E-02      0.444E+01      0.271E+01      0.333E+10     -0.990E+02     -0.990E+02
      0.182E-02      0.444E+01      0.271E+01      0.333E+10     -0.990E+02     -0.990E+02
      0.191E-02      0.444E+01      0.271E+01      0.333E+10     -0.990E+02     -0.990E+02
      0.200E-02      0.444E+01      0.271E+01      0.333E+10     -0.990E+02     -0.990E+02
      0.209E-02      0.444E+01      0.271E+01      0.333E+10     -0.990E+02     -0.990E+02
      0.219E-02      0.444E+01      0.271E+01      0.333E+10     -0.990E+02     -0.990E+02
      0.229E-02      0.444E+01      0.271E+01      0.333E+10     -0.990E+02     -0.990E+02
      0.240E-02      0.444E+01      0.271E+01      0.333E+10     -0.990E+02     -0.990E+02
      0.251E-02      0.444E+01      0.271E+01      0.333E+10     -0.990E+02     -0.990E+02
      0.263E-02      0.444E+01      0.271E+01      0.333E+10     -0.990E+02     -0.990E+02
      0.275E-02      0.444E+01      0.271E+01      0.333E+10     -0.990E+02     -0.990E+02
      0.288E-02      0.444E+01      0.271E+01      0.333E+10     -0.990E+02     -0.990E+02
      0.302E-02      0.444E+01      0.271E+01      0.333E+10     -0.990E+02     -0.990E+02
      0.316E-02      0.444E+01      0.271E+01      0.333E+10     -0.990E+02     -0.990E+02
      0.331E-02      0.444E+01      0.271E+01      0.333E+10     -0.990E+02     -0.990E+02
      0.347E-02      0.444E+01      0.271E+01      0.333E+10     -0.990E+02     -0.990E+02
      0.363E-02      0.444E+01      0.271E+01      0.333E+10     -0.990E+02     -0.990E+02
      0.380E-02      0.444E+01      0.271E+01      0.333E+10     -0.990E+02     -0.990E+02
      0.398E-02      0.444E+01      0.271E+01      0.333E+10     -0.990E+02     -0.990E+02
      0.417E-02      0.444E+01      0.271E+01      0.333E+10     -0.990E+02     -0.990E+02
      0.437E-02      0.444E+01      0.271E+01      0.333E+10     -0.990E+02     -0.990E+02
      0.457E-02      0.444E+01      0.271E+01      0.333E+10     -0.990E+02     -0.990E+02
      0.479E-02      0.444E+01      0.271E+01      0.333E+10     -0.990E+02     -0.990E+02
      0.501E-02      0.444E+01      0.271E+01      0.333E+10     -0.990E+02     -0.990E+02
      0.525E-02      0.444E+01      0.271E+01      0.333E+10     -0.990E+02     -0.990E+02
      0.550E-02      0.444E+01      0.271E+01      0.333E+10     -0.990E+02     -0.990E+02
      0.575E-02      0.444E+01      0.271E+01      0.333E+10     -0.990E+02     -0.990E+02
      0.603E-02      0.444E+01      0.271E+01      0.333E+10     -0.990E+02     -0.990E+02
      0.631E-02      0.444E+01      0.271E+01      0.333E+10     -0.990E+02     -0.990E+02
      0.661E-02      0.444E+01      0.271E+01      0.333E+10     -0.990E+02     -0.990E+02
      0.692E-02      0.444E+01      0.271E+01      0.333E+10     -0.990E+02     -0.990E+02
      0.724E-02      0.444E+01      0.271E+01      0.333E+10     -0.990E+02     -0.990E+02
      0.759E-02      0.444E+01      0.271E+01      0.333E+10     -0.990E+02     -0.990E+02
      0.794E-02      0.444E+01      0.271E+01      0.333E+10     -0.990E+02     -0.990E+02
      0.832E-02      0.444E+01      0.271E+01      0.333E+10     -0.990E+02     -0.990E+02
      0.871E-02      0.444E+01      0.271E+01      0.333E+10     -0.990E+02     -0.990E+02
      0.912E-02      0.444E+01      0.271E+01      0.333E+10     -0.990E+02     -0.990E+02
      0.955E-02      0.444E+01      0.271E+01      0.333E+10     -0.990E+02     -0.990E+02
      0.100E-01      0.444E+01      0.271E+01      0.333E+10     -0.628E+00      0.297E+00
      0.105E-01      0.136E+02      0.430E+01      0.328E+10     -0.628E+00      0.297E+00
      0.110E-01      0.135E+02      0.427E+01      0.328E+10     -0.629E+00      0.296E+00
      0.115E-01      0.134E+02      0.425E+01      0.327E+10     -0.629E+00      0.296E+00
      0.120E-01      0.134E+02      0.424E+01      0.326E+10     -0.629E+00      0.296E+00
      0.126E-01      0.134E+02      0.424E+01      0.326E+10     -0.629E+00      0.296E+00
      0.132E-01      0.135E+02      0.424E+01      0.325E+10     -0.629E+00      0.295E+00
      0.138E-01      0.134E+02      0.422E+01      0.324E+10     -0.630E+00      0.295E+00
      0.144E-01      0.133E+02      0.418E+01      0.324E+10     -0.630E+00      0.295E+00
      0.151E-01      0.133E+02      0.418E+01      0.323E+10     -0.630E+00      0.295E+00
      0.159E-01      0.133E+02      0.419E+01      0.322E+10     -0.630E+00      0.295E+00
      0.166E-01      0.133E+02      0.417E+01      0.321E+10     -0.631E+00      0.294E+00
      0.174E-01      0.133E+02      0.416E+01      0.320E+10     -0.631E+00      0.294E+00
      0.182E-01      0.133E+02      0.416E+01      0.319E+10     -0.631E+00      0.294E+00
      0.191E-01      0.133E+02      0.414E+01      0.318E+10     -0.632E+00      0.293E+00
      0.200E-01      0.132E+02      0.411E+01      0.318E+10     -0.632E+00      0.293E+00
      0.209E-01      0.131E+02      0.409E+01      0.316E+10     -0.632E+00      0.293E+00
      0.219E-01      0.131E+02      0.407E+01      0.315E+10     -0.633E+00      0.292E+00
      0.229E-01      0.131E+02      0.406E+01      0.314E+10     -0.633E+00      0.292E+00
      0.240E-01      0.131E+02      0.405E+01      0.313E+10     -0.633E+00      0.291E+00
      0.251E-01      0.131E+02      0.404E+01      0.312E+10     -0.634E+00      0.291E+00
      0.263E-01      0.130E+02      0.401E+01      0.311E+10     -0.634E+00      0.290E+00
      0.275E-01      0.129E+02      0.398E+01      0.309E+10     -0.635E+00      0.290E+00
      0.290E-01      0.129E+02      0.396E+01      0.308E+10     -0.635E+00      0.289E+00
      0.300E-01      0.129E+02      0.395E+01      0.307E+10     -0.636E+00      0.289E+00
      0.310E-01      0.128E+02      0.393E+01      0.306E+10     -0.636E+00      0.289E+00
      0.320E-01      0.128E+02      0.391E+01      0.304E+10     -0.636E+00      0.288E+00
      0.330E-01      0.128E+02      0.389E+01      0.303E+10     -0.637E+00      0.288E+00
      0.340E-01      0.127E+02      0.388E+01      0.302E+10     -0.638E+00      0.288E+00
      0.350E-01      0.127E+02      0.386E+01      0.301E+10     -0.638E+00      0.288E+00
      0.360E-01      0.127E+02      0.385E+01      0.300E+10     -0.638E+00      0.287E+00
      0.370E-01      0.126E+02      0.384E+01      0.299E+10     -0.639E+00      0.287E+00
      0.380E-01      0.126E+02      0.382E+01      0.298E+10     -0.639E+00      0.286E+00
      0.390E-01      0.126E+02      0.380E+01      0.297E+10     -0.639E+00      0.286E+00
      0.400E-01      0.125E+02      0.378E+01      0.296E+10     -0.640E+00      0.286E+00
      0.425E-01      0.125E+02      0.375E+01      0.294E+10     -0.641E+00      0.286E+00
      0.450E-01      0.124E+02      0.370E+01      0.292E+10     -0.642E+00      0.284E+00
      0.475E-01      0.123E+02      0.367E+01      0.289E+10     -0.643E+00      0.284E+00
      0.500E-01      0.122E+02      0.362E+01      0.287E+10     -0.644E+00      0.283E+00
      0.525E-01      0.121E+02      0.359E+01      0.285E+10     -0.645E+00      0.282E+00
      0.550E-01      0.120E+02      0.355E+01      0.282E+10     -0.646E+00      0.282E+00
      0.571E-01      0.120E+02      0.353E+01      0.280E+10     -0.647E+00      0.282E+00
      0.640E-01      0.117E+02      0.342E+01      0.276E+10     -0.650E+00      0.280E+00
      0.719E-01      0.114E+02      0.331E+01      0.269E+10     -0.653E+00      0.279E+00
      0.806E-01      0.111E+02      0.320E+01      0.262E+10     -0.657E+00      0.278E+00
      0.905E-01      0.108E+02      0.307E+01      0.254E+10     -0.662E+00      0.278E+00
      0.102E+00      0.104E+02      0.292E+01      0.245E+10     -0.667E+00      0.277E+00
      0.114E+00      0.994E+01      0.275E+01      0.236E+10     -0.674E+00      0.276E+00
      0.128E+00      0.946E+01      0.257E+01      0.226E+10     -0.682E+00      0.276E+00
      0.143E+00      0.890E+01      0.240E+01      0.215E+10     -0.692E+00      0.279E+00
      0.161E+00      0.829E+01      0.222E+01      0.204E+10     -0.705E+00      0.286E+00
      0.181E+00      0.758E+01      0.206E+01      0.193E+10     -0.722E+00      0.301E+00
      0.203E+00      0.699E+01      0.195E+01      0.182E+10     -0.727E+00      0.309E+00
      0.227E+00      0.641E+01      0.184E+01      0.170E+10     -0.732E+00      0.319E+00
      0.255E+00      0.594E+01      0.170E+01      0.158E+10     -0.738E+00      0.321E+00
      0.286E+00      0.540E+01      0.160E+01      0.145E+10     -0.745E+00      0.335E+00
      0.321E+00      0.485E+01      0.155E+01      0.133E+10     -0.753E+00      0.367E+00
      0.360E+00      0.428E+01      0.150E+01      0.120E+10     -0.755E+00      0.404E+00
      0.404E+00      0.363E+01      0.137E+01      0.108E+10     -0.742E+00      0.426E+00
      0.453E+00      0.304E+01      0.122E+01      0.960E+09     -0.731E+00      0.447E+00
      0.509E+00      0.273E+01      0.102E+01      0.851E+09     -0.745E+00      0.406E+00
      0.571E+00      0.256E+01      0.891E+00      0.742E+09     -0.774E+00      0.379E+00
      0.641E+00      0.263E+01      0.929E+00      0.628E+09     -0.825E+00      0.410E+00
      0.719E+00      0.284E+01      0.102E+01      0.498E+09     -0.885E+00      0.441E+00
      0.806E+00      0.246E+01      0.109E+01      0.342E+09     -0.870E+00      0.530E+00
      0.905E+00      0.146E+01      0.802E+00      0.191E+09     -0.862E+00      0.661E+00
      0.102E+01      0.587E+00      0.482E+00      0.919E+08     -0.862E+00      0.100E+01
      0.114E+01      0.313E+00      0.243E+00      0.474E+08     -0.973E+00      0.103E+01
      0.128E+01      0.158E+00      0.102E+00      0.211E+08     -0.139E+01      0.119E+01
      0.143E+01      0.608E-01      0.400E-01      0.631E+07     -0.156E+01      0.137E+01
      0.161E+01      0.783E-04      0.476E-02      0.101E+05     -0.957E+00      0.776E+02
      0.168E+01      0.526E-04      0.330E-02      0.408E+04     -0.966E+00      0.810E+02
      0.170E+01      0.455E-04      0.290E-02      0.260E+04     -0.973E+00      0.825E+02
      0.180E+01      0.149E-04      0.987E-03      0.913E+03     -0.989E+00      0.871E+02
      0.190E+01      0.165E-07      0.466E-04      0.107E+01     -0.936E+00      0.355E+04
      0.200E+01      0.888E-09      0.262E-05      0.540E-01     -0.990E+00      0.388E+04
      0.210E+01      0.575E-14      0.144E-07      0.381E-06     -0.343E+00      0.112E+07
      0.220E+01      0.280E-15      0.302E-08      0.273E-07     -0.440E+00      0.643E+07
      0.230E+01      0.149E-15      0.161E-08      0.101E-07     -0.440E+00      0.643E+07
      0.240E+01      0.173E-16      0.187E-09      0.105E-08     -0.440E+00      0.643E+07
      0.250E+01      0.000E+00      0.160E-20      0.327E-31     -0.129E+01            NaN
      0.260E+01      0.000E+00      0.612E-24      0.000E+00     -0.163E+01            NaN
      0.275E+01      0.000E+00      0.192E-24      0.000E+00     -0.163E+01            NaN
      0.300E+01      0.000E+00      0.000E+00      0.000E+00     -0.990E+02     -0.990E+02
      0.325E+01      0.000E+00      0.000E+00      0.000E+00     -0.990E+02     -0.990E+02
      0.350E+01      0.000E+00      0.000E+00      0.000E+00     -0.990E+02     -0.990E+02
      0.375E+01      0.000E+00      0.000E+00      0.000E+00     -0.990E+02     -0.990E+02
      0.400E+01      0.000E+00      0.000E+00      0.000E+00     -0.990E+02     -0.990E+02
      0.425E+01      0.000E+00      0.000E+00      0.000E+00     -0.990E+02     -0.990E+02
      0.450E+01      0.000E+00      0.000E+00      0.000E+00     -0.990E+02     -0.990E+02
      0.475E+01      0.000E+00      0.000E+00      0.000E+00     -0.990E+02     -0.990E+02
      0.500E+01      0.000E+00      0.000E+00      0.000E+00     -0.990E+02     -0.990E+02
      0.525E+01      0.000E+00      0.000E+00      0.000E+00     -0.990E+02     -0.990E+02
      0.550E+01      0.000E+00      0.000E+00      0.000E+00     -0.990E+02     -0.990E+02
      0.575E+01      0.000E+00      0.000E+00      0.000E+00     -0.990E+02     -0.990E+02
      0.600E+01      0.000E+00      0.000E+00      0.000E+00     -0.990E+02     -0.990E+02
      0.625E+01      0.000E+00      0.000E+00      0.000E+00     -0.990E+02     -0.990E+02
      0.650E+01      0.000E+00      0.000E+00      0.000E+00     -0.990E+02     -0.990E+02
      0.675E+01      0.000E+00      0.000E+00      0.000E+00     -0.990E+02     -0.990E+02
      0.700E+01      0.000E+00      0.000E+00      0.000E+00     -0.990E+02     -0.990E+02
      0.725E+01      0.000E+00      0.000E+00      0.000E+00     -0.990E+02     -0.990E+02
      0.750E+01      0.000E+00      0.000E+00      0.000E+00     -0.990E+02     -0.990E+02
      0.775E+01      0.000E+00      0.000E+00      0.000E+00     -0.990E+02     -0.990E+02
      0.800E+01      0.000E+00      0.000E+00      0.000E+00     -0.990E+02     -0.990E+02
      0.825E+01      0.000E+00      0.000E+00      0.000E+00     -0.990E+02     -0.990E+02
      0.850E+01      0.000E+00      0.000E+00      0.000E+00     -0.990E+02     -0.990E+02
      0.875E+01      0.000E+00      0.000E+00      0.000E+00     -0.990E+02     -0.990E+02
      0.900E+01      0.000E+00      0.000E+00      0.000E+00     -0.990E+02     -0.990E+02
      0.925E+01      0.000E+00      0.000E+00      0.000E+00     -0.990E+02     -0.990E+02
      0.950E+01      0.000E+00      0.000E+00      0.000E+00     -0.990E+02     -0.990E+02
      0.975E+01      0.000E+00      0.000E+00      0.000E+00     -0.990E+02     -0.990E+02
      0.100E+02      0.000E+00      0.000E+00      0.000E+00     -0.990E+02     -0.990E+02
      0.102E+02      0.000E+00      0.000E+00      0.000E+00     -0.990E+02     -0.990E+02
      0.105E+02      0.000E+00      0.000E+00      0.000E+00     -0.990E+02     -0.990E+02
      0.108E+02      0.000E+00      0.000E+00      0.000E+00     -0.990E+02     -0.990E+02
      0.110E+02      0.000E+00      0.000E+00      0.000E+00     -0.990E+02     -0.990E+02
      0.112E+02      0.000E+00      0.000E+00      0.000E+00     -0.990E+02     -0.990E+02
      0.115E+02      0.000E+00      0.000E+00      0.000E+00     -0.990E+02     -0.990E+02
      0.118E+02      0.000E+00      0.000E+00      0.000E+00     -0.990E+02     -0.990E+02
      0.120E+02      0.000E+00      0.000E+00      0.000E+00     -0.990E+02     -0.990E+02
      0.122E+02      0.000E+00      0.000E+00      0.000E+00     -0.990E+02     -0.990E+02
      0.125E+02      0.000E+00      0.000E+00      0.000E+00     -0.990E+02     -0.990E+02
      0.128E+02      0.000E+00      0.000E+00      0.000E+00     -0.990E+02     -0.990E+02
      0.130E+02      0.000E+00      0.000E+00      0.000E+00     -0.990E+02     -0.990E+02
      0.132E+02      0.000E+00      0.000E+00      0.000E+00     -0.990E+02     -0.990E+02
      0.135E+02      0.000E+00      0.000E+00      0.000E+00     -0.990E+02     -0.990E+02
      0.138E+02      0.000E+00      0.000E+00      0.000E+00     -0.990E+02     -0.990E+02
      0.140E+02      0.000E+00      0.000E+00      0.000E+00     -0.990E+02     -0.990E+02
      0.142E+02      0.000E+00      0.000E+00      0.000E+00     -0.990E+02     -0.990E+02
      0.145E+02      0.000E+00      0.000E+00      0.000E+00     -0.990E+02     -0.990E+02
      0.148E+02      0.000E+00      0.000E+00      0.000E+00     -0.990E+02     -0.990E+02
      0.150E+02      0.000E+00      0.000E+00      0.000E+00     -0.990E+02     -0.990E+02
      0.152E+02      0.000E+00      0.000E+00      0.000E+00     -0.990E+02     -0.990E+02
      0.155E+02      0.000E+00      0.000E+00      0.000E+00     -0.990E+02     -0.990E+02
      0.158E+02      0.000E+00      0.000E+00      0.000E+00     -0.990E+02     -0.990E+02
      0.160E+02      0.000E+00      0.000E+00      0.000E+00     -0.990E+02     -0.990E+02
      0.162E+02      0.000E+00      0.000E+00      0.000E+00     -0.990E+02     -0.990E+02
      0.165E+02      0.000E+00      0.000E+00      0.000E+00     -0.990E+02     -0.990E+02
      0.168E+02      0.000E+00      0.000E+00      0.000E+00     -0.990E+02     -0.990E+02
      0.170E+02      0.000E+00      0.000E+00      0.000E+00     -0.990E+02     -0.990E+02
      0.172E+02      0.000E+00      0.000E+00      0.000E+00     -0.990E+02     -0.990E+02
      0.175E+02      0.000E+00      0.000E+00      0.000E+00     -0.990E+02     -0.990E+02
      0.178E+02      0.000E+00      0.000E+00      0.000E+00     -0.990E+02     -0.990E+02
      0.180E+02      0.000E+00      0.000E+00      0.000E+00     -0.990E+02     -0.990E+02
      0.182E+02      0.000E+00      0.000E+00      0.000E+00     -0.990E+02     -0.990E+02
      0.185E+02      0.000E+00      0.000E+00      0.000E+00     -0.990E+02     -0.990E+02
      0.188E+02      0.000E+00      0.000E+00      0.000E+00     -0.990E+02     -0.990E+02
      0.190E+02      0.000E+00      0.000E+00      0.000E+00     -0.990E+02     -0.990E+02
      0.192E+02      0.000E+00      0.000E+00      0.000E+00     -0.990E+02     -0.990E+02
      0.195E+02      0.000E+00      0.000E+00      0.000E+00     -0.990E+02     -0.990E+02
      0.198E+02      0.000E+00      0.000E+00      0.000E+00     -0.990E+02     -0.990E+02
      0.200E+02      0.000E+00      0.000E+00      0.000E+00     -0.990E+02     -0.990E+02
