      0.000E+00      0.837E-01      0.213E+00      0.867E+11     -0.990E+02     -0.990E+02
      0.100E-03      0.837E-01      0.213E+00      0.867E+11     -0.990E+02     -0.990E+02
      0.140E-03      0.837E-01      0.213E+00      0.867E+11     -0.990E+02     -0.990E+02
      0.160E-03      0.837E-01      0.213E+00      0.867E+11     -0.990E+02     -0.990E+02
      0.180E-03      0.837E-01      0.213E+00      0.867E+11     -0.990E+02     -0.990E+02
      0.200E-03      0.837E-01      0.213E+00      0.867E+11     -0.990E+02     -0.990E+02
      0.220E-03      0.837E-01      0.213E+00      0.867E+11     -0.990E+02     -0.990E+02
      0.250E-03      0.837E-01      0.213E+00      0.867E+11     -0.990E+02     -0.990E+02
      0.280E-03      0.837E-01      0.213E+00      0.867E+11     -0.990E+02     -0.990E+02
      0.320E-03      0.837E-01      0.213E+00      0.867E+11     -0.990E+02     -0.990E+02
      0.350E-03      0.837E-01      0.213E+00      0.867E+11     -0.990E+02     -0.990E+02
      0.400E-03      0.837E-01      0.213E+00      0.867E+11     -0.990E+02     -0.990E+02
      0.450E-03      0.837E-01      0.213E+00      0.867E+11     -0.990E+02     -0.990E+02
      0.500E-03      0.837E-01      0.213E+00      0.867E+11     -0.990E+02     -0.990E+02
      0.560E-03      0.837E-01      0.213E+00      0.867E+11     -0.990E+02     -0.990E+02
      0.630E-03      0.837E-01      0.213E+00      0.867E+11     -0.990E+02     -0.990E+02
      0.710E-03      0.837E-01      0.213E+00      0.867E+11     -0.990E+02     -0.990E+02
      0.790E-03      0.837E-01      0.213E+00      0.867E+11     -0.990E+02     -0.990E+02
      0.890E-03      0.837E-01      0.213E+00      0.867E+11     -0.990E+02     -0.990E+02
      0.100E-02      0.837E-01      0.213E+00      0.867E+11     -0.990E+02     -0.990E+02
      0.105E-02      0.837E-01      0.213E+00      0.867E+11     -0.990E+02     -0.990E+02
      0.110E-02      0.837E-01      0.213E+00      0.867E+11     -0.990E+02     -0.990E+02
      0.115E-02      0.837E-01      0.213E+00      0.867E+11     -0.990E+02     -0.990E+02
      0.120E-02      0.837E-01      0.213E+00      0.867E+11     -0.990E+02     -0.990E+02
      0.126E-02      0.837E-01      0.213E+00      0.867E+11     -0.990E+02     -0.990E+02
      0.132E-02      0.837E-01      0.213E+00      0.867E+11     -0.990E+02     -0.990E+02
      0.138E-02      0.837E-01      0.213E+00      0.867E+11     -0.990E+02     -0.990E+02
      0.145E-02      0.837E-01      0.213E+00      0.867E+11     -0.990E+02     -0.990E+02
      0.151E-02      0.837E-01      0.213E+00      0.867E+11     -0.990E+02     -0.990E+02
      0.158E-02      0.837E-01      0.213E+00      0.867E+11     -0.990E+02     -0.990E+02
      0.166E-02      0.837E-01      0.213E+00      0.867E+11     -0.990E+02     -0.990E+02
      0.174E-02      0.837E-01      0.213E+00      0.867E+11     -0.990E+02     -0.990E+02
      0.182E-02      0.837E-01      0.213E+00      0.867E+11     -0.990E+02     -0.990E+02
      0.191E-02      0.837E-01      0.213E+00      0.867E+11     -0.990E+02     -0.990E+02
      0.200E-02      0.837E-01      0.213E+00      0.867E+11     -0.990E+02     -0.990E+02
      0.209E-02      0.837E-01      0.213E+00      0.867E+11     -0.990E+02     -0.990E+02
      0.219E-02      0.837E-01      0.213E+00      0.867E+11     -0.990E+02     -0.990E+02
      0.229E-02      0.837E-01      0.213E+00      0.867E+11     -0.990E+02     -0.990E+02
      0.240E-02      0.837E-01      0.213E+00      0.867E+11     -0.990E+02     -0.990E+02
      0.251E-02      0.837E-01      0.213E+00      0.867E+11     -0.990E+02     -0.990E+02
      0.263E-02      0.837E-01      0.213E+00      0.867E+11     -0.990E+02     -0.990E+02
      0.275E-02      0.837E-01      0.213E+00      0.867E+11     -0.990E+02     -0.990E+02
      0.288E-02      0.837E-01      0.213E+00      0.867E+11     -0.990E+02     -0.990E+02
      0.302E-02      0.837E-01      0.213E+00      0.867E+11     -0.990E+02     -0.990E+02
      0.316E-02      0.837E-01      0.213E+00      0.867E+11     -0.990E+02     -0.990E+02
      0.331E-02      0.837E-01      0.213E+00      0.867E+11     -0.990E+02     -0.990E+02
      0.347E-02      0.837E-01      0.213E+00      0.867E+11     -0.990E+02     -0.990E+02
      0.363E-02      0.837E-01      0.213E+00      0.867E+11     -0.990E+02     -0.990E+02
      0.380E-02      0.837E-01      0.213E+00      0.867E+11     -0.990E+02     -0.990E+02
      0.398E-02      0.837E-01      0.213E+00      0.867E+11     -0.990E+02     -0.990E+02
      0.417E-02      0.837E-01      0.213E+00      0.867E+11     -0.990E+02     -0.990E+02
      0.437E-02      0.837E-01      0.213E+00      0.867E+11     -0.990E+02     -0.990E+02
      0.457E-02      0.837E-01      0.213E+00      0.867E+11     -0.990E+02     -0.990E+02
      0.479E-02      0.837E-01      0.213E+00      0.867E+11     -0.990E+02     -0.990E+02
      0.501E-02      0.837E-01      0.213E+00      0.867E+11     -0.990E+02     -0.990E+02
      0.525E-02      0.837E-01      0.213E+00      0.867E+11     -0.990E+02     -0.990E+02
      0.550E-02      0.837E-01      0.213E+00      0.867E+11     -0.990E+02     -0.990E+02
      0.575E-02      0.837E-01      0.213E+00      0.867E+11     -0.990E+02     -0.990E+02
      0.603E-02      0.837E-01      0.213E+00      0.867E+11     -0.990E+02     -0.990E+02
      0.631E-02      0.837E-01      0.213E+00      0.867E+11     -0.990E+02     -0.990E+02
      0.661E-02      0.837E-01      0.213E+00      0.867E+11     -0.990E+02     -0.990E+02
      0.692E-02      0.837E-01      0.213E+00      0.867E+11     -0.990E+02     -0.990E+02
      0.724E-02      0.837E-01      0.213E+00      0.867E+11     -0.990E+02     -0.990E+02
      0.759E-02      0.837E-01      0.213E+00      0.867E+11     -0.990E+02     -0.990E+02
      0.794E-02      0.837E-01      0.213E+00      0.867E+11     -0.990E+02     -0.990E+02
      0.832E-02      0.837E-01      0.213E+00      0.867E+11     -0.990E+02     -0.990E+02
      0.871E-02      0.837E-01      0.213E+00      0.867E+11     -0.990E+02     -0.990E+02
      0.912E-02      0.837E-01      0.213E+00      0.867E+11     -0.990E+02     -0.990E+02
      0.955E-02      0.837E-01      0.213E+00      0.867E+11     -0.990E+02     -0.990E+02
      0.100E-01      0.837E-01      0.213E+00      0.867E+11      0.342E+00      0.535E+00
      0.105E-01      0.961E-01      0.984E-01      0.867E+11      0.343E+00      0.535E+00
      0.110E-01      0.960E-01      0.982E-01      0.867E+11      0.343E+00      0.534E+00
      0.115E-01      0.961E-01      0.980E-01      0.867E+11      0.343E+00      0.533E+00
      0.120E-01      0.964E-01      0.981E-01      0.867E+11      0.343E+00      0.533E+00
      0.126E-01      0.969E-01      0.986E-01      0.867E+11      0.343E+00      0.532E+00
      0.132E-01      0.977E-01      0.992E-01      0.867E+11      0.343E+00      0.531E+00
      0.138E-01      0.979E-01      0.993E-01      0.867E+11      0.343E+00      0.531E+00
      0.144E-01      0.977E-01      0.988E-01      0.867E+11      0.343E+00      0.530E+00
      0.151E-01      0.983E-01      0.994E-01      0.867E+11      0.344E+00      0.529E+00
      0.159E-01      0.992E-01      0.100E+00      0.867E+11      0.344E+00      0.529E+00
      0.166E-01      0.996E-01      0.100E+00      0.867E+11      0.344E+00      0.528E+00
      0.174E-01      0.100E+00      0.101E+00      0.867E+11      0.344E+00      0.527E+00
      0.182E-01      0.101E+00      0.101E+00      0.867E+11      0.344E+00      0.526E+00
      0.191E-01      0.102E+00      0.102E+00      0.867E+11      0.344E+00      0.525E+00
      0.200E-01      0.102E+00      0.102E+00      0.867E+11      0.344E+00      0.525E+00
      0.209E-01      0.102E+00      0.102E+00      0.867E+11      0.345E+00      0.524E+00
      0.219E-01      0.103E+00      0.102E+00      0.867E+11      0.345E+00      0.523E+00
      0.229E-01      0.104E+00      0.103E+00      0.867E+11      0.345E+00      0.522E+00
      0.240E-01      0.105E+00      0.104E+00      0.867E+11      0.345E+00      0.521E+00
      0.251E-01      0.106E+00      0.105E+00      0.867E+11      0.346E+00      0.520E+00
      0.263E-01      0.106E+00      0.105E+00      0.867E+11      0.346E+00      0.519E+00
      0.275E-01      0.107E+00      0.105E+00      0.867E+11      0.346E+00      0.519E+00
      0.290E-01      0.108E+00      0.106E+00      0.867E+11      0.346E+00      0.518E+00
      0.300E-01      0.109E+00      0.107E+00      0.867E+11      0.346E+00      0.518E+00
      0.310E-01      0.109E+00      0.107E+00      0.867E+11      0.347E+00      0.517E+00
      0.320E-01      0.110E+00      0.108E+00      0.867E+11      0.347E+00      0.517E+00
      0.330E-01      0.111E+00      0.108E+00      0.867E+11      0.347E+00      0.516E+00
      0.340E-01      0.111E+00      0.109E+00      0.867E+11      0.347E+00      0.516E+00
      0.350E-01      0.112E+00      0.110E+00      0.867E+11      0.347E+00      0.515E+00
      0.360E-01      0.113E+00      0.110E+00      0.867E+11      0.347E+00      0.514E+00
      0.370E-01      0.114E+00      0.111E+00      0.867E+11      0.347E+00      0.513E+00
      0.380E-01      0.114E+00      0.111E+00      0.867E+11      0.347E+00      0.513E+00
      0.390E-01      0.115E+00      0.112E+00      0.867E+11      0.347E+00      0.512E+00
      0.400E-01      0.116E+00      0.112E+00      0.867E+11      0.348E+00      0.512E+00
      0.425E-01      0.118E+00      0.114E+00      0.867E+11      0.348E+00      0.510E+00
      0.450E-01      0.120E+00      0.116E+00      0.867E+11      0.348E+00      0.509E+00
      0.475E-01      0.122E+00      0.117E+00      0.867E+11      0.348E+00      0.508E+00
      0.500E-01      0.123E+00      0.119E+00      0.867E+11      0.348E+00      0.507E+00
      0.525E-01      0.125E+00      0.121E+00      0.867E+11      0.348E+00      0.506E+00
      0.550E-01      0.127E+00      0.122E+00      0.867E+11      0.348E+00      0.505E+00
      0.571E-01      0.129E+00      0.124E+00      0.867E+11      0.348E+00      0.504E+00
      0.640E-01      0.134E+00      0.129E+00      0.867E+11      0.348E+00      0.503E+00
      0.719E-01      0.158E+00      0.145E+00      0.867E+11      0.358E+00      0.497E+00
      0.806E-01      0.188E+00      0.170E+00      0.867E+11      0.368E+00      0.507E+00
      0.905E-01      0.221E+00      0.203E+00      0.867E+11      0.376E+00      0.526E+00
      0.102E+00      0.258E+00      0.244E+00      0.867E+11      0.382E+00      0.549E+00
      0.114E+00      0.300E+00      0.293E+00      0.867E+11      0.387E+00      0.573E+00
      0.128E+00      0.347E+00      0.350E+00      0.867E+11      0.392E+00      0.595E+00
      0.143E+00      0.400E+00      0.415E+00      0.867E+11      0.395E+00      0.615E+00
      0.161E+00      0.461E+00      0.490E+00      0.867E+11      0.396E+00      0.629E+00
      0.181E+00      0.532E+00      0.574E+00      0.867E+11      0.397E+00      0.641E+00
      0.203E+00      0.611E+00      0.670E+00      0.867E+11      0.398E+00      0.651E+00
      0.227E+00      0.717E+00      0.790E+00      0.867E+11      0.396E+00      0.648E+00
      0.255E+00      0.856E+00      0.100E+01      0.867E+11      0.390E+00      0.661E+00
      0.286E+00      0.101E+01      0.130E+01      0.866E+11      0.384E+00      0.695E+00
      0.321E+00      0.119E+01      0.167E+01      0.866E+11      0.377E+00      0.728E+00
      0.360E+00      0.136E+01      0.209E+01      0.866E+11      0.360E+00      0.742E+00
      0.404E+00      0.156E+01      0.260E+01      0.865E+11      0.344E+00      0.765E+00
      0.453E+00      0.179E+01      0.320E+01      0.865E+11      0.329E+00      0.785E+00
      0.509E+00      0.205E+01      0.335E+01      0.864E+11      0.311E+00      0.702E+00
      0.571E+00      0.241E+01      0.340E+01      0.863E+11      0.291E+00      0.597E+00
      0.641E+00      0.276E+01      0.331E+01      0.862E+11      0.272E+00      0.480E+00
      0.719E+00      0.315E+01      0.331E+01      0.861E+11      0.256E+00      0.394E+00
      0.806E+00      0.356E+01      0.328E+01      0.859E+11      0.245E+00      0.331E+00
      0.905E+00      0.414E+01      0.379E+01      0.857E+11      0.233E+00      0.310E+00
      0.102E+01      0.492E+01      0.476E+01      0.854E+11      0.217E+00      0.310E+00
      0.114E+01      0.604E+01      0.593E+01      0.850E+11      0.182E+00      0.259E+00
      0.128E+01      0.757E+01      0.825E+01      0.845E+11      0.150E+00      0.226E+00
      0.143E+01      0.102E+02      0.109E+02      0.838E+11      0.944E-01      0.167E+00
      0.161E+01      0.111E+02      0.121E+02      0.827E+11      0.586E-01      0.148E+00
      0.168E+01      0.111E+02      0.113E+02      0.818E+11      0.468E-01      0.135E+00
      0.170E+01      0.111E+02      0.111E+02      0.815E+11      0.425E-01      0.134E+00
      0.180E+01      0.111E+02      0.105E+02      0.811E+11      0.257E-01      0.137E+00
      0.190E+01      0.113E+02      0.971E+01      0.804E+11     -0.185E-02      0.166E+00
      0.200E+01      0.115E+02      0.110E+02      0.797E+11     -0.421E-01      0.270E+00
      0.210E+01      0.134E+02      0.131E+02      0.790E+11     -0.719E-01      0.327E+00
      0.220E+01      0.155E+02      0.145E+02      0.781E+11     -0.981E-01      0.337E+00
      0.230E+01      0.171E+02      0.167E+02      0.772E+11     -0.124E+00      0.398E+00
      0.240E+01      0.175E+02      0.172E+02      0.761E+11     -0.132E+00      0.406E+00
      0.250E+01      0.172E+02      0.160E+02      0.750E+11     -0.120E+00      0.354E+00
      0.260E+01      0.178E+02      0.150E+02      0.740E+11     -0.106E+00      0.315E+00
      0.275E+01      0.186E+02      0.145E+02      0.726E+11     -0.101E+00      0.316E+00
      0.300E+01      0.203E+02      0.150E+02      0.704E+11     -0.126E+00      0.330E+00
      0.325E+01      0.216E+02      0.157E+02      0.673E+11     -0.147E+00      0.335E+00
      0.350E+01      0.257E+02      0.171E+02      0.641E+11     -0.173E+00      0.312E+00
      0.375E+01      0.294E+02      0.192E+02      0.603E+11     -0.194E+00      0.281E+00
      0.400E+01      0.275E+02      0.186E+02      0.559E+11     -0.214E+00      0.319E+00
      0.425E+01      0.322E+02      0.239E+02      0.519E+11     -0.264E+00      0.418E+00
      0.450E+01      0.362E+02      0.265E+02      0.472E+11     -0.237E+00      0.327E+00
      0.475E+01      0.343E+02      0.254E+02      0.419E+11     -0.279E+00      0.392E+00
      0.500E+01      0.407E+02      0.271E+02      0.369E+11     -0.327E+00      0.396E+00
      0.525E+01      0.369E+02      0.246E+02      0.310E+11     -0.373E+00      0.464E+00
      0.550E+01      0.336E+02      0.225E+02      0.257E+11     -0.409E+00      0.469E+00
      0.575E+01      0.305E+02      0.185E+02      0.209E+11     -0.380E+00      0.393E+00
      0.600E+01      0.291E+02      0.206E+02      0.165E+11     -0.416E+00      0.463E+00
      0.625E+01      0.239E+02      0.189E+02      0.124E+11     -0.442E+00      0.534E+00
      0.650E+01      0.173E+02      0.140E+02      0.899E+10     -0.447E+00      0.596E+00
      0.675E+01      0.174E+02      0.138E+02      0.653E+10     -0.448E+00      0.604E+00
      0.700E+01      0.189E+02      0.141E+02      0.408E+10     -0.469E+00      0.540E+00
      0.725E+01      0.605E+01      0.640E+01      0.140E+10     -0.495E+00      0.773E+00
      0.750E+01      0.273E+01      0.321E+01      0.548E+09     -0.505E+00      0.834E+00
      0.775E+01      0.104E+01      0.129E+01      0.163E+09     -0.622E+00      0.111E+01
      0.800E+01      0.128E+00      0.150E+00      0.178E+08     -0.993E+00      0.175E+01
      0.825E+01      0.544E-16      0.261E-08      0.759E-08     -0.633E+00      0.426E+08
      0.850E+01      0.000E+00      0.000E+00      0.000E+00     -0.990E+02     -0.990E+02
      0.875E+01      0.000E+00      0.000E+00      0.000E+00     -0.990E+02     -0.990E+02
      0.900E+01      0.000E+00      0.000E+00      0.000E+00     -0.990E+02     -0.990E+02
      0.925E+01      0.000E+00      0.000E+00      0.000E+00     -0.990E+02     -0.990E+02
      0.950E+01      0.000E+00      0.000E+00      0.000E+00     -0.990E+02     -0.990E+02
      0.975E+01      0.000E+00      0.000E+00      0.000E+00     -0.990E+02     -0.990E+02
      0.100E+02      0.000E+00      0.000E+00      0.000E+00     -0.990E+02     -0.990E+02
      0.102E+02      0.000E+00      0.000E+00      0.000E+00     -0.990E+02     -0.990E+02
      0.105E+02      0.000E+00      0.000E+00      0.000E+00     -0.990E+02     -0.990E+02
      0.108E+02      0.000E+00      0.000E+00      0.000E+00     -0.990E+02     -0.990E+02
      0.110E+02      0.000E+00      0.000E+00      0.000E+00     -0.990E+02     -0.990E+02
      0.112E+02      0.000E+00      0.000E+00      0.000E+00     -0.990E+02     -0.990E+02
      0.115E+02      0.000E+00      0.000E+00      0.000E+00     -0.990E+02     -0.990E+02
      0.118E+02      0.000E+00      0.000E+00      0.000E+00     -0.990E+02     -0.990E+02
      0.120E+02      0.000E+00      0.000E+00      0.000E+00     -0.990E+02     -0.990E+02
      0.122E+02      0.000E+00      0.000E+00      0.000E+00     -0.990E+02     -0.990E+02
      0.125E+02      0.000E+00      0.000E+00      0.000E+00     -0.990E+02     -0.990E+02
      0.128E+02      0.000E+00      0.000E+00      0.000E+00     -0.990E+02     -0.990E+02
      0.130E+02      0.000E+00      0.000E+00      0.000E+00     -0.990E+02     -0.990E+02
      0.132E+02      0.000E+00      0.000E+00      0.000E+00     -0.990E+02     -0.990E+02
      0.135E+02      0.000E+00      0.000E+00      0.000E+00     -0.990E+02     -0.990E+02
      0.138E+02      0.000E+00      0.000E+00      0.000E+00     -0.990E+02     -0.990E+02
      0.140E+02      0.000E+00      0.000E+00      0.000E+00     -0.990E+02     -0.990E+02
      0.142E+02      0.000E+00      0.000E+00      0.000E+00     -0.990E+02     -0.990E+02
      0.145E+02      0.000E+00      0.000E+00      0.000E+00     -0.990E+02     -0.990E+02
      0.148E+02      0.000E+00      0.000E+00      0.000E+00     -0.990E+02     -0.990E+02
      0.150E+02      0.000E+00      0.000E+00      0.000E+00     -0.990E+02     -0.990E+02
      0.152E+02      0.000E+00      0.000E+00      0.000E+00     -0.990E+02     -0.990E+02
      0.155E+02      0.000E+00      0.000E+00      0.000E+00     -0.990E+02     -0.990E+02
      0.158E+02      0.000E+00      0.000E+00      0.000E+00     -0.990E+02     -0.990E+02
      0.160E+02      0.000E+00      0.000E+00      0.000E+00     -0.990E+02     -0.990E+02
      0.162E+02      0.000E+00      0.000E+00      0.000E+00     -0.990E+02     -0.990E+02
      0.165E+02      0.000E+00      0.000E+00      0.000E+00     -0.990E+02     -0.990E+02
      0.168E+02      0.000E+00      0.000E+00      0.000E+00     -0.990E+02     -0.990E+02
      0.170E+02      0.000E+00      0.000E+00      0.000E+00     -0.990E+02     -0.990E+02
      0.172E+02      0.000E+00      0.000E+00      0.000E+00     -0.990E+02     -0.990E+02
      0.175E+02      0.000E+00      0.000E+00      0.000E+00     -0.990E+02     -0.990E+02
      0.178E+02      0.000E+00      0.000E+00      0.000E+00     -0.990E+02     -0.990E+02
      0.180E+02      0.000E+00      0.000E+00      0.000E+00     -0.990E+02     -0.990E+02
      0.182E+02      0.000E+00      0.000E+00      0.000E+00     -0.990E+02     -0.990E+02
      0.185E+02      0.000E+00      0.000E+00      0.000E+00     -0.990E+02     -0.990E+02
      0.188E+02      0.000E+00      0.000E+00      0.000E+00     -0.990E+02     -0.990E+02
      0.190E+02      0.000E+00      0.000E+00      0.000E+00     -0.990E+02     -0.990E+02
      0.192E+02      0.000E+00      0.000E+00      0.000E+00     -0.990E+02     -0.990E+02
      0.195E+02      0.000E+00      0.000E+00      0.000E+00     -0.990E+02     -0.990E+02
      0.198E+02      0.000E+00      0.000E+00      0.000E+00     -0.990E+02     -0.990E+02
      0.200E+02      0.000E+00      0.000E+00      0.000E+00     -0.990E+02     -0.990E+02
