      0.000E+00      0.177E+01      0.810E+00      0.683E+10     -0.990E+02     -0.990E+02
      0.100E-03      0.177E+01      0.810E+00      0.683E+10     -0.990E+02     -0.990E+02
      0.140E-03      0.177E+01      0.810E+00      0.683E+10     -0.990E+02     -0.990E+02
      0.160E-03      0.177E+01      0.810E+00      0.683E+10     -0.990E+02     -0.990E+02
      0.180E-03      0.177E+01      0.810E+00      0.683E+10     -0.990E+02     -0.990E+02
      0.200E-03      0.177E+01      0.810E+00      0.683E+10     -0.990E+02     -0.990E+02
      0.220E-03      0.177E+01      0.810E+00      0.683E+10     -0.990E+02     -0.990E+02
      0.250E-03      0.177E+01      0.810E+00      0.683E+10     -0.990E+02     -0.990E+02
      0.280E-03      0.177E+01      0.810E+00      0.683E+10     -0.990E+02     -0.990E+02
      0.320E-03      0.177E+01      0.810E+00      0.683E+10     -0.990E+02     -0.990E+02
      0.350E-03      0.177E+01      0.810E+00      0.683E+10     -0.990E+02     -0.990E+02
      0.400E-03      0.177E+01      0.810E+00      0.683E+10     -0.990E+02     -0.990E+02
      0.450E-03      0.177E+01      0.810E+00      0.683E+10     -0.990E+02     -0.990E+02
      0.500E-03      0.177E+01      0.810E+00      0.683E+10     -0.990E+02     -0.990E+02
      0.560E-03      0.177E+01      0.810E+00      0.683E+10     -0.990E+02     -0.990E+02
      0.630E-03      0.177E+01      0.810E+00      0.683E+10     -0.990E+02     -0.990E+02
      0.710E-03      0.177E+01      0.810E+00      0.683E+10     -0.990E+02     -0.990E+02
      0.790E-03      0.177E+01      0.810E+00      0.683E+10     -0.990E+02     -0.990E+02
      0.890E-03      0.177E+01      0.810E+00      0.683E+10     -0.990E+02     -0.990E+02
      0.100E-02      0.177E+01      0.810E+00      0.683E+10     -0.990E+02     -0.990E+02
      0.105E-02      0.177E+01      0.810E+00      0.683E+10     -0.990E+02     -0.990E+02
      0.110E-02      0.177E+01      0.810E+00      0.683E+10     -0.990E+02     -0.990E+02
      0.115E-02      0.177E+01      0.810E+00      0.683E+10     -0.990E+02     -0.990E+02
      0.120E-02      0.177E+01      0.810E+00      0.683E+10     -0.990E+02     -0.990E+02
      0.126E-02      0.177E+01      0.810E+00      0.683E+10     -0.990E+02     -0.990E+02
      0.132E-02      0.177E+01      0.810E+00      0.683E+10     -0.990E+02     -0.990E+02
      0.138E-02      0.177E+01      0.810E+00      0.683E+10     -0.990E+02     -0.990E+02
      0.145E-02      0.177E+01      0.810E+00      0.683E+10     -0.990E+02     -0.990E+02
      0.151E-02      0.177E+01      0.810E+00      0.683E+10     -0.990E+02     -0.990E+02
      0.158E-02      0.177E+01      0.810E+00      0.683E+10     -0.990E+02     -0.990E+02
      0.166E-02      0.177E+01      0.810E+00      0.683E+10     -0.990E+02     -0.990E+02
      0.174E-02      0.177E+01      0.810E+00      0.683E+10     -0.990E+02     -0.990E+02
      0.182E-02      0.177E+01      0.810E+00      0.683E+10     -0.990E+02     -0.990E+02
      0.191E-02      0.177E+01      0.810E+00      0.683E+10     -0.990E+02     -0.990E+02
      0.200E-02      0.177E+01      0.810E+00      0.683E+10     -0.990E+02     -0.990E+02
      0.209E-02      0.177E+01      0.810E+00      0.683E+10     -0.990E+02     -0.990E+02
      0.219E-02      0.177E+01      0.810E+00      0.683E+10     -0.990E+02     -0.990E+02
      0.229E-02      0.177E+01      0.810E+00      0.683E+10     -0.990E+02     -0.990E+02
      0.240E-02      0.177E+01      0.810E+00      0.683E+10     -0.990E+02     -0.990E+02
      0.251E-02      0.177E+01      0.810E+00      0.683E+10     -0.990E+02     -0.990E+02
      0.263E-02      0.177E+01      0.810E+00      0.683E+10     -0.990E+02     -0.990E+02
      0.275E-02      0.177E+01      0.810E+00      0.683E+10     -0.990E+02     -0.990E+02
      0.288E-02      0.177E+01      0.810E+00      0.683E+10     -0.990E+02     -0.990E+02
      0.302E-02      0.177E+01      0.810E+00      0.683E+10     -0.990E+02     -0.990E+02
      0.316E-02      0.177E+01      0.810E+00      0.683E+10     -0.990E+02     -0.990E+02
      0.331E-02      0.177E+01      0.810E+00      0.683E+10     -0.990E+02     -0.990E+02
      0.347E-02      0.177E+01      0.810E+00      0.683E+10     -0.990E+02     -0.990E+02
      0.363E-02      0.177E+01      0.810E+00      0.683E+10     -0.990E+02     -0.990E+02
      0.380E-02      0.177E+01      0.810E+00      0.683E+10     -0.990E+02     -0.990E+02
      0.398E-02      0.177E+01      0.810E+00      0.683E+10     -0.990E+02     -0.990E+02
      0.417E-02      0.177E+01      0.810E+00      0.683E+10     -0.990E+02     -0.990E+02
      0.437E-02      0.177E+01      0.810E+00      0.683E+10     -0.990E+02     -0.990E+02
      0.457E-02      0.177E+01      0.810E+00      0.683E+10     -0.990E+02     -0.990E+02
      0.479E-02      0.177E+01      0.810E+00      0.683E+10     -0.990E+02     -0.990E+02
      0.501E-02      0.177E+01      0.810E+00      0.683E+10     -0.990E+02     -0.990E+02
      0.525E-02      0.177E+01      0.810E+00      0.683E+10     -0.990E+02     -0.990E+02
      0.550E-02      0.177E+01      0.810E+00      0.683E+10     -0.990E+02     -0.990E+02
      0.575E-02      0.177E+01      0.810E+00      0.683E+10     -0.990E+02     -0.990E+02
      0.603E-02      0.177E+01      0.810E+00      0.683E+10     -0.990E+02     -0.990E+02
      0.631E-02      0.177E+01      0.810E+00      0.683E+10     -0.990E+02     -0.990E+02
      0.661E-02      0.177E+01      0.810E+00      0.683E+10     -0.990E+02     -0.990E+02
      0.692E-02      0.177E+01      0.810E+00      0.683E+10     -0.990E+02     -0.990E+02
      0.724E-02      0.177E+01      0.810E+00      0.683E+10     -0.990E+02     -0.990E+02
      0.759E-02      0.177E+01      0.810E+00      0.683E+10     -0.990E+02     -0.990E+02
      0.794E-02      0.177E+01      0.810E+00      0.683E+10     -0.990E+02     -0.990E+02
      0.832E-02      0.177E+01      0.810E+00      0.683E+10     -0.990E+02     -0.990E+02
      0.871E-02      0.177E+01      0.810E+00      0.683E+10     -0.990E+02     -0.990E+02
      0.912E-02      0.177E+01      0.810E+00      0.683E+10     -0.990E+02     -0.990E+02
      0.955E-02      0.177E+01      0.810E+00      0.683E+10     -0.990E+02     -0.990E+02
      0.100E-01      0.177E+01      0.810E+00      0.683E+10      0.838E-01      0.122E+00
      0.105E-01      0.329E+01      0.154E+01      0.681E+10      0.838E-01      0.122E+00
      0.110E-01      0.328E+01      0.154E+01      0.681E+10      0.838E-01      0.122E+00
      0.115E-01      0.327E+01      0.153E+01      0.681E+10      0.837E-01      0.122E+00
      0.120E-01      0.326E+01      0.153E+01      0.681E+10      0.836E-01      0.122E+00
      0.126E-01      0.327E+01      0.153E+01      0.681E+10      0.835E-01      0.122E+00
      0.132E-01      0.329E+01      0.154E+01      0.680E+10      0.835E-01      0.122E+00
      0.138E-01      0.328E+01      0.154E+01      0.680E+10      0.834E-01      0.122E+00
      0.144E-01      0.325E+01      0.152E+01      0.680E+10      0.833E-01      0.122E+00
      0.151E-01      0.326E+01      0.153E+01      0.680E+10      0.832E-01      0.122E+00
      0.159E-01      0.327E+01      0.153E+01      0.680E+10      0.831E-01      0.122E+00
      0.166E-01      0.326E+01      0.153E+01      0.679E+10      0.830E-01      0.122E+00
      0.174E-01      0.327E+01      0.153E+01      0.679E+10      0.829E-01      0.121E+00
      0.182E-01      0.328E+01      0.154E+01      0.679E+10      0.827E-01      0.121E+00
      0.191E-01      0.327E+01      0.154E+01      0.679E+10      0.827E-01      0.121E+00
      0.200E-01      0.325E+01      0.153E+01      0.679E+10      0.825E-01      0.121E+00
      0.209E-01      0.325E+01      0.153E+01      0.678E+10      0.824E-01      0.121E+00
      0.219E-01      0.325E+01      0.153E+01      0.678E+10      0.823E-01      0.121E+00
      0.229E-01      0.325E+01      0.153E+01      0.678E+10      0.821E-01      0.121E+00
      0.240E-01      0.325E+01      0.153E+01      0.678E+10      0.820E-01      0.121E+00
      0.251E-01      0.326E+01      0.153E+01      0.677E+10      0.818E-01      0.120E+00
      0.263E-01      0.325E+01      0.153E+01      0.677E+10      0.816E-01      0.120E+00
      0.275E-01      0.324E+01      0.153E+01      0.677E+10      0.814E-01      0.120E+00
      0.290E-01      0.324E+01      0.153E+01      0.676E+10      0.812E-01      0.120E+00
      0.300E-01      0.324E+01      0.153E+01      0.676E+10      0.811E-01      0.120E+00
      0.310E-01      0.324E+01      0.153E+01      0.676E+10      0.810E-01      0.119E+00
      0.320E-01      0.324E+01      0.153E+01      0.675E+10      0.808E-01      0.119E+00
      0.330E-01      0.323E+01      0.152E+01      0.675E+10      0.807E-01      0.119E+00
      0.340E-01      0.323E+01      0.152E+01      0.675E+10      0.805E-01      0.119E+00
      0.350E-01      0.322E+01      0.152E+01      0.675E+10      0.804E-01      0.119E+00
      0.360E-01      0.322E+01      0.152E+01      0.674E+10      0.803E-01      0.119E+00
      0.370E-01      0.321E+01      0.151E+01      0.674E+10      0.801E-01      0.119E+00
      0.380E-01      0.321E+01      0.151E+01      0.674E+10      0.800E-01      0.119E+00
      0.390E-01      0.321E+01      0.151E+01      0.674E+10      0.798E-01      0.119E+00
      0.400E-01      0.320E+01      0.151E+01      0.673E+10      0.798E-01      0.119E+00
      0.425E-01      0.319E+01      0.150E+01      0.673E+10      0.794E-01      0.119E+00
      0.450E-01      0.318E+01      0.150E+01      0.672E+10      0.791E-01      0.119E+00
      0.475E-01      0.317E+01      0.149E+01      0.672E+10      0.787E-01      0.118E+00
      0.500E-01      0.316E+01      0.149E+01      0.671E+10      0.784E-01      0.118E+00
      0.525E-01      0.315E+01      0.148E+01      0.670E+10      0.781E-01      0.118E+00
      0.550E-01      0.314E+01      0.147E+01      0.670E+10      0.777E-01      0.118E+00
      0.571E-01      0.313E+01      0.147E+01      0.669E+10      0.775E-01      0.118E+00
      0.640E-01      0.310E+01      0.146E+01      0.668E+10      0.766E-01      0.117E+00
      0.719E-01      0.306E+01      0.144E+01      0.666E+10      0.756E-01      0.117E+00
      0.806E-01      0.303E+01      0.142E+01      0.664E+10      0.744E-01      0.117E+00
      0.905E-01      0.299E+01      0.140E+01      0.662E+10      0.730E-01      0.116E+00
      0.102E+00      0.295E+01      0.138E+01      0.660E+10      0.713E-01      0.116E+00
      0.114E+00      0.291E+01      0.136E+01      0.657E+10      0.693E-01      0.116E+00
      0.128E+00      0.285E+01      0.134E+01      0.654E+10      0.669E-01      0.116E+00
      0.143E+00      0.279E+01      0.133E+01      0.651E+10      0.641E-01      0.117E+00
      0.161E+00      0.273E+01      0.131E+01      0.647E+10      0.620E-01      0.120E+00
      0.181E+00      0.266E+01      0.127E+01      0.644E+10      0.606E-01      0.123E+00
      0.203E+00      0.259E+01      0.122E+01      0.640E+10      0.595E-01      0.126E+00
      0.227E+00      0.255E+01      0.117E+01      0.635E+10      0.577E-01      0.127E+00
      0.255E+00      0.250E+01      0.114E+01      0.630E+10      0.557E-01      0.125E+00
      0.286E+00      0.248E+01      0.115E+01      0.625E+10      0.548E-01      0.121E+00
      0.321E+00      0.252E+01      0.121E+01      0.619E+10      0.550E-01      0.115E+00
      0.360E+00      0.251E+01      0.128E+01      0.612E+10      0.537E-01      0.109E+00
      0.404E+00      0.250E+01      0.143E+01      0.605E+10      0.521E-01      0.106E+00
      0.453E+00      0.251E+01      0.157E+01      0.597E+10      0.518E-01      0.102E+00
      0.509E+00      0.240E+01      0.142E+01      0.588E+10      0.525E-01      0.993E-01
      0.571E+00      0.229E+01      0.129E+01      0.578E+10      0.503E-01      0.988E-01
      0.641E+00      0.218E+01      0.121E+01      0.568E+10      0.519E-01      0.101E+00
      0.719E+00      0.214E+01      0.117E+01      0.557E+10      0.588E-01      0.102E+00
      0.806E+00      0.210E+01      0.111E+01      0.545E+10      0.648E-01      0.106E+00
      0.905E+00      0.207E+01      0.106E+01      0.532E+10      0.650E-01      0.116E+00
      0.102E+01      0.248E+01      0.106E+01      0.517E+10      0.594E-01      0.116E+00
      0.114E+01      0.295E+01      0.136E+01      0.498E+10      0.609E-01      0.106E+00
      0.128E+01      0.270E+01      0.114E+01      0.473E+10      0.393E-01      0.967E-01
      0.143E+01      0.236E+01      0.102E+01      0.447E+10      0.762E-02      0.128E+00
      0.161E+01      0.215E+01      0.103E+01      0.422E+10     -0.240E-02      0.165E+00
      0.168E+01      0.213E+01      0.109E+01      0.405E+10     -0.377E-02      0.160E+00
      0.170E+01      0.215E+01      0.108E+01      0.399E+10     -0.451E-02      0.154E+00
      0.180E+01      0.227E+01      0.123E+01      0.391E+10     -0.102E-01      0.132E+00
      0.190E+01      0.244E+01      0.153E+01      0.376E+10     -0.205E-01      0.125E+00
      0.200E+01      0.242E+01      0.140E+01      0.361E+10     -0.271E-01      0.123E+00
      0.210E+01      0.240E+01      0.120E+01      0.346E+10     -0.318E-01      0.122E+00
      0.220E+01      0.262E+01      0.129E+01      0.331E+10     -0.334E-01      0.129E+00
      0.230E+01      0.302E+01      0.160E+01      0.315E+10     -0.271E-01      0.134E+00
      0.240E+01      0.315E+01      0.174E+01      0.296E+10     -0.165E-01      0.116E+00
      0.250E+01      0.264E+01      0.146E+01      0.277E+10     -0.226E-01      0.115E+00
      0.260E+01      0.225E+01      0.128E+01      0.261E+10     -0.269E-01      0.127E+00
      0.275E+01      0.215E+01      0.118E+01      0.243E+10     -0.292E-01      0.137E+00
      0.300E+01      0.246E+01      0.129E+01      0.217E+10     -0.352E-01      0.121E+00
      0.325E+01      0.285E+01      0.154E+01      0.180E+10     -0.666E-01      0.118E+00
      0.350E+01      0.267E+01      0.167E+01      0.137E+10     -0.108E+00      0.134E+00
      0.375E+01      0.153E+01      0.844E+00      0.973E+09     -0.113E+00      0.175E+00
      0.400E+01      0.151E+01      0.911E+00      0.747E+09     -0.128E+00      0.178E+00
      0.425E+01      0.124E+01      0.763E+00      0.525E+09     -0.161E+00      0.201E+00
      0.450E+01      0.923E+00      0.778E+00      0.342E+09     -0.150E+00      0.213E+00
      0.475E+01      0.647E+00      0.638E+00      0.207E+09     -0.155E+00      0.262E+00
      0.500E+01      0.388E+00      0.451E+00      0.113E+09     -0.232E+00      0.381E+00
      0.525E+01      0.246E+00      0.407E+00      0.566E+08     -0.169E+00      0.351E+00
      0.550E+01      0.131E+00      0.188E+00      0.209E+08     -0.301E+00      0.536E+00
      0.575E+01      0.148E-01      0.226E-01      0.213E+07     -0.323E+00      0.688E+00
      0.600E+01      0.332E-08      0.255E-06      0.463E+00     -0.423E+01      0.460E+03
      0.625E+01      0.000E+00      0.000E+00      0.000E+00     -0.990E+02     -0.990E+02
      0.650E+01      0.000E+00      0.000E+00      0.000E+00     -0.990E+02     -0.990E+02
      0.675E+01      0.000E+00      0.000E+00      0.000E+00     -0.990E+02     -0.990E+02
      0.700E+01      0.000E+00      0.000E+00      0.000E+00     -0.990E+02     -0.990E+02
      0.725E+01      0.000E+00      0.000E+00      0.000E+00     -0.990E+02     -0.990E+02
      0.750E+01      0.000E+00      0.000E+00      0.000E+00     -0.990E+02     -0.990E+02
      0.775E+01      0.000E+00      0.000E+00      0.000E+00     -0.990E+02     -0.990E+02
      0.800E+01      0.000E+00      0.000E+00      0.000E+00     -0.990E+02     -0.990E+02
      0.825E+01      0.000E+00      0.000E+00      0.000E+00     -0.990E+02     -0.990E+02
      0.850E+01      0.000E+00      0.000E+00      0.000E+00     -0.990E+02     -0.990E+02
      0.875E+01      0.000E+00      0.000E+00      0.000E+00     -0.990E+02     -0.990E+02
      0.900E+01      0.000E+00      0.000E+00      0.000E+00     -0.990E+02     -0.990E+02
      0.925E+01      0.000E+00      0.000E+00      0.000E+00     -0.990E+02     -0.990E+02
      0.950E+01      0.000E+00      0.000E+00      0.000E+00     -0.990E+02     -0.990E+02
      0.975E+01      0.000E+00      0.000E+00      0.000E+00     -0.990E+02     -0.990E+02
      0.100E+02      0.000E+00      0.000E+00      0.000E+00     -0.990E+02     -0.990E+02
      0.102E+02      0.000E+00      0.000E+00      0.000E+00     -0.990E+02     -0.990E+02
      0.105E+02      0.000E+00      0.000E+00      0.000E+00     -0.990E+02     -0.990E+02
      0.108E+02      0.000E+00      0.000E+00      0.000E+00     -0.990E+02     -0.990E+02
      0.110E+02      0.000E+00      0.000E+00      0.000E+00     -0.990E+02     -0.990E+02
      0.112E+02      0.000E+00      0.000E+00      0.000E+00     -0.990E+02     -0.990E+02
      0.115E+02      0.000E+00      0.000E+00      0.000E+00     -0.990E+02     -0.990E+02
      0.118E+02      0.000E+00      0.000E+00      0.000E+00     -0.990E+02     -0.990E+02
      0.120E+02      0.000E+00      0.000E+00      0.000E+00     -0.990E+02     -0.990E+02
      0.122E+02      0.000E+00      0.000E+00      0.000E+00     -0.990E+02     -0.990E+02
      0.125E+02      0.000E+00      0.000E+00      0.000E+00     -0.990E+02     -0.990E+02
      0.128E+02      0.000E+00      0.000E+00      0.000E+00     -0.990E+02     -0.990E+02
      0.130E+02      0.000E+00      0.000E+00      0.000E+00     -0.990E+02     -0.990E+02
      0.132E+02      0.000E+00      0.000E+00      0.000E+00     -0.990E+02     -0.990E+02
      0.135E+02      0.000E+00      0.000E+00      0.000E+00     -0.990E+02     -0.990E+02
      0.138E+02      0.000E+00      0.000E+00      0.000E+00     -0.990E+02     -0.990E+02
      0.140E+02      0.000E+00      0.000E+00      0.000E+00     -0.990E+02     -0.990E+02
      0.142E+02      0.000E+00      0.000E+00      0.000E+00     -0.990E+02     -0.990E+02
      0.145E+02      0.000E+00      0.000E+00      0.000E+00     -0.990E+02     -0.990E+02
      0.148E+02      0.000E+00      0.000E+00      0.000E+00     -0.990E+02     -0.990E+02
      0.150E+02      0.000E+00      0.000E+00      0.000E+00     -0.990E+02     -0.990E+02
      0.152E+02      0.000E+00      0.000E+00      0.000E+00     -0.990E+02     -0.990E+02
      0.155E+02      0.000E+00      0.000E+00      0.000E+00     -0.990E+02     -0.990E+02
      0.158E+02      0.000E+00      0.000E+00      0.000E+00     -0.990E+02     -0.990E+02
      0.160E+02      0.000E+00      0.000E+00      0.000E+00     -0.990E+02     -0.990E+02
      0.162E+02      0.000E+00      0.000E+00      0.000E+00     -0.990E+02     -0.990E+02
      0.165E+02      0.000E+00      0.000E+00      0.000E+00     -0.990E+02     -0.990E+02
      0.168E+02      0.000E+00      0.000E+00      0.000E+00     -0.990E+02     -0.990E+02
      0.170E+02      0.000E+00      0.000E+00      0.000E+00     -0.990E+02     -0.990E+02
      0.172E+02      0.000E+00      0.000E+00      0.000E+00     -0.990E+02     -0.990E+02
      0.175E+02      0.000E+00      0.000E+00      0.000E+00     -0.990E+02     -0.990E+02
      0.178E+02      0.000E+00      0.000E+00      0.000E+00     -0.990E+02     -0.990E+02
      0.180E+02      0.000E+00      0.000E+00      0.000E+00     -0.990E+02     -0.990E+02
      0.182E+02      0.000E+00      0.000E+00      0.000E+00     -0.990E+02     -0.990E+02
      0.185E+02      0.000E+00      0.000E+00      0.000E+00     -0.990E+02     -0.990E+02
      0.188E+02      0.000E+00      0.000E+00      0.000E+00     -0.990E+02     -0.990E+02
      0.190E+02      0.000E+00      0.000E+00      0.000E+00     -0.990E+02     -0.990E+02
      0.192E+02      0.000E+00      0.000E+00      0.000E+00     -0.990E+02     -0.990E+02
      0.195E+02      0.000E+00      0.000E+00      0.000E+00     -0.990E+02     -0.990E+02
      0.198E+02      0.000E+00      0.000E+00      0.000E+00     -0.990E+02     -0.990E+02
      0.200E+02      0.000E+00      0.000E+00      0.000E+00     -0.990E+02     -0.990E+02
