      0.000E+00      0.908E-01      0.134E+00      0.387E+09     -0.990E+02     -0.990E+02
      0.100E-03      0.908E-01      0.134E+00      0.387E+09     -0.990E+02     -0.990E+02
      0.140E-03      0.908E-01      0.134E+00      0.387E+09     -0.990E+02     -0.990E+02
      0.160E-03      0.908E-01      0.134E+00      0.387E+09     -0.990E+02     -0.990E+02
      0.180E-03      0.908E-01      0.134E+00      0.387E+09     -0.990E+02     -0.990E+02
      0.200E-03      0.908E-01      0.134E+00      0.387E+09     -0.990E+02     -0.990E+02
      0.220E-03      0.908E-01      0.134E+00      0.387E+09     -0.990E+02     -0.990E+02
      0.250E-03      0.908E-01      0.134E+00      0.387E+09     -0.990E+02     -0.990E+02
      0.280E-03      0.908E-01      0.134E+00      0.387E+09     -0.990E+02     -0.990E+02
      0.320E-03      0.908E-01      0.134E+00      0.387E+09     -0.990E+02     -0.990E+02
      0.350E-03      0.908E-01      0.134E+00      0.387E+09     -0.990E+02     -0.990E+02
      0.400E-03      0.908E-01      0.134E+00      0.387E+09     -0.990E+02     -0.990E+02
      0.450E-03      0.908E-01      0.134E+00      0.387E+09     -0.990E+02     -0.990E+02
      0.500E-03      0.908E-01      0.134E+00      0.387E+09     -0.990E+02     -0.990E+02
      0.560E-03      0.908E-01      0.134E+00      0.387E+09     -0.990E+02     -0.990E+02
      0.630E-03      0.908E-01      0.134E+00      0.387E+09     -0.990E+02     -0.990E+02
      0.710E-03      0.908E-01      0.134E+00      0.387E+09     -0.990E+02     -0.990E+02
      0.790E-03      0.908E-01      0.134E+00      0.387E+09     -0.990E+02     -0.990E+02
      0.890E-03      0.908E-01      0.134E+00      0.387E+09     -0.990E+02     -0.990E+02
      0.100E-02      0.908E-01      0.134E+00      0.387E+09     -0.990E+02     -0.990E+02
      0.105E-02      0.908E-01      0.134E+00      0.387E+09     -0.990E+02     -0.990E+02
      0.110E-02      0.908E-01      0.134E+00      0.387E+09     -0.990E+02     -0.990E+02
      0.115E-02      0.908E-01      0.134E+00      0.387E+09     -0.990E+02     -0.990E+02
      0.120E-02      0.908E-01      0.134E+00      0.387E+09     -0.990E+02     -0.990E+02
      0.126E-02      0.908E-01      0.134E+00      0.387E+09     -0.990E+02     -0.990E+02
      0.132E-02      0.908E-01      0.134E+00      0.387E+09     -0.990E+02     -0.990E+02
      0.138E-02      0.908E-01      0.134E+00      0.387E+09     -0.990E+02     -0.990E+02
      0.145E-02      0.908E-01      0.134E+00      0.387E+09     -0.990E+02     -0.990E+02
      0.151E-02      0.908E-01      0.134E+00      0.387E+09     -0.990E+02     -0.990E+02
      0.158E-02      0.908E-01      0.134E+00      0.387E+09     -0.990E+02     -0.990E+02
      0.166E-02      0.908E-01      0.134E+00      0.387E+09     -0.990E+02     -0.990E+02
      0.174E-02      0.908E-01      0.134E+00      0.387E+09     -0.990E+02     -0.990E+02
      0.182E-02      0.908E-01      0.134E+00      0.387E+09     -0.990E+02     -0.990E+02
      0.191E-02      0.908E-01      0.134E+00      0.387E+09     -0.990E+02     -0.990E+02
      0.200E-02      0.908E-01      0.134E+00      0.387E+09     -0.990E+02     -0.990E+02
      0.209E-02      0.908E-01      0.134E+00      0.387E+09     -0.990E+02     -0.990E+02
      0.219E-02      0.908E-01      0.134E+00      0.387E+09     -0.990E+02     -0.990E+02
      0.229E-02      0.908E-01      0.134E+00      0.387E+09     -0.990E+02     -0.990E+02
      0.240E-02      0.908E-01      0.134E+00      0.387E+09     -0.990E+02     -0.990E+02
      0.251E-02      0.908E-01      0.134E+00      0.387E+09     -0.990E+02     -0.990E+02
      0.263E-02      0.908E-01      0.134E+00      0.387E+09     -0.990E+02     -0.990E+02
      0.275E-02      0.908E-01      0.134E+00      0.387E+09     -0.990E+02     -0.990E+02
      0.288E-02      0.908E-01      0.134E+00      0.387E+09     -0.990E+02     -0.990E+02
      0.302E-02      0.908E-01      0.134E+00      0.387E+09     -0.990E+02     -0.990E+02
      0.316E-02      0.908E-01      0.134E+00      0.387E+09     -0.990E+02     -0.990E+02
      0.331E-02      0.908E-01      0.134E+00      0.387E+09     -0.990E+02     -0.990E+02
      0.347E-02      0.908E-01      0.134E+00      0.387E+09     -0.990E+02     -0.990E+02
      0.363E-02      0.908E-01      0.134E+00      0.387E+09     -0.990E+02     -0.990E+02
      0.380E-02      0.908E-01      0.134E+00      0.387E+09     -0.990E+02     -0.990E+02
      0.398E-02      0.908E-01      0.134E+00      0.387E+09     -0.990E+02     -0.990E+02
      0.417E-02      0.908E-01      0.134E+00      0.387E+09     -0.990E+02     -0.990E+02
      0.437E-02      0.908E-01      0.134E+00      0.387E+09     -0.990E+02     -0.990E+02
      0.457E-02      0.908E-01      0.134E+00      0.387E+09     -0.990E+02     -0.990E+02
      0.479E-02      0.908E-01      0.134E+00      0.387E+09     -0.990E+02     -0.990E+02
      0.501E-02      0.908E-01      0.134E+00      0.387E+09     -0.990E+02     -0.990E+02
      0.525E-02      0.908E-01      0.134E+00      0.387E+09     -0.990E+02     -0.990E+02
      0.550E-02      0.908E-01      0.134E+00      0.387E+09     -0.990E+02     -0.990E+02
      0.575E-02      0.908E-01      0.134E+00      0.387E+09     -0.990E+02     -0.990E+02
      0.603E-02      0.908E-01      0.134E+00      0.387E+09     -0.990E+02     -0.990E+02
      0.631E-02      0.908E-01      0.134E+00      0.387E+09     -0.990E+02     -0.990E+02
      0.661E-02      0.908E-01      0.134E+00      0.387E+09     -0.990E+02     -0.990E+02
      0.692E-02      0.908E-01      0.134E+00      0.387E+09     -0.990E+02     -0.990E+02
      0.724E-02      0.908E-01      0.134E+00      0.387E+09     -0.990E+02     -0.990E+02
      0.759E-02      0.908E-01      0.134E+00      0.387E+09     -0.990E+02     -0.990E+02
      0.794E-02      0.908E-01      0.134E+00      0.387E+09     -0.990E+02     -0.990E+02
      0.832E-02      0.908E-01      0.134E+00      0.387E+09     -0.990E+02     -0.990E+02
      0.871E-02      0.908E-01      0.134E+00      0.387E+09     -0.990E+02     -0.990E+02
      0.912E-02      0.908E-01      0.134E+00      0.387E+09     -0.990E+02     -0.990E+02
      0.955E-02      0.908E-01      0.134E+00      0.387E+09     -0.990E+02     -0.990E+02
      0.100E-01      0.908E-01      0.134E+00      0.387E+09     -0.885E+00      0.637E+00
      0.105E-01      0.223E+01      0.109E+01      0.385E+09     -0.885E+00      0.637E+00
      0.110E-01      0.222E+01      0.108E+01      0.384E+09     -0.886E+00      0.638E+00
      0.115E-01      0.221E+01      0.108E+01      0.383E+09     -0.886E+00      0.638E+00
      0.120E-01      0.221E+01      0.107E+01      0.382E+09     -0.887E+00      0.638E+00
      0.126E-01      0.221E+01      0.108E+01      0.381E+09     -0.887E+00      0.638E+00
      0.132E-01      0.222E+01      0.108E+01      0.380E+09     -0.888E+00      0.638E+00
      0.138E-01      0.221E+01      0.107E+01      0.379E+09     -0.889E+00      0.638E+00
      0.144E-01      0.219E+01      0.106E+01      0.377E+09     -0.889E+00      0.638E+00
      0.151E-01      0.219E+01      0.106E+01      0.376E+09     -0.890E+00      0.638E+00
      0.159E-01      0.220E+01      0.107E+01      0.375E+09     -0.890E+00      0.638E+00
      0.166E-01      0.219E+01      0.106E+01      0.373E+09     -0.891E+00      0.639E+00
      0.174E-01      0.219E+01      0.106E+01      0.372E+09     -0.892E+00      0.639E+00
      0.182E-01      0.220E+01      0.106E+01      0.371E+09     -0.893E+00      0.639E+00
      0.191E-01      0.219E+01      0.106E+01      0.369E+09     -0.893E+00      0.639E+00
      0.200E-01      0.218E+01      0.105E+01      0.367E+09     -0.894E+00      0.639E+00
      0.209E-01      0.217E+01      0.105E+01      0.366E+09     -0.895E+00      0.639E+00
      0.219E-01      0.216E+01      0.105E+01      0.364E+09     -0.896E+00      0.640E+00
      0.229E-01      0.216E+01      0.104E+01      0.362E+09     -0.897E+00      0.640E+00
      0.240E-01      0.216E+01      0.104E+01      0.360E+09     -0.898E+00      0.640E+00
      0.251E-01      0.216E+01      0.104E+01      0.358E+09     -0.899E+00      0.640E+00
      0.263E-01      0.215E+01      0.103E+01      0.356E+09     -0.900E+00      0.640E+00
      0.275E-01      0.214E+01      0.103E+01      0.354E+09     -0.901E+00      0.641E+00
      0.290E-01      0.213E+01      0.102E+01      0.351E+09     -0.902E+00      0.641E+00
      0.300E-01      0.213E+01      0.102E+01      0.349E+09     -0.903E+00      0.641E+00
      0.310E-01      0.212E+01      0.102E+01      0.348E+09     -0.904E+00      0.641E+00
      0.320E-01      0.211E+01      0.101E+01      0.346E+09     -0.905E+00      0.641E+00
      0.330E-01      0.211E+01      0.101E+01      0.344E+09     -0.906E+00      0.642E+00
      0.340E-01      0.210E+01      0.101E+01      0.342E+09     -0.907E+00      0.642E+00
      0.350E-01      0.210E+01      0.100E+01      0.341E+09     -0.908E+00      0.642E+00
      0.360E-01      0.209E+01      0.100E+01      0.339E+09     -0.908E+00      0.642E+00
      0.370E-01      0.209E+01      0.997E+00      0.337E+09     -0.909E+00      0.643E+00
      0.380E-01      0.208E+01      0.994E+00      0.336E+09     -0.910E+00      0.643E+00
      0.390E-01      0.208E+01      0.991E+00      0.334E+09     -0.911E+00      0.643E+00
      0.400E-01      0.207E+01      0.987E+00      0.332E+09     -0.912E+00      0.643E+00
      0.425E-01      0.206E+01      0.979E+00      0.329E+09     -0.914E+00      0.643E+00
      0.450E-01      0.204E+01      0.969E+00      0.325E+09     -0.916E+00      0.643E+00
      0.475E-01      0.203E+01      0.960E+00      0.321E+09     -0.919E+00      0.643E+00
      0.500E-01      0.201E+01      0.950E+00      0.317E+09     -0.921E+00      0.643E+00
      0.525E-01      0.200E+01      0.941E+00      0.313E+09     -0.923E+00      0.642E+00
      0.550E-01      0.198E+01      0.931E+00      0.309E+09     -0.925E+00      0.642E+00
      0.571E-01      0.197E+01      0.924E+00      0.305E+09     -0.927E+00      0.642E+00
      0.640E-01      0.193E+01      0.897E+00      0.298E+09     -0.933E+00      0.641E+00
      0.719E-01      0.188E+01      0.868E+00      0.287E+09     -0.940E+00      0.640E+00
      0.806E-01      0.182E+01      0.836E+00      0.275E+09     -0.948E+00      0.638E+00
      0.905E-01      0.177E+01      0.800E+00      0.262E+09     -0.958E+00      0.637E+00
      0.102E+00      0.170E+01      0.761E+00      0.248E+09     -0.969E+00      0.636E+00
      0.114E+00      0.162E+01      0.718E+00      0.233E+09     -0.982E+00      0.636E+00
      0.128E+00      0.154E+01      0.671E+00      0.217E+09     -0.999E+00      0.637E+00
      0.143E+00      0.144E+01      0.620E+00      0.200E+09     -0.102E+01      0.639E+00
      0.161E+00      0.134E+01      0.565E+00      0.182E+09     -0.104E+01      0.644E+00
      0.181E+00      0.122E+01      0.505E+00      0.164E+09     -0.107E+01      0.648E+00
      0.203E+00      0.109E+01      0.447E+00      0.145E+09     -0.111E+01      0.660E+00
      0.227E+00      0.953E+00      0.392E+00      0.127E+09     -0.116E+01      0.694E+00
      0.255E+00      0.803E+00      0.348E+00      0.109E+09     -0.122E+01      0.774E+00
      0.286E+00      0.663E+00      0.314E+00      0.921E+08     -0.130E+01      0.900E+00
      0.321E+00      0.559E+00      0.278E+00      0.767E+08     -0.136E+01      0.994E+00
      0.360E+00      0.463E+00      0.238E+00      0.622E+08     -0.140E+01      0.106E+01
      0.404E+00      0.366E+00      0.207E+00      0.489E+08     -0.145E+01      0.120E+01
      0.453E+00      0.280E+00      0.180E+00      0.372E+08     -0.149E+01      0.137E+01
      0.509E+00      0.199E+00      0.152E+00      0.272E+08     -0.146E+01      0.159E+01
      0.571E+00      0.134E+00      0.123E+00      0.193E+08     -0.141E+01      0.182E+01
      0.641E+00      0.910E-01      0.980E-01      0.134E+08     -0.139E+01      0.209E+01
      0.719E+00      0.576E-01      0.788E-01      0.887E+07     -0.139E+01      0.258E+01
      0.806E+00      0.380E-01      0.595E-01      0.571E+07     -0.141E+01      0.297E+01
      0.905E+00      0.212E-01      0.412E-01      0.338E+07     -0.139E+01      0.364E+01
      0.102E+01      0.105E-01      0.278E-01      0.193E+07     -0.125E+01      0.438E+01
      0.114E+01      0.634E-02      0.211E-01      0.114E+07     -0.117E+01      0.520E+01
      0.128E+01      0.395E-02      0.168E-01      0.602E+06     -0.126E+01      0.707E+01
      0.143E+01      0.144E-02      0.931E-02      0.232E+06     -0.126E+01      0.110E+02
      0.161E+01      0.397E-03      0.517E-02      0.824E+05     -0.127E+01      0.225E+02
      0.168E+01      0.322E-03      0.446E-02      0.521E+05     -0.132E+01      0.249E+02
      0.170E+01      0.307E-03      0.429E-02      0.431E+05     -0.135E+01      0.255E+02
      0.180E+01      0.239E-03      0.388E-02      0.318E+05     -0.147E+01      0.318E+02
      0.190E+01      0.169E-03      0.323E-02      0.171E+05     -0.152E+01      0.389E+02
      0.200E+01      0.878E-04      0.171E-02      0.680E+04     -0.154E+01      0.401E+02
      0.210E+01      0.157E-04      0.401E-03      0.147E+04     -0.180E+01      0.613E+02
      0.220E+01      0.620E-05      0.195E-03      0.513E+03     -0.178E+01      0.734E+02
      0.230E+01      0.227E-05      0.802E-04      0.137E+03     -0.173E+01      0.794E+02
      0.240E+01      0.208E-10      0.135E-06      0.126E-02     -0.222E+01      0.207E+05
      0.250E+01      0.107E-24      0.846E-14      0.874E-17     -0.190E+01       Infinity
      0.260E+01      0.309E-25      0.244E-14      0.231E-17     -0.190E+01       Infinity
      0.275E+01      0.000E+00      0.000E+00      0.000E+00     -0.990E+02     -0.990E+02
      0.300E+01      0.000E+00      0.000E+00      0.000E+00     -0.990E+02     -0.990E+02
      0.325E+01      0.000E+00      0.000E+00      0.000E+00     -0.990E+02     -0.990E+02
      0.350E+01      0.000E+00      0.000E+00      0.000E+00     -0.990E+02     -0.990E+02
      0.375E+01      0.000E+00      0.000E+00      0.000E+00     -0.990E+02     -0.990E+02
      0.400E+01      0.000E+00      0.000E+00      0.000E+00     -0.990E+02     -0.990E+02
      0.425E+01      0.000E+00      0.000E+00      0.000E+00     -0.990E+02     -0.990E+02
      0.450E+01      0.000E+00      0.000E+00      0.000E+00     -0.990E+02     -0.990E+02
      0.475E+01      0.000E+00      0.000E+00      0.000E+00     -0.990E+02     -0.990E+02
      0.500E+01      0.000E+00      0.000E+00      0.000E+00     -0.990E+02     -0.990E+02
      0.525E+01      0.000E+00      0.000E+00      0.000E+00     -0.990E+02     -0.990E+02
      0.550E+01      0.000E+00      0.000E+00      0.000E+00     -0.990E+02     -0.990E+02
      0.575E+01      0.000E+00      0.000E+00      0.000E+00     -0.990E+02     -0.990E+02
      0.600E+01      0.000E+00      0.000E+00      0.000E+00     -0.990E+02     -0.990E+02
      0.625E+01      0.000E+00      0.000E+00      0.000E+00     -0.990E+02     -0.990E+02
      0.650E+01      0.000E+00      0.000E+00      0.000E+00     -0.990E+02     -0.990E+02
      0.675E+01      0.000E+00      0.000E+00      0.000E+00     -0.990E+02     -0.990E+02
      0.700E+01      0.000E+00      0.000E+00      0.000E+00     -0.990E+02     -0.990E+02
      0.725E+01      0.000E+00      0.000E+00      0.000E+00     -0.990E+02     -0.990E+02
      0.750E+01      0.000E+00      0.000E+00      0.000E+00     -0.990E+02     -0.990E+02
      0.775E+01      0.000E+00      0.000E+00      0.000E+00     -0.990E+02     -0.990E+02
      0.800E+01      0.000E+00      0.000E+00      0.000E+00     -0.990E+02     -0.990E+02
      0.825E+01      0.000E+00      0.000E+00      0.000E+00     -0.990E+02     -0.990E+02
      0.850E+01      0.000E+00      0.000E+00      0.000E+00     -0.990E+02     -0.990E+02
      0.875E+01      0.000E+00      0.000E+00      0.000E+00     -0.990E+02     -0.990E+02
      0.900E+01      0.000E+00      0.000E+00      0.000E+00     -0.990E+02     -0.990E+02
      0.925E+01      0.000E+00      0.000E+00      0.000E+00     -0.990E+02     -0.990E+02
      0.950E+01      0.000E+00      0.000E+00      0.000E+00     -0.990E+02     -0.990E+02
      0.975E+01      0.000E+00      0.000E+00      0.000E+00     -0.990E+02     -0.990E+02
      0.100E+02      0.000E+00      0.000E+00      0.000E+00     -0.990E+02     -0.990E+02
      0.102E+02      0.000E+00      0.000E+00      0.000E+00     -0.990E+02     -0.990E+02
      0.105E+02      0.000E+00      0.000E+00      0.000E+00     -0.990E+02     -0.990E+02
      0.108E+02      0.000E+00      0.000E+00      0.000E+00     -0.990E+02     -0.990E+02
      0.110E+02      0.000E+00      0.000E+00      0.000E+00     -0.990E+02     -0.990E+02
      0.112E+02      0.000E+00      0.000E+00      0.000E+00     -0.990E+02     -0.990E+02
      0.115E+02      0.000E+00      0.000E+00      0.000E+00     -0.990E+02     -0.990E+02
      0.118E+02      0.000E+00      0.000E+00      0.000E+00     -0.990E+02     -0.990E+02
      0.120E+02      0.000E+00      0.000E+00      0.000E+00     -0.990E+02     -0.990E+02
      0.122E+02      0.000E+00      0.000E+00      0.000E+00     -0.990E+02     -0.990E+02
      0.125E+02      0.000E+00      0.000E+00      0.000E+00     -0.990E+02     -0.990E+02
      0.128E+02      0.000E+00      0.000E+00      0.000E+00     -0.990E+02     -0.990E+02
      0.130E+02      0.000E+00      0.000E+00      0.000E+00     -0.990E+02     -0.990E+02
      0.132E+02      0.000E+00      0.000E+00      0.000E+00     -0.990E+02     -0.990E+02
      0.135E+02      0.000E+00      0.000E+00      0.000E+00     -0.990E+02     -0.990E+02
      0.138E+02      0.000E+00      0.000E+00      0.000E+00     -0.990E+02     -0.990E+02
      0.140E+02      0.000E+00      0.000E+00      0.000E+00     -0.990E+02     -0.990E+02
      0.142E+02      0.000E+00      0.000E+00      0.000E+00     -0.990E+02     -0.990E+02
      0.145E+02      0.000E+00      0.000E+00      0.000E+00     -0.990E+02     -0.990E+02
      0.148E+02      0.000E+00      0.000E+00      0.000E+00     -0.990E+02     -0.990E+02
      0.150E+02      0.000E+00      0.000E+00      0.000E+00     -0.990E+02     -0.990E+02
      0.152E+02      0.000E+00      0.000E+00      0.000E+00     -0.990E+02     -0.990E+02
      0.155E+02      0.000E+00      0.000E+00      0.000E+00     -0.990E+02     -0.990E+02
      0.158E+02      0.000E+00      0.000E+00      0.000E+00     -0.990E+02     -0.990E+02
      0.160E+02      0.000E+00      0.000E+00      0.000E+00     -0.990E+02     -0.990E+02
      0.162E+02      0.000E+00      0.000E+00      0.000E+00     -0.990E+02     -0.990E+02
      0.165E+02      0.000E+00      0.000E+00      0.000E+00     -0.990E+02     -0.990E+02
      0.168E+02      0.000E+00      0.000E+00      0.000E+00     -0.990E+02     -0.990E+02
      0.170E+02      0.000E+00      0.000E+00      0.000E+00     -0.990E+02     -0.990E+02
      0.172E+02      0.000E+00      0.000E+00      0.000E+00     -0.990E+02     -0.990E+02
      0.175E+02      0.000E+00      0.000E+00      0.000E+00     -0.990E+02     -0.990E+02
      0.178E+02      0.000E+00      0.000E+00      0.000E+00     -0.990E+02     -0.990E+02
      0.180E+02      0.000E+00      0.000E+00      0.000E+00     -0.990E+02     -0.990E+02
      0.182E+02      0.000E+00      0.000E+00      0.000E+00     -0.990E+02     -0.990E+02
      0.185E+02      0.000E+00      0.000E+00      0.000E+00     -0.990E+02     -0.990E+02
      0.188E+02      0.000E+00      0.000E+00      0.000E+00     -0.990E+02     -0.990E+02
      0.190E+02      0.000E+00      0.000E+00      0.000E+00     -0.990E+02     -0.990E+02
      0.192E+02      0.000E+00      0.000E+00      0.000E+00     -0.990E+02     -0.990E+02
      0.195E+02      0.000E+00      0.000E+00      0.000E+00     -0.990E+02     -0.990E+02
      0.198E+02      0.000E+00      0.000E+00      0.000E+00     -0.990E+02     -0.990E+02
      0.200E+02      0.000E+00      0.000E+00      0.000E+00     -0.990E+02     -0.990E+02
