      0.000E+00      0.237E+01      0.492E+00      0.135E+10     -0.990E+02     -0.990E+02
      0.100E-03      0.237E+01      0.492E+00      0.135E+10     -0.990E+02     -0.990E+02
      0.140E-03      0.237E+01      0.492E+00      0.135E+10     -0.990E+02     -0.990E+02
      0.160E-03      0.237E+01      0.492E+00      0.135E+10     -0.990E+02     -0.990E+02
      0.180E-03      0.237E+01      0.492E+00      0.135E+10     -0.990E+02     -0.990E+02
      0.200E-03      0.237E+01      0.492E+00      0.135E+10     -0.990E+02     -0.990E+02
      0.220E-03      0.237E+01      0.492E+00      0.135E+10     -0.990E+02     -0.990E+02
      0.250E-03      0.237E+01      0.492E+00      0.135E+10     -0.990E+02     -0.990E+02
      0.280E-03      0.237E+01      0.492E+00      0.135E+10     -0.990E+02     -0.990E+02
      0.320E-03      0.237E+01      0.492E+00      0.135E+10     -0.990E+02     -0.990E+02
      0.350E-03      0.237E+01      0.492E+00      0.135E+10     -0.990E+02     -0.990E+02
      0.400E-03      0.237E+01      0.492E+00      0.135E+10     -0.990E+02     -0.990E+02
      0.450E-03      0.237E+01      0.492E+00      0.135E+10     -0.990E+02     -0.990E+02
      0.500E-03      0.237E+01      0.492E+00      0.135E+10     -0.990E+02     -0.990E+02
      0.560E-03      0.237E+01      0.492E+00      0.135E+10     -0.990E+02     -0.990E+02
      0.630E-03      0.237E+01      0.492E+00      0.135E+10     -0.990E+02     -0.990E+02
      0.710E-03      0.237E+01      0.492E+00      0.135E+10     -0.990E+02     -0.990E+02
      0.790E-03      0.237E+01      0.492E+00      0.135E+10     -0.990E+02     -0.990E+02
      0.890E-03      0.237E+01      0.492E+00      0.135E+10     -0.990E+02     -0.990E+02
      0.100E-02      0.237E+01      0.492E+00      0.135E+10     -0.990E+02     -0.990E+02
      0.105E-02      0.237E+01      0.492E+00      0.135E+10     -0.990E+02     -0.990E+02
      0.110E-02      0.237E+01      0.492E+00      0.135E+10     -0.990E+02     -0.990E+02
      0.115E-02      0.237E+01      0.492E+00      0.135E+10     -0.990E+02     -0.990E+02
      0.120E-02      0.237E+01      0.492E+00      0.135E+10     -0.990E+02     -0.990E+02
      0.126E-02      0.237E+01      0.492E+00      0.135E+10     -0.990E+02     -0.990E+02
      0.132E-02      0.237E+01      0.492E+00      0.135E+10     -0.990E+02     -0.990E+02
      0.138E-02      0.237E+01      0.492E+00      0.135E+10     -0.990E+02     -0.990E+02
      0.145E-02      0.237E+01      0.492E+00      0.135E+10     -0.990E+02     -0.990E+02
      0.151E-02      0.237E+01      0.492E+00      0.135E+10     -0.990E+02     -0.990E+02
      0.158E-02      0.237E+01      0.492E+00      0.135E+10     -0.990E+02     -0.990E+02
      0.166E-02      0.237E+01      0.492E+00      0.135E+10     -0.990E+02     -0.990E+02
      0.174E-02      0.237E+01      0.492E+00      0.135E+10     -0.990E+02     -0.990E+02
      0.182E-02      0.237E+01      0.492E+00      0.135E+10     -0.990E+02     -0.990E+02
      0.191E-02      0.237E+01      0.492E+00      0.135E+10     -0.990E+02     -0.990E+02
      0.200E-02      0.237E+01      0.492E+00      0.135E+10     -0.990E+02     -0.990E+02
      0.209E-02      0.237E+01      0.492E+00      0.135E+10     -0.990E+02     -0.990E+02
      0.219E-02      0.237E+01      0.492E+00      0.135E+10     -0.990E+02     -0.990E+02
      0.229E-02      0.237E+01      0.492E+00      0.135E+10     -0.990E+02     -0.990E+02
      0.240E-02      0.237E+01      0.492E+00      0.135E+10     -0.990E+02     -0.990E+02
      0.251E-02      0.237E+01      0.492E+00      0.135E+10     -0.990E+02     -0.990E+02
      0.263E-02      0.237E+01      0.492E+00      0.135E+10     -0.990E+02     -0.990E+02
      0.275E-02      0.237E+01      0.492E+00      0.135E+10     -0.990E+02     -0.990E+02
      0.288E-02      0.237E+01      0.492E+00      0.135E+10     -0.990E+02     -0.990E+02
      0.302E-02      0.237E+01      0.492E+00      0.135E+10     -0.990E+02     -0.990E+02
      0.316E-02      0.237E+01      0.492E+00      0.135E+10     -0.990E+02     -0.990E+02
      0.331E-02      0.237E+01      0.492E+00      0.135E+10     -0.990E+02     -0.990E+02
      0.347E-02      0.237E+01      0.492E+00      0.135E+10     -0.990E+02     -0.990E+02
      0.363E-02      0.237E+01      0.492E+00      0.135E+10     -0.990E+02     -0.990E+02
      0.380E-02      0.237E+01      0.492E+00      0.135E+10     -0.990E+02     -0.990E+02
      0.398E-02      0.237E+01      0.492E+00      0.135E+10     -0.990E+02     -0.990E+02
      0.417E-02      0.237E+01      0.492E+00      0.135E+10     -0.990E+02     -0.990E+02
      0.437E-02      0.237E+01      0.492E+00      0.135E+10     -0.990E+02     -0.990E+02
      0.457E-02      0.237E+01      0.492E+00      0.135E+10     -0.990E+02     -0.990E+02
      0.479E-02      0.237E+01      0.492E+00      0.135E+10     -0.990E+02     -0.990E+02
      0.501E-02      0.237E+01      0.492E+00      0.135E+10     -0.990E+02     -0.990E+02
      0.525E-02      0.237E+01      0.492E+00      0.135E+10     -0.990E+02     -0.990E+02
      0.550E-02      0.237E+01      0.492E+00      0.135E+10     -0.990E+02     -0.990E+02
      0.575E-02      0.237E+01      0.492E+00      0.135E+10     -0.990E+02     -0.990E+02
      0.603E-02      0.237E+01      0.492E+00      0.135E+10     -0.990E+02     -0.990E+02
      0.631E-02      0.237E+01      0.492E+00      0.135E+10     -0.990E+02     -0.990E+02
      0.661E-02      0.237E+01      0.492E+00      0.135E+10     -0.990E+02     -0.990E+02
      0.692E-02      0.237E+01      0.492E+00      0.135E+10     -0.990E+02     -0.990E+02
      0.724E-02      0.237E+01      0.492E+00      0.135E+10     -0.990E+02     -0.990E+02
      0.759E-02      0.237E+01      0.492E+00      0.135E+10     -0.990E+02     -0.990E+02
      0.794E-02      0.237E+01      0.492E+00      0.135E+10     -0.990E+02     -0.990E+02
      0.832E-02      0.237E+01      0.492E+00      0.135E+10     -0.990E+02     -0.990E+02
      0.871E-02      0.237E+01      0.492E+00      0.135E+10     -0.990E+02     -0.990E+02
      0.912E-02      0.237E+01      0.492E+00      0.135E+10     -0.990E+02     -0.990E+02
      0.955E-02      0.237E+01      0.492E+00      0.135E+10     -0.990E+02     -0.990E+02
      0.100E-01      0.237E+01      0.492E+00      0.135E+10     -0.347E+00      0.651E+00
      0.105E-01      0.202E+01      0.120E+01      0.132E+10     -0.347E+00      0.652E+00
      0.110E-01      0.201E+01      0.120E+01      0.132E+10     -0.347E+00      0.653E+00
      0.115E-01      0.200E+01      0.119E+01      0.132E+10     -0.348E+00      0.655E+00
      0.120E-01      0.200E+01      0.119E+01      0.132E+10     -0.348E+00      0.655E+00
      0.126E-01      0.200E+01      0.120E+01      0.132E+10     -0.348E+00      0.656E+00
      0.132E-01      0.201E+01      0.120E+01      0.132E+10     -0.348E+00      0.655E+00
      0.138E-01      0.200E+01      0.120E+01      0.132E+10     -0.348E+00      0.655E+00
      0.144E-01      0.199E+01      0.119E+01      0.132E+10     -0.348E+00      0.654E+00
      0.151E-01      0.199E+01      0.119E+01      0.132E+10     -0.349E+00      0.654E+00
      0.159E-01      0.200E+01      0.119E+01      0.132E+10     -0.349E+00      0.653E+00
      0.166E-01      0.199E+01      0.119E+01      0.131E+10     -0.349E+00      0.651E+00
      0.174E-01      0.199E+01      0.119E+01      0.131E+10     -0.349E+00      0.651E+00
      0.182E-01      0.200E+01      0.119E+01      0.131E+10     -0.349E+00      0.650E+00
      0.191E-01      0.200E+01      0.119E+01      0.131E+10     -0.350E+00      0.648E+00
      0.200E-01      0.199E+01      0.118E+01      0.131E+10     -0.350E+00      0.649E+00
      0.209E-01      0.198E+01      0.118E+01      0.131E+10     -0.350E+00      0.647E+00
      0.219E-01      0.198E+01      0.117E+01      0.131E+10     -0.350E+00      0.647E+00
      0.229E-01      0.199E+01      0.118E+01      0.130E+10     -0.351E+00      0.645E+00
      0.240E-01      0.198E+01      0.117E+01      0.130E+10     -0.351E+00      0.644E+00
      0.251E-01      0.198E+01      0.117E+01      0.130E+10     -0.351E+00      0.643E+00
      0.263E-01      0.198E+01      0.117E+01      0.130E+10     -0.352E+00      0.641E+00
      0.275E-01      0.197E+01      0.117E+01      0.130E+10     -0.352E+00      0.641E+00
      0.290E-01      0.197E+01      0.116E+01      0.129E+10     -0.352E+00      0.639E+00
      0.300E-01      0.197E+01      0.116E+01      0.129E+10     -0.353E+00      0.638E+00
      0.310E-01      0.197E+01      0.116E+01      0.129E+10     -0.353E+00      0.637E+00
      0.320E-01      0.197E+01      0.116E+01      0.129E+10     -0.353E+00      0.636E+00
      0.330E-01      0.197E+01      0.116E+01      0.129E+10     -0.354E+00      0.635E+00
      0.340E-01      0.196E+01      0.115E+01      0.129E+10     -0.354E+00      0.634E+00
      0.350E-01      0.196E+01      0.115E+01      0.128E+10     -0.354E+00      0.633E+00
      0.360E-01      0.196E+01      0.115E+01      0.128E+10     -0.355E+00      0.632E+00
      0.370E-01      0.196E+01      0.115E+01      0.128E+10     -0.355E+00      0.631E+00
      0.380E-01      0.196E+01      0.115E+01      0.128E+10     -0.355E+00      0.630E+00
      0.390E-01      0.195E+01      0.114E+01      0.128E+10     -0.355E+00      0.629E+00
      0.400E-01      0.195E+01      0.114E+01      0.128E+10     -0.356E+00      0.628E+00
      0.425E-01      0.195E+01      0.114E+01      0.127E+10     -0.357E+00      0.626E+00
      0.450E-01      0.194E+01      0.113E+01      0.127E+10     -0.357E+00      0.625E+00
      0.475E-01      0.194E+01      0.113E+01      0.127E+10     -0.358E+00      0.621E+00
      0.500E-01      0.194E+01      0.113E+01      0.126E+10     -0.359E+00      0.618E+00
      0.525E-01      0.193E+01      0.112E+01      0.126E+10     -0.360E+00      0.617E+00
      0.550E-01      0.192E+01      0.112E+01      0.125E+10     -0.361E+00      0.615E+00
      0.571E-01      0.192E+01      0.111E+01      0.125E+10     -0.361E+00      0.613E+00
      0.640E-01      0.191E+01      0.110E+01      0.124E+10     -0.364E+00      0.608E+00
      0.719E-01      0.189E+01      0.109E+01      0.123E+10     -0.367E+00      0.602E+00
      0.806E-01      0.188E+01      0.108E+01      0.122E+10     -0.369E+00      0.595E+00
      0.905E-01      0.186E+01      0.106E+01      0.121E+10     -0.373E+00      0.589E+00
      0.102E+00      0.184E+01      0.105E+01      0.119E+10     -0.377E+00      0.583E+00
      0.114E+00      0.182E+01      0.104E+01      0.118E+10     -0.381E+00      0.578E+00
      0.128E+00      0.180E+01      0.102E+01      0.116E+10     -0.386E+00      0.574E+00
      0.143E+00      0.177E+01      0.101E+01      0.114E+10     -0.391E+00      0.571E+00
      0.161E+00      0.174E+01      0.995E+00      0.112E+10     -0.397E+00      0.571E+00
      0.181E+00      0.170E+01      0.985E+00      0.109E+10     -0.404E+00      0.576E+00
      0.203E+00      0.166E+01      0.977E+00      0.107E+10     -0.412E+00      0.589E+00
      0.227E+00      0.161E+01      0.955E+00      0.104E+10     -0.420E+00      0.614E+00
      0.255E+00      0.155E+01      0.900E+00      0.101E+10     -0.419E+00      0.634E+00
      0.286E+00      0.149E+01      0.832E+00      0.974E+09     -0.411E+00      0.602E+00
      0.321E+00      0.142E+01      0.763E+00      0.939E+09     -0.401E+00      0.549E+00
      0.360E+00      0.134E+01      0.697E+00      0.902E+09     -0.388E+00      0.487E+00
      0.404E+00      0.125E+01      0.644E+00      0.863E+09     -0.369E+00      0.420E+00
      0.453E+00      0.115E+01      0.615E+00      0.822E+09     -0.341E+00      0.352E+00
      0.509E+00      0.111E+01      0.594E+00      0.781E+09     -0.312E+00      0.300E+00
      0.571E+00      0.110E+01      0.568E+00      0.736E+09     -0.315E+00      0.285E+00
      0.641E+00      0.109E+01      0.563E+00      0.686E+09     -0.320E+00      0.276E+00
      0.719E+00      0.108E+01      0.577E+00      0.632E+09     -0.327E+00      0.281E+00
      0.806E+00      0.102E+01      0.520E+00      0.572E+09     -0.352E+00      0.280E+00
      0.905E+00      0.976E+00      0.496E+00      0.509E+09     -0.404E+00      0.326E+00
      0.102E+01      0.933E+00      0.490E+00      0.442E+09     -0.469E+00      0.401E+00
      0.114E+01      0.808E+00      0.407E+00      0.370E+09     -0.474E+00      0.394E+00
      0.128E+01      0.716E+00      0.393E+00      0.301E+09     -0.530E+00      0.479E+00
      0.143E+01      0.656E+00      0.368E+00      0.234E+09     -0.647E+00      0.575E+00
      0.161E+01      0.413E+00      0.250E+00      0.165E+09     -0.725E+00      0.674E+00
      0.168E+01      0.324E+00      0.233E+00      0.134E+09     -0.792E+00      0.855E+00
      0.170E+01      0.300E+00      0.231E+00      0.125E+09     -0.819E+00      0.935E+00
      0.180E+01      0.258E+00      0.229E+00      0.114E+09     -0.881E+00      0.113E+01
      0.190E+01      0.234E+00      0.221E+00      0.978E+08     -0.958E+00      0.127E+01
      0.200E+01      0.210E+00      0.204E+00      0.836E+08     -0.113E+01      0.147E+01
      0.210E+01      0.195E+00      0.203E+00      0.709E+08     -0.131E+01      0.178E+01
      0.220E+01      0.174E+00      0.203E+00      0.591E+08     -0.131E+01      0.198E+01
      0.230E+01      0.151E+00      0.209E+00      0.487E+08     -0.118E+01      0.216E+01
      0.240E+01      0.137E+00      0.240E+00      0.396E+08     -0.100E+01      0.245E+01
      0.250E+01      0.146E+00      0.275E+00      0.314E+08     -0.978E+00      0.256E+01
      0.260E+01      0.128E+00      0.231E+00      0.227E+08     -0.995E+00      0.250E+01
      0.275E+01      0.742E-01      0.117E+00      0.133E+08     -0.112E+01      0.253E+01
      0.300E+01      0.254E-01      0.364E-01      0.448E+07     -0.148E+01      0.286E+01
      0.325E+01      0.472E-02      0.869E-02      0.741E+06     -0.176E+01      0.427E+01
      0.350E+01      0.326E-03      0.903E-03      0.475E+05     -0.195E+01      0.744E+01
      0.375E+01      0.000E+00      0.000E+00      0.000E+00     -0.990E+02     -0.990E+02
      0.400E+01      0.000E+00      0.000E+00      0.000E+00     -0.990E+02     -0.990E+02
      0.425E+01      0.000E+00      0.000E+00      0.000E+00     -0.990E+02     -0.990E+02
      0.450E+01      0.000E+00      0.000E+00      0.000E+00     -0.990E+02     -0.990E+02
      0.475E+01      0.000E+00      0.000E+00      0.000E+00     -0.990E+02     -0.990E+02
      0.500E+01      0.000E+00      0.000E+00      0.000E+00     -0.990E+02     -0.990E+02
      0.525E+01      0.000E+00      0.000E+00      0.000E+00     -0.990E+02     -0.990E+02
      0.550E+01      0.000E+00      0.000E+00      0.000E+00     -0.990E+02     -0.990E+02
      0.575E+01      0.000E+00      0.000E+00      0.000E+00     -0.990E+02     -0.990E+02
      0.600E+01      0.000E+00      0.000E+00      0.000E+00     -0.990E+02     -0.990E+02
      0.625E+01      0.000E+00      0.000E+00      0.000E+00     -0.990E+02     -0.990E+02
      0.650E+01      0.000E+00      0.000E+00      0.000E+00     -0.990E+02     -0.990E+02
      0.675E+01      0.000E+00      0.000E+00      0.000E+00     -0.990E+02     -0.990E+02
      0.700E+01      0.000E+00      0.000E+00      0.000E+00     -0.990E+02     -0.990E+02
      0.725E+01      0.000E+00      0.000E+00      0.000E+00     -0.990E+02     -0.990E+02
      0.750E+01      0.000E+00      0.000E+00      0.000E+00     -0.990E+02     -0.990E+02
      0.775E+01      0.000E+00      0.000E+00      0.000E+00     -0.990E+02     -0.990E+02
      0.800E+01      0.000E+00      0.000E+00      0.000E+00     -0.990E+02     -0.990E+02
      0.825E+01      0.000E+00      0.000E+00      0.000E+00     -0.990E+02     -0.990E+02
      0.850E+01      0.000E+00      0.000E+00      0.000E+00     -0.990E+02     -0.990E+02
      0.875E+01      0.000E+00      0.000E+00      0.000E+00     -0.990E+02     -0.990E+02
      0.900E+01      0.000E+00      0.000E+00      0.000E+00     -0.990E+02     -0.990E+02
      0.925E+01      0.000E+00      0.000E+00      0.000E+00     -0.990E+02     -0.990E+02
      0.950E+01      0.000E+00      0.000E+00      0.000E+00     -0.990E+02     -0.990E+02
      0.975E+01      0.000E+00      0.000E+00      0.000E+00     -0.990E+02     -0.990E+02
      0.100E+02      0.000E+00      0.000E+00      0.000E+00     -0.990E+02     -0.990E+02
      0.102E+02      0.000E+00      0.000E+00      0.000E+00     -0.990E+02     -0.990E+02
      0.105E+02      0.000E+00      0.000E+00      0.000E+00     -0.990E+02     -0.990E+02
      0.108E+02      0.000E+00      0.000E+00      0.000E+00     -0.990E+02     -0.990E+02
      0.110E+02      0.000E+00      0.000E+00      0.000E+00     -0.990E+02     -0.990E+02
      0.112E+02      0.000E+00      0.000E+00      0.000E+00     -0.990E+02     -0.990E+02
      0.115E+02      0.000E+00      0.000E+00      0.000E+00     -0.990E+02     -0.990E+02
      0.118E+02      0.000E+00      0.000E+00      0.000E+00     -0.990E+02     -0.990E+02
      0.120E+02      0.000E+00      0.000E+00      0.000E+00     -0.990E+02     -0.990E+02
      0.122E+02      0.000E+00      0.000E+00      0.000E+00     -0.990E+02     -0.990E+02
      0.125E+02      0.000E+00      0.000E+00      0.000E+00     -0.990E+02     -0.990E+02
      0.128E+02      0.000E+00      0.000E+00      0.000E+00     -0.990E+02     -0.990E+02
      0.130E+02      0.000E+00      0.000E+00      0.000E+00     -0.990E+02     -0.990E+02
      0.132E+02      0.000E+00      0.000E+00      0.000E+00     -0.990E+02     -0.990E+02
      0.135E+02      0.000E+00      0.000E+00      0.000E+00     -0.990E+02     -0.990E+02
      0.138E+02      0.000E+00      0.000E+00      0.000E+00     -0.990E+02     -0.990E+02
      0.140E+02      0.000E+00      0.000E+00      0.000E+00     -0.990E+02     -0.990E+02
      0.142E+02      0.000E+00      0.000E+00      0.000E+00     -0.990E+02     -0.990E+02
      0.145E+02      0.000E+00      0.000E+00      0.000E+00     -0.990E+02     -0.990E+02
      0.148E+02      0.000E+00      0.000E+00      0.000E+00     -0.990E+02     -0.990E+02
      0.150E+02      0.000E+00      0.000E+00      0.000E+00     -0.990E+02     -0.990E+02
      0.152E+02      0.000E+00      0.000E+00      0.000E+00     -0.990E+02     -0.990E+02
      0.155E+02      0.000E+00      0.000E+00      0.000E+00     -0.990E+02     -0.990E+02
      0.158E+02      0.000E+00      0.000E+00      0.000E+00     -0.990E+02     -0.990E+02
      0.160E+02      0.000E+00      0.000E+00      0.000E+00     -0.990E+02     -0.990E+02
      0.162E+02      0.000E+00      0.000E+00      0.000E+00     -0.990E+02     -0.990E+02
      0.165E+02      0.000E+00      0.000E+00      0.000E+00     -0.990E+02     -0.990E+02
      0.168E+02      0.000E+00      0.000E+00      0.000E+00     -0.990E+02     -0.990E+02
      0.170E+02      0.000E+00      0.000E+00      0.000E+00     -0.990E+02     -0.990E+02
      0.172E+02      0.000E+00      0.000E+00      0.000E+00     -0.990E+02     -0.990E+02
      0.175E+02      0.000E+00      0.000E+00      0.000E+00     -0.990E+02     -0.990E+02
      0.178E+02      0.000E+00      0.000E+00      0.000E+00     -0.990E+02     -0.990E+02
      0.180E+02      0.000E+00      0.000E+00      0.000E+00     -0.990E+02     -0.990E+02
      0.182E+02      0.000E+00      0.000E+00      0.000E+00     -0.990E+02     -0.990E+02
      0.185E+02      0.000E+00      0.000E+00      0.000E+00     -0.990E+02     -0.990E+02
      0.188E+02      0.000E+00      0.000E+00      0.000E+00     -0.990E+02     -0.990E+02
      0.190E+02      0.000E+00      0.000E+00      0.000E+00     -0.990E+02     -0.990E+02
      0.192E+02      0.000E+00      0.000E+00      0.000E+00     -0.990E+02     -0.990E+02
      0.195E+02      0.000E+00      0.000E+00      0.000E+00     -0.990E+02     -0.990E+02
      0.198E+02      0.000E+00      0.000E+00      0.000E+00     -0.990E+02     -0.990E+02
      0.200E+02      0.000E+00      0.000E+00      0.000E+00     -0.990E+02     -0.990E+02
