      0.000E+00      0.379E+01      0.310E+01      0.111E+11     -0.990E+02     -0.990E+02
      0.100E-03      0.379E+01      0.310E+01      0.111E+11     -0.990E+02     -0.990E+02
      0.140E-03      0.379E+01      0.310E+01      0.111E+11     -0.990E+02     -0.990E+02
      0.160E-03      0.379E+01      0.310E+01      0.111E+11     -0.990E+02     -0.990E+02
      0.180E-03      0.379E+01      0.310E+01      0.111E+11     -0.990E+02     -0.990E+02
      0.200E-03      0.379E+01      0.310E+01      0.111E+11     -0.990E+02     -0.990E+02
      0.220E-03      0.379E+01      0.310E+01      0.111E+11     -0.990E+02     -0.990E+02
      0.250E-03      0.379E+01      0.310E+01      0.111E+11     -0.990E+02     -0.990E+02
      0.280E-03      0.379E+01      0.310E+01      0.111E+11     -0.990E+02     -0.990E+02
      0.320E-03      0.379E+01      0.310E+01      0.111E+11     -0.990E+02     -0.990E+02
      0.350E-03      0.379E+01      0.310E+01      0.111E+11     -0.990E+02     -0.990E+02
      0.400E-03      0.379E+01      0.310E+01      0.111E+11     -0.990E+02     -0.990E+02
      0.450E-03      0.379E+01      0.310E+01      0.111E+11     -0.990E+02     -0.990E+02
      0.500E-03      0.379E+01      0.310E+01      0.111E+11     -0.990E+02     -0.990E+02
      0.560E-03      0.379E+01      0.310E+01      0.111E+11     -0.990E+02     -0.990E+02
      0.630E-03      0.379E+01      0.310E+01      0.111E+11     -0.990E+02     -0.990E+02
      0.710E-03      0.379E+01      0.310E+01      0.111E+11     -0.990E+02     -0.990E+02
      0.790E-03      0.379E+01      0.310E+01      0.111E+11     -0.990E+02     -0.990E+02
      0.890E-03      0.379E+01      0.310E+01      0.111E+11     -0.990E+02     -0.990E+02
      0.100E-02      0.379E+01      0.310E+01      0.111E+11     -0.990E+02     -0.990E+02
      0.105E-02      0.379E+01      0.310E+01      0.111E+11     -0.990E+02     -0.990E+02
      0.110E-02      0.379E+01      0.310E+01      0.111E+11     -0.990E+02     -0.990E+02
      0.115E-02      0.379E+01      0.310E+01      0.111E+11     -0.990E+02     -0.990E+02
      0.120E-02      0.379E+01      0.310E+01      0.111E+11     -0.990E+02     -0.990E+02
      0.126E-02      0.379E+01      0.310E+01      0.111E+11     -0.990E+02     -0.990E+02
      0.132E-02      0.379E+01      0.310E+01      0.111E+11     -0.990E+02     -0.990E+02
      0.138E-02      0.379E+01      0.310E+01      0.111E+11     -0.990E+02     -0.990E+02
      0.145E-02      0.379E+01      0.310E+01      0.111E+11     -0.990E+02     -0.990E+02
      0.151E-02      0.379E+01      0.310E+01      0.111E+11     -0.990E+02     -0.990E+02
      0.158E-02      0.379E+01      0.310E+01      0.111E+11     -0.990E+02     -0.990E+02
      0.166E-02      0.379E+01      0.310E+01      0.111E+11     -0.990E+02     -0.990E+02
      0.174E-02      0.379E+01      0.310E+01      0.111E+11     -0.990E+02     -0.990E+02
      0.182E-02      0.379E+01      0.310E+01      0.111E+11     -0.990E+02     -0.990E+02
      0.191E-02      0.379E+01      0.310E+01      0.111E+11     -0.990E+02     -0.990E+02
      0.200E-02      0.379E+01      0.310E+01      0.111E+11     -0.990E+02     -0.990E+02
      0.209E-02      0.379E+01      0.310E+01      0.111E+11     -0.990E+02     -0.990E+02
      0.219E-02      0.379E+01      0.310E+01      0.111E+11     -0.990E+02     -0.990E+02
      0.229E-02      0.379E+01      0.310E+01      0.111E+11     -0.990E+02     -0.990E+02
      0.240E-02      0.379E+01      0.310E+01      0.111E+11     -0.990E+02     -0.990E+02
      0.251E-02      0.379E+01      0.310E+01      0.111E+11     -0.990E+02     -0.990E+02
      0.263E-02      0.379E+01      0.310E+01      0.111E+11     -0.990E+02     -0.990E+02
      0.275E-02      0.379E+01      0.310E+01      0.111E+11     -0.990E+02     -0.990E+02
      0.288E-02      0.379E+01      0.310E+01      0.111E+11     -0.990E+02     -0.990E+02
      0.302E-02      0.379E+01      0.310E+01      0.111E+11     -0.990E+02     -0.990E+02
      0.316E-02      0.379E+01      0.310E+01      0.111E+11     -0.990E+02     -0.990E+02
      0.331E-02      0.379E+01      0.310E+01      0.111E+11     -0.990E+02     -0.990E+02
      0.347E-02      0.379E+01      0.310E+01      0.111E+11     -0.990E+02     -0.990E+02
      0.363E-02      0.379E+01      0.310E+01      0.111E+11     -0.990E+02     -0.990E+02
      0.380E-02      0.379E+01      0.310E+01      0.111E+11     -0.990E+02     -0.990E+02
      0.398E-02      0.379E+01      0.310E+01      0.111E+11     -0.990E+02     -0.990E+02
      0.417E-02      0.379E+01      0.310E+01      0.111E+11     -0.990E+02     -0.990E+02
      0.437E-02      0.379E+01      0.310E+01      0.111E+11     -0.990E+02     -0.990E+02
      0.457E-02      0.379E+01      0.310E+01      0.111E+11     -0.990E+02     -0.990E+02
      0.479E-02      0.379E+01      0.310E+01      0.111E+11     -0.990E+02     -0.990E+02
      0.501E-02      0.379E+01      0.310E+01      0.111E+11     -0.990E+02     -0.990E+02
      0.525E-02      0.379E+01      0.310E+01      0.111E+11     -0.990E+02     -0.990E+02
      0.550E-02      0.379E+01      0.310E+01      0.111E+11     -0.990E+02     -0.990E+02
      0.575E-02      0.379E+01      0.310E+01      0.111E+11     -0.990E+02     -0.990E+02
      0.603E-02      0.379E+01      0.310E+01      0.111E+11     -0.990E+02     -0.990E+02
      0.631E-02      0.379E+01      0.310E+01      0.111E+11     -0.990E+02     -0.990E+02
      0.661E-02      0.379E+01      0.310E+01      0.111E+11     -0.990E+02     -0.990E+02
      0.692E-02      0.379E+01      0.310E+01      0.111E+11     -0.990E+02     -0.990E+02
      0.724E-02      0.379E+01      0.310E+01      0.111E+11     -0.990E+02     -0.990E+02
      0.759E-02      0.379E+01      0.310E+01      0.111E+11     -0.990E+02     -0.990E+02
      0.794E-02      0.379E+01      0.310E+01      0.111E+11     -0.990E+02     -0.990E+02
      0.832E-02      0.379E+01      0.310E+01      0.111E+11     -0.990E+02     -0.990E+02
      0.871E-02      0.379E+01      0.310E+01      0.111E+11     -0.990E+02     -0.990E+02
      0.912E-02      0.379E+01      0.310E+01      0.111E+11     -0.990E+02     -0.990E+02
      0.955E-02      0.379E+01      0.310E+01      0.111E+11     -0.990E+02     -0.990E+02
      0.100E-01      0.379E+01      0.310E+01      0.111E+11     -0.617E-01      0.306E+00
      0.105E-01      0.131E+01      0.125E+01      0.110E+11     -0.614E-01      0.305E+00
      0.110E-01      0.130E+01      0.125E+01      0.110E+11     -0.613E-01      0.306E+00
      0.115E-01      0.130E+01      0.124E+01      0.110E+11     -0.613E-01      0.305E+00
      0.120E-01      0.130E+01      0.124E+01      0.110E+11     -0.613E-01      0.305E+00
      0.126E-01      0.130E+01      0.124E+01      0.110E+11     -0.610E-01      0.305E+00
      0.132E-01      0.131E+01      0.125E+01      0.110E+11     -0.610E-01      0.305E+00
      0.138E-01      0.131E+01      0.125E+01      0.110E+11     -0.608E-01      0.305E+00
      0.144E-01      0.130E+01      0.124E+01      0.110E+11     -0.606E-01      0.305E+00
      0.151E-01      0.130E+01      0.124E+01      0.110E+11     -0.606E-01      0.305E+00
      0.159E-01      0.130E+01      0.124E+01      0.110E+11     -0.603E-01      0.304E+00
      0.166E-01      0.130E+01      0.124E+01      0.110E+11     -0.602E-01      0.304E+00
      0.174E-01      0.131E+01      0.124E+01      0.110E+11     -0.599E-01      0.304E+00
      0.182E-01      0.131E+01      0.125E+01      0.110E+11     -0.596E-01      0.303E+00
      0.191E-01      0.131E+01      0.125E+01      0.110E+11     -0.596E-01      0.303E+00
      0.200E-01      0.130E+01      0.124E+01      0.110E+11     -0.593E-01      0.303E+00
      0.209E-01      0.130E+01      0.124E+01      0.110E+11     -0.590E-01      0.303E+00
      0.219E-01      0.130E+01      0.124E+01      0.110E+11     -0.587E-01      0.303E+00
      0.229E-01      0.131E+01      0.124E+01      0.110E+11     -0.586E-01      0.302E+00
      0.240E-01      0.131E+01      0.124E+01      0.110E+11     -0.583E-01      0.302E+00
      0.251E-01      0.131E+01      0.124E+01      0.110E+11     -0.581E-01      0.301E+00
      0.263E-01      0.131E+01      0.124E+01      0.110E+11     -0.577E-01      0.301E+00
      0.275E-01      0.131E+01      0.124E+01      0.110E+11     -0.574E-01      0.301E+00
      0.290E-01      0.131E+01      0.124E+01      0.110E+11     -0.570E-01      0.300E+00
      0.300E-01      0.131E+01      0.124E+01      0.110E+11     -0.568E-01      0.300E+00
      0.310E-01      0.131E+01      0.124E+01      0.110E+11     -0.566E-01      0.300E+00
      0.320E-01      0.131E+01      0.124E+01      0.110E+11     -0.564E-01      0.300E+00
      0.330E-01      0.131E+01      0.124E+01      0.110E+11     -0.561E-01      0.299E+00
      0.340E-01      0.131E+01      0.124E+01      0.110E+11     -0.558E-01      0.299E+00
      0.350E-01      0.131E+01      0.124E+01      0.110E+11     -0.556E-01      0.299E+00
      0.360E-01      0.131E+01      0.124E+01      0.110E+11     -0.554E-01      0.299E+00
      0.370E-01      0.131E+01      0.124E+01      0.110E+11     -0.552E-01      0.298E+00
      0.380E-01      0.131E+01      0.124E+01      0.110E+11     -0.548E-01      0.298E+00
      0.390E-01      0.131E+01      0.124E+01      0.110E+11     -0.546E-01      0.298E+00
      0.400E-01      0.131E+01      0.124E+01      0.110E+11     -0.544E-01      0.297E+00
      0.425E-01      0.132E+01      0.124E+01      0.110E+11     -0.538E-01      0.297E+00
      0.450E-01      0.132E+01      0.124E+01      0.110E+11     -0.532E-01      0.296E+00
      0.475E-01      0.132E+01      0.124E+01      0.110E+11     -0.526E-01      0.296E+00
      0.500E-01      0.132E+01      0.124E+01      0.110E+11     -0.521E-01      0.295E+00
      0.525E-01      0.132E+01      0.124E+01      0.110E+11     -0.514E-01      0.294E+00
      0.550E-01      0.132E+01      0.124E+01      0.110E+11     -0.508E-01      0.294E+00
      0.571E-01      0.132E+01      0.124E+01      0.110E+11     -0.504E-01      0.293E+00
      0.640E-01      0.132E+01      0.124E+01      0.110E+11     -0.487E-01      0.292E+00
      0.719E-01      0.133E+01      0.124E+01      0.110E+11     -0.469E-01      0.290E+00
      0.806E-01      0.133E+01      0.124E+01      0.110E+11     -0.447E-01      0.288E+00
      0.905E-01      0.134E+01      0.124E+01      0.110E+11     -0.425E-01      0.285E+00
      0.102E+00      0.134E+01      0.124E+01      0.110E+11     -0.400E-01      0.283E+00
      0.114E+00      0.135E+01      0.124E+01      0.109E+11     -0.373E-01      0.281E+00
      0.128E+00      0.135E+01      0.124E+01      0.109E+11     -0.346E-01      0.279E+00
      0.143E+00      0.135E+01      0.123E+01      0.109E+11     -0.311E-01      0.277E+00
      0.161E+00      0.136E+01      0.123E+01      0.109E+11     -0.265E-01      0.274E+00
      0.181E+00      0.138E+01      0.123E+01      0.109E+11     -0.191E-01      0.270E+00
      0.203E+00      0.140E+01      0.123E+01      0.109E+11     -0.124E-01      0.262E+00
      0.227E+00      0.142E+01      0.122E+01      0.108E+11     -0.426E-02      0.253E+00
      0.255E+00      0.145E+01      0.122E+01      0.108E+11      0.390E-02      0.244E+00
      0.286E+00      0.148E+01      0.123E+01      0.108E+11      0.130E-01      0.236E+00
      0.321E+00      0.153E+01      0.124E+01      0.107E+11      0.237E-01      0.229E+00
      0.360E+00      0.158E+01      0.126E+01      0.107E+11      0.354E-01      0.227E+00
      0.404E+00      0.165E+01      0.130E+01      0.107E+11      0.472E-01      0.226E+00
      0.453E+00      0.172E+01      0.134E+01      0.106E+11      0.483E-01      0.226E+00
      0.509E+00      0.182E+01      0.139E+01      0.105E+11      0.440E-01      0.227E+00
      0.571E+00      0.197E+01      0.146E+01      0.105E+11      0.416E-01      0.230E+00
      0.641E+00      0.224E+01      0.161E+01      0.104E+11      0.459E-01      0.231E+00
      0.719E+00      0.268E+01      0.183E+01      0.103E+11      0.535E-01      0.215E+00
      0.806E+00      0.319E+01      0.219E+01      0.101E+11      0.616E-01      0.191E+00
      0.905E+00      0.348E+01      0.253E+01      0.992E+10      0.498E-01      0.172E+00
      0.102E+01      0.347E+01      0.235E+01      0.968E+10      0.403E-01      0.151E+00
      0.114E+01      0.351E+01      0.232E+01      0.941E+10      0.333E-01      0.180E+00
      0.128E+01      0.387E+01      0.257E+01      0.911E+10      0.250E-02      0.194E+00
      0.143E+01      0.428E+01      0.291E+01      0.874E+10     -0.315E-01      0.198E+00
      0.161E+01      0.414E+01      0.245E+01      0.829E+10     -0.146E-01      0.158E+00
      0.168E+01      0.414E+01      0.243E+01      0.796E+10     -0.175E-01      0.159E+00
      0.170E+01      0.414E+01      0.245E+01      0.784E+10     -0.206E-01      0.164E+00
      0.180E+01      0.420E+01      0.261E+01      0.769E+10     -0.470E-01      0.198E+00
      0.190E+01      0.415E+01      0.277E+01      0.742E+10     -0.622E-01      0.234E+00
      0.200E+01      0.429E+01      0.287E+01      0.716E+10     -0.565E-01      0.227E+00
      0.210E+01      0.454E+01      0.299E+01      0.690E+10     -0.514E-01      0.226E+00
      0.220E+01      0.491E+01      0.324E+01      0.661E+10     -0.481E-01      0.225E+00
      0.230E+01      0.535E+01      0.347E+01      0.631E+10     -0.426E-01      0.214E+00
      0.240E+01      0.583E+01      0.386E+01      0.598E+10     -0.465E-01      0.216E+00
      0.250E+01      0.596E+01      0.400E+01      0.562E+10     -0.692E-01      0.234E+00
      0.260E+01      0.595E+01      0.387E+01      0.526E+10     -0.903E-01      0.236E+00
      0.275E+01      0.567E+01      0.366E+01      0.481E+10     -0.135E+00      0.294E+00
      0.300E+01      0.497E+01      0.309E+01      0.412E+10     -0.157E+00      0.330E+00
      0.325E+01      0.488E+01      0.290E+01      0.337E+10     -0.143E+00      0.270E+00
      0.350E+01      0.428E+01      0.262E+01      0.264E+10     -0.137E+00      0.263E+00
      0.375E+01      0.379E+01      0.221E+01      0.201E+10     -0.150E+00      0.244E+00
      0.400E+01      0.301E+01      0.199E+01      0.145E+10     -0.217E+00      0.313E+00
      0.425E+01      0.235E+01      0.164E+01      0.100E+10     -0.264E+00      0.336E+00
      0.450E+01      0.199E+01      0.149E+01      0.660E+09     -0.233E+00      0.288E+00
      0.475E+01      0.124E+01      0.107E+01      0.369E+09     -0.238E+00      0.362E+00
      0.500E+01      0.830E+00      0.787E+00      0.188E+09     -0.177E+00      0.321E+00
      0.525E+01      0.393E+00      0.385E+00      0.674E+08     -0.170E+00      0.223E+00
      0.550E+01      0.673E-01      0.798E-01      0.104E+08     -0.290E+00      0.515E+00
      0.575E+01      0.517E-02      0.102E-01      0.739E+06     -0.442E+00      0.122E+01
      0.600E+01      0.296E-11      0.337E-07      0.419E-03     -0.147E+01      0.242E+05
      0.625E+01      0.000E+00      0.000E+00      0.000E+00     -0.990E+02     -0.990E+02
      0.650E+01      0.000E+00      0.000E+00      0.000E+00     -0.990E+02     -0.990E+02
      0.675E+01      0.000E+00      0.000E+00      0.000E+00     -0.990E+02     -0.990E+02
      0.700E+01      0.000E+00      0.000E+00      0.000E+00     -0.990E+02     -0.990E+02
      0.725E+01      0.000E+00      0.000E+00      0.000E+00     -0.990E+02     -0.990E+02
      0.750E+01      0.000E+00      0.000E+00      0.000E+00     -0.990E+02     -0.990E+02
      0.775E+01      0.000E+00      0.000E+00      0.000E+00     -0.990E+02     -0.990E+02
      0.800E+01      0.000E+00      0.000E+00      0.000E+00     -0.990E+02     -0.990E+02
      0.825E+01      0.000E+00      0.000E+00      0.000E+00     -0.990E+02     -0.990E+02
      0.850E+01      0.000E+00      0.000E+00      0.000E+00     -0.990E+02     -0.990E+02
      0.875E+01      0.000E+00      0.000E+00      0.000E+00     -0.990E+02     -0.990E+02
      0.900E+01      0.000E+00      0.000E+00      0.000E+00     -0.990E+02     -0.990E+02
      0.925E+01      0.000E+00      0.000E+00      0.000E+00     -0.990E+02     -0.990E+02
      0.950E+01      0.000E+00      0.000E+00      0.000E+00     -0.990E+02     -0.990E+02
      0.975E+01      0.000E+00      0.000E+00      0.000E+00     -0.990E+02     -0.990E+02
      0.100E+02      0.000E+00      0.000E+00      0.000E+00     -0.990E+02     -0.990E+02
      0.102E+02      0.000E+00      0.000E+00      0.000E+00     -0.990E+02     -0.990E+02
      0.105E+02      0.000E+00      0.000E+00      0.000E+00     -0.990E+02     -0.990E+02
      0.108E+02      0.000E+00      0.000E+00      0.000E+00     -0.990E+02     -0.990E+02
      0.110E+02      0.000E+00      0.000E+00      0.000E+00     -0.990E+02     -0.990E+02
      0.112E+02      0.000E+00      0.000E+00      0.000E+00     -0.990E+02     -0.990E+02
      0.115E+02      0.000E+00      0.000E+00      0.000E+00     -0.990E+02     -0.990E+02
      0.118E+02      0.000E+00      0.000E+00      0.000E+00     -0.990E+02     -0.990E+02
      0.120E+02      0.000E+00      0.000E+00      0.000E+00     -0.990E+02     -0.990E+02
      0.122E+02      0.000E+00      0.000E+00      0.000E+00     -0.990E+02     -0.990E+02
      0.125E+02      0.000E+00      0.000E+00      0.000E+00     -0.990E+02     -0.990E+02
      0.128E+02      0.000E+00      0.000E+00      0.000E+00     -0.990E+02     -0.990E+02
      0.130E+02      0.000E+00      0.000E+00      0.000E+00     -0.990E+02     -0.990E+02
      0.132E+02      0.000E+00      0.000E+00      0.000E+00     -0.990E+02     -0.990E+02
      0.135E+02      0.000E+00      0.000E+00      0.000E+00     -0.990E+02     -0.990E+02
      0.138E+02      0.000E+00      0.000E+00      0.000E+00     -0.990E+02     -0.990E+02
      0.140E+02      0.000E+00      0.000E+00      0.000E+00     -0.990E+02     -0.990E+02
      0.142E+02      0.000E+00      0.000E+00      0.000E+00     -0.990E+02     -0.990E+02
      0.145E+02      0.000E+00      0.000E+00      0.000E+00     -0.990E+02     -0.990E+02
      0.148E+02      0.000E+00      0.000E+00      0.000E+00     -0.990E+02     -0.990E+02
      0.150E+02      0.000E+00      0.000E+00      0.000E+00     -0.990E+02     -0.990E+02
      0.152E+02      0.000E+00      0.000E+00      0.000E+00     -0.990E+02     -0.990E+02
      0.155E+02      0.000E+00      0.000E+00      0.000E+00     -0.990E+02     -0.990E+02
      0.158E+02      0.000E+00      0.000E+00      0.000E+00     -0.990E+02     -0.990E+02
      0.160E+02      0.000E+00      0.000E+00      0.000E+00     -0.990E+02     -0.990E+02
      0.162E+02      0.000E+00      0.000E+00      0.000E+00     -0.990E+02     -0.990E+02
      0.165E+02      0.000E+00      0.000E+00      0.000E+00     -0.990E+02     -0.990E+02
      0.168E+02      0.000E+00      0.000E+00      0.000E+00     -0.990E+02     -0.990E+02
      0.170E+02      0.000E+00      0.000E+00      0.000E+00     -0.990E+02     -0.990E+02
      0.172E+02      0.000E+00      0.000E+00      0.000E+00     -0.990E+02     -0.990E+02
      0.175E+02      0.000E+00      0.000E+00      0.000E+00     -0.990E+02     -0.990E+02
      0.178E+02      0.000E+00      0.000E+00      0.000E+00     -0.990E+02     -0.990E+02
      0.180E+02      0.000E+00      0.000E+00      0.000E+00     -0.990E+02     -0.990E+02
      0.182E+02      0.000E+00      0.000E+00      0.000E+00     -0.990E+02     -0.990E+02
      0.185E+02      0.000E+00      0.000E+00      0.000E+00     -0.990E+02     -0.990E+02
      0.188E+02      0.000E+00      0.000E+00      0.000E+00     -0.990E+02     -0.990E+02
      0.190E+02      0.000E+00      0.000E+00      0.000E+00     -0.990E+02     -0.990E+02
      0.192E+02      0.000E+00      0.000E+00      0.000E+00     -0.990E+02     -0.990E+02
      0.195E+02      0.000E+00      0.000E+00      0.000E+00     -0.990E+02     -0.990E+02
      0.198E+02      0.000E+00      0.000E+00      0.000E+00     -0.990E+02     -0.990E+02
      0.200E+02      0.000E+00      0.000E+00      0.000E+00     -0.990E+02     -0.990E+02
