      0.000E+00      0.101E+01      0.156E+01      0.258E+09     -0.990E+02     -0.990E+02
      0.100E-03      0.101E+01      0.156E+01      0.258E+09     -0.990E+02     -0.990E+02
      0.140E-03      0.101E+01      0.156E+01      0.258E+09     -0.990E+02     -0.990E+02
      0.160E-03      0.101E+01      0.156E+01      0.258E+09     -0.990E+02     -0.990E+02
      0.180E-03      0.101E+01      0.156E+01      0.258E+09     -0.990E+02     -0.990E+02
      0.200E-03      0.101E+01      0.156E+01      0.258E+09     -0.990E+02     -0.990E+02
      0.220E-03      0.101E+01      0.156E+01      0.258E+09     -0.990E+02     -0.990E+02
      0.250E-03      0.101E+01      0.156E+01      0.258E+09     -0.990E+02     -0.990E+02
      0.280E-03      0.101E+01      0.156E+01      0.258E+09     -0.990E+02     -0.990E+02
      0.320E-03      0.101E+01      0.156E+01      0.258E+09     -0.990E+02     -0.990E+02
      0.350E-03      0.101E+01      0.156E+01      0.258E+09     -0.990E+02     -0.990E+02
      0.400E-03      0.101E+01      0.156E+01      0.258E+09     -0.990E+02     -0.990E+02
      0.450E-03      0.101E+01      0.156E+01      0.258E+09     -0.990E+02     -0.990E+02
      0.500E-03      0.101E+01      0.156E+01      0.258E+09     -0.990E+02     -0.990E+02
      0.560E-03      0.101E+01      0.156E+01      0.258E+09     -0.990E+02     -0.990E+02
      0.630E-03      0.101E+01      0.156E+01      0.258E+09     -0.990E+02     -0.990E+02
      0.710E-03      0.101E+01      0.156E+01      0.258E+09     -0.990E+02     -0.990E+02
      0.790E-03      0.101E+01      0.156E+01      0.258E+09     -0.990E+02     -0.990E+02
      0.890E-03      0.101E+01      0.156E+01      0.258E+09     -0.990E+02     -0.990E+02
      0.100E-02      0.101E+01      0.156E+01      0.258E+09     -0.990E+02     -0.990E+02
      0.105E-02      0.101E+01      0.156E+01      0.258E+09     -0.990E+02     -0.990E+02
      0.110E-02      0.101E+01      0.156E+01      0.258E+09     -0.990E+02     -0.990E+02
      0.115E-02      0.101E+01      0.156E+01      0.258E+09     -0.990E+02     -0.990E+02
      0.120E-02      0.101E+01      0.156E+01      0.258E+09     -0.990E+02     -0.990E+02
      0.126E-02      0.101E+01      0.156E+01      0.258E+09     -0.990E+02     -0.990E+02
      0.132E-02      0.101E+01      0.156E+01      0.258E+09     -0.990E+02     -0.990E+02
      0.138E-02      0.101E+01      0.156E+01      0.258E+09     -0.990E+02     -0.990E+02
      0.145E-02      0.101E+01      0.156E+01      0.258E+09     -0.990E+02     -0.990E+02
      0.151E-02      0.101E+01      0.156E+01      0.258E+09     -0.990E+02     -0.990E+02
      0.158E-02      0.101E+01      0.156E+01      0.258E+09     -0.990E+02     -0.990E+02
      0.166E-02      0.101E+01      0.156E+01      0.258E+09     -0.990E+02     -0.990E+02
      0.174E-02      0.101E+01      0.156E+01      0.258E+09     -0.990E+02     -0.990E+02
      0.182E-02      0.101E+01      0.156E+01      0.258E+09     -0.990E+02     -0.990E+02
      0.191E-02      0.101E+01      0.156E+01      0.258E+09     -0.990E+02     -0.990E+02
      0.200E-02      0.101E+01      0.156E+01      0.258E+09     -0.990E+02     -0.990E+02
      0.209E-02      0.101E+01      0.156E+01      0.258E+09     -0.990E+02     -0.990E+02
      0.219E-02      0.101E+01      0.156E+01      0.258E+09     -0.990E+02     -0.990E+02
      0.229E-02      0.101E+01      0.156E+01      0.258E+09     -0.990E+02     -0.990E+02
      0.240E-02      0.101E+01      0.156E+01      0.258E+09     -0.990E+02     -0.990E+02
      0.251E-02      0.101E+01      0.156E+01      0.258E+09     -0.990E+02     -0.990E+02
      0.263E-02      0.101E+01      0.156E+01      0.258E+09     -0.990E+02     -0.990E+02
      0.275E-02      0.101E+01      0.156E+01      0.258E+09     -0.990E+02     -0.990E+02
      0.288E-02      0.101E+01      0.156E+01      0.258E+09     -0.990E+02     -0.990E+02
      0.302E-02      0.101E+01      0.156E+01      0.258E+09     -0.990E+02     -0.990E+02
      0.316E-02      0.101E+01      0.156E+01      0.258E+09     -0.990E+02     -0.990E+02
      0.331E-02      0.101E+01      0.156E+01      0.258E+09     -0.990E+02     -0.990E+02
      0.347E-02      0.101E+01      0.156E+01      0.258E+09     -0.990E+02     -0.990E+02
      0.363E-02      0.101E+01      0.156E+01      0.258E+09     -0.990E+02     -0.990E+02
      0.380E-02      0.101E+01      0.156E+01      0.258E+09     -0.990E+02     -0.990E+02
      0.398E-02      0.101E+01      0.156E+01      0.258E+09     -0.990E+02     -0.990E+02
      0.417E-02      0.101E+01      0.156E+01      0.258E+09     -0.990E+02     -0.990E+02
      0.437E-02      0.101E+01      0.156E+01      0.258E+09     -0.990E+02     -0.990E+02
      0.457E-02      0.101E+01      0.156E+01      0.258E+09     -0.990E+02     -0.990E+02
      0.479E-02      0.101E+01      0.156E+01      0.258E+09     -0.990E+02     -0.990E+02
      0.501E-02      0.101E+01      0.156E+01      0.258E+09     -0.990E+02     -0.990E+02
      0.525E-02      0.101E+01      0.156E+01      0.258E+09     -0.990E+02     -0.990E+02
      0.550E-02      0.101E+01      0.156E+01      0.258E+09     -0.990E+02     -0.990E+02
      0.575E-02      0.101E+01      0.156E+01      0.258E+09     -0.990E+02     -0.990E+02
      0.603E-02      0.101E+01      0.156E+01      0.258E+09     -0.990E+02     -0.990E+02
      0.631E-02      0.101E+01      0.156E+01      0.258E+09     -0.990E+02     -0.990E+02
      0.661E-02      0.101E+01      0.156E+01      0.258E+09     -0.990E+02     -0.990E+02
      0.692E-02      0.101E+01      0.156E+01      0.258E+09     -0.990E+02     -0.990E+02
      0.724E-02      0.101E+01      0.156E+01      0.258E+09     -0.990E+02     -0.990E+02
      0.759E-02      0.101E+01      0.156E+01      0.258E+09     -0.990E+02     -0.990E+02
      0.794E-02      0.101E+01      0.156E+01      0.258E+09     -0.990E+02     -0.990E+02
      0.832E-02      0.101E+01      0.156E+01      0.258E+09     -0.990E+02     -0.990E+02
      0.871E-02      0.101E+01      0.156E+01      0.258E+09     -0.990E+02     -0.990E+02
      0.912E-02      0.101E+01      0.156E+01      0.258E+09     -0.990E+02     -0.990E+02
      0.955E-02      0.101E+01      0.156E+01      0.258E+09     -0.990E+02     -0.990E+02
      0.100E-01      0.101E+01      0.156E+01      0.258E+09     -0.611E+00      0.736E+00
      0.105E-01      0.851E+00      0.583E+00      0.247E+09     -0.611E+00      0.736E+00
      0.110E-01      0.846E+00      0.580E+00      0.247E+09     -0.611E+00      0.736E+00
      0.115E-01      0.843E+00      0.577E+00      0.246E+09     -0.612E+00      0.735E+00
      0.120E-01      0.842E+00      0.575E+00      0.246E+09     -0.612E+00      0.735E+00
      0.126E-01      0.842E+00      0.575E+00      0.246E+09     -0.612E+00      0.735E+00
      0.132E-01      0.845E+00      0.577E+00      0.245E+09     -0.613E+00      0.735E+00
      0.138E-01      0.842E+00      0.574E+00      0.245E+09     -0.613E+00      0.734E+00
      0.144E-01      0.835E+00      0.568E+00      0.244E+09     -0.613E+00      0.734E+00
      0.151E-01      0.836E+00      0.569E+00      0.244E+09     -0.614E+00      0.734E+00
      0.159E-01      0.837E+00      0.569E+00      0.243E+09     -0.614E+00      0.734E+00
      0.166E-01      0.835E+00      0.567E+00      0.243E+09     -0.615E+00      0.734E+00
      0.174E-01      0.835E+00      0.566E+00      0.242E+09     -0.615E+00      0.733E+00
      0.182E-01      0.837E+00      0.567E+00      0.242E+09     -0.616E+00      0.733E+00
      0.191E-01      0.834E+00      0.565E+00      0.241E+09     -0.616E+00      0.733E+00
      0.200E-01      0.829E+00      0.561E+00      0.240E+09     -0.617E+00      0.733E+00
      0.209E-01      0.826E+00      0.558E+00      0.240E+09     -0.617E+00      0.733E+00
      0.219E-01      0.825E+00      0.556E+00      0.239E+09     -0.618E+00      0.732E+00
      0.229E-01      0.825E+00      0.556E+00      0.238E+09     -0.618E+00      0.732E+00
      0.240E-01      0.823E+00      0.554E+00      0.238E+09     -0.619E+00      0.732E+00
      0.251E-01      0.823E+00      0.553E+00      0.237E+09     -0.620E+00      0.732E+00
      0.263E-01      0.820E+00      0.550E+00      0.236E+09     -0.620E+00      0.731E+00
      0.275E-01      0.816E+00      0.547E+00      0.235E+09     -0.621E+00      0.731E+00
      0.290E-01      0.814E+00      0.544E+00      0.234E+09     -0.622E+00      0.731E+00
      0.300E-01      0.813E+00      0.543E+00      0.234E+09     -0.623E+00      0.731E+00
      0.310E-01      0.811E+00      0.541E+00      0.233E+09     -0.623E+00      0.731E+00
      0.320E-01      0.809E+00      0.540E+00      0.232E+09     -0.624E+00      0.730E+00
      0.330E-01      0.808E+00      0.538E+00      0.232E+09     -0.624E+00      0.731E+00
      0.340E-01      0.806E+00      0.536E+00      0.231E+09     -0.625E+00      0.730E+00
      0.350E-01      0.804E+00      0.535E+00      0.230E+09     -0.626E+00      0.731E+00
      0.360E-01      0.802E+00      0.533E+00      0.230E+09     -0.626E+00      0.730E+00
      0.370E-01      0.800E+00      0.531E+00      0.229E+09     -0.627E+00      0.730E+00
      0.380E-01      0.799E+00      0.530E+00      0.228E+09     -0.627E+00      0.730E+00
      0.390E-01      0.797E+00      0.528E+00      0.228E+09     -0.628E+00      0.730E+00
      0.400E-01      0.795E+00      0.526E+00      0.227E+09     -0.629E+00      0.730E+00
      0.425E-01      0.790E+00      0.522E+00      0.226E+09     -0.630E+00      0.730E+00
      0.450E-01      0.786E+00      0.518E+00      0.224E+09     -0.632E+00      0.730E+00
      0.475E-01      0.781E+00      0.514E+00      0.223E+09     -0.633E+00      0.730E+00
      0.500E-01      0.776E+00      0.510E+00      0.221E+09     -0.634E+00      0.730E+00
      0.525E-01      0.771E+00      0.506E+00      0.220E+09     -0.635E+00      0.729E+00
      0.550E-01      0.766E+00      0.502E+00      0.218E+09     -0.637E+00      0.729E+00
      0.571E-01      0.762E+00      0.499E+00      0.217E+09     -0.638E+00      0.729E+00
      0.640E-01      0.749E+00      0.489E+00      0.214E+09     -0.642E+00      0.730E+00
      0.719E-01      0.735E+00      0.477E+00      0.210E+09     -0.647E+00      0.731E+00
      0.806E-01      0.720E+00      0.465E+00      0.205E+09     -0.652E+00      0.732E+00
      0.905E-01      0.705E+00      0.453E+00      0.200E+09     -0.656E+00      0.730E+00
      0.102E+00      0.687E+00      0.439E+00      0.194E+09     -0.661E+00      0.727E+00
      0.114E+00      0.667E+00      0.423E+00      0.188E+09     -0.665E+00      0.723E+00
      0.128E+00      0.645E+00      0.404E+00      0.181E+09     -0.670E+00      0.718E+00
      0.143E+00      0.621E+00      0.383E+00      0.174E+09     -0.674E+00      0.710E+00
      0.161E+00      0.594E+00      0.360E+00      0.166E+09     -0.678E+00      0.700E+00
      0.181E+00      0.564E+00      0.336E+00      0.158E+09     -0.684E+00      0.694E+00
      0.203E+00      0.529E+00      0.310E+00      0.150E+09     -0.691E+00      0.687E+00
      0.227E+00      0.491E+00      0.284E+00      0.141E+09     -0.701E+00      0.688E+00
      0.255E+00      0.450E+00      0.261E+00      0.131E+09     -0.715E+00      0.701E+00
      0.286E+00      0.408E+00      0.241E+00      0.122E+09     -0.727E+00      0.728E+00
      0.321E+00      0.367E+00      0.220E+00      0.112E+09     -0.734E+00      0.741E+00
      0.360E+00      0.332E+00      0.203E+00      0.103E+09     -0.739E+00      0.749E+00
      0.404E+00      0.301E+00      0.185E+00      0.933E+08     -0.730E+00      0.734E+00
      0.453E+00      0.272E+00      0.168E+00      0.835E+08     -0.712E+00      0.717E+00
      0.509E+00      0.240E+00      0.153E+00      0.738E+08     -0.680E+00      0.709E+00
      0.571E+00      0.211E+00      0.142E+00      0.641E+08     -0.644E+00      0.715E+00
      0.641E+00      0.184E+00      0.133E+00      0.547E+08     -0.624E+00      0.721E+00
      0.719E+00      0.157E+00      0.120E+00      0.455E+08     -0.614E+00      0.740E+00
      0.806E+00      0.129E+00      0.105E+00      0.368E+08     -0.608E+00      0.789E+00
      0.905E+00      0.102E+00      0.870E-01      0.289E+08     -0.631E+00      0.803E+00
      0.102E+01      0.794E-01      0.714E-01      0.219E+08     -0.657E+00      0.871E+00
      0.114E+01      0.588E-01      0.615E-01      0.158E+08     -0.661E+00      0.101E+01
      0.128E+01      0.419E-01      0.507E-01      0.108E+08     -0.603E+00      0.103E+01
      0.143E+01      0.289E-01      0.421E-01      0.686E+07     -0.614E+00      0.125E+01
      0.161E+01      0.185E-01      0.293E-01      0.383E+07     -0.671E+00      0.150E+01
      0.168E+01      0.150E-01      0.248E-01      0.241E+07     -0.683E+00      0.157E+01
      0.170E+01      0.142E-01      0.237E-01      0.199E+07     -0.688E+00      0.159E+01
      0.180E+01      0.106E-01      0.184E-01      0.146E+07     -0.723E+00      0.172E+01
      0.190E+01      0.685E-02      0.139E-01      0.809E+06     -0.749E+00      0.210E+01
      0.200E+01      0.375E-02      0.862E-02      0.388E+06     -0.765E+00      0.234E+01
      0.210E+01      0.144E-02      0.581E-02      0.158E+06     -0.795E+00      0.381E+01
      0.220E+01      0.793E-03      0.394E-02      0.701E+05     -0.757E+00      0.426E+01
      0.230E+01      0.300E-03      0.186E-02      0.218E+05     -0.643E+00      0.453E+01
      0.240E+01      0.417E-04      0.503E-03      0.354E+04     -0.569E+00      0.853E+01
      0.250E+01      0.139E-04      0.221E-03      0.102E+04     -0.575E+00      0.116E+02
      0.260E+01      0.243E-05      0.381E-04      0.182E+03     -0.600E+00      0.119E+02
      0.275E+01      0.560E-21      0.625E-12      0.667E-13     -0.801E+00       Infinity
      0.300E+01      0.000E+00      0.000E+00      0.000E+00     -0.990E+02     -0.990E+02
      0.325E+01      0.000E+00      0.000E+00      0.000E+00     -0.990E+02     -0.990E+02
      0.350E+01      0.000E+00      0.000E+00      0.000E+00     -0.990E+02     -0.990E+02
      0.375E+01      0.000E+00      0.000E+00      0.000E+00     -0.990E+02     -0.990E+02
      0.400E+01      0.000E+00      0.000E+00      0.000E+00     -0.990E+02     -0.990E+02
      0.425E+01      0.000E+00      0.000E+00      0.000E+00     -0.990E+02     -0.990E+02
      0.450E+01      0.000E+00      0.000E+00      0.000E+00     -0.990E+02     -0.990E+02
      0.475E+01      0.000E+00      0.000E+00      0.000E+00     -0.990E+02     -0.990E+02
      0.500E+01      0.000E+00      0.000E+00      0.000E+00     -0.990E+02     -0.990E+02
      0.525E+01      0.000E+00      0.000E+00      0.000E+00     -0.990E+02     -0.990E+02
      0.550E+01      0.000E+00      0.000E+00      0.000E+00     -0.990E+02     -0.990E+02
      0.575E+01      0.000E+00      0.000E+00      0.000E+00     -0.990E+02     -0.990E+02
      0.600E+01      0.000E+00      0.000E+00      0.000E+00     -0.990E+02     -0.990E+02
      0.625E+01      0.000E+00      0.000E+00      0.000E+00     -0.990E+02     -0.990E+02
      0.650E+01      0.000E+00      0.000E+00      0.000E+00     -0.990E+02     -0.990E+02
      0.675E+01      0.000E+00      0.000E+00      0.000E+00     -0.990E+02     -0.990E+02
      0.700E+01      0.000E+00      0.000E+00      0.000E+00     -0.990E+02     -0.990E+02
      0.725E+01      0.000E+00      0.000E+00      0.000E+00     -0.990E+02     -0.990E+02
      0.750E+01      0.000E+00      0.000E+00      0.000E+00     -0.990E+02     -0.990E+02
      0.775E+01      0.000E+00      0.000E+00      0.000E+00     -0.990E+02     -0.990E+02
      0.800E+01      0.000E+00      0.000E+00      0.000E+00     -0.990E+02     -0.990E+02
      0.825E+01      0.000E+00      0.000E+00      0.000E+00     -0.990E+02     -0.990E+02
      0.850E+01      0.000E+00      0.000E+00      0.000E+00     -0.990E+02     -0.990E+02
      0.875E+01      0.000E+00      0.000E+00      0.000E+00     -0.990E+02     -0.990E+02
      0.900E+01      0.000E+00      0.000E+00      0.000E+00     -0.990E+02     -0.990E+02
      0.925E+01      0.000E+00      0.000E+00      0.000E+00     -0.990E+02     -0.990E+02
      0.950E+01      0.000E+00      0.000E+00      0.000E+00     -0.990E+02     -0.990E+02
      0.975E+01      0.000E+00      0.000E+00      0.000E+00     -0.990E+02     -0.990E+02
      0.100E+02      0.000E+00      0.000E+00      0.000E+00     -0.990E+02     -0.990E+02
      0.102E+02      0.000E+00      0.000E+00      0.000E+00     -0.990E+02     -0.990E+02
      0.105E+02      0.000E+00      0.000E+00      0.000E+00     -0.990E+02     -0.990E+02
      0.108E+02      0.000E+00      0.000E+00      0.000E+00     -0.990E+02     -0.990E+02
      0.110E+02      0.000E+00      0.000E+00      0.000E+00     -0.990E+02     -0.990E+02
      0.112E+02      0.000E+00      0.000E+00      0.000E+00     -0.990E+02     -0.990E+02
      0.115E+02      0.000E+00      0.000E+00      0.000E+00     -0.990E+02     -0.990E+02
      0.118E+02      0.000E+00      0.000E+00      0.000E+00     -0.990E+02     -0.990E+02
      0.120E+02      0.000E+00      0.000E+00      0.000E+00     -0.990E+02     -0.990E+02
      0.122E+02      0.000E+00      0.000E+00      0.000E+00     -0.990E+02     -0.990E+02
      0.125E+02      0.000E+00      0.000E+00      0.000E+00     -0.990E+02     -0.990E+02
      0.128E+02      0.000E+00      0.000E+00      0.000E+00     -0.990E+02     -0.990E+02
      0.130E+02      0.000E+00      0.000E+00      0.000E+00     -0.990E+02     -0.990E+02
      0.132E+02      0.000E+00      0.000E+00      0.000E+00     -0.990E+02     -0.990E+02
      0.135E+02      0.000E+00      0.000E+00      0.000E+00     -0.990E+02     -0.990E+02
      0.138E+02      0.000E+00      0.000E+00      0.000E+00     -0.990E+02     -0.990E+02
      0.140E+02      0.000E+00      0.000E+00      0.000E+00     -0.990E+02     -0.990E+02
      0.142E+02      0.000E+00      0.000E+00      0.000E+00     -0.990E+02     -0.990E+02
      0.145E+02      0.000E+00      0.000E+00      0.000E+00     -0.990E+02     -0.990E+02
      0.148E+02      0.000E+00      0.000E+00      0.000E+00     -0.990E+02     -0.990E+02
      0.150E+02      0.000E+00      0.000E+00      0.000E+00     -0.990E+02     -0.990E+02
      0.152E+02      0.000E+00      0.000E+00      0.000E+00     -0.990E+02     -0.990E+02
      0.155E+02      0.000E+00      0.000E+00      0.000E+00     -0.990E+02     -0.990E+02
      0.158E+02      0.000E+00      0.000E+00      0.000E+00     -0.990E+02     -0.990E+02
      0.160E+02      0.000E+00      0.000E+00      0.000E+00     -0.990E+02     -0.990E+02
      0.162E+02      0.000E+00      0.000E+00      0.000E+00     -0.990E+02     -0.990E+02
      0.165E+02      0.000E+00      0.000E+00      0.000E+00     -0.990E+02     -0.990E+02
      0.168E+02      0.000E+00      0.000E+00      0.000E+00     -0.990E+02     -0.990E+02
      0.170E+02      0.000E+00      0.000E+00      0.000E+00     -0.990E+02     -0.990E+02
      0.172E+02      0.000E+00      0.000E+00      0.000E+00     -0.990E+02     -0.990E+02
      0.175E+02      0.000E+00      0.000E+00      0.000E+00     -0.990E+02     -0.990E+02
      0.178E+02      0.000E+00      0.000E+00      0.000E+00     -0.990E+02     -0.990E+02
      0.180E+02      0.000E+00      0.000E+00      0.000E+00     -0.990E+02     -0.990E+02
      0.182E+02      0.000E+00      0.000E+00      0.000E+00     -0.990E+02     -0.990E+02
      0.185E+02      0.000E+00      0.000E+00      0.000E+00     -0.990E+02     -0.990E+02
      0.188E+02      0.000E+00      0.000E+00      0.000E+00     -0.990E+02     -0.990E+02
      0.190E+02      0.000E+00      0.000E+00      0.000E+00     -0.990E+02     -0.990E+02
      0.192E+02      0.000E+00      0.000E+00      0.000E+00     -0.990E+02     -0.990E+02
      0.195E+02      0.000E+00      0.000E+00      0.000E+00     -0.990E+02     -0.990E+02
      0.198E+02      0.000E+00      0.000E+00      0.000E+00     -0.990E+02     -0.990E+02
      0.200E+02      0.000E+00      0.000E+00      0.000E+00     -0.990E+02     -0.990E+02
