      0.000E+00      0.106E+01      0.357E-01      0.276E+10     -0.990E+02     -0.990E+02
      0.100E-03      0.106E+01      0.357E-01      0.276E+10     -0.990E+02     -0.990E+02
      0.140E-03      0.106E+01      0.357E-01      0.276E+10     -0.990E+02     -0.990E+02
      0.160E-03      0.106E+01      0.357E-01      0.276E+10     -0.990E+02     -0.990E+02
      0.180E-03      0.106E+01      0.357E-01      0.276E+10     -0.990E+02     -0.990E+02
      0.200E-03      0.106E+01      0.357E-01      0.276E+10     -0.990E+02     -0.990E+02
      0.220E-03      0.106E+01      0.357E-01      0.276E+10     -0.990E+02     -0.990E+02
      0.250E-03      0.106E+01      0.357E-01      0.276E+10     -0.990E+02     -0.990E+02
      0.280E-03      0.106E+01      0.357E-01      0.276E+10     -0.990E+02     -0.990E+02
      0.320E-03      0.106E+01      0.357E-01      0.276E+10     -0.990E+02     -0.990E+02
      0.350E-03      0.106E+01      0.357E-01      0.276E+10     -0.990E+02     -0.990E+02
      0.400E-03      0.106E+01      0.357E-01      0.276E+10     -0.990E+02     -0.990E+02
      0.450E-03      0.106E+01      0.357E-01      0.276E+10     -0.990E+02     -0.990E+02
      0.500E-03      0.106E+01      0.357E-01      0.276E+10     -0.990E+02     -0.990E+02
      0.560E-03      0.106E+01      0.357E-01      0.276E+10     -0.990E+02     -0.990E+02
      0.630E-03      0.106E+01      0.357E-01      0.276E+10     -0.990E+02     -0.990E+02
      0.710E-03      0.106E+01      0.357E-01      0.276E+10     -0.990E+02     -0.990E+02
      0.790E-03      0.106E+01      0.357E-01      0.276E+10     -0.990E+02     -0.990E+02
      0.890E-03      0.106E+01      0.357E-01      0.276E+10     -0.990E+02     -0.990E+02
      0.100E-02      0.106E+01      0.357E-01      0.276E+10     -0.990E+02     -0.990E+02
      0.105E-02      0.106E+01      0.357E-01      0.276E+10     -0.990E+02     -0.990E+02
      0.110E-02      0.106E+01      0.357E-01      0.276E+10     -0.990E+02     -0.990E+02
      0.115E-02      0.106E+01      0.357E-01      0.276E+10     -0.990E+02     -0.990E+02
      0.120E-02      0.106E+01      0.357E-01      0.276E+10     -0.990E+02     -0.990E+02
      0.126E-02      0.106E+01      0.357E-01      0.276E+10     -0.990E+02     -0.990E+02
      0.132E-02      0.106E+01      0.357E-01      0.276E+10     -0.990E+02     -0.990E+02
      0.138E-02      0.106E+01      0.357E-01      0.276E+10     -0.990E+02     -0.990E+02
      0.145E-02      0.106E+01      0.357E-01      0.276E+10     -0.990E+02     -0.990E+02
      0.151E-02      0.106E+01      0.357E-01      0.276E+10     -0.990E+02     -0.990E+02
      0.158E-02      0.106E+01      0.357E-01      0.276E+10     -0.990E+02     -0.990E+02
      0.166E-02      0.106E+01      0.357E-01      0.276E+10     -0.990E+02     -0.990E+02
      0.174E-02      0.106E+01      0.357E-01      0.276E+10     -0.990E+02     -0.990E+02
      0.182E-02      0.106E+01      0.357E-01      0.276E+10     -0.990E+02     -0.990E+02
      0.191E-02      0.106E+01      0.357E-01      0.276E+10     -0.990E+02     -0.990E+02
      0.200E-02      0.106E+01      0.357E-01      0.276E+10     -0.990E+02     -0.990E+02
      0.209E-02      0.106E+01      0.357E-01      0.276E+10     -0.990E+02     -0.990E+02
      0.219E-02      0.106E+01      0.357E-01      0.276E+10     -0.990E+02     -0.990E+02
      0.229E-02      0.106E+01      0.357E-01      0.276E+10     -0.990E+02     -0.990E+02
      0.240E-02      0.106E+01      0.357E-01      0.276E+10     -0.990E+02     -0.990E+02
      0.251E-02      0.106E+01      0.357E-01      0.276E+10     -0.990E+02     -0.990E+02
      0.263E-02      0.106E+01      0.357E-01      0.276E+10     -0.990E+02     -0.990E+02
      0.275E-02      0.106E+01      0.357E-01      0.276E+10     -0.990E+02     -0.990E+02
      0.288E-02      0.106E+01      0.357E-01      0.276E+10     -0.990E+02     -0.990E+02
      0.302E-02      0.106E+01      0.357E-01      0.276E+10     -0.990E+02     -0.990E+02
      0.316E-02      0.106E+01      0.357E-01      0.276E+10     -0.990E+02     -0.990E+02
      0.331E-02      0.106E+01      0.357E-01      0.276E+10     -0.990E+02     -0.990E+02
      0.347E-02      0.106E+01      0.357E-01      0.276E+10     -0.990E+02     -0.990E+02
      0.363E-02      0.106E+01      0.357E-01      0.276E+10     -0.990E+02     -0.990E+02
      0.380E-02      0.106E+01      0.357E-01      0.276E+10     -0.990E+02     -0.990E+02
      0.398E-02      0.106E+01      0.357E-01      0.276E+10     -0.990E+02     -0.990E+02
      0.417E-02      0.106E+01      0.357E-01      0.276E+10     -0.990E+02     -0.990E+02
      0.437E-02      0.106E+01      0.357E-01      0.276E+10     -0.990E+02     -0.990E+02
      0.457E-02      0.106E+01      0.357E-01      0.276E+10     -0.990E+02     -0.990E+02
      0.479E-02      0.106E+01      0.357E-01      0.276E+10     -0.990E+02     -0.990E+02
      0.501E-02      0.106E+01      0.357E-01      0.276E+10     -0.990E+02     -0.990E+02
      0.525E-02      0.106E+01      0.357E-01      0.276E+10     -0.990E+02     -0.990E+02
      0.550E-02      0.106E+01      0.357E-01      0.276E+10     -0.990E+02     -0.990E+02
      0.575E-02      0.106E+01      0.357E-01      0.276E+10     -0.990E+02     -0.990E+02
      0.603E-02      0.106E+01      0.357E-01      0.276E+10     -0.990E+02     -0.990E+02
      0.631E-02      0.106E+01      0.357E-01      0.276E+10     -0.990E+02     -0.990E+02
      0.661E-02      0.106E+01      0.357E-01      0.276E+10     -0.990E+02     -0.990E+02
      0.692E-02      0.106E+01      0.357E-01      0.276E+10     -0.990E+02     -0.990E+02
      0.724E-02      0.106E+01      0.357E-01      0.276E+10     -0.990E+02     -0.990E+02
      0.759E-02      0.106E+01      0.357E-01      0.276E+10     -0.990E+02     -0.990E+02
      0.794E-02      0.106E+01      0.357E-01      0.276E+10     -0.990E+02     -0.990E+02
      0.832E-02      0.106E+01      0.357E-01      0.276E+10     -0.990E+02     -0.990E+02
      0.871E-02      0.106E+01      0.357E-01      0.276E+10     -0.990E+02     -0.990E+02
      0.912E-02      0.106E+01      0.357E-01      0.276E+10     -0.990E+02     -0.990E+02
      0.955E-02      0.106E+01      0.357E-01      0.276E+10     -0.990E+02     -0.990E+02
      0.100E-01      0.106E+01      0.357E-01      0.276E+10      0.295E+00      0.201E+00
      0.105E-01      0.466E+00      0.251E+00      0.275E+10      0.295E+00      0.201E+00
      0.110E-01      0.464E+00      0.250E+00      0.275E+10      0.295E+00      0.201E+00
      0.115E-01      0.463E+00      0.249E+00      0.275E+10      0.295E+00      0.201E+00
      0.120E-01      0.462E+00      0.249E+00      0.274E+10      0.295E+00      0.201E+00
      0.126E-01      0.463E+00      0.249E+00      0.274E+10      0.295E+00      0.201E+00
      0.132E-01      0.465E+00      0.250E+00      0.274E+10      0.295E+00      0.201E+00
      0.138E-01      0.464E+00      0.249E+00      0.274E+10      0.295E+00      0.201E+00
      0.144E-01      0.460E+00      0.248E+00      0.274E+10      0.295E+00      0.201E+00
      0.151E-01      0.462E+00      0.248E+00      0.274E+10      0.295E+00      0.201E+00
      0.159E-01      0.463E+00      0.249E+00      0.274E+10      0.295E+00      0.201E+00
      0.166E-01      0.462E+00      0.249E+00      0.274E+10      0.295E+00      0.201E+00
      0.174E-01      0.463E+00      0.249E+00      0.274E+10      0.295E+00      0.201E+00
      0.182E-01      0.465E+00      0.250E+00      0.274E+10      0.295E+00      0.201E+00
      0.191E-01      0.465E+00      0.249E+00      0.274E+10      0.296E+00      0.201E+00
      0.200E-01      0.462E+00      0.248E+00      0.274E+10      0.296E+00      0.201E+00
      0.209E-01      0.461E+00      0.248E+00      0.274E+10      0.296E+00      0.201E+00
      0.219E-01      0.461E+00      0.247E+00      0.274E+10      0.296E+00      0.201E+00
      0.229E-01      0.462E+00      0.248E+00      0.274E+10      0.296E+00      0.201E+00
      0.240E-01      0.462E+00      0.248E+00      0.274E+10      0.296E+00      0.201E+00
      0.251E-01      0.463E+00      0.248E+00      0.274E+10      0.296E+00      0.201E+00
      0.263E-01      0.462E+00      0.248E+00      0.274E+10      0.296E+00      0.201E+00
      0.275E-01      0.461E+00      0.247E+00      0.274E+10      0.296E+00      0.201E+00
      0.290E-01      0.461E+00      0.247E+00      0.274E+10      0.296E+00      0.201E+00
      0.300E-01      0.461E+00      0.247E+00      0.274E+10      0.296E+00      0.201E+00
      0.310E-01      0.461E+00      0.247E+00      0.274E+10      0.296E+00      0.201E+00
      0.320E-01      0.461E+00      0.247E+00      0.274E+10      0.297E+00      0.201E+00
      0.330E-01      0.461E+00      0.247E+00      0.274E+10      0.297E+00      0.201E+00
      0.340E-01      0.460E+00      0.247E+00      0.274E+10      0.297E+00      0.201E+00
      0.350E-01      0.460E+00      0.247E+00      0.274E+10      0.297E+00      0.201E+00
      0.360E-01      0.460E+00      0.247E+00      0.274E+10      0.297E+00      0.201E+00
      0.370E-01      0.460E+00      0.246E+00      0.274E+10      0.297E+00      0.201E+00
      0.380E-01      0.460E+00      0.246E+00      0.274E+10      0.297E+00      0.201E+00
      0.390E-01      0.460E+00      0.246E+00      0.273E+10      0.297E+00      0.201E+00
      0.400E-01      0.459E+00      0.246E+00      0.273E+10      0.297E+00      0.201E+00
      0.425E-01      0.459E+00      0.246E+00      0.273E+10      0.297E+00      0.202E+00
      0.450E-01      0.458E+00      0.246E+00      0.273E+10      0.297E+00      0.202E+00
      0.475E-01      0.458E+00      0.246E+00      0.273E+10      0.298E+00      0.202E+00
      0.500E-01      0.458E+00      0.245E+00      0.273E+10      0.298E+00      0.202E+00
      0.525E-01      0.457E+00      0.245E+00      0.273E+10      0.298E+00      0.202E+00
      0.550E-01      0.457E+00      0.245E+00      0.273E+10      0.298E+00      0.202E+00
      0.571E-01      0.457E+00      0.245E+00      0.273E+10      0.298E+00      0.202E+00
      0.640E-01      0.456E+00      0.245E+00      0.273E+10      0.299E+00      0.203E+00
      0.719E-01      0.454E+00      0.244E+00      0.272E+10      0.299E+00      0.203E+00
      0.806E-01      0.453E+00      0.244E+00      0.272E+10      0.300E+00      0.204E+00
      0.905E-01      0.452E+00      0.244E+00      0.272E+10      0.301E+00      0.205E+00
      0.102E+00      0.451E+00      0.244E+00      0.271E+10      0.301E+00      0.206E+00
      0.114E+00      0.449E+00      0.244E+00      0.271E+10      0.302E+00      0.208E+00
      0.128E+00      0.447E+00      0.244E+00      0.271E+10      0.304E+00      0.210E+00
      0.143E+00      0.445E+00      0.244E+00      0.270E+10      0.305E+00      0.212E+00
      0.161E+00      0.443E+00      0.246E+00      0.270E+10      0.306E+00      0.216E+00
      0.181E+00      0.440E+00      0.248E+00      0.269E+10      0.308E+00      0.220E+00
      0.203E+00      0.438E+00      0.250E+00      0.268E+10      0.309E+00      0.224E+00
      0.227E+00      0.438E+00      0.248E+00      0.268E+10      0.311E+00      0.225E+00
      0.255E+00      0.438E+00      0.248E+00      0.267E+10      0.313E+00      0.227E+00
      0.286E+00      0.445E+00      0.249E+00      0.266E+10      0.314E+00      0.225E+00
      0.321E+00      0.453E+00      0.251E+00      0.265E+10      0.315E+00      0.224E+00
      0.360E+00      0.464E+00      0.256E+00      0.264E+10      0.317E+00      0.223E+00
      0.404E+00      0.477E+00      0.265E+00      0.262E+10      0.319E+00      0.224E+00
      0.453E+00      0.495E+00      0.273E+00      0.261E+10      0.322E+00      0.225E+00
      0.509E+00      0.528E+00      0.264E+00      0.259E+10      0.329E+00      0.210E+00
      0.571E+00      0.563E+00      0.259E+00      0.257E+10      0.336E+00      0.198E+00
      0.641E+00      0.600E+00      0.258E+00      0.254E+10      0.342E+00      0.188E+00
      0.719E+00      0.635E+00      0.267E+00      0.251E+10      0.344E+00      0.183E+00
      0.806E+00      0.648E+00      0.284E+00      0.248E+10      0.337E+00      0.184E+00
      0.905E+00      0.660E+00      0.305E+00      0.244E+10      0.328E+00      0.188E+00
      0.102E+01      0.655E+00      0.315E+00      0.239E+10      0.319E+00      0.193E+00
      0.114E+01      0.643E+00      0.325E+00      0.234E+10      0.308E+00      0.201E+00
      0.128E+01      0.890E+00      0.325E+00      0.228E+10      0.289E+00      0.144E+00
      0.143E+01      0.134E+01      0.375E+00      0.220E+10      0.280E+00      0.109E+00
      0.161E+01      0.114E+01      0.338E+00      0.205E+10      0.248E+00      0.992E-01
      0.168E+01      0.107E+01      0.368E+00      0.197E+10      0.229E+00      0.111E+00
      0.170E+01      0.105E+01      0.378E+00      0.193E+10      0.224E+00      0.114E+00
      0.180E+01      0.106E+01      0.350E+00      0.189E+10      0.214E+00      0.104E+00
      0.190E+01      0.979E+00      0.302E+00      0.183E+10      0.201E+00      0.946E-01
      0.200E+01      0.902E+00      0.297E+00      0.177E+10      0.189E+00      0.968E-01
      0.210E+01      0.881E+00      0.326E+00      0.171E+10      0.183E+00      0.105E+00
      0.220E+01      0.882E+00      0.357E+00      0.166E+10      0.181E+00      0.115E+00
      0.230E+01      0.114E+01      0.429E+00      0.160E+10      0.180E+00      0.109E+00
      0.240E+01      0.143E+01      0.510E+00      0.153E+10      0.176E+00      0.100E+00
      0.250E+01      0.171E+01      0.526E+00      0.144E+10      0.159E+00      0.805E-01
      0.260E+01      0.193E+01      0.498E+00      0.134E+10      0.138E+00      0.613E-01
      0.275E+01      0.187E+01      0.494E+00      0.119E+10      0.114E+00      0.514E-01
      0.300E+01      0.864E+00      0.357E+00      0.961E+09      0.856E-01      0.902E-01
      0.325E+01      0.987E+00      0.355E+00      0.830E+09      0.111E+00      0.103E+00
      0.350E+01      0.136E+01      0.414E+00      0.681E+09      0.991E-01      0.699E-01
      0.375E+01      0.134E+01      0.278E+00      0.477E+09      0.547E-01      0.444E-01
      0.400E+01      0.959E+00      0.193E+00      0.278E+09     -0.557E-02      0.465E-01
      0.425E+01      0.462E+00      0.187E+00      0.136E+09     -0.575E-01      0.122E+00
      0.450E+01      0.266E+00      0.139E+00      0.676E+08     -0.105E+00      0.217E+00
      0.475E+01      0.132E+00      0.861E-01      0.286E+08     -0.933E-01      0.260E+00
      0.500E+01      0.506E-01      0.717E-01      0.926E+07     -0.364E+00      0.734E+00
      0.525E+01      0.105E-01      0.513E-01      0.196E+07     -0.431E+00      0.265E+01
      0.550E+01      0.268E-02      0.151E-01      0.450E+06     -0.543E+00      0.407E+01
      0.575E+01      0.467E-03      0.234E-02      0.661E+05     -0.934E+00      0.631E+01
      0.600E+01      0.000E+00      0.101E-24      0.000E+00     -0.104E+01            NaN
      0.625E+01      0.000E+00      0.000E+00      0.000E+00     -0.990E+02     -0.990E+02
      0.650E+01      0.000E+00      0.000E+00      0.000E+00     -0.990E+02     -0.990E+02
      0.675E+01      0.000E+00      0.000E+00      0.000E+00     -0.990E+02     -0.990E+02
      0.700E+01      0.000E+00      0.000E+00      0.000E+00     -0.990E+02     -0.990E+02
      0.725E+01      0.000E+00      0.000E+00      0.000E+00     -0.990E+02     -0.990E+02
      0.750E+01      0.000E+00      0.000E+00      0.000E+00     -0.990E+02     -0.990E+02
      0.775E+01      0.000E+00      0.000E+00      0.000E+00     -0.990E+02     -0.990E+02
      0.800E+01      0.000E+00      0.000E+00      0.000E+00     -0.990E+02     -0.990E+02
      0.825E+01      0.000E+00      0.000E+00      0.000E+00     -0.990E+02     -0.990E+02
      0.850E+01      0.000E+00      0.000E+00      0.000E+00     -0.990E+02     -0.990E+02
      0.875E+01      0.000E+00      0.000E+00      0.000E+00     -0.990E+02     -0.990E+02
      0.900E+01      0.000E+00      0.000E+00      0.000E+00     -0.990E+02     -0.990E+02
      0.925E+01      0.000E+00      0.000E+00      0.000E+00     -0.990E+02     -0.990E+02
      0.950E+01      0.000E+00      0.000E+00      0.000E+00     -0.990E+02     -0.990E+02
      0.975E+01      0.000E+00      0.000E+00      0.000E+00     -0.990E+02     -0.990E+02
      0.100E+02      0.000E+00      0.000E+00      0.000E+00     -0.990E+02     -0.990E+02
      0.102E+02      0.000E+00      0.000E+00      0.000E+00     -0.990E+02     -0.990E+02
      0.105E+02      0.000E+00      0.000E+00      0.000E+00     -0.990E+02     -0.990E+02
      0.108E+02      0.000E+00      0.000E+00      0.000E+00     -0.990E+02     -0.990E+02
      0.110E+02      0.000E+00      0.000E+00      0.000E+00     -0.990E+02     -0.990E+02
      0.112E+02      0.000E+00      0.000E+00      0.000E+00     -0.990E+02     -0.990E+02
      0.115E+02      0.000E+00      0.000E+00      0.000E+00     -0.990E+02     -0.990E+02
      0.118E+02      0.000E+00      0.000E+00      0.000E+00     -0.990E+02     -0.990E+02
      0.120E+02      0.000E+00      0.000E+00      0.000E+00     -0.990E+02     -0.990E+02
      0.122E+02      0.000E+00      0.000E+00      0.000E+00     -0.990E+02     -0.990E+02
      0.125E+02      0.000E+00      0.000E+00      0.000E+00     -0.990E+02     -0.990E+02
      0.128E+02      0.000E+00      0.000E+00      0.000E+00     -0.990E+02     -0.990E+02
      0.130E+02      0.000E+00      0.000E+00      0.000E+00     -0.990E+02     -0.990E+02
      0.132E+02      0.000E+00      0.000E+00      0.000E+00     -0.990E+02     -0.990E+02
      0.135E+02      0.000E+00      0.000E+00      0.000E+00     -0.990E+02     -0.990E+02
      0.138E+02      0.000E+00      0.000E+00      0.000E+00     -0.990E+02     -0.990E+02
      0.140E+02      0.000E+00      0.000E+00      0.000E+00     -0.990E+02     -0.990E+02
      0.142E+02      0.000E+00      0.000E+00      0.000E+00     -0.990E+02     -0.990E+02
      0.145E+02      0.000E+00      0.000E+00      0.000E+00     -0.990E+02     -0.990E+02
      0.148E+02      0.000E+00      0.000E+00      0.000E+00     -0.990E+02     -0.990E+02
      0.150E+02      0.000E+00      0.000E+00      0.000E+00     -0.990E+02     -0.990E+02
      0.152E+02      0.000E+00      0.000E+00      0.000E+00     -0.990E+02     -0.990E+02
      0.155E+02      0.000E+00      0.000E+00      0.000E+00     -0.990E+02     -0.990E+02
      0.158E+02      0.000E+00      0.000E+00      0.000E+00     -0.990E+02     -0.990E+02
      0.160E+02      0.000E+00      0.000E+00      0.000E+00     -0.990E+02     -0.990E+02
      0.162E+02      0.000E+00      0.000E+00      0.000E+00     -0.990E+02     -0.990E+02
      0.165E+02      0.000E+00      0.000E+00      0.000E+00     -0.990E+02     -0.990E+02
      0.168E+02      0.000E+00      0.000E+00      0.000E+00     -0.990E+02     -0.990E+02
      0.170E+02      0.000E+00      0.000E+00      0.000E+00     -0.990E+02     -0.990E+02
      0.172E+02      0.000E+00      0.000E+00      0.000E+00     -0.990E+02     -0.990E+02
      0.175E+02      0.000E+00      0.000E+00      0.000E+00     -0.990E+02     -0.990E+02
      0.178E+02      0.000E+00      0.000E+00      0.000E+00     -0.990E+02     -0.990E+02
      0.180E+02      0.000E+00      0.000E+00      0.000E+00     -0.990E+02     -0.990E+02
      0.182E+02      0.000E+00      0.000E+00      0.000E+00     -0.990E+02     -0.990E+02
      0.185E+02      0.000E+00      0.000E+00      0.000E+00     -0.990E+02     -0.990E+02
      0.188E+02      0.000E+00      0.000E+00      0.000E+00     -0.990E+02     -0.990E+02
      0.190E+02      0.000E+00      0.000E+00      0.000E+00     -0.990E+02     -0.990E+02
      0.192E+02      0.000E+00      0.000E+00      0.000E+00     -0.990E+02     -0.990E+02
      0.195E+02      0.000E+00      0.000E+00      0.000E+00     -0.990E+02     -0.990E+02
      0.198E+02      0.000E+00      0.000E+00      0.000E+00     -0.990E+02     -0.990E+02
      0.200E+02      0.000E+00      0.000E+00      0.000E+00     -0.990E+02     -0.990E+02
