      0.000E+00      0.137E+01      0.253E+00      0.973E+09     -0.990E+02     -0.990E+02
      0.100E-03      0.137E+01      0.253E+00      0.973E+09     -0.990E+02     -0.990E+02
      0.140E-03      0.137E+01      0.253E+00      0.973E+09     -0.990E+02     -0.990E+02
      0.160E-03      0.137E+01      0.253E+00      0.973E+09     -0.990E+02     -0.990E+02
      0.180E-03      0.137E+01      0.253E+00      0.973E+09     -0.990E+02     -0.990E+02
      0.200E-03      0.137E+01      0.253E+00      0.973E+09     -0.990E+02     -0.990E+02
      0.220E-03      0.137E+01      0.253E+00      0.973E+09     -0.990E+02     -0.990E+02
      0.250E-03      0.137E+01      0.253E+00      0.973E+09     -0.990E+02     -0.990E+02
      0.280E-03      0.137E+01      0.253E+00      0.973E+09     -0.990E+02     -0.990E+02
      0.320E-03      0.137E+01      0.253E+00      0.973E+09     -0.990E+02     -0.990E+02
      0.350E-03      0.137E+01      0.253E+00      0.973E+09     -0.990E+02     -0.990E+02
      0.400E-03      0.137E+01      0.253E+00      0.973E+09     -0.990E+02     -0.990E+02
      0.450E-03      0.137E+01      0.253E+00      0.973E+09     -0.990E+02     -0.990E+02
      0.500E-03      0.137E+01      0.253E+00      0.973E+09     -0.990E+02     -0.990E+02
      0.560E-03      0.137E+01      0.253E+00      0.973E+09     -0.990E+02     -0.990E+02
      0.630E-03      0.137E+01      0.253E+00      0.973E+09     -0.990E+02     -0.990E+02
      0.710E-03      0.137E+01      0.253E+00      0.973E+09     -0.990E+02     -0.990E+02
      0.790E-03      0.137E+01      0.253E+00      0.973E+09     -0.990E+02     -0.990E+02
      0.890E-03      0.137E+01      0.253E+00      0.973E+09     -0.990E+02     -0.990E+02
      0.100E-02      0.137E+01      0.253E+00      0.973E+09     -0.990E+02     -0.990E+02
      0.105E-02      0.137E+01      0.253E+00      0.973E+09     -0.990E+02     -0.990E+02
      0.110E-02      0.137E+01      0.253E+00      0.973E+09     -0.990E+02     -0.990E+02
      0.115E-02      0.137E+01      0.253E+00      0.973E+09     -0.990E+02     -0.990E+02
      0.120E-02      0.137E+01      0.253E+00      0.973E+09     -0.990E+02     -0.990E+02
      0.126E-02      0.137E+01      0.253E+00      0.973E+09     -0.990E+02     -0.990E+02
      0.132E-02      0.137E+01      0.253E+00      0.973E+09     -0.990E+02     -0.990E+02
      0.138E-02      0.137E+01      0.253E+00      0.973E+09     -0.990E+02     -0.990E+02
      0.145E-02      0.137E+01      0.253E+00      0.973E+09     -0.990E+02     -0.990E+02
      0.151E-02      0.137E+01      0.253E+00      0.973E+09     -0.990E+02     -0.990E+02
      0.158E-02      0.137E+01      0.253E+00      0.973E+09     -0.990E+02     -0.990E+02
      0.166E-02      0.137E+01      0.253E+00      0.973E+09     -0.990E+02     -0.990E+02
      0.174E-02      0.137E+01      0.253E+00      0.973E+09     -0.990E+02     -0.990E+02
      0.182E-02      0.137E+01      0.253E+00      0.973E+09     -0.990E+02     -0.990E+02
      0.191E-02      0.137E+01      0.253E+00      0.973E+09     -0.990E+02     -0.990E+02
      0.200E-02      0.137E+01      0.253E+00      0.973E+09     -0.990E+02     -0.990E+02
      0.209E-02      0.137E+01      0.253E+00      0.973E+09     -0.990E+02     -0.990E+02
      0.219E-02      0.137E+01      0.253E+00      0.973E+09     -0.990E+02     -0.990E+02
      0.229E-02      0.137E+01      0.253E+00      0.973E+09     -0.990E+02     -0.990E+02
      0.240E-02      0.137E+01      0.253E+00      0.973E+09     -0.990E+02     -0.990E+02
      0.251E-02      0.137E+01      0.253E+00      0.973E+09     -0.990E+02     -0.990E+02
      0.263E-02      0.137E+01      0.253E+00      0.973E+09     -0.990E+02     -0.990E+02
      0.275E-02      0.137E+01      0.253E+00      0.973E+09     -0.990E+02     -0.990E+02
      0.288E-02      0.137E+01      0.253E+00      0.973E+09     -0.990E+02     -0.990E+02
      0.302E-02      0.137E+01      0.253E+00      0.973E+09     -0.990E+02     -0.990E+02
      0.316E-02      0.137E+01      0.253E+00      0.973E+09     -0.990E+02     -0.990E+02
      0.331E-02      0.137E+01      0.253E+00      0.973E+09     -0.990E+02     -0.990E+02
      0.347E-02      0.137E+01      0.253E+00      0.973E+09     -0.990E+02     -0.990E+02
      0.363E-02      0.137E+01      0.253E+00      0.973E+09     -0.990E+02     -0.990E+02
      0.380E-02      0.137E+01      0.253E+00      0.973E+09     -0.990E+02     -0.990E+02
      0.398E-02      0.137E+01      0.253E+00      0.973E+09     -0.990E+02     -0.990E+02
      0.417E-02      0.137E+01      0.253E+00      0.973E+09     -0.990E+02     -0.990E+02
      0.437E-02      0.137E+01      0.253E+00      0.973E+09     -0.990E+02     -0.990E+02
      0.457E-02      0.137E+01      0.253E+00      0.973E+09     -0.990E+02     -0.990E+02
      0.479E-02      0.137E+01      0.253E+00      0.973E+09     -0.990E+02     -0.990E+02
      0.501E-02      0.137E+01      0.253E+00      0.973E+09     -0.990E+02     -0.990E+02
      0.525E-02      0.137E+01      0.253E+00      0.973E+09     -0.990E+02     -0.990E+02
      0.550E-02      0.137E+01      0.253E+00      0.973E+09     -0.990E+02     -0.990E+02
      0.575E-02      0.137E+01      0.253E+00      0.973E+09     -0.990E+02     -0.990E+02
      0.603E-02      0.137E+01      0.253E+00      0.973E+09     -0.990E+02     -0.990E+02
      0.631E-02      0.137E+01      0.253E+00      0.973E+09     -0.990E+02     -0.990E+02
      0.661E-02      0.137E+01      0.253E+00      0.973E+09     -0.990E+02     -0.990E+02
      0.692E-02      0.137E+01      0.253E+00      0.973E+09     -0.990E+02     -0.990E+02
      0.724E-02      0.137E+01      0.253E+00      0.973E+09     -0.990E+02     -0.990E+02
      0.759E-02      0.137E+01      0.253E+00      0.973E+09     -0.990E+02     -0.990E+02
      0.794E-02      0.137E+01      0.253E+00      0.973E+09     -0.990E+02     -0.990E+02
      0.832E-02      0.137E+01      0.253E+00      0.973E+09     -0.990E+02     -0.990E+02
      0.871E-02      0.137E+01      0.253E+00      0.973E+09     -0.990E+02     -0.990E+02
      0.912E-02      0.137E+01      0.253E+00      0.973E+09     -0.990E+02     -0.990E+02
      0.955E-02      0.137E+01      0.253E+00      0.973E+09     -0.990E+02     -0.990E+02
      0.100E-01      0.137E+01      0.253E+00      0.973E+09     -0.286E+00      0.252E+00
      0.105E-01      0.698E+00      0.532E+00      0.959E+09     -0.286E+00      0.252E+00
      0.110E-01      0.693E+00      0.528E+00      0.959E+09     -0.287E+00      0.253E+00
      0.115E-01      0.690E+00      0.525E+00      0.958E+09     -0.287E+00      0.253E+00
      0.120E-01      0.689E+00      0.525E+00      0.958E+09     -0.288E+00      0.253E+00
      0.126E-01      0.689E+00      0.524E+00      0.958E+09     -0.288E+00      0.253E+00
      0.132E-01      0.693E+00      0.527E+00      0.957E+09     -0.288E+00      0.253E+00
      0.138E-01      0.690E+00      0.524E+00      0.957E+09     -0.288E+00      0.254E+00
      0.144E-01      0.684E+00      0.520E+00      0.957E+09     -0.289E+00      0.254E+00
      0.151E-01      0.685E+00      0.520E+00      0.956E+09     -0.289E+00      0.254E+00
      0.159E-01      0.686E+00      0.520E+00      0.956E+09     -0.289E+00      0.254E+00
      0.166E-01      0.684E+00      0.519E+00      0.955E+09     -0.290E+00      0.255E+00
      0.174E-01      0.684E+00      0.518E+00      0.955E+09     -0.290E+00      0.255E+00
      0.182E-01      0.685E+00      0.519E+00      0.954E+09     -0.290E+00      0.255E+00
      0.191E-01      0.683E+00      0.517E+00      0.954E+09     -0.291E+00      0.255E+00
      0.200E-01      0.679E+00      0.514E+00      0.953E+09     -0.291E+00      0.255E+00
      0.209E-01      0.677E+00      0.512E+00      0.953E+09     -0.292E+00      0.256E+00
      0.219E-01      0.676E+00      0.510E+00      0.952E+09     -0.293E+00      0.256E+00
      0.229E-01      0.675E+00      0.510E+00      0.952E+09     -0.293E+00      0.256E+00
      0.240E-01      0.674E+00      0.508E+00      0.951E+09     -0.294E+00      0.257E+00
      0.251E-01      0.673E+00      0.507E+00      0.951E+09     -0.294E+00      0.257E+00
      0.263E-01      0.671E+00      0.505E+00      0.950E+09     -0.295E+00      0.258E+00
      0.275E-01      0.668E+00      0.502E+00      0.949E+09     -0.296E+00      0.258E+00
      0.290E-01      0.666E+00      0.500E+00      0.948E+09     -0.297E+00      0.258E+00
      0.300E-01      0.665E+00      0.499E+00      0.948E+09     -0.297E+00      0.258E+00
      0.310E-01      0.663E+00      0.497E+00      0.947E+09     -0.297E+00      0.259E+00
      0.320E-01      0.662E+00      0.496E+00      0.947E+09     -0.298E+00      0.259E+00
      0.330E-01      0.661E+00      0.495E+00      0.946E+09     -0.298E+00      0.259E+00
      0.340E-01      0.659E+00      0.493E+00      0.946E+09     -0.299E+00      0.259E+00
      0.350E-01      0.657E+00      0.491E+00      0.945E+09     -0.300E+00      0.260E+00
      0.360E-01      0.656E+00      0.490E+00      0.945E+09     -0.300E+00      0.260E+00
      0.370E-01      0.655E+00      0.488E+00      0.944E+09     -0.301E+00      0.260E+00
      0.380E-01      0.653E+00      0.486E+00      0.943E+09     -0.301E+00      0.261E+00
      0.390E-01      0.652E+00      0.485E+00      0.943E+09     -0.302E+00      0.261E+00
      0.400E-01      0.650E+00      0.484E+00      0.942E+09     -0.302E+00      0.261E+00
      0.425E-01      0.646E+00      0.479E+00      0.941E+09     -0.304E+00      0.262E+00
      0.450E-01      0.642E+00      0.475E+00      0.940E+09     -0.305E+00      0.263E+00
      0.475E-01      0.639E+00      0.472E+00      0.939E+09     -0.307E+00      0.264E+00
      0.500E-01      0.635E+00      0.468E+00      0.938E+09     -0.308E+00      0.264E+00
      0.525E-01      0.631E+00      0.464E+00      0.936E+09     -0.309E+00      0.265E+00
      0.550E-01      0.628E+00      0.461E+00      0.935E+09     -0.311E+00      0.266E+00
      0.571E-01      0.624E+00      0.458E+00      0.934E+09     -0.312E+00      0.266E+00
      0.640E-01      0.614E+00      0.447E+00      0.932E+09     -0.316E+00      0.268E+00
      0.719E-01      0.603E+00      0.435E+00      0.928E+09     -0.321E+00      0.271E+00
      0.806E-01      0.590E+00      0.423E+00      0.924E+09     -0.327E+00      0.274E+00
      0.905E-01      0.575E+00      0.408E+00      0.920E+09     -0.333E+00      0.277E+00
      0.102E+00      0.558E+00      0.392E+00      0.915E+09     -0.341E+00      0.281E+00
      0.114E+00      0.539E+00      0.374E+00      0.910E+09     -0.350E+00      0.286E+00
      0.128E+00      0.519E+00      0.354E+00      0.905E+09     -0.361E+00      0.292E+00
      0.143E+00      0.495E+00      0.332E+00      0.899E+09     -0.375E+00      0.298E+00
      0.161E+00      0.470E+00      0.308E+00      0.893E+09     -0.392E+00      0.307E+00
      0.181E+00      0.440E+00      0.282E+00      0.887E+09     -0.414E+00      0.318E+00
      0.203E+00      0.407E+00      0.254E+00      0.880E+09     -0.441E+00      0.334E+00
      0.227E+00      0.369E+00      0.224E+00      0.873E+09     -0.480E+00      0.356E+00
      0.255E+00      0.338E+00      0.197E+00      0.866E+09     -0.516E+00      0.374E+00
      0.286E+00      0.321E+00      0.181E+00      0.859E+09     -0.529E+00      0.373E+00
      0.321E+00      0.299E+00      0.162E+00      0.851E+09     -0.541E+00      0.369E+00
      0.360E+00      0.276E+00      0.141E+00      0.844E+09     -0.557E+00      0.364E+00
      0.404E+00      0.249E+00      0.119E+00      0.836E+09     -0.579E+00      0.359E+00
      0.453E+00      0.219E+00      0.952E-01      0.828E+09     -0.609E+00      0.358E+00
      0.509E+00      0.195E+00      0.810E-01      0.820E+09     -0.624E+00      0.362E+00
      0.571E+00      0.189E+00      0.794E-01      0.812E+09     -0.602E+00      0.342E+00
      0.641E+00      0.184E+00      0.788E-01      0.804E+09     -0.575E+00      0.319E+00
      0.719E+00      0.179E+00      0.802E-01      0.794E+09     -0.543E+00      0.307E+00
      0.806E+00      0.180E+00      0.870E-01      0.784E+09     -0.511E+00      0.311E+00
      0.905E+00      0.189E+00      0.970E-01      0.773E+09     -0.493E+00      0.324E+00
      0.102E+01      0.198E+00      0.109E+00      0.760E+09     -0.477E+00      0.342E+00
      0.114E+01      0.234E+00      0.123E+00      0.745E+09     -0.526E+00      0.371E+00
      0.128E+01      0.273E+00      0.137E+00      0.725E+09     -0.570E+00      0.391E+00
      0.143E+01      0.273E+00      0.122E+00      0.700E+09     -0.563E+00      0.336E+00
      0.161E+01      0.255E+00      0.125E+00      0.671E+09     -0.582E+00      0.388E+00
      0.168E+01      0.242E+00      0.110E+00      0.652E+09     -0.600E+00      0.365E+00
      0.170E+01      0.238E+00      0.105E+00      0.645E+09     -0.606E+00      0.360E+00
      0.180E+01      0.242E+00      0.927E-01      0.636E+09     -0.643E+00      0.333E+00
      0.190E+01      0.298E+00      0.114E+00      0.621E+09     -0.709E+00      0.401E+00
      0.200E+01      0.353E+00      0.162E+00      0.603E+09     -0.754E+00      0.522E+00
      0.210E+01      0.344E+00      0.145E+00      0.581E+09     -0.764E+00      0.475E+00
      0.220E+01      0.315E+00      0.114E+00      0.560E+09     -0.766E+00      0.394E+00
      0.230E+01      0.286E+00      0.997E-01      0.541E+09     -0.777E+00      0.375E+00
      0.240E+01      0.265E+00      0.944E-01      0.524E+09     -0.796E+00      0.398E+00
      0.250E+01      0.244E+00      0.928E-01      0.508E+09     -0.818E+00      0.438E+00
      0.260E+01      0.249E+00      0.104E+00      0.494E+09     -0.828E+00      0.493E+00
      0.275E+01      0.265E+00      0.129E+00      0.475E+09     -0.846E+00      0.598E+00
      0.300E+01      0.301E+00      0.167E+00      0.444E+09     -0.915E+00      0.802E+00
      0.325E+01      0.295E+00      0.173E+00      0.399E+09     -0.911E+00      0.855E+00
      0.350E+01      0.331E+00      0.124E+00      0.356E+09     -0.850E+00      0.453E+00
      0.375E+01      0.288E+00      0.111E+00      0.308E+09     -0.902E+00      0.489E+00
      0.400E+01      0.248E+00      0.869E-01      0.266E+09     -0.908E+00      0.444E+00
      0.425E+01      0.232E+00      0.887E-01      0.230E+09     -0.934E+00      0.510E+00
      0.450E+01      0.320E+00      0.935E-01      0.197E+09     -0.104E+01      0.431E+00
      0.475E+01      0.211E+00      0.877E-01      0.152E+09     -0.100E+01      0.599E+00
      0.500E+01      0.294E+00      0.103E+00      0.122E+09     -0.109E+01      0.549E+00
      0.525E+01      0.236E+00      0.818E-01      0.800E+08     -0.115E+01      0.562E+00
      0.550E+01      0.194E+00      0.612E-01      0.466E+08     -0.160E+01      0.660E+00
      0.575E+01      0.999E-01      0.502E-01      0.187E+08     -0.206E+01      0.118E+01
      0.600E+01      0.206E-01      0.261E-01      0.449E+07     -0.146E+01      0.210E+01
      0.625E+01      0.999E-02      0.207E-01      0.156E+07     -0.603E+00      0.167E+01
      0.650E+01      0.926E-03      0.211E-02      0.134E+06     -0.119E+01      0.349E+01
      0.675E+01      0.135E-04      0.929E-03      0.346E+04     -0.139E+01      0.110E+03
      0.700E+01      0.642E-05      0.437E-03      0.157E+04     -0.112E+01      0.101E+03
      0.725E+01      0.480E-05      0.310E-03      0.675E+03     -0.158E+01      0.139E+03
      0.750E+01      0.166E-07      0.816E-05      0.231E+01     -0.149E+01      0.963E+03
      0.775E+01      0.474E-21      0.205E-12      0.672E-13     -0.162E+01       Infinity
      0.800E+01      0.479E-30      0.135E-16      0.670E-22     -0.257E+01       Infinity
      0.825E+01      0.000E+00      0.000E+00      0.000E+00     -0.990E+02     -0.990E+02
      0.850E+01      0.000E+00      0.000E+00      0.000E+00     -0.990E+02     -0.990E+02
      0.875E+01      0.000E+00      0.000E+00      0.000E+00     -0.990E+02     -0.990E+02
      0.900E+01      0.000E+00      0.000E+00      0.000E+00     -0.990E+02     -0.990E+02
      0.925E+01      0.000E+00      0.000E+00      0.000E+00     -0.990E+02     -0.990E+02
      0.950E+01      0.000E+00      0.000E+00      0.000E+00     -0.990E+02     -0.990E+02
      0.975E+01      0.000E+00      0.000E+00      0.000E+00     -0.990E+02     -0.990E+02
      0.100E+02      0.000E+00      0.000E+00      0.000E+00     -0.990E+02     -0.990E+02
      0.102E+02      0.000E+00      0.000E+00      0.000E+00     -0.990E+02     -0.990E+02
      0.105E+02      0.000E+00      0.000E+00      0.000E+00     -0.990E+02     -0.990E+02
      0.108E+02      0.000E+00      0.000E+00      0.000E+00     -0.990E+02     -0.990E+02
      0.110E+02      0.000E+00      0.000E+00      0.000E+00     -0.990E+02     -0.990E+02
      0.112E+02      0.000E+00      0.000E+00      0.000E+00     -0.990E+02     -0.990E+02
      0.115E+02      0.000E+00      0.000E+00      0.000E+00     -0.990E+02     -0.990E+02
      0.118E+02      0.000E+00      0.000E+00      0.000E+00     -0.990E+02     -0.990E+02
      0.120E+02      0.000E+00      0.000E+00      0.000E+00     -0.990E+02     -0.990E+02
      0.122E+02      0.000E+00      0.000E+00      0.000E+00     -0.990E+02     -0.990E+02
      0.125E+02      0.000E+00      0.000E+00      0.000E+00     -0.990E+02     -0.990E+02
      0.128E+02      0.000E+00      0.000E+00      0.000E+00     -0.990E+02     -0.990E+02
      0.130E+02      0.000E+00      0.000E+00      0.000E+00     -0.990E+02     -0.990E+02
      0.132E+02      0.000E+00      0.000E+00      0.000E+00     -0.990E+02     -0.990E+02
      0.135E+02      0.000E+00      0.000E+00      0.000E+00     -0.990E+02     -0.990E+02
      0.138E+02      0.000E+00      0.000E+00      0.000E+00     -0.990E+02     -0.990E+02
      0.140E+02      0.000E+00      0.000E+00      0.000E+00     -0.990E+02     -0.990E+02
      0.142E+02      0.000E+00      0.000E+00      0.000E+00     -0.990E+02     -0.990E+02
      0.145E+02      0.000E+00      0.000E+00      0.000E+00     -0.990E+02     -0.990E+02
      0.148E+02      0.000E+00      0.000E+00      0.000E+00     -0.990E+02     -0.990E+02
      0.150E+02      0.000E+00      0.000E+00      0.000E+00     -0.990E+02     -0.990E+02
      0.152E+02      0.000E+00      0.000E+00      0.000E+00     -0.990E+02     -0.990E+02
      0.155E+02      0.000E+00      0.000E+00      0.000E+00     -0.990E+02     -0.990E+02
      0.158E+02      0.000E+00      0.000E+00      0.000E+00     -0.990E+02     -0.990E+02
      0.160E+02      0.000E+00      0.000E+00      0.000E+00     -0.990E+02     -0.990E+02
      0.162E+02      0.000E+00      0.000E+00      0.000E+00     -0.990E+02     -0.990E+02
      0.165E+02      0.000E+00      0.000E+00      0.000E+00     -0.990E+02     -0.990E+02
      0.168E+02      0.000E+00      0.000E+00      0.000E+00     -0.990E+02     -0.990E+02
      0.170E+02      0.000E+00      0.000E+00      0.000E+00     -0.990E+02     -0.990E+02
      0.172E+02      0.000E+00      0.000E+00      0.000E+00     -0.990E+02     -0.990E+02
      0.175E+02      0.000E+00      0.000E+00      0.000E+00     -0.990E+02     -0.990E+02
      0.178E+02      0.000E+00      0.000E+00      0.000E+00     -0.990E+02     -0.990E+02
      0.180E+02      0.000E+00      0.000E+00      0.000E+00     -0.990E+02     -0.990E+02
      0.182E+02      0.000E+00      0.000E+00      0.000E+00     -0.990E+02     -0.990E+02
      0.185E+02      0.000E+00      0.000E+00      0.000E+00     -0.990E+02     -0.990E+02
      0.188E+02      0.000E+00      0.000E+00      0.000E+00     -0.990E+02     -0.990E+02
      0.190E+02      0.000E+00      0.000E+00      0.000E+00     -0.990E+02     -0.990E+02
      0.192E+02      0.000E+00      0.000E+00      0.000E+00     -0.990E+02     -0.990E+02
      0.195E+02      0.000E+00      0.000E+00      0.000E+00     -0.990E+02     -0.990E+02
      0.198E+02      0.000E+00      0.000E+00      0.000E+00     -0.990E+02     -0.990E+02
      0.200E+02      0.000E+00      0.000E+00      0.000E+00     -0.990E+02     -0.990E+02
