      0.000E+00      0.983E+00      0.985E+00      0.212E+10     -0.990E+02     -0.990E+02
      0.100E-03      0.983E+00      0.985E+00      0.212E+10     -0.990E+02     -0.990E+02
      0.140E-03      0.983E+00      0.985E+00      0.212E+10     -0.990E+02     -0.990E+02
      0.160E-03      0.983E+00      0.985E+00      0.212E+10     -0.990E+02     -0.990E+02
      0.180E-03      0.983E+00      0.985E+00      0.212E+10     -0.990E+02     -0.990E+02
      0.200E-03      0.983E+00      0.985E+00      0.212E+10     -0.990E+02     -0.990E+02
      0.220E-03      0.983E+00      0.985E+00      0.212E+10     -0.990E+02     -0.990E+02
      0.250E-03      0.983E+00      0.985E+00      0.212E+10     -0.990E+02     -0.990E+02
      0.280E-03      0.983E+00      0.985E+00      0.212E+10     -0.990E+02     -0.990E+02
      0.320E-03      0.983E+00      0.985E+00      0.212E+10     -0.990E+02     -0.990E+02
      0.350E-03      0.983E+00      0.985E+00      0.212E+10     -0.990E+02     -0.990E+02
      0.400E-03      0.983E+00      0.985E+00      0.212E+10     -0.990E+02     -0.990E+02
      0.450E-03      0.983E+00      0.985E+00      0.212E+10     -0.990E+02     -0.990E+02
      0.500E-03      0.983E+00      0.985E+00      0.212E+10     -0.990E+02     -0.990E+02
      0.560E-03      0.983E+00      0.985E+00      0.212E+10     -0.990E+02     -0.990E+02
      0.630E-03      0.983E+00      0.985E+00      0.212E+10     -0.990E+02     -0.990E+02
      0.710E-03      0.983E+00      0.985E+00      0.212E+10     -0.990E+02     -0.990E+02
      0.790E-03      0.983E+00      0.985E+00      0.212E+10     -0.990E+02     -0.990E+02
      0.890E-03      0.983E+00      0.985E+00      0.212E+10     -0.990E+02     -0.990E+02
      0.100E-02      0.983E+00      0.985E+00      0.212E+10     -0.990E+02     -0.990E+02
      0.105E-02      0.983E+00      0.985E+00      0.212E+10     -0.990E+02     -0.990E+02
      0.110E-02      0.983E+00      0.985E+00      0.212E+10     -0.990E+02     -0.990E+02
      0.115E-02      0.983E+00      0.985E+00      0.212E+10     -0.990E+02     -0.990E+02
      0.120E-02      0.983E+00      0.985E+00      0.212E+10     -0.990E+02     -0.990E+02
      0.126E-02      0.983E+00      0.985E+00      0.212E+10     -0.990E+02     -0.990E+02
      0.132E-02      0.983E+00      0.985E+00      0.212E+10     -0.990E+02     -0.990E+02
      0.138E-02      0.983E+00      0.985E+00      0.212E+10     -0.990E+02     -0.990E+02
      0.145E-02      0.983E+00      0.985E+00      0.212E+10     -0.990E+02     -0.990E+02
      0.151E-02      0.983E+00      0.985E+00      0.212E+10     -0.990E+02     -0.990E+02
      0.158E-02      0.983E+00      0.985E+00      0.212E+10     -0.990E+02     -0.990E+02
      0.166E-02      0.983E+00      0.985E+00      0.212E+10     -0.990E+02     -0.990E+02
      0.174E-02      0.983E+00      0.985E+00      0.212E+10     -0.990E+02     -0.990E+02
      0.182E-02      0.983E+00      0.985E+00      0.212E+10     -0.990E+02     -0.990E+02
      0.191E-02      0.983E+00      0.985E+00      0.212E+10     -0.990E+02     -0.990E+02
      0.200E-02      0.983E+00      0.985E+00      0.212E+10     -0.990E+02     -0.990E+02
      0.209E-02      0.983E+00      0.985E+00      0.212E+10     -0.990E+02     -0.990E+02
      0.219E-02      0.983E+00      0.985E+00      0.212E+10     -0.990E+02     -0.990E+02
      0.229E-02      0.983E+00      0.985E+00      0.212E+10     -0.990E+02     -0.990E+02
      0.240E-02      0.983E+00      0.985E+00      0.212E+10     -0.990E+02     -0.990E+02
      0.251E-02      0.983E+00      0.985E+00      0.212E+10     -0.990E+02     -0.990E+02
      0.263E-02      0.983E+00      0.985E+00      0.212E+10     -0.990E+02     -0.990E+02
      0.275E-02      0.983E+00      0.985E+00      0.212E+10     -0.990E+02     -0.990E+02
      0.288E-02      0.983E+00      0.985E+00      0.212E+10     -0.990E+02     -0.990E+02
      0.302E-02      0.983E+00      0.985E+00      0.212E+10     -0.990E+02     -0.990E+02
      0.316E-02      0.983E+00      0.985E+00      0.212E+10     -0.990E+02     -0.990E+02
      0.331E-02      0.983E+00      0.985E+00      0.212E+10     -0.990E+02     -0.990E+02
      0.347E-02      0.983E+00      0.985E+00      0.212E+10     -0.990E+02     -0.990E+02
      0.363E-02      0.983E+00      0.985E+00      0.212E+10     -0.990E+02     -0.990E+02
      0.380E-02      0.983E+00      0.985E+00      0.212E+10     -0.990E+02     -0.990E+02
      0.398E-02      0.983E+00      0.985E+00      0.212E+10     -0.990E+02     -0.990E+02
      0.417E-02      0.983E+00      0.985E+00      0.212E+10     -0.990E+02     -0.990E+02
      0.437E-02      0.983E+00      0.985E+00      0.212E+10     -0.990E+02     -0.990E+02
      0.457E-02      0.983E+00      0.985E+00      0.212E+10     -0.990E+02     -0.990E+02
      0.479E-02      0.983E+00      0.985E+00      0.212E+10     -0.990E+02     -0.990E+02
      0.501E-02      0.983E+00      0.985E+00      0.212E+10     -0.990E+02     -0.990E+02
      0.525E-02      0.983E+00      0.985E+00      0.212E+10     -0.990E+02     -0.990E+02
      0.550E-02      0.983E+00      0.985E+00      0.212E+10     -0.990E+02     -0.990E+02
      0.575E-02      0.983E+00      0.985E+00      0.212E+10     -0.990E+02     -0.990E+02
      0.603E-02      0.983E+00      0.985E+00      0.212E+10     -0.990E+02     -0.990E+02
      0.631E-02      0.983E+00      0.985E+00      0.212E+10     -0.990E+02     -0.990E+02
      0.661E-02      0.983E+00      0.985E+00      0.212E+10     -0.990E+02     -0.990E+02
      0.692E-02      0.983E+00      0.985E+00      0.212E+10     -0.990E+02     -0.990E+02
      0.724E-02      0.983E+00      0.985E+00      0.212E+10     -0.990E+02     -0.990E+02
      0.759E-02      0.983E+00      0.985E+00      0.212E+10     -0.990E+02     -0.990E+02
      0.794E-02      0.983E+00      0.985E+00      0.212E+10     -0.990E+02     -0.990E+02
      0.832E-02      0.983E+00      0.985E+00      0.212E+10     -0.990E+02     -0.990E+02
      0.871E-02      0.983E+00      0.985E+00      0.212E+10     -0.990E+02     -0.990E+02
      0.912E-02      0.983E+00      0.985E+00      0.212E+10     -0.990E+02     -0.990E+02
      0.955E-02      0.983E+00      0.985E+00      0.212E+10     -0.990E+02     -0.990E+02
      0.100E-01      0.983E+00      0.985E+00      0.212E+10     -0.374E+00      0.671E+00
      0.105E-01      0.773E+00      0.589E+00      0.211E+10     -0.373E+00      0.671E+00
      0.110E-01      0.770E+00      0.587E+00      0.211E+10     -0.373E+00      0.670E+00
      0.115E-01      0.768E+00      0.585E+00      0.211E+10     -0.373E+00      0.669E+00
      0.120E-01      0.767E+00      0.584E+00      0.211E+10     -0.373E+00      0.668E+00
      0.126E-01      0.769E+00      0.584E+00      0.211E+10     -0.372E+00      0.667E+00
      0.132E-01      0.773E+00      0.587E+00      0.211E+10     -0.372E+00      0.666E+00
      0.138E-01      0.771E+00      0.585E+00      0.211E+10     -0.372E+00      0.664E+00
      0.144E-01      0.765E+00      0.580E+00      0.211E+10     -0.371E+00      0.663E+00
      0.151E-01      0.767E+00      0.581E+00      0.211E+10     -0.371E+00      0.662E+00
      0.159E-01      0.769E+00      0.581E+00      0.210E+10     -0.370E+00      0.659E+00
      0.166E-01      0.769E+00      0.582E+00      0.210E+10     -0.371E+00      0.660E+00
      0.174E-01      0.771E+00      0.582E+00      0.210E+10     -0.370E+00      0.658E+00
      0.182E-01      0.774E+00      0.583E+00      0.210E+10     -0.370E+00      0.657E+00
      0.191E-01      0.773E+00      0.582E+00      0.210E+10     -0.369E+00      0.654E+00
      0.200E-01      0.770E+00      0.578E+00      0.210E+10     -0.368E+00      0.652E+00
      0.209E-01      0.769E+00      0.577E+00      0.210E+10     -0.368E+00      0.651E+00
      0.219E-01      0.769E+00      0.577E+00      0.210E+10     -0.368E+00      0.650E+00
      0.229E-01      0.771E+00      0.577E+00      0.210E+10     -0.367E+00      0.647E+00
      0.240E-01      0.772E+00      0.577E+00      0.210E+10     -0.367E+00      0.647E+00
      0.251E-01      0.773E+00      0.577E+00      0.210E+10     -0.366E+00      0.643E+00
      0.263E-01      0.772E+00      0.575E+00      0.210E+10     -0.365E+00      0.642E+00
      0.275E-01      0.771E+00      0.573E+00      0.210E+10     -0.364E+00      0.639E+00
      0.290E-01      0.772E+00      0.573E+00      0.210E+10     -0.364E+00      0.638E+00
      0.300E-01      0.772E+00      0.572E+00      0.210E+10     -0.363E+00      0.634E+00
      0.310E-01      0.773E+00      0.572E+00      0.209E+10     -0.362E+00      0.633E+00
      0.320E-01      0.773E+00      0.571E+00      0.209E+10     -0.362E+00      0.632E+00
      0.330E-01      0.773E+00      0.570E+00      0.209E+10     -0.361E+00      0.629E+00
      0.340E-01      0.773E+00      0.570E+00      0.209E+10     -0.361E+00      0.628E+00
      0.350E-01      0.773E+00      0.570E+00      0.209E+10     -0.360E+00      0.627E+00
      0.360E-01      0.774E+00      0.569E+00      0.209E+10     -0.360E+00      0.625E+00
      0.370E-01      0.773E+00      0.568E+00      0.209E+10     -0.359E+00      0.623E+00
      0.380E-01      0.773E+00      0.568E+00      0.209E+10     -0.359E+00      0.622E+00
      0.390E-01      0.774E+00      0.568E+00      0.209E+10     -0.359E+00      0.620E+00
      0.400E-01      0.774E+00      0.567E+00      0.209E+10     -0.358E+00      0.619E+00
      0.425E-01      0.775E+00      0.566E+00      0.209E+10     -0.357E+00      0.614E+00
      0.450E-01      0.775E+00      0.564E+00      0.209E+10     -0.355E+00      0.610E+00
      0.475E-01      0.775E+00      0.563E+00      0.208E+10     -0.354E+00      0.606E+00
      0.500E-01      0.777E+00      0.564E+00      0.208E+10     -0.353E+00      0.603E+00
      0.525E-01      0.778E+00      0.564E+00      0.208E+10     -0.353E+00      0.601E+00
      0.550E-01      0.779E+00      0.564E+00      0.208E+10     -0.352E+00      0.598E+00
      0.571E-01      0.781E+00      0.565E+00      0.208E+10     -0.351E+00      0.595E+00
      0.640E-01      0.785E+00      0.565E+00      0.208E+10     -0.350E+00      0.588E+00
      0.719E-01      0.788E+00      0.566E+00      0.207E+10     -0.348E+00      0.580E+00
      0.806E-01      0.793E+00      0.569E+00      0.207E+10     -0.346E+00      0.572E+00
      0.905E-01      0.798E+00      0.571E+00      0.206E+10     -0.343E+00      0.564E+00
      0.102E+00      0.804E+00      0.575E+00      0.205E+10     -0.341E+00      0.554E+00
      0.114E+00      0.810E+00      0.579E+00      0.205E+10     -0.338E+00      0.544E+00
      0.128E+00      0.815E+00      0.584E+00      0.204E+10     -0.335E+00      0.536E+00
      0.143E+00      0.818E+00      0.587E+00      0.203E+10     -0.336E+00      0.531E+00
      0.161E+00      0.826E+00      0.590E+00      0.202E+10     -0.339E+00      0.525E+00
      0.181E+00      0.834E+00      0.594E+00      0.201E+10     -0.343E+00      0.521E+00
      0.203E+00      0.842E+00      0.600E+00      0.200E+10     -0.347E+00      0.517E+00
      0.227E+00      0.849E+00      0.610E+00      0.198E+10     -0.352E+00      0.518E+00
      0.255E+00      0.856E+00      0.623E+00      0.197E+10     -0.360E+00      0.528E+00
      0.286E+00      0.864E+00      0.645E+00      0.195E+10     -0.368E+00      0.545E+00
      0.321E+00      0.879E+00      0.676E+00      0.193E+10     -0.382E+00      0.564E+00
      0.360E+00      0.897E+00      0.718E+00      0.190E+10     -0.400E+00      0.588E+00
      0.404E+00      0.911E+00      0.736E+00      0.188E+10     -0.415E+00      0.604E+00
      0.453E+00      0.910E+00      0.725E+00      0.185E+10     -0.425E+00      0.605E+00
      0.509E+00      0.920E+00      0.721E+00      0.182E+10     -0.431E+00      0.605E+00
      0.571E+00      0.921E+00      0.710E+00      0.178E+10     -0.436E+00      0.606E+00
      0.641E+00      0.903E+00      0.674E+00      0.174E+10     -0.434E+00      0.587E+00
      0.719E+00      0.848E+00      0.611E+00      0.169E+10     -0.416E+00      0.562E+00
      0.806E+00      0.758E+00      0.538E+00      0.165E+10     -0.401E+00      0.551E+00
      0.905E+00      0.677E+00      0.481E+00      0.160E+10     -0.394E+00      0.547E+00
      0.102E+01      0.689E+00      0.475E+00      0.155E+10     -0.368E+00      0.499E+00
      0.114E+01      0.762E+00      0.588E+00      0.150E+10     -0.306E+00      0.420E+00
      0.128E+01      0.829E+00      0.643E+00      0.143E+10     -0.270E+00      0.357E+00
      0.143E+01      0.857E+00      0.619E+00      0.136E+10     -0.292E+00      0.364E+00
      0.161E+01      0.819E+00      0.547E+00      0.127E+10     -0.363E+00      0.443E+00
      0.168E+01      0.798E+00      0.526E+00      0.120E+10     -0.389E+00      0.478E+00
      0.170E+01      0.793E+00      0.524E+00      0.118E+10     -0.395E+00      0.487E+00
      0.180E+01      0.788E+00      0.512E+00      0.115E+10     -0.407E+00      0.509E+00
      0.190E+01      0.762E+00      0.473E+00      0.110E+10     -0.408E+00      0.488E+00
      0.200E+01      0.740E+00      0.464E+00      0.105E+10     -0.405E+00      0.495E+00
      0.210E+01      0.738E+00      0.487E+00      0.101E+10     -0.391E+00      0.469E+00
      0.220E+01      0.732E+00      0.477E+00      0.962E+09     -0.383E+00      0.424E+00
      0.230E+01      0.710E+00      0.452E+00      0.917E+09     -0.383E+00      0.414E+00
      0.240E+01      0.683E+00      0.429E+00      0.874E+09     -0.391E+00      0.415E+00
      0.250E+01      0.638E+00      0.392E+00      0.832E+09     -0.396E+00      0.420E+00
      0.260E+01      0.618E+00      0.372E+00      0.793E+09     -0.404E+00      0.433E+00
      0.275E+01      0.595E+00      0.387E+00      0.747E+09     -0.401E+00      0.448E+00
      0.300E+01      0.513E+00      0.376E+00      0.675E+09     -0.435E+00      0.540E+00
      0.325E+01      0.451E+00      0.315E+00      0.599E+09     -0.446E+00      0.554E+00
      0.350E+01      0.504E+00      0.361E+00      0.532E+09     -0.424E+00      0.505E+00
      0.375E+01      0.547E+00      0.357E+00      0.458E+09     -0.414E+00      0.490E+00
      0.400E+01      0.619E+00      0.385E+00      0.377E+09     -0.389E+00      0.420E+00
      0.425E+01      0.586E+00      0.390E+00      0.287E+09     -0.422E+00      0.479E+00
      0.450E+01      0.466E+00      0.303E+00      0.201E+09     -0.483E+00      0.510E+00
      0.475E+01      0.322E+00      0.227E+00      0.134E+09     -0.620E+00      0.627E+00
      0.500E+01      0.249E+00      0.201E+00      0.874E+08     -0.568E+00      0.649E+00
      0.525E+01      0.193E+00      0.183E+00      0.516E+08     -0.557E+00      0.789E+00
      0.550E+01      0.959E-01      0.107E+00      0.239E+08     -0.568E+00      0.959E+00
      0.575E+01      0.377E-01      0.702E-01      0.102E+08     -0.748E+00      0.199E+01
      0.600E+01      0.245E-01      0.633E-01      0.481E+07     -0.822E+00      0.272E+01
      0.625E+01      0.748E-02      0.333E-01      0.134E+07     -0.822E+00      0.469E+01
      0.650E+01      0.194E-02      0.128E-01      0.277E+06     -0.563E+00      0.442E+01
      0.675E+01      0.529E-05      0.495E-04      0.752E+03     -0.233E+01      0.302E+02
      0.700E+01      0.479E-09      0.201E-05      0.675E-01     -0.107E+01      0.753E+04
      0.725E+01      0.000E+00      0.000E+00      0.000E+00     -0.990E+02     -0.990E+02
      0.750E+01      0.000E+00      0.000E+00      0.000E+00     -0.990E+02     -0.990E+02
      0.775E+01      0.000E+00      0.000E+00      0.000E+00     -0.990E+02     -0.990E+02
      0.800E+01      0.000E+00      0.000E+00      0.000E+00     -0.990E+02     -0.990E+02
      0.825E+01      0.000E+00      0.000E+00      0.000E+00     -0.990E+02     -0.990E+02
      0.850E+01      0.000E+00      0.000E+00      0.000E+00     -0.990E+02     -0.990E+02
      0.875E+01      0.000E+00      0.000E+00      0.000E+00     -0.990E+02     -0.990E+02
      0.900E+01      0.000E+00      0.000E+00      0.000E+00     -0.990E+02     -0.990E+02
      0.925E+01      0.000E+00      0.000E+00      0.000E+00     -0.990E+02     -0.990E+02
      0.950E+01      0.000E+00      0.000E+00      0.000E+00     -0.990E+02     -0.990E+02
      0.975E+01      0.000E+00      0.000E+00      0.000E+00     -0.990E+02     -0.990E+02
      0.100E+02      0.000E+00      0.000E+00      0.000E+00     -0.990E+02     -0.990E+02
      0.102E+02      0.000E+00      0.000E+00      0.000E+00     -0.990E+02     -0.990E+02
      0.105E+02      0.000E+00      0.000E+00      0.000E+00     -0.990E+02     -0.990E+02
      0.108E+02      0.000E+00      0.000E+00      0.000E+00     -0.990E+02     -0.990E+02
      0.110E+02      0.000E+00      0.000E+00      0.000E+00     -0.990E+02     -0.990E+02
      0.112E+02      0.000E+00      0.000E+00      0.000E+00     -0.990E+02     -0.990E+02
      0.115E+02      0.000E+00      0.000E+00      0.000E+00     -0.990E+02     -0.990E+02
      0.118E+02      0.000E+00      0.000E+00      0.000E+00     -0.990E+02     -0.990E+02
      0.120E+02      0.000E+00      0.000E+00      0.000E+00     -0.990E+02     -0.990E+02
      0.122E+02      0.000E+00      0.000E+00      0.000E+00     -0.990E+02     -0.990E+02
      0.125E+02      0.000E+00      0.000E+00      0.000E+00     -0.990E+02     -0.990E+02
      0.128E+02      0.000E+00      0.000E+00      0.000E+00     -0.990E+02     -0.990E+02
      0.130E+02      0.000E+00      0.000E+00      0.000E+00     -0.990E+02     -0.990E+02
      0.132E+02      0.000E+00      0.000E+00      0.000E+00     -0.990E+02     -0.990E+02
      0.135E+02      0.000E+00      0.000E+00      0.000E+00     -0.990E+02     -0.990E+02
      0.138E+02      0.000E+00      0.000E+00      0.000E+00     -0.990E+02     -0.990E+02
      0.140E+02      0.000E+00      0.000E+00      0.000E+00     -0.990E+02     -0.990E+02
      0.142E+02      0.000E+00      0.000E+00      0.000E+00     -0.990E+02     -0.990E+02
      0.145E+02      0.000E+00      0.000E+00      0.000E+00     -0.990E+02     -0.990E+02
      0.148E+02      0.000E+00      0.000E+00      0.000E+00     -0.990E+02     -0.990E+02
      0.150E+02      0.000E+00      0.000E+00      0.000E+00     -0.990E+02     -0.990E+02
      0.152E+02      0.000E+00      0.000E+00      0.000E+00     -0.990E+02     -0.990E+02
      0.155E+02      0.000E+00      0.000E+00      0.000E+00     -0.990E+02     -0.990E+02
      0.158E+02      0.000E+00      0.000E+00      0.000E+00     -0.990E+02     -0.990E+02
      0.160E+02      0.000E+00      0.000E+00      0.000E+00     -0.990E+02     -0.990E+02
      0.162E+02      0.000E+00      0.000E+00      0.000E+00     -0.990E+02     -0.990E+02
      0.165E+02      0.000E+00      0.000E+00      0.000E+00     -0.990E+02     -0.990E+02
      0.168E+02      0.000E+00      0.000E+00      0.000E+00     -0.990E+02     -0.990E+02
      0.170E+02      0.000E+00      0.000E+00      0.000E+00     -0.990E+02     -0.990E+02
      0.172E+02      0.000E+00      0.000E+00      0.000E+00     -0.990E+02     -0.990E+02
      0.175E+02      0.000E+00      0.000E+00      0.000E+00     -0.990E+02     -0.990E+02
      0.178E+02      0.000E+00      0.000E+00      0.000E+00     -0.990E+02     -0.990E+02
      0.180E+02      0.000E+00      0.000E+00      0.000E+00     -0.990E+02     -0.990E+02
      0.182E+02      0.000E+00      0.000E+00      0.000E+00     -0.990E+02     -0.990E+02
      0.185E+02      0.000E+00      0.000E+00      0.000E+00     -0.990E+02     -0.990E+02
      0.188E+02      0.000E+00      0.000E+00      0.000E+00     -0.990E+02     -0.990E+02
      0.190E+02      0.000E+00      0.000E+00      0.000E+00     -0.990E+02     -0.990E+02
      0.192E+02      0.000E+00      0.000E+00      0.000E+00     -0.990E+02     -0.990E+02
      0.195E+02      0.000E+00      0.000E+00      0.000E+00     -0.990E+02     -0.990E+02
      0.198E+02      0.000E+00      0.000E+00      0.000E+00     -0.990E+02     -0.990E+02
      0.200E+02      0.000E+00      0.000E+00      0.000E+00     -0.990E+02     -0.990E+02
