      0.000E+00      0.875E+01      0.269E+01      0.231E+10     -0.990E+02     -0.990E+02
      0.100E-03      0.875E+01      0.269E+01      0.231E+10     -0.990E+02     -0.990E+02
      0.140E-03      0.875E+01      0.269E+01      0.231E+10     -0.990E+02     -0.990E+02
      0.160E-03      0.875E+01      0.269E+01      0.231E+10     -0.990E+02     -0.990E+02
      0.180E-03      0.875E+01      0.269E+01      0.231E+10     -0.990E+02     -0.990E+02
      0.200E-03      0.875E+01      0.269E+01      0.231E+10     -0.990E+02     -0.990E+02
      0.220E-03      0.875E+01      0.269E+01      0.231E+10     -0.990E+02     -0.990E+02
      0.250E-03      0.875E+01      0.269E+01      0.231E+10     -0.990E+02     -0.990E+02
      0.280E-03      0.875E+01      0.269E+01      0.231E+10     -0.990E+02     -0.990E+02
      0.320E-03      0.875E+01      0.269E+01      0.231E+10     -0.990E+02     -0.990E+02
      0.350E-03      0.875E+01      0.269E+01      0.231E+10     -0.990E+02     -0.990E+02
      0.400E-03      0.875E+01      0.269E+01      0.231E+10     -0.990E+02     -0.990E+02
      0.450E-03      0.875E+01      0.269E+01      0.231E+10     -0.990E+02     -0.990E+02
      0.500E-03      0.875E+01      0.269E+01      0.231E+10     -0.990E+02     -0.990E+02
      0.560E-03      0.875E+01      0.269E+01      0.231E+10     -0.990E+02     -0.990E+02
      0.630E-03      0.875E+01      0.269E+01      0.231E+10     -0.990E+02     -0.990E+02
      0.710E-03      0.875E+01      0.269E+01      0.231E+10     -0.990E+02     -0.990E+02
      0.790E-03      0.875E+01      0.269E+01      0.231E+10     -0.990E+02     -0.990E+02
      0.890E-03      0.875E+01      0.269E+01      0.231E+10     -0.990E+02     -0.990E+02
      0.100E-02      0.875E+01      0.269E+01      0.231E+10     -0.990E+02     -0.990E+02
      0.105E-02      0.875E+01      0.269E+01      0.231E+10     -0.990E+02     -0.990E+02
      0.110E-02      0.875E+01      0.269E+01      0.231E+10     -0.990E+02     -0.990E+02
      0.115E-02      0.875E+01      0.269E+01      0.231E+10     -0.990E+02     -0.990E+02
      0.120E-02      0.875E+01      0.269E+01      0.231E+10     -0.990E+02     -0.990E+02
      0.126E-02      0.875E+01      0.269E+01      0.231E+10     -0.990E+02     -0.990E+02
      0.132E-02      0.875E+01      0.269E+01      0.231E+10     -0.990E+02     -0.990E+02
      0.138E-02      0.875E+01      0.269E+01      0.231E+10     -0.990E+02     -0.990E+02
      0.145E-02      0.875E+01      0.269E+01      0.231E+10     -0.990E+02     -0.990E+02
      0.151E-02      0.875E+01      0.269E+01      0.231E+10     -0.990E+02     -0.990E+02
      0.158E-02      0.875E+01      0.269E+01      0.231E+10     -0.990E+02     -0.990E+02
      0.166E-02      0.875E+01      0.269E+01      0.231E+10     -0.990E+02     -0.990E+02
      0.174E-02      0.875E+01      0.269E+01      0.231E+10     -0.990E+02     -0.990E+02
      0.182E-02      0.875E+01      0.269E+01      0.231E+10     -0.990E+02     -0.990E+02
      0.191E-02      0.875E+01      0.269E+01      0.231E+10     -0.990E+02     -0.990E+02
      0.200E-02      0.875E+01      0.269E+01      0.231E+10     -0.990E+02     -0.990E+02
      0.209E-02      0.875E+01      0.269E+01      0.231E+10     -0.990E+02     -0.990E+02
      0.219E-02      0.875E+01      0.269E+01      0.231E+10     -0.990E+02     -0.990E+02
      0.229E-02      0.875E+01      0.269E+01      0.231E+10     -0.990E+02     -0.990E+02
      0.240E-02      0.875E+01      0.269E+01      0.231E+10     -0.990E+02     -0.990E+02
      0.251E-02      0.875E+01      0.269E+01      0.231E+10     -0.990E+02     -0.990E+02
      0.263E-02      0.875E+01      0.269E+01      0.231E+10     -0.990E+02     -0.990E+02
      0.275E-02      0.875E+01      0.269E+01      0.231E+10     -0.990E+02     -0.990E+02
      0.288E-02      0.875E+01      0.269E+01      0.231E+10     -0.990E+02     -0.990E+02
      0.302E-02      0.875E+01      0.269E+01      0.231E+10     -0.990E+02     -0.990E+02
      0.316E-02      0.875E+01      0.269E+01      0.231E+10     -0.990E+02     -0.990E+02
      0.331E-02      0.875E+01      0.269E+01      0.231E+10     -0.990E+02     -0.990E+02
      0.347E-02      0.875E+01      0.269E+01      0.231E+10     -0.990E+02     -0.990E+02
      0.363E-02      0.875E+01      0.269E+01      0.231E+10     -0.990E+02     -0.990E+02
      0.380E-02      0.875E+01      0.269E+01      0.231E+10     -0.990E+02     -0.990E+02
      0.398E-02      0.875E+01      0.269E+01      0.231E+10     -0.990E+02     -0.990E+02
      0.417E-02      0.875E+01      0.269E+01      0.231E+10     -0.990E+02     -0.990E+02
      0.437E-02      0.875E+01      0.269E+01      0.231E+10     -0.990E+02     -0.990E+02
      0.457E-02      0.875E+01      0.269E+01      0.231E+10     -0.990E+02     -0.990E+02
      0.479E-02      0.875E+01      0.269E+01      0.231E+10     -0.990E+02     -0.990E+02
      0.501E-02      0.875E+01      0.269E+01      0.231E+10     -0.990E+02     -0.990E+02
      0.525E-02      0.875E+01      0.269E+01      0.231E+10     -0.990E+02     -0.990E+02
      0.550E-02      0.875E+01      0.269E+01      0.231E+10     -0.990E+02     -0.990E+02
      0.575E-02      0.875E+01      0.269E+01      0.231E+10     -0.990E+02     -0.990E+02
      0.603E-02      0.875E+01      0.269E+01      0.231E+10     -0.990E+02     -0.990E+02
      0.631E-02      0.875E+01      0.269E+01      0.231E+10     -0.990E+02     -0.990E+02
      0.661E-02      0.875E+01      0.269E+01      0.231E+10     -0.990E+02     -0.990E+02
      0.692E-02      0.875E+01      0.269E+01      0.231E+10     -0.990E+02     -0.990E+02
      0.724E-02      0.875E+01      0.269E+01      0.231E+10     -0.990E+02     -0.990E+02
      0.759E-02      0.875E+01      0.269E+01      0.231E+10     -0.990E+02     -0.990E+02
      0.794E-02      0.875E+01      0.269E+01      0.231E+10     -0.990E+02     -0.990E+02
      0.832E-02      0.875E+01      0.269E+01      0.231E+10     -0.990E+02     -0.990E+02
      0.871E-02      0.875E+01      0.269E+01      0.231E+10     -0.990E+02     -0.990E+02
      0.912E-02      0.875E+01      0.269E+01      0.231E+10     -0.990E+02     -0.990E+02
      0.955E-02      0.875E+01      0.269E+01      0.231E+10     -0.990E+02     -0.990E+02
      0.100E-01      0.875E+01      0.269E+01      0.231E+10     -0.672E+00      0.439E+00
      0.105E-01      0.201E+01      0.979E+00      0.222E+10     -0.672E+00      0.439E+00
      0.110E-01      0.200E+01      0.974E+00      0.222E+10     -0.672E+00      0.438E+00
      0.115E-01      0.199E+01      0.970E+00      0.222E+10     -0.672E+00      0.438E+00
      0.120E-01      0.199E+01      0.969E+00      0.222E+10     -0.672E+00      0.438E+00
      0.126E-01      0.200E+01      0.970E+00      0.222E+10     -0.673E+00      0.438E+00
      0.132E-01      0.201E+01      0.974E+00      0.222E+10     -0.673E+00      0.437E+00
      0.138E-01      0.200E+01      0.971E+00      0.222E+10     -0.673E+00      0.437E+00
      0.144E-01      0.199E+01      0.963E+00      0.222E+10     -0.673E+00      0.437E+00
      0.151E-01      0.199E+01      0.964E+00      0.222E+10     -0.674E+00      0.437E+00
      0.159E-01      0.200E+01      0.967E+00      0.221E+10     -0.674E+00      0.436E+00
      0.166E-01      0.200E+01      0.966E+00      0.221E+10     -0.674E+00      0.436E+00
      0.174E-01      0.201E+01      0.966E+00      0.221E+10     -0.675E+00      0.436E+00
      0.182E-01      0.201E+01      0.969E+00      0.221E+10     -0.675E+00      0.436E+00
      0.191E-01      0.201E+01      0.967E+00      0.221E+10     -0.675E+00      0.435E+00
      0.200E-01      0.200E+01      0.962E+00      0.221E+10     -0.676E+00      0.435E+00
      0.209E-01      0.200E+01      0.959E+00      0.221E+10     -0.676E+00      0.435E+00
      0.219E-01      0.200E+01      0.959E+00      0.220E+10     -0.676E+00      0.434E+00
      0.229E-01      0.201E+01      0.959E+00      0.220E+10     -0.677E+00      0.434E+00
      0.240E-01      0.201E+01      0.959E+00      0.220E+10     -0.677E+00      0.434E+00
      0.251E-01      0.202E+01      0.960E+00      0.220E+10     -0.678E+00      0.433E+00
      0.263E-01      0.202E+01      0.958E+00      0.220E+10     -0.678E+00      0.433E+00
      0.275E-01      0.201E+01      0.954E+00      0.219E+10     -0.678E+00      0.432E+00
      0.290E-01      0.202E+01      0.953E+00      0.219E+10     -0.679E+00      0.432E+00
      0.300E-01      0.202E+01      0.952E+00      0.219E+10     -0.679E+00      0.432E+00
      0.310E-01      0.202E+01      0.952E+00      0.219E+10     -0.680E+00      0.432E+00
      0.320E-01      0.202E+01      0.951E+00      0.219E+10     -0.680E+00      0.431E+00
      0.330E-01      0.202E+01      0.950E+00      0.219E+10     -0.681E+00      0.431E+00
      0.340E-01      0.202E+01      0.949E+00      0.218E+10     -0.681E+00      0.431E+00
      0.350E-01      0.202E+01      0.949E+00      0.218E+10     -0.681E+00      0.431E+00
      0.360E-01      0.202E+01      0.947E+00      0.218E+10     -0.682E+00      0.430E+00
      0.370E-01      0.202E+01      0.946E+00      0.218E+10     -0.682E+00      0.430E+00
      0.380E-01      0.202E+01      0.946E+00      0.218E+10     -0.682E+00      0.430E+00
      0.390E-01      0.203E+01      0.945E+00      0.218E+10     -0.683E+00      0.430E+00
      0.400E-01      0.203E+01      0.944E+00      0.217E+10     -0.683E+00      0.430E+00
      0.425E-01      0.203E+01      0.942E+00      0.217E+10     -0.684E+00      0.429E+00
      0.450E-01      0.203E+01      0.941E+00      0.217E+10     -0.685E+00      0.429E+00
      0.475E-01      0.203E+01      0.939E+00      0.216E+10     -0.686E+00      0.429E+00
      0.500E-01      0.204E+01      0.937E+00      0.216E+10     -0.687E+00      0.428E+00
      0.525E-01      0.204E+01      0.936E+00      0.215E+10     -0.688E+00      0.428E+00
      0.550E-01      0.204E+01      0.935E+00      0.215E+10     -0.689E+00      0.428E+00
      0.571E-01      0.204E+01      0.934E+00      0.215E+10     -0.690E+00      0.428E+00
      0.640E-01      0.205E+01      0.931E+00      0.214E+10     -0.692E+00      0.428E+00
      0.719E-01      0.206E+01      0.928E+00      0.213E+10     -0.695E+00      0.428E+00
      0.806E-01      0.207E+01      0.927E+00      0.211E+10     -0.698E+00      0.428E+00
      0.905E-01      0.208E+01      0.928E+00      0.210E+10     -0.702E+00      0.430E+00
      0.102E+00      0.209E+01      0.930E+00      0.208E+10     -0.706E+00      0.432E+00
      0.114E+00      0.210E+01      0.930E+00      0.206E+10     -0.710E+00      0.434E+00
      0.128E+00      0.212E+01      0.923E+00      0.204E+10     -0.717E+00      0.433E+00
      0.143E+00      0.215E+01      0.920E+00      0.202E+10     -0.726E+00      0.433E+00
      0.161E+00      0.219E+01      0.924E+00      0.199E+10     -0.736E+00      0.435E+00
      0.181E+00      0.223E+01      0.934E+00      0.196E+10     -0.747E+00      0.441E+00
      0.203E+00      0.228E+01      0.953E+00      0.193E+10     -0.759E+00      0.450E+00
      0.227E+00      0.228E+01      0.947E+00      0.189E+10     -0.771E+00      0.456E+00
      0.255E+00      0.227E+01      0.934E+00      0.185E+10     -0.784E+00      0.462E+00
      0.286E+00      0.227E+01      0.925E+00      0.180E+10     -0.797E+00      0.471E+00
      0.321E+00      0.226E+01      0.924E+00      0.175E+10     -0.811E+00      0.484E+00
      0.360E+00      0.225E+01      0.936E+00      0.169E+10     -0.827E+00      0.505E+00
      0.404E+00      0.219E+01      0.923E+00      0.163E+10     -0.838E+00      0.516E+00
      0.453E+00      0.210E+01      0.909E+00      0.155E+10     -0.847E+00      0.528E+00
      0.509E+00      0.196E+01      0.839E+00      0.148E+10     -0.845E+00      0.518E+00
      0.571E+00      0.181E+01      0.747E+00      0.140E+10     -0.839E+00      0.497E+00
      0.641E+00      0.164E+01      0.672E+00      0.132E+10     -0.833E+00      0.486E+00
      0.719E+00      0.150E+01      0.641E+00      0.124E+10     -0.831E+00      0.503E+00
      0.806E+00      0.150E+01      0.646E+00      0.116E+10     -0.848E+00      0.513E+00
      0.905E+00      0.150E+01      0.696E+00      0.107E+10     -0.871E+00      0.575E+00
      0.102E+01      0.145E+01      0.686E+00      0.964E+09     -0.894E+00      0.602E+00
      0.114E+01      0.135E+01      0.619E+00      0.855E+09     -0.906E+00      0.592E+00
      0.128E+01      0.133E+01      0.609E+00      0.741E+09     -0.887E+00      0.566E+00
      0.143E+01      0.139E+01      0.653E+00      0.618E+09     -0.851E+00      0.552E+00
      0.161E+01      0.132E+01      0.528E+00      0.474E+09     -0.916E+00      0.500E+00
      0.168E+01      0.127E+01      0.494E+00      0.373E+09     -0.970E+00      0.519E+00
      0.170E+01      0.125E+01      0.498E+00      0.338E+09     -0.986E+00      0.539E+00
      0.180E+01      0.113E+01      0.463E+00      0.291E+09     -0.106E+01      0.592E+00
      0.190E+01      0.989E+00      0.478E+00      0.222E+09     -0.114E+01      0.742E+00
      0.200E+01      0.837E+00      0.449E+00      0.162E+09     -0.116E+01      0.827E+00
      0.210E+01      0.674E+00      0.387E+00      0.111E+09     -0.112E+01      0.851E+00
      0.220E+01      0.481E+00      0.365E+00      0.703E+08     -0.110E+01      0.109E+01
      0.230E+01      0.326E+00      0.257E+00      0.414E+08     -0.124E+01      0.126E+01
      0.240E+01      0.188E+00      0.157E+00      0.218E+08     -0.150E+01      0.166E+01
      0.250E+01      0.101E+00      0.902E-01      0.105E+08     -0.161E+01      0.190E+01
      0.260E+01      0.489E-01      0.472E-01      0.451E+07     -0.138E+01      0.174E+01
      0.275E+01      0.670E-02      0.907E-02      0.874E+06     -0.169E+01      0.319E+01
      0.300E+01      0.564E-03      0.159E-02      0.829E+05     -0.130E+01      0.451E+01
      0.325E+01      0.212E-06      0.378E-04      0.312E+02     -0.574E+00      0.146E+03
      0.350E+01      0.535E-13      0.635E-09      0.790E-05     -0.193E+01      0.314E+05
      0.375E+01      0.000E+00      0.000E+00      0.000E+00     -0.990E+02     -0.990E+02
      0.400E+01      0.000E+00      0.000E+00      0.000E+00     -0.990E+02     -0.990E+02
      0.425E+01      0.000E+00      0.000E+00      0.000E+00     -0.990E+02     -0.990E+02
      0.450E+01      0.000E+00      0.000E+00      0.000E+00     -0.990E+02     -0.990E+02
      0.475E+01      0.000E+00      0.000E+00      0.000E+00     -0.990E+02     -0.990E+02
      0.500E+01      0.000E+00      0.000E+00      0.000E+00     -0.990E+02     -0.990E+02
      0.525E+01      0.000E+00      0.000E+00      0.000E+00     -0.990E+02     -0.990E+02
      0.550E+01      0.000E+00      0.000E+00      0.000E+00     -0.990E+02     -0.990E+02
      0.575E+01      0.000E+00      0.000E+00      0.000E+00     -0.990E+02     -0.990E+02
      0.600E+01      0.000E+00      0.000E+00      0.000E+00     -0.990E+02     -0.990E+02
      0.625E+01      0.000E+00      0.000E+00      0.000E+00     -0.990E+02     -0.990E+02
      0.650E+01      0.000E+00      0.000E+00      0.000E+00     -0.990E+02     -0.990E+02
      0.675E+01      0.000E+00      0.000E+00      0.000E+00     -0.990E+02     -0.990E+02
      0.700E+01      0.000E+00      0.000E+00      0.000E+00     -0.990E+02     -0.990E+02
      0.725E+01      0.000E+00      0.000E+00      0.000E+00     -0.990E+02     -0.990E+02
      0.750E+01      0.000E+00      0.000E+00      0.000E+00     -0.990E+02     -0.990E+02
      0.775E+01      0.000E+00      0.000E+00      0.000E+00     -0.990E+02     -0.990E+02
      0.800E+01      0.000E+00      0.000E+00      0.000E+00     -0.990E+02     -0.990E+02
      0.825E+01      0.000E+00      0.000E+00      0.000E+00     -0.990E+02     -0.990E+02
      0.850E+01      0.000E+00      0.000E+00      0.000E+00     -0.990E+02     -0.990E+02
      0.875E+01      0.000E+00      0.000E+00      0.000E+00     -0.990E+02     -0.990E+02
      0.900E+01      0.000E+00      0.000E+00      0.000E+00     -0.990E+02     -0.990E+02
      0.925E+01      0.000E+00      0.000E+00      0.000E+00     -0.990E+02     -0.990E+02
      0.950E+01      0.000E+00      0.000E+00      0.000E+00     -0.990E+02     -0.990E+02
      0.975E+01      0.000E+00      0.000E+00      0.000E+00     -0.990E+02     -0.990E+02
      0.100E+02      0.000E+00      0.000E+00      0.000E+00     -0.990E+02     -0.990E+02
      0.102E+02      0.000E+00      0.000E+00      0.000E+00     -0.990E+02     -0.990E+02
      0.105E+02      0.000E+00      0.000E+00      0.000E+00     -0.990E+02     -0.990E+02
      0.108E+02      0.000E+00      0.000E+00      0.000E+00     -0.990E+02     -0.990E+02
      0.110E+02      0.000E+00      0.000E+00      0.000E+00     -0.990E+02     -0.990E+02
      0.112E+02      0.000E+00      0.000E+00      0.000E+00     -0.990E+02     -0.990E+02
      0.115E+02      0.000E+00      0.000E+00      0.000E+00     -0.990E+02     -0.990E+02
      0.118E+02      0.000E+00      0.000E+00      0.000E+00     -0.990E+02     -0.990E+02
      0.120E+02      0.000E+00      0.000E+00      0.000E+00     -0.990E+02     -0.990E+02
      0.122E+02      0.000E+00      0.000E+00      0.000E+00     -0.990E+02     -0.990E+02
      0.125E+02      0.000E+00      0.000E+00      0.000E+00     -0.990E+02     -0.990E+02
      0.128E+02      0.000E+00      0.000E+00      0.000E+00     -0.990E+02     -0.990E+02
      0.130E+02      0.000E+00      0.000E+00      0.000E+00     -0.990E+02     -0.990E+02
      0.132E+02      0.000E+00      0.000E+00      0.000E+00     -0.990E+02     -0.990E+02
      0.135E+02      0.000E+00      0.000E+00      0.000E+00     -0.990E+02     -0.990E+02
      0.138E+02      0.000E+00      0.000E+00      0.000E+00     -0.990E+02     -0.990E+02
      0.140E+02      0.000E+00      0.000E+00      0.000E+00     -0.990E+02     -0.990E+02
      0.142E+02      0.000E+00      0.000E+00      0.000E+00     -0.990E+02     -0.990E+02
      0.145E+02      0.000E+00      0.000E+00      0.000E+00     -0.990E+02     -0.990E+02
      0.148E+02      0.000E+00      0.000E+00      0.000E+00     -0.990E+02     -0.990E+02
      0.150E+02      0.000E+00      0.000E+00      0.000E+00     -0.990E+02     -0.990E+02
      0.152E+02      0.000E+00      0.000E+00      0.000E+00     -0.990E+02     -0.990E+02
      0.155E+02      0.000E+00      0.000E+00      0.000E+00     -0.990E+02     -0.990E+02
      0.158E+02      0.000E+00      0.000E+00      0.000E+00     -0.990E+02     -0.990E+02
      0.160E+02      0.000E+00      0.000E+00      0.000E+00     -0.990E+02     -0.990E+02
      0.162E+02      0.000E+00      0.000E+00      0.000E+00     -0.990E+02     -0.990E+02
      0.165E+02      0.000E+00      0.000E+00      0.000E+00     -0.990E+02     -0.990E+02
      0.168E+02      0.000E+00      0.000E+00      0.000E+00     -0.990E+02     -0.990E+02
      0.170E+02      0.000E+00      0.000E+00      0.000E+00     -0.990E+02     -0.990E+02
      0.172E+02      0.000E+00      0.000E+00      0.000E+00     -0.990E+02     -0.990E+02
      0.175E+02      0.000E+00      0.000E+00      0.000E+00     -0.990E+02     -0.990E+02
      0.178E+02      0.000E+00      0.000E+00      0.000E+00     -0.990E+02     -0.990E+02
      0.180E+02      0.000E+00      0.000E+00      0.000E+00     -0.990E+02     -0.990E+02
      0.182E+02      0.000E+00      0.000E+00      0.000E+00     -0.990E+02     -0.990E+02
      0.185E+02      0.000E+00      0.000E+00      0.000E+00     -0.990E+02     -0.990E+02
      0.188E+02      0.000E+00      0.000E+00      0.000E+00     -0.990E+02     -0.990E+02
      0.190E+02      0.000E+00      0.000E+00      0.000E+00     -0.990E+02     -0.990E+02
      0.192E+02      0.000E+00      0.000E+00      0.000E+00     -0.990E+02     -0.990E+02
      0.195E+02      0.000E+00      0.000E+00      0.000E+00     -0.990E+02     -0.990E+02
      0.198E+02      0.000E+00      0.000E+00      0.000E+00     -0.990E+02     -0.990E+02
      0.200E+02      0.000E+00      0.000E+00      0.000E+00     -0.990E+02     -0.990E+02
