      0.000E+00      0.218E+01      0.718E-01      0.367E+09     -0.990E+02     -0.990E+02
      0.100E-03      0.218E+01      0.718E-01      0.367E+09     -0.990E+02     -0.990E+02
      0.140E-03      0.218E+01      0.718E-01      0.367E+09     -0.990E+02     -0.990E+02
      0.160E-03      0.218E+01      0.718E-01      0.367E+09     -0.990E+02     -0.990E+02
      0.180E-03      0.218E+01      0.718E-01      0.367E+09     -0.990E+02     -0.990E+02
      0.200E-03      0.218E+01      0.718E-01      0.367E+09     -0.990E+02     -0.990E+02
      0.220E-03      0.218E+01      0.718E-01      0.367E+09     -0.990E+02     -0.990E+02
      0.250E-03      0.218E+01      0.718E-01      0.367E+09     -0.990E+02     -0.990E+02
      0.280E-03      0.218E+01      0.718E-01      0.367E+09     -0.990E+02     -0.990E+02
      0.320E-03      0.218E+01      0.718E-01      0.367E+09     -0.990E+02     -0.990E+02
      0.350E-03      0.218E+01      0.718E-01      0.367E+09     -0.990E+02     -0.990E+02
      0.400E-03      0.218E+01      0.718E-01      0.367E+09     -0.990E+02     -0.990E+02
      0.450E-03      0.218E+01      0.718E-01      0.367E+09     -0.990E+02     -0.990E+02
      0.500E-03      0.218E+01      0.718E-01      0.367E+09     -0.990E+02     -0.990E+02
      0.560E-03      0.218E+01      0.718E-01      0.367E+09     -0.990E+02     -0.990E+02
      0.630E-03      0.218E+01      0.718E-01      0.367E+09     -0.990E+02     -0.990E+02
      0.710E-03      0.218E+01      0.718E-01      0.367E+09     -0.990E+02     -0.990E+02
      0.790E-03      0.218E+01      0.718E-01      0.367E+09     -0.990E+02     -0.990E+02
      0.890E-03      0.218E+01      0.718E-01      0.367E+09     -0.990E+02     -0.990E+02
      0.100E-02      0.218E+01      0.718E-01      0.367E+09     -0.990E+02     -0.990E+02
      0.105E-02      0.218E+01      0.718E-01      0.367E+09     -0.990E+02     -0.990E+02
      0.110E-02      0.218E+01      0.718E-01      0.367E+09     -0.990E+02     -0.990E+02
      0.115E-02      0.218E+01      0.718E-01      0.367E+09     -0.990E+02     -0.990E+02
      0.120E-02      0.218E+01      0.718E-01      0.367E+09     -0.990E+02     -0.990E+02
      0.126E-02      0.218E+01      0.718E-01      0.367E+09     -0.990E+02     -0.990E+02
      0.132E-02      0.218E+01      0.718E-01      0.367E+09     -0.990E+02     -0.990E+02
      0.138E-02      0.218E+01      0.718E-01      0.367E+09     -0.990E+02     -0.990E+02
      0.145E-02      0.218E+01      0.718E-01      0.367E+09     -0.990E+02     -0.990E+02
      0.151E-02      0.218E+01      0.718E-01      0.367E+09     -0.990E+02     -0.990E+02
      0.158E-02      0.218E+01      0.718E-01      0.367E+09     -0.990E+02     -0.990E+02
      0.166E-02      0.218E+01      0.718E-01      0.367E+09     -0.990E+02     -0.990E+02
      0.174E-02      0.218E+01      0.718E-01      0.367E+09     -0.990E+02     -0.990E+02
      0.182E-02      0.218E+01      0.718E-01      0.367E+09     -0.990E+02     -0.990E+02
      0.191E-02      0.218E+01      0.718E-01      0.367E+09     -0.990E+02     -0.990E+02
      0.200E-02      0.218E+01      0.718E-01      0.367E+09     -0.990E+02     -0.990E+02
      0.209E-02      0.218E+01      0.718E-01      0.367E+09     -0.990E+02     -0.990E+02
      0.219E-02      0.218E+01      0.718E-01      0.367E+09     -0.990E+02     -0.990E+02
      0.229E-02      0.218E+01      0.718E-01      0.367E+09     -0.990E+02     -0.990E+02
      0.240E-02      0.218E+01      0.718E-01      0.367E+09     -0.990E+02     -0.990E+02
      0.251E-02      0.218E+01      0.718E-01      0.367E+09     -0.990E+02     -0.990E+02
      0.263E-02      0.218E+01      0.718E-01      0.367E+09     -0.990E+02     -0.990E+02
      0.275E-02      0.218E+01      0.718E-01      0.367E+09     -0.990E+02     -0.990E+02
      0.288E-02      0.218E+01      0.718E-01      0.367E+09     -0.990E+02     -0.990E+02
      0.302E-02      0.218E+01      0.718E-01      0.367E+09     -0.990E+02     -0.990E+02
      0.316E-02      0.218E+01      0.718E-01      0.367E+09     -0.990E+02     -0.990E+02
      0.331E-02      0.218E+01      0.718E-01      0.367E+09     -0.990E+02     -0.990E+02
      0.347E-02      0.218E+01      0.718E-01      0.367E+09     -0.990E+02     -0.990E+02
      0.363E-02      0.218E+01      0.718E-01      0.367E+09     -0.990E+02     -0.990E+02
      0.380E-02      0.218E+01      0.718E-01      0.367E+09     -0.990E+02     -0.990E+02
      0.398E-02      0.218E+01      0.718E-01      0.367E+09     -0.990E+02     -0.990E+02
      0.417E-02      0.218E+01      0.718E-01      0.367E+09     -0.990E+02     -0.990E+02
      0.437E-02      0.218E+01      0.718E-01      0.367E+09     -0.990E+02     -0.990E+02
      0.457E-02      0.218E+01      0.718E-01      0.367E+09     -0.990E+02     -0.990E+02
      0.479E-02      0.218E+01      0.718E-01      0.367E+09     -0.990E+02     -0.990E+02
      0.501E-02      0.218E+01      0.718E-01      0.367E+09     -0.990E+02     -0.990E+02
      0.525E-02      0.218E+01      0.718E-01      0.367E+09     -0.990E+02     -0.990E+02
      0.550E-02      0.218E+01      0.718E-01      0.367E+09     -0.990E+02     -0.990E+02
      0.575E-02      0.218E+01      0.718E-01      0.367E+09     -0.990E+02     -0.990E+02
      0.603E-02      0.218E+01      0.718E-01      0.367E+09     -0.990E+02     -0.990E+02
      0.631E-02      0.218E+01      0.718E-01      0.367E+09     -0.990E+02     -0.990E+02
      0.661E-02      0.218E+01      0.718E-01      0.367E+09     -0.990E+02     -0.990E+02
      0.692E-02      0.218E+01      0.718E-01      0.367E+09     -0.990E+02     -0.990E+02
      0.724E-02      0.218E+01      0.718E-01      0.367E+09     -0.990E+02     -0.990E+02
      0.759E-02      0.218E+01      0.718E-01      0.367E+09     -0.990E+02     -0.990E+02
      0.794E-02      0.218E+01      0.718E-01      0.367E+09     -0.990E+02     -0.990E+02
      0.832E-02      0.218E+01      0.718E-01      0.367E+09     -0.990E+02     -0.990E+02
      0.871E-02      0.218E+01      0.718E-01      0.367E+09     -0.990E+02     -0.990E+02
      0.912E-02      0.218E+01      0.718E-01      0.367E+09     -0.990E+02     -0.990E+02
      0.955E-02      0.218E+01      0.718E-01      0.367E+09     -0.990E+02     -0.990E+02
      0.100E-01      0.218E+01      0.718E-01      0.367E+09     -0.628E-01      0.602E-01
      0.105E-01      0.150E+00      0.507E-01      0.345E+09     -0.628E-01      0.603E-01
      0.110E-01      0.150E+00      0.506E-01      0.345E+09     -0.629E-01      0.604E-01
      0.115E-01      0.149E+00      0.504E-01      0.345E+09     -0.629E-01      0.604E-01
      0.120E-01      0.149E+00      0.504E-01      0.345E+09     -0.629E-01      0.605E-01
      0.126E-01      0.149E+00      0.506E-01      0.345E+09     -0.630E-01      0.605E-01
      0.132E-01      0.150E+00      0.509E-01      0.345E+09     -0.629E-01      0.606E-01
      0.138E-01      0.150E+00      0.507E-01      0.345E+09     -0.629E-01      0.606E-01
      0.144E-01      0.148E+00      0.504E-01      0.345E+09     -0.629E-01      0.606E-01
      0.151E-01      0.149E+00      0.505E-01      0.345E+09     -0.630E-01      0.607E-01
      0.159E-01      0.149E+00      0.508E-01      0.345E+09     -0.630E-01      0.608E-01
      0.166E-01      0.149E+00      0.509E-01      0.344E+09     -0.628E-01      0.608E-01
      0.174E-01      0.149E+00      0.509E-01      0.344E+09     -0.631E-01      0.609E-01
      0.182E-01      0.150E+00      0.511E-01      0.344E+09     -0.631E-01      0.610E-01
      0.191E-01      0.150E+00      0.513E-01      0.344E+09     -0.629E-01      0.610E-01
      0.200E-01      0.149E+00      0.511E-01      0.344E+09     -0.631E-01      0.612E-01
      0.209E-01      0.149E+00      0.511E-01      0.344E+09     -0.631E-01      0.612E-01
      0.219E-01      0.149E+00      0.511E-01      0.344E+09     -0.631E-01      0.613E-01
      0.229E-01      0.149E+00      0.513E-01      0.344E+09     -0.630E-01      0.614E-01
      0.240E-01      0.149E+00      0.515E-01      0.344E+09     -0.630E-01      0.615E-01
      0.251E-01      0.149E+00      0.516E-01      0.343E+09     -0.631E-01      0.616E-01
      0.263E-01      0.149E+00      0.517E-01      0.343E+09     -0.631E-01      0.617E-01
      0.275E-01      0.148E+00      0.516E-01      0.343E+09     -0.633E-01      0.619E-01
      0.290E-01      0.148E+00      0.517E-01      0.343E+09     -0.631E-01      0.619E-01
      0.300E-01      0.149E+00      0.519E-01      0.343E+09     -0.631E-01      0.620E-01
      0.310E-01      0.149E+00      0.520E-01      0.343E+09     -0.632E-01      0.621E-01
      0.320E-01      0.148E+00      0.520E-01      0.343E+09     -0.632E-01      0.622E-01
      0.330E-01      0.148E+00      0.521E-01      0.342E+09     -0.632E-01      0.623E-01
      0.340E-01      0.148E+00      0.520E-01      0.342E+09     -0.630E-01      0.622E-01
      0.350E-01      0.148E+00      0.520E-01      0.342E+09     -0.626E-01      0.621E-01
      0.360E-01      0.148E+00      0.518E-01      0.342E+09     -0.622E-01      0.618E-01
      0.370E-01      0.148E+00      0.518E-01      0.342E+09     -0.619E-01      0.617E-01
      0.380E-01      0.148E+00      0.517E-01      0.342E+09     -0.612E-01      0.614E-01
      0.390E-01      0.148E+00      0.517E-01      0.342E+09     -0.610E-01      0.612E-01
      0.400E-01      0.148E+00      0.515E-01      0.342E+09     -0.606E-01      0.611E-01
      0.425E-01      0.148E+00      0.512E-01      0.341E+09     -0.596E-01      0.605E-01
      0.450E-01      0.148E+00      0.511E-01      0.341E+09     -0.586E-01      0.600E-01
      0.475E-01      0.147E+00      0.508E-01      0.341E+09     -0.576E-01      0.596E-01
      0.500E-01      0.147E+00      0.506E-01      0.340E+09     -0.566E-01      0.591E-01
      0.525E-01      0.147E+00      0.504E-01      0.340E+09     -0.556E-01      0.586E-01
      0.550E-01      0.147E+00      0.502E-01      0.340E+09     -0.545E-01      0.581E-01
      0.571E-01      0.147E+00      0.500E-01      0.340E+09     -0.537E-01      0.577E-01
      0.640E-01      0.146E+00      0.494E-01      0.339E+09     -0.509E-01      0.564E-01
      0.719E-01      0.146E+00      0.487E-01      0.338E+09     -0.478E-01      0.550E-01
      0.806E-01      0.145E+00      0.481E-01      0.337E+09     -0.440E-01      0.534E-01
      0.905E-01      0.145E+00      0.474E-01      0.336E+09     -0.401E-01      0.518E-01
      0.102E+00      0.144E+00      0.467E-01      0.335E+09     -0.355E-01      0.501E-01
      0.114E+00      0.143E+00      0.461E-01      0.334E+09     -0.301E-01      0.482E-01
      0.128E+00      0.142E+00      0.454E-01      0.332E+09     -0.243E-01      0.463E-01
      0.143E+00      0.141E+00      0.448E-01      0.331E+09     -0.175E-01      0.445E-01
      0.161E+00      0.140E+00      0.444E-01      0.329E+09     -0.975E-02      0.428E-01
      0.181E+00      0.139E+00      0.442E-01      0.327E+09     -0.927E-03      0.415E-01
      0.203E+00      0.138E+00      0.443E-01      0.325E+09      0.902E-02      0.410E-01
      0.227E+00      0.136E+00      0.448E-01      0.323E+09      0.206E-01      0.413E-01
      0.255E+00      0.134E+00      0.459E-01      0.320E+09      0.339E-01      0.435E-01
      0.286E+00      0.135E+00      0.465E-01      0.317E+09      0.418E-01      0.461E-01
      0.321E+00      0.154E+00      0.400E-01      0.314E+09      0.158E-01      0.383E-01
      0.360E+00      0.175E+00      0.434E-01      0.310E+09     -0.674E-02      0.359E-01
      0.404E+00      0.199E+00      0.581E-01      0.305E+09     -0.263E-01      0.372E-01
      0.453E+00      0.226E+00      0.805E-01      0.298E+09     -0.433E-01      0.418E-01
      0.509E+00      0.256E+00      0.109E+00      0.290E+09     -0.582E-01      0.487E-01
      0.571E+00      0.249E+00      0.112E+00      0.280E+09     -0.623E-01      0.525E-01
      0.641E+00      0.211E+00      0.938E-01      0.268E+09     -0.595E-01      0.555E-01
      0.719E+00      0.169E+00      0.744E-01      0.258E+09     -0.548E-01      0.641E-01
      0.806E+00      0.131E+00      0.546E-01      0.248E+09     -0.426E-01      0.725E-01
      0.905E+00      0.118E+00      0.398E-01      0.240E+09     -0.175E-01      0.663E-01
      0.102E+01      0.104E+00      0.320E-01      0.232E+09      0.169E-01      0.693E-01
      0.114E+01      0.154E+00      0.436E-01      0.224E+09     -0.184E-02      0.544E-01
      0.128E+01      0.222E+00      0.812E-01      0.211E+09     -0.172E-01      0.476E-01
      0.143E+01      0.217E+00      0.687E-01      0.190E+09     -0.638E-01      0.576E-01
      0.161E+01      0.194E+00      0.572E-01      0.166E+09     -0.909E-01      0.552E-01
      0.168E+01      0.180E+00      0.503E-01      0.151E+09     -0.900E-01      0.485E-01
      0.170E+01      0.177E+00      0.499E-01      0.146E+09     -0.897E-01      0.482E-01
      0.180E+01      0.167E+00      0.525E-01      0.139E+09     -0.916E-01      0.504E-01
      0.190E+01      0.183E+00      0.476E-01      0.129E+09     -0.881E-01      0.419E-01
      0.200E+01      0.200E+00      0.502E-01      0.117E+09     -0.853E-01      0.436E-01
      0.210E+01      0.215E+00      0.471E-01      0.105E+09     -0.862E-01      0.392E-01
      0.220E+01      0.233E+00      0.479E-01      0.914E+08     -0.905E-01      0.421E-01
      0.230E+01      0.242E+00      0.493E-01      0.770E+08     -0.997E-01      0.499E-01
      0.240E+01      0.204E+00      0.355E-01      0.621E+08     -0.136E+00      0.668E-01
      0.250E+01      0.168E+00      0.366E-01      0.495E+08     -0.187E+00      0.103E+00
      0.260E+01      0.139E+00      0.220E-01      0.393E+08     -0.256E+00      0.923E-01
      0.275E+01      0.989E-01      0.420E-01      0.288E+08     -0.419E+00      0.213E+00
      0.300E+01      0.385E-01      0.348E-01      0.169E+08     -0.316E+00      0.368E+00
      0.325E+01      0.361E-01      0.452E-01      0.112E+08     -0.413E+00      0.727E+00
      0.350E+01      0.315E-01      0.435E-01      0.583E+07     -0.588E+00      0.115E+01
      0.375E+01      0.810E-02      0.939E-02      0.120E+07     -0.110E+01      0.171E+01
      0.400E+01      0.174E-03      0.212E-03      0.251E+05     -0.115E+01      0.188E+01
      0.425E+01      0.240E-08      0.288E-05      0.352E+00     -0.203E+01      0.351E+04
      0.450E+01      0.470E-10      0.100E-06      0.672E-02     -0.370E+01      0.112E+05
      0.475E+01      0.145E-21      0.182E-13      0.204E-13     -0.423E+01       Infinity
      0.500E+01      0.000E+00      0.000E+00      0.000E+00     -0.990E+02     -0.990E+02
      0.525E+01      0.000E+00      0.000E+00      0.000E+00     -0.990E+02     -0.990E+02
      0.550E+01      0.000E+00      0.000E+00      0.000E+00     -0.990E+02     -0.990E+02
      0.575E+01      0.000E+00      0.000E+00      0.000E+00     -0.990E+02     -0.990E+02
      0.600E+01      0.000E+00      0.000E+00      0.000E+00     -0.990E+02     -0.990E+02
      0.625E+01      0.000E+00      0.000E+00      0.000E+00     -0.990E+02     -0.990E+02
      0.650E+01      0.000E+00      0.000E+00      0.000E+00     -0.990E+02     -0.990E+02
      0.675E+01      0.000E+00      0.000E+00      0.000E+00     -0.990E+02     -0.990E+02
      0.700E+01      0.000E+00      0.000E+00      0.000E+00     -0.990E+02     -0.990E+02
      0.725E+01      0.000E+00      0.000E+00      0.000E+00     -0.990E+02     -0.990E+02
      0.750E+01      0.000E+00      0.000E+00      0.000E+00     -0.990E+02     -0.990E+02
      0.775E+01      0.000E+00      0.000E+00      0.000E+00     -0.990E+02     -0.990E+02
      0.800E+01      0.000E+00      0.000E+00      0.000E+00     -0.990E+02     -0.990E+02
      0.825E+01      0.000E+00      0.000E+00      0.000E+00     -0.990E+02     -0.990E+02
      0.850E+01      0.000E+00      0.000E+00      0.000E+00     -0.990E+02     -0.990E+02
      0.875E+01      0.000E+00      0.000E+00      0.000E+00     -0.990E+02     -0.990E+02
      0.900E+01      0.000E+00      0.000E+00      0.000E+00     -0.990E+02     -0.990E+02
      0.925E+01      0.000E+00      0.000E+00      0.000E+00     -0.990E+02     -0.990E+02
      0.950E+01      0.000E+00      0.000E+00      0.000E+00     -0.990E+02     -0.990E+02
      0.975E+01      0.000E+00      0.000E+00      0.000E+00     -0.990E+02     -0.990E+02
      0.100E+02      0.000E+00      0.000E+00      0.000E+00     -0.990E+02     -0.990E+02
      0.102E+02      0.000E+00      0.000E+00      0.000E+00     -0.990E+02     -0.990E+02
      0.105E+02      0.000E+00      0.000E+00      0.000E+00     -0.990E+02     -0.990E+02
      0.108E+02      0.000E+00      0.000E+00      0.000E+00     -0.990E+02     -0.990E+02
      0.110E+02      0.000E+00      0.000E+00      0.000E+00     -0.990E+02     -0.990E+02
      0.112E+02      0.000E+00      0.000E+00      0.000E+00     -0.990E+02     -0.990E+02
      0.115E+02      0.000E+00      0.000E+00      0.000E+00     -0.990E+02     -0.990E+02
      0.118E+02      0.000E+00      0.000E+00      0.000E+00     -0.990E+02     -0.990E+02
      0.120E+02      0.000E+00      0.000E+00      0.000E+00     -0.990E+02     -0.990E+02
      0.122E+02      0.000E+00      0.000E+00      0.000E+00     -0.990E+02     -0.990E+02
      0.125E+02      0.000E+00      0.000E+00      0.000E+00     -0.990E+02     -0.990E+02
      0.128E+02      0.000E+00      0.000E+00      0.000E+00     -0.990E+02     -0.990E+02
      0.130E+02      0.000E+00      0.000E+00      0.000E+00     -0.990E+02     -0.990E+02
      0.132E+02      0.000E+00      0.000E+00      0.000E+00     -0.990E+02     -0.990E+02
      0.135E+02      0.000E+00      0.000E+00      0.000E+00     -0.990E+02     -0.990E+02
      0.138E+02      0.000E+00      0.000E+00      0.000E+00     -0.990E+02     -0.990E+02
      0.140E+02      0.000E+00      0.000E+00      0.000E+00     -0.990E+02     -0.990E+02
      0.142E+02      0.000E+00      0.000E+00      0.000E+00     -0.990E+02     -0.990E+02
      0.145E+02      0.000E+00      0.000E+00      0.000E+00     -0.990E+02     -0.990E+02
      0.148E+02      0.000E+00      0.000E+00      0.000E+00     -0.990E+02     -0.990E+02
      0.150E+02      0.000E+00      0.000E+00      0.000E+00     -0.990E+02     -0.990E+02
      0.152E+02      0.000E+00      0.000E+00      0.000E+00     -0.990E+02     -0.990E+02
      0.155E+02      0.000E+00      0.000E+00      0.000E+00     -0.990E+02     -0.990E+02
      0.158E+02      0.000E+00      0.000E+00      0.000E+00     -0.990E+02     -0.990E+02
      0.160E+02      0.000E+00      0.000E+00      0.000E+00     -0.990E+02     -0.990E+02
      0.162E+02      0.000E+00      0.000E+00      0.000E+00     -0.990E+02     -0.990E+02
      0.165E+02      0.000E+00      0.000E+00      0.000E+00     -0.990E+02     -0.990E+02
      0.168E+02      0.000E+00      0.000E+00      0.000E+00     -0.990E+02     -0.990E+02
      0.170E+02      0.000E+00      0.000E+00      0.000E+00     -0.990E+02     -0.990E+02
      0.172E+02      0.000E+00      0.000E+00      0.000E+00     -0.990E+02     -0.990E+02
      0.175E+02      0.000E+00      0.000E+00      0.000E+00     -0.990E+02     -0.990E+02
      0.178E+02      0.000E+00      0.000E+00      0.000E+00     -0.990E+02     -0.990E+02
      0.180E+02      0.000E+00      0.000E+00      0.000E+00     -0.990E+02     -0.990E+02
      0.182E+02      0.000E+00      0.000E+00      0.000E+00     -0.990E+02     -0.990E+02
      0.185E+02      0.000E+00      0.000E+00      0.000E+00     -0.990E+02     -0.990E+02
      0.188E+02      0.000E+00      0.000E+00      0.000E+00     -0.990E+02     -0.990E+02
      0.190E+02      0.000E+00      0.000E+00      0.000E+00     -0.990E+02     -0.990E+02
      0.192E+02      0.000E+00      0.000E+00      0.000E+00     -0.990E+02     -0.990E+02
      0.195E+02      0.000E+00      0.000E+00      0.000E+00     -0.990E+02     -0.990E+02
      0.198E+02      0.000E+00      0.000E+00      0.000E+00     -0.990E+02     -0.990E+02
      0.200E+02      0.000E+00      0.000E+00      0.000E+00     -0.990E+02     -0.990E+02
