      0.000E+00      0.143E-01      0.275E-01      0.177E+11     -0.990E+02     -0.990E+02
      0.100E-03      0.143E-01      0.275E-01      0.177E+11     -0.990E+02     -0.990E+02
      0.140E-03      0.143E-01      0.275E-01      0.177E+11     -0.990E+02     -0.990E+02
      0.160E-03      0.143E-01      0.275E-01      0.177E+11     -0.990E+02     -0.990E+02
      0.180E-03      0.143E-01      0.275E-01      0.177E+11     -0.990E+02     -0.990E+02
      0.200E-03      0.143E-01      0.275E-01      0.177E+11     -0.990E+02     -0.990E+02
      0.220E-03      0.143E-01      0.275E-01      0.177E+11     -0.990E+02     -0.990E+02
      0.250E-03      0.143E-01      0.275E-01      0.177E+11     -0.990E+02     -0.990E+02
      0.280E-03      0.143E-01      0.275E-01      0.177E+11     -0.990E+02     -0.990E+02
      0.320E-03      0.143E-01      0.275E-01      0.177E+11     -0.990E+02     -0.990E+02
      0.350E-03      0.143E-01      0.275E-01      0.177E+11     -0.990E+02     -0.990E+02
      0.400E-03      0.143E-01      0.275E-01      0.177E+11     -0.990E+02     -0.990E+02
      0.450E-03      0.143E-01      0.275E-01      0.177E+11     -0.990E+02     -0.990E+02
      0.500E-03      0.143E-01      0.275E-01      0.177E+11     -0.990E+02     -0.990E+02
      0.560E-03      0.143E-01      0.275E-01      0.177E+11     -0.990E+02     -0.990E+02
      0.630E-03      0.143E-01      0.275E-01      0.177E+11     -0.990E+02     -0.990E+02
      0.710E-03      0.143E-01      0.275E-01      0.177E+11     -0.990E+02     -0.990E+02
      0.790E-03      0.143E-01      0.275E-01      0.177E+11     -0.990E+02     -0.990E+02
      0.890E-03      0.143E-01      0.275E-01      0.177E+11     -0.990E+02     -0.990E+02
      0.100E-02      0.143E-01      0.275E-01      0.177E+11     -0.990E+02     -0.990E+02
      0.105E-02      0.143E-01      0.275E-01      0.177E+11     -0.990E+02     -0.990E+02
      0.110E-02      0.143E-01      0.275E-01      0.177E+11     -0.990E+02     -0.990E+02
      0.115E-02      0.143E-01      0.275E-01      0.177E+11     -0.990E+02     -0.990E+02
      0.120E-02      0.143E-01      0.275E-01      0.177E+11     -0.990E+02     -0.990E+02
      0.126E-02      0.143E-01      0.275E-01      0.177E+11     -0.990E+02     -0.990E+02
      0.132E-02      0.143E-01      0.275E-01      0.177E+11     -0.990E+02     -0.990E+02
      0.138E-02      0.143E-01      0.275E-01      0.177E+11     -0.990E+02     -0.990E+02
      0.145E-02      0.143E-01      0.275E-01      0.177E+11     -0.990E+02     -0.990E+02
      0.151E-02      0.143E-01      0.275E-01      0.177E+11     -0.990E+02     -0.990E+02
      0.158E-02      0.143E-01      0.275E-01      0.177E+11     -0.990E+02     -0.990E+02
      0.166E-02      0.143E-01      0.275E-01      0.177E+11     -0.990E+02     -0.990E+02
      0.174E-02      0.143E-01      0.275E-01      0.177E+11     -0.990E+02     -0.990E+02
      0.182E-02      0.143E-01      0.275E-01      0.177E+11     -0.990E+02     -0.990E+02
      0.191E-02      0.143E-01      0.275E-01      0.177E+11     -0.990E+02     -0.990E+02
      0.200E-02      0.143E-01      0.275E-01      0.177E+11     -0.990E+02     -0.990E+02
      0.209E-02      0.143E-01      0.275E-01      0.177E+11     -0.990E+02     -0.990E+02
      0.219E-02      0.143E-01      0.275E-01      0.177E+11     -0.990E+02     -0.990E+02
      0.229E-02      0.143E-01      0.275E-01      0.177E+11     -0.990E+02     -0.990E+02
      0.240E-02      0.143E-01      0.275E-01      0.177E+11     -0.990E+02     -0.990E+02
      0.251E-02      0.143E-01      0.275E-01      0.177E+11     -0.990E+02     -0.990E+02
      0.263E-02      0.143E-01      0.275E-01      0.177E+11     -0.990E+02     -0.990E+02
      0.275E-02      0.143E-01      0.275E-01      0.177E+11     -0.990E+02     -0.990E+02
      0.288E-02      0.143E-01      0.275E-01      0.177E+11     -0.990E+02     -0.990E+02
      0.302E-02      0.143E-01      0.275E-01      0.177E+11     -0.990E+02     -0.990E+02
      0.316E-02      0.143E-01      0.275E-01      0.177E+11     -0.990E+02     -0.990E+02
      0.331E-02      0.143E-01      0.275E-01      0.177E+11     -0.990E+02     -0.990E+02
      0.347E-02      0.143E-01      0.275E-01      0.177E+11     -0.990E+02     -0.990E+02
      0.363E-02      0.143E-01      0.275E-01      0.177E+11     -0.990E+02     -0.990E+02
      0.380E-02      0.143E-01      0.275E-01      0.177E+11     -0.990E+02     -0.990E+02
      0.398E-02      0.143E-01      0.275E-01      0.177E+11     -0.990E+02     -0.990E+02
      0.417E-02      0.143E-01      0.275E-01      0.177E+11     -0.990E+02     -0.990E+02
      0.437E-02      0.143E-01      0.275E-01      0.177E+11     -0.990E+02     -0.990E+02
      0.457E-02      0.143E-01      0.275E-01      0.177E+11     -0.990E+02     -0.990E+02
      0.479E-02      0.143E-01      0.275E-01      0.177E+11     -0.990E+02     -0.990E+02
      0.501E-02      0.143E-01      0.275E-01      0.177E+11     -0.990E+02     -0.990E+02
      0.525E-02      0.143E-01      0.275E-01      0.177E+11     -0.990E+02     -0.990E+02
      0.550E-02      0.143E-01      0.275E-01      0.177E+11     -0.990E+02     -0.990E+02
      0.575E-02      0.143E-01      0.275E-01      0.177E+11     -0.990E+02     -0.990E+02
      0.603E-02      0.143E-01      0.275E-01      0.177E+11     -0.990E+02     -0.990E+02
      0.631E-02      0.143E-01      0.275E-01      0.177E+11     -0.990E+02     -0.990E+02
      0.661E-02      0.143E-01      0.275E-01      0.177E+11     -0.990E+02     -0.990E+02
      0.692E-02      0.143E-01      0.275E-01      0.177E+11     -0.990E+02     -0.990E+02
      0.724E-02      0.143E-01      0.275E-01      0.177E+11     -0.990E+02     -0.990E+02
      0.759E-02      0.143E-01      0.275E-01      0.177E+11     -0.990E+02     -0.990E+02
      0.794E-02      0.143E-01      0.275E-01      0.177E+11     -0.990E+02     -0.990E+02
      0.832E-02      0.143E-01      0.275E-01      0.177E+11     -0.990E+02     -0.990E+02
      0.871E-02      0.143E-01      0.275E-01      0.177E+11     -0.990E+02     -0.990E+02
      0.912E-02      0.143E-01      0.275E-01      0.177E+11     -0.990E+02     -0.990E+02
      0.955E-02      0.143E-01      0.275E-01      0.177E+11     -0.990E+02     -0.990E+02
      0.100E-01      0.143E-01      0.275E-01      0.177E+11      0.421E+00      0.822E+00
      0.105E-01      0.311E-01      0.378E-01      0.177E+11      0.421E+00      0.820E+00
      0.110E-01      0.310E-01      0.376E-01      0.177E+11      0.421E+00      0.818E+00
      0.115E-01      0.309E-01      0.374E-01      0.177E+11      0.421E+00      0.815E+00
      0.120E-01      0.310E-01      0.374E-01      0.177E+11      0.421E+00      0.815E+00
      0.126E-01      0.311E-01      0.375E-01      0.177E+11      0.421E+00      0.813E+00
      0.132E-01      0.313E-01      0.376E-01      0.177E+11      0.421E+00      0.810E+00
      0.138E-01      0.312E-01      0.374E-01      0.177E+11      0.421E+00      0.806E+00
      0.144E-01      0.311E-01      0.372E-01      0.177E+11      0.421E+00      0.805E+00
      0.151E-01      0.312E-01      0.370E-01      0.177E+11      0.421E+00      0.800E+00
      0.159E-01      0.313E-01      0.371E-01      0.177E+11      0.421E+00      0.797E+00
      0.166E-01      0.314E-01      0.371E-01      0.177E+11      0.421E+00      0.796E+00
      0.174E-01      0.315E-01      0.370E-01      0.177E+11      0.421E+00      0.791E+00
      0.182E-01      0.317E-01      0.371E-01      0.177E+11      0.421E+00      0.788E+00
      0.191E-01      0.319E-01      0.371E-01      0.177E+11      0.421E+00      0.787E+00
      0.200E-01      0.318E-01      0.368E-01      0.177E+11      0.421E+00      0.782E+00
      0.209E-01      0.318E-01      0.367E-01      0.177E+11      0.421E+00      0.778E+00
      0.219E-01      0.320E-01      0.368E-01      0.177E+11      0.422E+00      0.776E+00
      0.229E-01      0.321E-01      0.367E-01      0.177E+11      0.422E+00      0.771E+00
      0.240E-01      0.323E-01      0.368E-01      0.177E+11      0.422E+00      0.769E+00
      0.251E-01      0.325E-01      0.367E-01      0.177E+11      0.422E+00      0.763E+00
      0.263E-01      0.326E-01      0.366E-01      0.177E+11      0.422E+00      0.759E+00
      0.275E-01      0.327E-01      0.366E-01      0.177E+11      0.422E+00      0.757E+00
      0.290E-01      0.328E-01      0.365E-01      0.177E+11      0.422E+00      0.751E+00
      0.300E-01      0.330E-01      0.364E-01      0.177E+11      0.422E+00      0.747E+00
      0.310E-01      0.331E-01      0.364E-01      0.177E+11      0.423E+00      0.744E+00
      0.320E-01      0.332E-01      0.364E-01      0.177E+11      0.423E+00      0.741E+00
      0.330E-01      0.334E-01      0.364E-01      0.177E+11      0.423E+00      0.738E+00
      0.340E-01      0.335E-01      0.364E-01      0.177E+11      0.423E+00      0.735E+00
      0.350E-01      0.336E-01      0.364E-01      0.177E+11      0.423E+00      0.732E+00
      0.360E-01      0.337E-01      0.362E-01      0.177E+11      0.423E+00      0.727E+00
      0.370E-01      0.338E-01      0.362E-01      0.177E+11      0.423E+00      0.724E+00
      0.380E-01      0.339E-01      0.362E-01      0.177E+11      0.423E+00      0.721E+00
      0.390E-01      0.340E-01      0.362E-01      0.177E+11      0.424E+00      0.719E+00
      0.400E-01      0.342E-01      0.362E-01      0.177E+11      0.424E+00      0.717E+00
      0.425E-01      0.345E-01      0.361E-01      0.177E+11      0.424E+00      0.709E+00
      0.450E-01      0.348E-01      0.360E-01      0.177E+11      0.424E+00      0.702E+00
      0.475E-01      0.351E-01      0.360E-01      0.177E+11      0.424E+00      0.695E+00
      0.500E-01      0.354E-01      0.359E-01      0.177E+11      0.425E+00      0.688E+00
      0.525E-01      0.357E-01      0.359E-01      0.177E+11      0.425E+00      0.682E+00
      0.550E-01      0.360E-01      0.358E-01      0.177E+11      0.425E+00      0.676E+00
      0.571E-01      0.363E-01      0.359E-01      0.177E+11      0.425E+00      0.671E+00
      0.640E-01      0.370E-01      0.357E-01      0.177E+11      0.426E+00      0.654E+00
      0.719E-01      0.380E-01      0.358E-01      0.177E+11      0.427E+00      0.640E+00
      0.806E-01      0.391E-01      0.359E-01      0.177E+11      0.427E+00      0.624E+00
      0.905E-01      0.402E-01      0.361E-01      0.177E+11      0.428E+00      0.609E+00
      0.102E+00      0.419E-01      0.369E-01      0.176E+11      0.429E+00      0.597E+00
      0.114E+00      0.450E-01      0.379E-01      0.176E+11      0.432E+00      0.569E+00
      0.128E+00      0.489E-01      0.410E-01      0.176E+11      0.434E+00      0.565E+00
      0.143E+00      0.535E-01      0.470E-01      0.176E+11      0.436E+00      0.587E+00
      0.161E+00      0.588E-01      0.556E-01      0.176E+11      0.439E+00      0.629E+00
      0.181E+00      0.647E-01      0.668E-01      0.176E+11      0.441E+00      0.683E+00
      0.203E+00      0.716E-01      0.805E-01      0.176E+11      0.443E+00      0.743E+00
      0.227E+00      0.828E-01      0.968E-01      0.176E+11      0.437E+00      0.765E+00
      0.255E+00      0.104E+00      0.118E+00      0.176E+11      0.429E+00      0.733E+00
      0.286E+00      0.140E+00      0.144E+00      0.176E+11      0.422E+00      0.658E+00
      0.321E+00      0.190E+00      0.179E+00      0.176E+11      0.415E+00      0.591E+00
      0.360E+00      0.244E+00      0.217E+00      0.176E+11      0.409E+00      0.545E+00
      0.404E+00      0.297E+00      0.237E+00      0.176E+11      0.403E+00      0.474E+00
      0.453E+00      0.371E+00      0.277E+00      0.176E+11      0.401E+00      0.433E+00
      0.509E+00      0.477E+00      0.346E+00      0.176E+11      0.389E+00      0.410E+00
      0.571E+00      0.640E+00      0.447E+00      0.176E+11      0.369E+00      0.377E+00
      0.641E+00      0.840E+00      0.599E+00      0.176E+11      0.354E+00      0.374E+00
      0.719E+00      0.105E+01      0.757E+00      0.175E+11      0.341E+00      0.362E+00
      0.806E+00      0.111E+01      0.787E+00      0.175E+11      0.320E+00      0.332E+00
      0.905E+00      0.117E+01      0.834E+00      0.174E+11      0.285E+00      0.285E+00
      0.102E+01      0.157E+01      0.113E+01      0.173E+11      0.240E+00      0.236E+00
      0.114E+01      0.256E+01      0.171E+01      0.172E+11      0.213E+00      0.202E+00
      0.128E+01      0.366E+01      0.240E+01      0.170E+11      0.174E+00      0.166E+00
      0.143E+01      0.527E+01      0.349E+01      0.166E+11      0.136E+00      0.142E+00
      0.161E+01      0.687E+01      0.347E+01      0.160E+11      0.920E-01      0.924E-01
      0.168E+01      0.754E+01      0.367E+01      0.155E+11      0.693E-01      0.799E-01
      0.170E+01      0.774E+01      0.380E+01      0.153E+11      0.634E-01      0.787E-01
      0.180E+01      0.815E+01      0.387E+01      0.150E+11      0.507E-01      0.691E-01
      0.190E+01      0.806E+01      0.382E+01      0.145E+11      0.430E-01      0.583E-01
      0.200E+01      0.789E+01      0.379E+01      0.140E+11      0.359E-01      0.637E-01
      0.210E+01      0.803E+01      0.440E+01      0.135E+11      0.273E-01      0.784E-01
      0.220E+01      0.803E+01      0.514E+01      0.130E+11      0.236E-01      0.783E-01
      0.230E+01      0.815E+01      0.549E+01      0.125E+11      0.292E-01      0.787E-01
      0.240E+01      0.837E+01      0.551E+01      0.120E+11      0.357E-01      0.789E-01
      0.250E+01      0.857E+01      0.557E+01      0.115E+11      0.336E-01      0.820E-01
      0.260E+01      0.831E+01      0.527E+01      0.109E+11      0.199E-01      0.844E-01
      0.275E+01      0.782E+01      0.493E+01      0.103E+11      0.376E-02      0.956E-01
      0.300E+01      0.679E+01      0.370E+01      0.935E+10      0.327E-01      0.115E+00
      0.325E+01      0.848E+01      0.436E+01      0.833E+10      0.328E-01      0.119E+00
      0.350E+01      0.105E+02      0.522E+01      0.705E+10     -0.345E-01      0.844E-01
      0.375E+01      0.949E+01      0.467E+01      0.549E+10     -0.597E-01      0.985E-01
      0.400E+01      0.774E+01      0.380E+01      0.408E+10     -0.103E+00      0.131E+00
      0.425E+01      0.641E+01      0.354E+01      0.293E+10     -0.127E+00      0.154E+00
      0.450E+01      0.422E+01      0.307E+01      0.199E+10     -0.147E+00      0.194E+00
      0.475E+01      0.377E+01      0.317E+01      0.137E+10     -0.109E+00      0.226E+00
      0.500E+01      0.295E+01      0.222E+01      0.822E+09     -0.161E+00      0.208E+00
      0.525E+01      0.121E+01      0.153E+01      0.394E+09     -0.117E+00      0.307E+00
      0.550E+01      0.113E+01      0.173E+01      0.219E+09     -0.143E+00      0.331E+00
      0.575E+01      0.312E+00      0.587E+00      0.566E+08     -0.222E+00      0.762E+00
      0.600E+01      0.761E-01      0.158E+00      0.117E+08     -0.685E+00      0.203E+01
      0.625E+01      0.659E-02      0.318E-01      0.932E+06     -0.889E+00      0.573E+01
      0.650E+01      0.299E-04      0.195E-02      0.424E+04     -0.107E+01      0.832E+02
      0.675E+01      0.406E-13      0.100E-08      0.562E-05     -0.423E+01      0.148E+06
      0.700E+01      0.000E+00      0.000E+00      0.000E+00     -0.990E+02     -0.990E+02
      0.725E+01      0.000E+00      0.000E+00      0.000E+00     -0.990E+02     -0.990E+02
      0.750E+01      0.000E+00      0.000E+00      0.000E+00     -0.990E+02     -0.990E+02
      0.775E+01      0.000E+00      0.000E+00      0.000E+00     -0.990E+02     -0.990E+02
      0.800E+01      0.000E+00      0.000E+00      0.000E+00     -0.990E+02     -0.990E+02
      0.825E+01      0.000E+00      0.000E+00      0.000E+00     -0.990E+02     -0.990E+02
      0.850E+01      0.000E+00      0.000E+00      0.000E+00     -0.990E+02     -0.990E+02
      0.875E+01      0.000E+00      0.000E+00      0.000E+00     -0.990E+02     -0.990E+02
      0.900E+01      0.000E+00      0.000E+00      0.000E+00     -0.990E+02     -0.990E+02
      0.925E+01      0.000E+00      0.000E+00      0.000E+00     -0.990E+02     -0.990E+02
      0.950E+01      0.000E+00      0.000E+00      0.000E+00     -0.990E+02     -0.990E+02
      0.975E+01      0.000E+00      0.000E+00      0.000E+00     -0.990E+02     -0.990E+02
      0.100E+02      0.000E+00      0.000E+00      0.000E+00     -0.990E+02     -0.990E+02
      0.102E+02      0.000E+00      0.000E+00      0.000E+00     -0.990E+02     -0.990E+02
      0.105E+02      0.000E+00      0.000E+00      0.000E+00     -0.990E+02     -0.990E+02
      0.108E+02      0.000E+00      0.000E+00      0.000E+00     -0.990E+02     -0.990E+02
      0.110E+02      0.000E+00      0.000E+00      0.000E+00     -0.990E+02     -0.990E+02
      0.112E+02      0.000E+00      0.000E+00      0.000E+00     -0.990E+02     -0.990E+02
      0.115E+02      0.000E+00      0.000E+00      0.000E+00     -0.990E+02     -0.990E+02
      0.118E+02      0.000E+00      0.000E+00      0.000E+00     -0.990E+02     -0.990E+02
      0.120E+02      0.000E+00      0.000E+00      0.000E+00     -0.990E+02     -0.990E+02
      0.122E+02      0.000E+00      0.000E+00      0.000E+00     -0.990E+02     -0.990E+02
      0.125E+02      0.000E+00      0.000E+00      0.000E+00     -0.990E+02     -0.990E+02
      0.128E+02      0.000E+00      0.000E+00      0.000E+00     -0.990E+02     -0.990E+02
      0.130E+02      0.000E+00      0.000E+00      0.000E+00     -0.990E+02     -0.990E+02
      0.132E+02      0.000E+00      0.000E+00      0.000E+00     -0.990E+02     -0.990E+02
      0.135E+02      0.000E+00      0.000E+00      0.000E+00     -0.990E+02     -0.990E+02
      0.138E+02      0.000E+00      0.000E+00      0.000E+00     -0.990E+02     -0.990E+02
      0.140E+02      0.000E+00      0.000E+00      0.000E+00     -0.990E+02     -0.990E+02
      0.142E+02      0.000E+00      0.000E+00      0.000E+00     -0.990E+02     -0.990E+02
      0.145E+02      0.000E+00      0.000E+00      0.000E+00     -0.990E+02     -0.990E+02
      0.148E+02      0.000E+00      0.000E+00      0.000E+00     -0.990E+02     -0.990E+02
      0.150E+02      0.000E+00      0.000E+00      0.000E+00     -0.990E+02     -0.990E+02
      0.152E+02      0.000E+00      0.000E+00      0.000E+00     -0.990E+02     -0.990E+02
      0.155E+02      0.000E+00      0.000E+00      0.000E+00     -0.990E+02     -0.990E+02
      0.158E+02      0.000E+00      0.000E+00      0.000E+00     -0.990E+02     -0.990E+02
      0.160E+02      0.000E+00      0.000E+00      0.000E+00     -0.990E+02     -0.990E+02
      0.162E+02      0.000E+00      0.000E+00      0.000E+00     -0.990E+02     -0.990E+02
      0.165E+02      0.000E+00      0.000E+00      0.000E+00     -0.990E+02     -0.990E+02
      0.168E+02      0.000E+00      0.000E+00      0.000E+00     -0.990E+02     -0.990E+02
      0.170E+02      0.000E+00      0.000E+00      0.000E+00     -0.990E+02     -0.990E+02
      0.172E+02      0.000E+00      0.000E+00      0.000E+00     -0.990E+02     -0.990E+02
      0.175E+02      0.000E+00      0.000E+00      0.000E+00     -0.990E+02     -0.990E+02
      0.178E+02      0.000E+00      0.000E+00      0.000E+00     -0.990E+02     -0.990E+02
      0.180E+02      0.000E+00      0.000E+00      0.000E+00     -0.990E+02     -0.990E+02
      0.182E+02      0.000E+00      0.000E+00      0.000E+00     -0.990E+02     -0.990E+02
      0.185E+02      0.000E+00      0.000E+00      0.000E+00     -0.990E+02     -0.990E+02
      0.188E+02      0.000E+00      0.000E+00      0.000E+00     -0.990E+02     -0.990E+02
      0.190E+02      0.000E+00      0.000E+00      0.000E+00     -0.990E+02     -0.990E+02
      0.192E+02      0.000E+00      0.000E+00      0.000E+00     -0.990E+02     -0.990E+02
      0.195E+02      0.000E+00      0.000E+00      0.000E+00     -0.990E+02     -0.990E+02
      0.198E+02      0.000E+00      0.000E+00      0.000E+00     -0.990E+02     -0.990E+02
      0.200E+02      0.000E+00      0.000E+00      0.000E+00     -0.990E+02     -0.990E+02
