      0.000E+00      0.652E+00      0.114E+01      0.142E+10     -0.990E+02     -0.990E+02
      0.100E-03      0.652E+00      0.114E+01      0.142E+10     -0.990E+02     -0.990E+02
      0.140E-03      0.652E+00      0.114E+01      0.142E+10     -0.990E+02     -0.990E+02
      0.160E-03      0.652E+00      0.114E+01      0.142E+10     -0.990E+02     -0.990E+02
      0.180E-03      0.652E+00      0.114E+01      0.142E+10     -0.990E+02     -0.990E+02
      0.200E-03      0.652E+00      0.114E+01      0.142E+10     -0.990E+02     -0.990E+02
      0.220E-03      0.652E+00      0.114E+01      0.142E+10     -0.990E+02     -0.990E+02
      0.250E-03      0.652E+00      0.114E+01      0.142E+10     -0.990E+02     -0.990E+02
      0.280E-03      0.652E+00      0.114E+01      0.142E+10     -0.990E+02     -0.990E+02
      0.320E-03      0.652E+00      0.114E+01      0.142E+10     -0.990E+02     -0.990E+02
      0.350E-03      0.652E+00      0.114E+01      0.142E+10     -0.990E+02     -0.990E+02
      0.400E-03      0.652E+00      0.114E+01      0.142E+10     -0.990E+02     -0.990E+02
      0.450E-03      0.652E+00      0.114E+01      0.142E+10     -0.990E+02     -0.990E+02
      0.500E-03      0.652E+00      0.114E+01      0.142E+10     -0.990E+02     -0.990E+02
      0.560E-03      0.652E+00      0.114E+01      0.142E+10     -0.990E+02     -0.990E+02
      0.630E-03      0.652E+00      0.114E+01      0.142E+10     -0.990E+02     -0.990E+02
      0.710E-03      0.652E+00      0.114E+01      0.142E+10     -0.990E+02     -0.990E+02
      0.790E-03      0.652E+00      0.114E+01      0.142E+10     -0.990E+02     -0.990E+02
      0.890E-03      0.652E+00      0.114E+01      0.142E+10     -0.990E+02     -0.990E+02
      0.100E-02      0.652E+00      0.114E+01      0.142E+10     -0.990E+02     -0.990E+02
      0.105E-02      0.652E+00      0.114E+01      0.142E+10     -0.990E+02     -0.990E+02
      0.110E-02      0.652E+00      0.114E+01      0.142E+10     -0.990E+02     -0.990E+02
      0.115E-02      0.652E+00      0.114E+01      0.142E+10     -0.990E+02     -0.990E+02
      0.120E-02      0.652E+00      0.114E+01      0.142E+10     -0.990E+02     -0.990E+02
      0.126E-02      0.652E+00      0.114E+01      0.142E+10     -0.990E+02     -0.990E+02
      0.132E-02      0.652E+00      0.114E+01      0.142E+10     -0.990E+02     -0.990E+02
      0.138E-02      0.652E+00      0.114E+01      0.142E+10     -0.990E+02     -0.990E+02
      0.145E-02      0.652E+00      0.114E+01      0.142E+10     -0.990E+02     -0.990E+02
      0.151E-02      0.652E+00      0.114E+01      0.142E+10     -0.990E+02     -0.990E+02
      0.158E-02      0.652E+00      0.114E+01      0.142E+10     -0.990E+02     -0.990E+02
      0.166E-02      0.652E+00      0.114E+01      0.142E+10     -0.990E+02     -0.990E+02
      0.174E-02      0.652E+00      0.114E+01      0.142E+10     -0.990E+02     -0.990E+02
      0.182E-02      0.652E+00      0.114E+01      0.142E+10     -0.990E+02     -0.990E+02
      0.191E-02      0.652E+00      0.114E+01      0.142E+10     -0.990E+02     -0.990E+02
      0.200E-02      0.652E+00      0.114E+01      0.142E+10     -0.990E+02     -0.990E+02
      0.209E-02      0.652E+00      0.114E+01      0.142E+10     -0.990E+02     -0.990E+02
      0.219E-02      0.652E+00      0.114E+01      0.142E+10     -0.990E+02     -0.990E+02
      0.229E-02      0.652E+00      0.114E+01      0.142E+10     -0.990E+02     -0.990E+02
      0.240E-02      0.652E+00      0.114E+01      0.142E+10     -0.990E+02     -0.990E+02
      0.251E-02      0.652E+00      0.114E+01      0.142E+10     -0.990E+02     -0.990E+02
      0.263E-02      0.652E+00      0.114E+01      0.142E+10     -0.990E+02     -0.990E+02
      0.275E-02      0.652E+00      0.114E+01      0.142E+10     -0.990E+02     -0.990E+02
      0.288E-02      0.652E+00      0.114E+01      0.142E+10     -0.990E+02     -0.990E+02
      0.302E-02      0.652E+00      0.114E+01      0.142E+10     -0.990E+02     -0.990E+02
      0.316E-02      0.652E+00      0.114E+01      0.142E+10     -0.990E+02     -0.990E+02
      0.331E-02      0.652E+00      0.114E+01      0.142E+10     -0.990E+02     -0.990E+02
      0.347E-02      0.652E+00      0.114E+01      0.142E+10     -0.990E+02     -0.990E+02
      0.363E-02      0.652E+00      0.114E+01      0.142E+10     -0.990E+02     -0.990E+02
      0.380E-02      0.652E+00      0.114E+01      0.142E+10     -0.990E+02     -0.990E+02
      0.398E-02      0.652E+00      0.114E+01      0.142E+10     -0.990E+02     -0.990E+02
      0.417E-02      0.652E+00      0.114E+01      0.142E+10     -0.990E+02     -0.990E+02
      0.437E-02      0.652E+00      0.114E+01      0.142E+10     -0.990E+02     -0.990E+02
      0.457E-02      0.652E+00      0.114E+01      0.142E+10     -0.990E+02     -0.990E+02
      0.479E-02      0.652E+00      0.114E+01      0.142E+10     -0.990E+02     -0.990E+02
      0.501E-02      0.652E+00      0.114E+01      0.142E+10     -0.990E+02     -0.990E+02
      0.525E-02      0.652E+00      0.114E+01      0.142E+10     -0.990E+02     -0.990E+02
      0.550E-02      0.652E+00      0.114E+01      0.142E+10     -0.990E+02     -0.990E+02
      0.575E-02      0.652E+00      0.114E+01      0.142E+10     -0.990E+02     -0.990E+02
      0.603E-02      0.652E+00      0.114E+01      0.142E+10     -0.990E+02     -0.990E+02
      0.631E-02      0.652E+00      0.114E+01      0.142E+10     -0.990E+02     -0.990E+02
      0.661E-02      0.652E+00      0.114E+01      0.142E+10     -0.990E+02     -0.990E+02
      0.692E-02      0.652E+00      0.114E+01      0.142E+10     -0.990E+02     -0.990E+02
      0.724E-02      0.652E+00      0.114E+01      0.142E+10     -0.990E+02     -0.990E+02
      0.759E-02      0.652E+00      0.114E+01      0.142E+10     -0.990E+02     -0.990E+02
      0.794E-02      0.652E+00      0.114E+01      0.142E+10     -0.990E+02     -0.990E+02
      0.832E-02      0.652E+00      0.114E+01      0.142E+10     -0.990E+02     -0.990E+02
      0.871E-02      0.652E+00      0.114E+01      0.142E+10     -0.990E+02     -0.990E+02
      0.912E-02      0.652E+00      0.114E+01      0.142E+10     -0.990E+02     -0.990E+02
      0.955E-02      0.652E+00      0.114E+01      0.142E+10     -0.990E+02     -0.990E+02
      0.100E-01      0.652E+00      0.114E+01      0.142E+10     -0.117E+01      0.862E+00
      0.105E-01      0.141E+02      0.689E+01      0.141E+10     -0.117E+01      0.862E+00
      0.110E-01      0.140E+02      0.683E+01      0.140E+10     -0.117E+01      0.861E+00
      0.115E-01      0.140E+02      0.679E+01      0.140E+10     -0.117E+01      0.861E+00
      0.120E-01      0.139E+02      0.675E+01      0.139E+10     -0.117E+01      0.861E+00
      0.126E-01      0.139E+02      0.673E+01      0.138E+10     -0.117E+01      0.861E+00
      0.132E-01      0.139E+02      0.673E+01      0.138E+10     -0.117E+01      0.860E+00
      0.138E-01      0.138E+02      0.668E+01      0.137E+10     -0.117E+01      0.860E+00
      0.144E-01      0.137E+02      0.659E+01      0.136E+10     -0.118E+01      0.860E+00
      0.151E-01      0.136E+02      0.657E+01      0.135E+10     -0.118E+01      0.860E+00
      0.159E-01      0.136E+02      0.655E+01      0.135E+10     -0.118E+01      0.859E+00
      0.166E-01      0.136E+02      0.651E+01      0.134E+10     -0.118E+01      0.859E+00
      0.174E-01      0.135E+02      0.647E+01      0.133E+10     -0.118E+01      0.859E+00
      0.182E-01      0.135E+02      0.645E+01      0.132E+10     -0.118E+01      0.858E+00
      0.191E-01      0.134E+02      0.640E+01      0.131E+10     -0.118E+01      0.858E+00
      0.200E-01      0.133E+02      0.632E+01      0.130E+10     -0.119E+01      0.858E+00
      0.209E-01      0.132E+02      0.626E+01      0.129E+10     -0.119E+01      0.857E+00
      0.219E-01      0.131E+02      0.621E+01      0.128E+10     -0.119E+01      0.857E+00
      0.229E-01      0.131E+02      0.617E+01      0.127E+10     -0.119E+01      0.857E+00
      0.240E-01      0.130E+02      0.611E+01      0.126E+10     -0.119E+01      0.856E+00
      0.251E-01      0.129E+02      0.606E+01      0.124E+10     -0.120E+01      0.857E+00
      0.263E-01      0.128E+02      0.599E+01      0.123E+10     -0.120E+01      0.856E+00
      0.275E-01      0.127E+02      0.591E+01      0.122E+10     -0.120E+01      0.856E+00
      0.290E-01      0.125E+02      0.584E+01      0.120E+10     -0.120E+01      0.856E+00
      0.300E-01      0.125E+02      0.579E+01      0.119E+10     -0.120E+01      0.856E+00
      0.310E-01      0.124E+02      0.574E+01      0.118E+10     -0.121E+01      0.856E+00
      0.320E-01      0.123E+02      0.569E+01      0.117E+10     -0.121E+01      0.856E+00
      0.330E-01      0.122E+02      0.564E+01      0.116E+10     -0.121E+01      0.856E+00
      0.340E-01      0.121E+02      0.559E+01      0.115E+10     -0.121E+01      0.856E+00
      0.350E-01      0.121E+02      0.554E+01      0.114E+10     -0.121E+01      0.856E+00
      0.360E-01      0.120E+02      0.549E+01      0.113E+10     -0.122E+01      0.856E+00
      0.370E-01      0.119E+02      0.544E+01      0.112E+10     -0.122E+01      0.856E+00
      0.380E-01      0.118E+02      0.539E+01      0.111E+10     -0.122E+01      0.856E+00
      0.390E-01      0.117E+02      0.534E+01      0.110E+10     -0.122E+01      0.855E+00
      0.400E-01      0.117E+02      0.529E+01      0.109E+10     -0.122E+01      0.855E+00
      0.425E-01      0.115E+02      0.517E+01      0.108E+10     -0.123E+01      0.854E+00
      0.450E-01      0.113E+02      0.505E+01      0.105E+10     -0.123E+01      0.854E+00
      0.475E-01      0.111E+02      0.493E+01      0.103E+10     -0.124E+01      0.854E+00
      0.500E-01      0.109E+02      0.481E+01      0.101E+10     -0.124E+01      0.854E+00
      0.525E-01      0.107E+02      0.469E+01      0.987E+09     -0.125E+01      0.854E+00
      0.550E-01      0.105E+02      0.458E+01      0.966E+09     -0.126E+01      0.855E+00
      0.571E-01      0.103E+02      0.449E+01      0.947E+09     -0.126E+01      0.855E+00
      0.640E-01      0.981E+01      0.418E+01      0.910E+09     -0.128E+01      0.860E+00
      0.719E-01      0.920E+01      0.388E+01      0.853E+09     -0.130E+01      0.872E+00
      0.806E-01      0.853E+01      0.358E+01      0.794E+09     -0.133E+01      0.895E+00
      0.905E-01      0.777E+01      0.332E+01      0.733E+09     -0.136E+01      0.940E+00
      0.102E+00      0.691E+01      0.313E+01      0.671E+09     -0.141E+01      0.103E+01
      0.114E+00      0.609E+01      0.303E+01      0.609E+09     -0.146E+01      0.115E+01
      0.128E+00      0.564E+01      0.284E+01      0.549E+09     -0.148E+01      0.117E+01
      0.143E+00      0.522E+01      0.260E+01      0.487E+09     -0.149E+01      0.116E+01
      0.161E+00      0.476E+01      0.234E+01      0.423E+09     -0.151E+01      0.116E+01
      0.181E+00      0.424E+01      0.206E+01      0.358E+09     -0.152E+01      0.116E+01
      0.203E+00      0.367E+01      0.176E+01      0.293E+09     -0.155E+01      0.116E+01
      0.227E+00      0.303E+01      0.146E+01      0.232E+09     -0.158E+01      0.119E+01
      0.255E+00      0.232E+01      0.118E+01      0.175E+09     -0.165E+01      0.129E+01
      0.286E+00      0.168E+01      0.944E+00      0.126E+09     -0.171E+01      0.146E+01
      0.321E+00      0.114E+01      0.733E+00      0.874E+08     -0.175E+01      0.167E+01
      0.360E+00      0.655E+00      0.592E+00      0.579E+08     -0.170E+01      0.232E+01
      0.404E+00      0.472E+00      0.466E+00      0.391E+08     -0.170E+01      0.254E+01
      0.453E+00      0.322E+00      0.342E+00      0.239E+08     -0.169E+01      0.265E+01
      0.509E+00      0.169E+00      0.231E+00      0.124E+08     -0.160E+01      0.308E+01
      0.571E+00      0.696E-01      0.153E+00      0.570E+07     -0.136E+01      0.406E+01
      0.641E+00      0.311E-01      0.975E-01      0.261E+07     -0.120E+01      0.529E+01
      0.719E+00      0.132E-01      0.527E-01      0.107E+07     -0.118E+01      0.679E+01
      0.806E+00      0.415E-02      0.240E-01      0.346E+06     -0.108E+01      0.937E+01
      0.905E+00      0.131E-02      0.104E-01      0.918E+05     -0.847E+00      0.117E+02
      0.102E+01      0.275E-04      0.728E-03      0.229E+04     -0.160E+01      0.530E+02
      0.114E+01      0.234E-05      0.153E-03      0.198E+03     -0.816E+00      0.754E+02
      0.128E+01      0.429E-16      0.488E-10      0.389E-08     -0.423E+01      0.678E+07
      0.143E+01      0.000E+00      0.000E+00      0.000E+00     -0.990E+02     -0.990E+02
      0.161E+01      0.000E+00      0.000E+00      0.000E+00     -0.990E+02     -0.990E+02
      0.168E+01      0.000E+00      0.000E+00      0.000E+00     -0.990E+02     -0.990E+02
      0.170E+01      0.000E+00      0.000E+00      0.000E+00     -0.990E+02     -0.990E+02
      0.180E+01      0.000E+00      0.000E+00      0.000E+00     -0.990E+02     -0.990E+02
      0.190E+01      0.000E+00      0.000E+00      0.000E+00     -0.990E+02     -0.990E+02
      0.200E+01      0.000E+00      0.000E+00      0.000E+00     -0.990E+02     -0.990E+02
      0.210E+01      0.000E+00      0.000E+00      0.000E+00     -0.990E+02     -0.990E+02
      0.220E+01      0.000E+00      0.000E+00      0.000E+00     -0.990E+02     -0.990E+02
      0.230E+01      0.000E+00      0.000E+00      0.000E+00     -0.990E+02     -0.990E+02
      0.240E+01      0.000E+00      0.000E+00      0.000E+00     -0.990E+02     -0.990E+02
      0.250E+01      0.000E+00      0.000E+00      0.000E+00     -0.990E+02     -0.990E+02
      0.260E+01      0.000E+00      0.000E+00      0.000E+00     -0.990E+02     -0.990E+02
      0.275E+01      0.000E+00      0.000E+00      0.000E+00     -0.990E+02     -0.990E+02
      0.300E+01      0.000E+00      0.000E+00      0.000E+00     -0.990E+02     -0.990E+02
      0.325E+01      0.000E+00      0.000E+00      0.000E+00     -0.990E+02     -0.990E+02
      0.350E+01      0.000E+00      0.000E+00      0.000E+00     -0.990E+02     -0.990E+02
      0.375E+01      0.000E+00      0.000E+00      0.000E+00     -0.990E+02     -0.990E+02
      0.400E+01      0.000E+00      0.000E+00      0.000E+00     -0.990E+02     -0.990E+02
      0.425E+01      0.000E+00      0.000E+00      0.000E+00     -0.990E+02     -0.990E+02
      0.450E+01      0.000E+00      0.000E+00      0.000E+00     -0.990E+02     -0.990E+02
      0.475E+01      0.000E+00      0.000E+00      0.000E+00     -0.990E+02     -0.990E+02
      0.500E+01      0.000E+00      0.000E+00      0.000E+00     -0.990E+02     -0.990E+02
      0.525E+01      0.000E+00      0.000E+00      0.000E+00     -0.990E+02     -0.990E+02
      0.550E+01      0.000E+00      0.000E+00      0.000E+00     -0.990E+02     -0.990E+02
      0.575E+01      0.000E+00      0.000E+00      0.000E+00     -0.990E+02     -0.990E+02
      0.600E+01      0.000E+00      0.000E+00      0.000E+00     -0.990E+02     -0.990E+02
      0.625E+01      0.000E+00      0.000E+00      0.000E+00     -0.990E+02     -0.990E+02
      0.650E+01      0.000E+00      0.000E+00      0.000E+00     -0.990E+02     -0.990E+02
      0.675E+01      0.000E+00      0.000E+00      0.000E+00     -0.990E+02     -0.990E+02
      0.700E+01      0.000E+00      0.000E+00      0.000E+00     -0.990E+02     -0.990E+02
      0.725E+01      0.000E+00      0.000E+00      0.000E+00     -0.990E+02     -0.990E+02
      0.750E+01      0.000E+00      0.000E+00      0.000E+00     -0.990E+02     -0.990E+02
      0.775E+01      0.000E+00      0.000E+00      0.000E+00     -0.990E+02     -0.990E+02
      0.800E+01      0.000E+00      0.000E+00      0.000E+00     -0.990E+02     -0.990E+02
      0.825E+01      0.000E+00      0.000E+00      0.000E+00     -0.990E+02     -0.990E+02
      0.850E+01      0.000E+00      0.000E+00      0.000E+00     -0.990E+02     -0.990E+02
      0.875E+01      0.000E+00      0.000E+00      0.000E+00     -0.990E+02     -0.990E+02
      0.900E+01      0.000E+00      0.000E+00      0.000E+00     -0.990E+02     -0.990E+02
      0.925E+01      0.000E+00      0.000E+00      0.000E+00     -0.990E+02     -0.990E+02
      0.950E+01      0.000E+00      0.000E+00      0.000E+00     -0.990E+02     -0.990E+02
      0.975E+01      0.000E+00      0.000E+00      0.000E+00     -0.990E+02     -0.990E+02
      0.100E+02      0.000E+00      0.000E+00      0.000E+00     -0.990E+02     -0.990E+02
      0.102E+02      0.000E+00      0.000E+00      0.000E+00     -0.990E+02     -0.990E+02
      0.105E+02      0.000E+00      0.000E+00      0.000E+00     -0.990E+02     -0.990E+02
      0.108E+02      0.000E+00      0.000E+00      0.000E+00     -0.990E+02     -0.990E+02
      0.110E+02      0.000E+00      0.000E+00      0.000E+00     -0.990E+02     -0.990E+02
      0.112E+02      0.000E+00      0.000E+00      0.000E+00     -0.990E+02     -0.990E+02
      0.115E+02      0.000E+00      0.000E+00      0.000E+00     -0.990E+02     -0.990E+02
      0.118E+02      0.000E+00      0.000E+00      0.000E+00     -0.990E+02     -0.990E+02
      0.120E+02      0.000E+00      0.000E+00      0.000E+00     -0.990E+02     -0.990E+02
      0.122E+02      0.000E+00      0.000E+00      0.000E+00     -0.990E+02     -0.990E+02
      0.125E+02      0.000E+00      0.000E+00      0.000E+00     -0.990E+02     -0.990E+02
      0.128E+02      0.000E+00      0.000E+00      0.000E+00     -0.990E+02     -0.990E+02
      0.130E+02      0.000E+00      0.000E+00      0.000E+00     -0.990E+02     -0.990E+02
      0.132E+02      0.000E+00      0.000E+00      0.000E+00     -0.990E+02     -0.990E+02
      0.135E+02      0.000E+00      0.000E+00      0.000E+00     -0.990E+02     -0.990E+02
      0.138E+02      0.000E+00      0.000E+00      0.000E+00     -0.990E+02     -0.990E+02
      0.140E+02      0.000E+00      0.000E+00      0.000E+00     -0.990E+02     -0.990E+02
      0.142E+02      0.000E+00      0.000E+00      0.000E+00     -0.990E+02     -0.990E+02
      0.145E+02      0.000E+00      0.000E+00      0.000E+00     -0.990E+02     -0.990E+02
      0.148E+02      0.000E+00      0.000E+00      0.000E+00     -0.990E+02     -0.990E+02
      0.150E+02      0.000E+00      0.000E+00      0.000E+00     -0.990E+02     -0.990E+02
      0.152E+02      0.000E+00      0.000E+00      0.000E+00     -0.990E+02     -0.990E+02
      0.155E+02      0.000E+00      0.000E+00      0.000E+00     -0.990E+02     -0.990E+02
      0.158E+02      0.000E+00      0.000E+00      0.000E+00     -0.990E+02     -0.990E+02
      0.160E+02      0.000E+00      0.000E+00      0.000E+00     -0.990E+02     -0.990E+02
      0.162E+02      0.000E+00      0.000E+00      0.000E+00     -0.990E+02     -0.990E+02
      0.165E+02      0.000E+00      0.000E+00      0.000E+00     -0.990E+02     -0.990E+02
      0.168E+02      0.000E+00      0.000E+00      0.000E+00     -0.990E+02     -0.990E+02
      0.170E+02      0.000E+00      0.000E+00      0.000E+00     -0.990E+02     -0.990E+02
      0.172E+02      0.000E+00      0.000E+00      0.000E+00     -0.990E+02     -0.990E+02
      0.175E+02      0.000E+00      0.000E+00      0.000E+00     -0.990E+02     -0.990E+02
      0.178E+02      0.000E+00      0.000E+00      0.000E+00     -0.990E+02     -0.990E+02
      0.180E+02      0.000E+00      0.000E+00      0.000E+00     -0.990E+02     -0.990E+02
      0.182E+02      0.000E+00      0.000E+00      0.000E+00     -0.990E+02     -0.990E+02
      0.185E+02      0.000E+00      0.000E+00      0.000E+00     -0.990E+02     -0.990E+02
      0.188E+02      0.000E+00      0.000E+00      0.000E+00     -0.990E+02     -0.990E+02
      0.190E+02      0.000E+00      0.000E+00      0.000E+00     -0.990E+02     -0.990E+02
      0.192E+02      0.000E+00      0.000E+00      0.000E+00     -0.990E+02     -0.990E+02
      0.195E+02      0.000E+00      0.000E+00      0.000E+00     -0.990E+02     -0.990E+02
      0.198E+02      0.000E+00      0.000E+00      0.000E+00     -0.990E+02     -0.990E+02
      0.200E+02      0.000E+00      0.000E+00      0.000E+00     -0.990E+02     -0.990E+02
