      0.000E+00      0.131E+00      0.481E-01      0.100E+09     -0.990E+02     -0.990E+02
      0.100E-03      0.131E+00      0.481E-01      0.100E+09     -0.990E+02     -0.990E+02
      0.140E-03      0.131E+00      0.481E-01      0.100E+09     -0.990E+02     -0.990E+02
      0.160E-03      0.131E+00      0.481E-01      0.100E+09     -0.990E+02     -0.990E+02
      0.180E-03      0.131E+00      0.481E-01      0.100E+09     -0.990E+02     -0.990E+02
      0.200E-03      0.131E+00      0.481E-01      0.100E+09     -0.990E+02     -0.990E+02
      0.220E-03      0.131E+00      0.481E-01      0.100E+09     -0.990E+02     -0.990E+02
      0.250E-03      0.131E+00      0.481E-01      0.100E+09     -0.990E+02     -0.990E+02
      0.280E-03      0.131E+00      0.481E-01      0.100E+09     -0.990E+02     -0.990E+02
      0.320E-03      0.131E+00      0.481E-01      0.100E+09     -0.990E+02     -0.990E+02
      0.350E-03      0.131E+00      0.481E-01      0.100E+09     -0.990E+02     -0.990E+02
      0.400E-03      0.131E+00      0.481E-01      0.100E+09     -0.990E+02     -0.990E+02
      0.450E-03      0.131E+00      0.481E-01      0.100E+09     -0.990E+02     -0.990E+02
      0.500E-03      0.131E+00      0.481E-01      0.100E+09     -0.990E+02     -0.990E+02
      0.560E-03      0.131E+00      0.481E-01      0.100E+09     -0.990E+02     -0.990E+02
      0.630E-03      0.131E+00      0.481E-01      0.100E+09     -0.990E+02     -0.990E+02
      0.710E-03      0.131E+00      0.481E-01      0.100E+09     -0.990E+02     -0.990E+02
      0.790E-03      0.131E+00      0.481E-01      0.100E+09     -0.990E+02     -0.990E+02
      0.890E-03      0.131E+00      0.481E-01      0.100E+09     -0.990E+02     -0.990E+02
      0.100E-02      0.131E+00      0.481E-01      0.100E+09     -0.990E+02     -0.990E+02
      0.105E-02      0.131E+00      0.481E-01      0.100E+09     -0.990E+02     -0.990E+02
      0.110E-02      0.131E+00      0.481E-01      0.100E+09     -0.990E+02     -0.990E+02
      0.115E-02      0.131E+00      0.481E-01      0.100E+09     -0.990E+02     -0.990E+02
      0.120E-02      0.131E+00      0.481E-01      0.100E+09     -0.990E+02     -0.990E+02
      0.126E-02      0.131E+00      0.481E-01      0.100E+09     -0.990E+02     -0.990E+02
      0.132E-02      0.131E+00      0.481E-01      0.100E+09     -0.990E+02     -0.990E+02
      0.138E-02      0.131E+00      0.481E-01      0.100E+09     -0.990E+02     -0.990E+02
      0.145E-02      0.131E+00      0.481E-01      0.100E+09     -0.990E+02     -0.990E+02
      0.151E-02      0.131E+00      0.481E-01      0.100E+09     -0.990E+02     -0.990E+02
      0.158E-02      0.131E+00      0.481E-01      0.100E+09     -0.990E+02     -0.990E+02
      0.166E-02      0.131E+00      0.481E-01      0.100E+09     -0.990E+02     -0.990E+02
      0.174E-02      0.131E+00      0.481E-01      0.100E+09     -0.990E+02     -0.990E+02
      0.182E-02      0.131E+00      0.481E-01      0.100E+09     -0.990E+02     -0.990E+02
      0.191E-02      0.131E+00      0.481E-01      0.100E+09     -0.990E+02     -0.990E+02
      0.200E-02      0.131E+00      0.481E-01      0.100E+09     -0.990E+02     -0.990E+02
      0.209E-02      0.131E+00      0.481E-01      0.100E+09     -0.990E+02     -0.990E+02
      0.219E-02      0.131E+00      0.481E-01      0.100E+09     -0.990E+02     -0.990E+02
      0.229E-02      0.131E+00      0.481E-01      0.100E+09     -0.990E+02     -0.990E+02
      0.240E-02      0.131E+00      0.481E-01      0.100E+09     -0.990E+02     -0.990E+02
      0.251E-02      0.131E+00      0.481E-01      0.100E+09     -0.990E+02     -0.990E+02
      0.263E-02      0.131E+00      0.481E-01      0.100E+09     -0.990E+02     -0.990E+02
      0.275E-02      0.131E+00      0.481E-01      0.100E+09     -0.990E+02     -0.990E+02
      0.288E-02      0.131E+00      0.481E-01      0.100E+09     -0.990E+02     -0.990E+02
      0.302E-02      0.131E+00      0.481E-01      0.100E+09     -0.990E+02     -0.990E+02
      0.316E-02      0.131E+00      0.481E-01      0.100E+09     -0.990E+02     -0.990E+02
      0.331E-02      0.131E+00      0.481E-01      0.100E+09     -0.990E+02     -0.990E+02
      0.347E-02      0.131E+00      0.481E-01      0.100E+09     -0.990E+02     -0.990E+02
      0.363E-02      0.131E+00      0.481E-01      0.100E+09     -0.990E+02     -0.990E+02
      0.380E-02      0.131E+00      0.481E-01      0.100E+09     -0.990E+02     -0.990E+02
      0.398E-02      0.131E+00      0.481E-01      0.100E+09     -0.990E+02     -0.990E+02
      0.417E-02      0.131E+00      0.481E-01      0.100E+09     -0.990E+02     -0.990E+02
      0.437E-02      0.131E+00      0.481E-01      0.100E+09     -0.990E+02     -0.990E+02
      0.457E-02      0.131E+00      0.481E-01      0.100E+09     -0.990E+02     -0.990E+02
      0.479E-02      0.131E+00      0.481E-01      0.100E+09     -0.990E+02     -0.990E+02
      0.501E-02      0.131E+00      0.481E-01      0.100E+09     -0.990E+02     -0.990E+02
      0.525E-02      0.131E+00      0.481E-01      0.100E+09     -0.990E+02     -0.990E+02
      0.550E-02      0.131E+00      0.481E-01      0.100E+09     -0.990E+02     -0.990E+02
      0.575E-02      0.131E+00      0.481E-01      0.100E+09     -0.990E+02     -0.990E+02
      0.603E-02      0.131E+00      0.481E-01      0.100E+09     -0.990E+02     -0.990E+02
      0.631E-02      0.131E+00      0.481E-01      0.100E+09     -0.990E+02     -0.990E+02
      0.661E-02      0.131E+00      0.481E-01      0.100E+09     -0.990E+02     -0.990E+02
      0.692E-02      0.131E+00      0.481E-01      0.100E+09     -0.990E+02     -0.990E+02
      0.724E-02      0.131E+00      0.481E-01      0.100E+09     -0.990E+02     -0.990E+02
      0.759E-02      0.131E+00      0.481E-01      0.100E+09     -0.990E+02     -0.990E+02
      0.794E-02      0.131E+00      0.481E-01      0.100E+09     -0.990E+02     -0.990E+02
      0.832E-02      0.131E+00      0.481E-01      0.100E+09     -0.990E+02     -0.990E+02
      0.871E-02      0.131E+00      0.481E-01      0.100E+09     -0.990E+02     -0.990E+02
      0.912E-02      0.131E+00      0.481E-01      0.100E+09     -0.990E+02     -0.990E+02
      0.955E-02      0.131E+00      0.481E-01      0.100E+09     -0.990E+02     -0.990E+02
      0.100E-01      0.131E+00      0.481E-01      0.100E+09     -0.794E+00      0.339E+00
      0.105E-01      0.701E-01      0.208E-01      0.987E+08     -0.794E+00      0.339E+00
      0.110E-01      0.698E-01      0.207E-01      0.986E+08     -0.794E+00      0.340E+00
      0.115E-01      0.697E-01      0.206E-01      0.986E+08     -0.794E+00      0.339E+00
      0.120E-01      0.697E-01      0.207E-01      0.986E+08     -0.795E+00      0.339E+00
      0.126E-01      0.701E-01      0.207E-01      0.985E+08     -0.794E+00      0.339E+00
      0.132E-01      0.706E-01      0.209E-01      0.985E+08     -0.795E+00      0.339E+00
      0.138E-01      0.705E-01      0.209E-01      0.985E+08     -0.795E+00      0.339E+00
      0.144E-01      0.701E-01      0.207E-01      0.984E+08     -0.795E+00      0.339E+00
      0.151E-01      0.704E-01      0.208E-01      0.984E+08     -0.795E+00      0.339E+00
      0.159E-01      0.707E-01      0.209E-01      0.983E+08     -0.795E+00      0.339E+00
      0.166E-01      0.709E-01      0.210E-01      0.983E+08     -0.795E+00      0.339E+00
      0.174E-01      0.712E-01      0.210E-01      0.982E+08     -0.796E+00      0.339E+00
      0.182E-01      0.716E-01      0.211E-01      0.982E+08     -0.795E+00      0.338E+00
      0.191E-01      0.716E-01      0.212E-01      0.981E+08     -0.796E+00      0.338E+00
      0.200E-01      0.715E-01      0.211E-01      0.981E+08     -0.796E+00      0.338E+00
      0.209E-01      0.717E-01      0.212E-01      0.980E+08     -0.796E+00      0.338E+00
      0.219E-01      0.719E-01      0.212E-01      0.980E+08     -0.796E+00      0.338E+00
      0.229E-01      0.722E-01      0.213E-01      0.979E+08     -0.796E+00      0.338E+00
      0.240E-01      0.725E-01      0.214E-01      0.979E+08     -0.797E+00      0.338E+00
      0.251E-01      0.729E-01      0.215E-01      0.978E+08     -0.797E+00      0.338E+00
      0.263E-01      0.730E-01      0.215E-01      0.977E+08     -0.797E+00      0.338E+00
      0.275E-01      0.731E-01      0.215E-01      0.976E+08     -0.797E+00      0.338E+00
      0.290E-01      0.735E-01      0.216E-01      0.976E+08     -0.797E+00      0.338E+00
      0.300E-01      0.738E-01      0.217E-01      0.975E+08     -0.797E+00      0.337E+00
      0.310E-01      0.740E-01      0.218E-01      0.974E+08     -0.798E+00      0.338E+00
      0.320E-01      0.742E-01      0.218E-01      0.974E+08     -0.798E+00      0.337E+00
      0.330E-01      0.743E-01      0.219E-01      0.973E+08     -0.798E+00      0.337E+00
      0.340E-01      0.747E-01      0.219E-01      0.972E+08     -0.798E+00      0.337E+00
      0.350E-01      0.748E-01      0.220E-01      0.972E+08     -0.798E+00      0.337E+00
      0.360E-01      0.750E-01      0.220E-01      0.971E+08     -0.798E+00      0.337E+00
      0.370E-01      0.751E-01      0.221E-01      0.971E+08     -0.799E+00      0.337E+00
      0.380E-01      0.749E-01      0.220E-01      0.970E+08     -0.799E+00      0.337E+00
      0.390E-01      0.746E-01      0.219E-01      0.969E+08     -0.799E+00      0.337E+00
      0.400E-01      0.744E-01      0.219E-01      0.969E+08     -0.799E+00      0.337E+00
      0.425E-01      0.740E-01      0.218E-01      0.968E+08     -0.799E+00      0.337E+00
      0.450E-01      0.736E-01      0.216E-01      0.966E+08     -0.799E+00      0.337E+00
      0.475E-01      0.731E-01      0.215E-01      0.965E+08     -0.800E+00      0.337E+00
      0.500E-01      0.726E-01      0.214E-01      0.963E+08     -0.800E+00      0.337E+00
      0.525E-01      0.722E-01      0.212E-01      0.962E+08     -0.800E+00      0.337E+00
      0.550E-01      0.717E-01      0.211E-01      0.960E+08     -0.800E+00      0.337E+00
      0.571E-01      0.713E-01      0.210E-01      0.959E+08     -0.800E+00      0.337E+00
      0.640E-01      0.700E-01      0.206E-01      0.957E+08     -0.801E+00      0.337E+00
      0.719E-01      0.686E-01      0.203E-01      0.953E+08     -0.802E+00      0.338E+00
      0.806E-01      0.670E-01      0.198E-01      0.948E+08     -0.804E+00      0.339E+00
      0.905E-01      0.653E-01      0.194E-01      0.943E+08     -0.805E+00      0.340E+00
      0.102E+00      0.632E-01      0.188E-01      0.938E+08     -0.807E+00      0.342E+00
      0.114E+00      0.610E-01      0.182E-01      0.932E+08     -0.810E+00      0.344E+00
      0.128E+00      0.584E-01      0.175E-01      0.926E+08     -0.813E+00      0.347E+00
      0.143E+00      0.556E-01      0.168E-01      0.920E+08     -0.817E+00      0.352E+00
      0.161E+00      0.524E-01      0.161E-01      0.913E+08     -0.822E+00      0.358E+00
      0.181E+00      0.488E-01      0.153E-01      0.906E+08     -0.828E+00      0.368E+00
      0.203E+00      0.447E-01      0.145E-01      0.899E+08     -0.835E+00      0.383E+00
      0.227E+00      0.403E-01      0.138E-01      0.891E+08     -0.846E+00      0.406E+00
      0.255E+00      0.352E-01      0.131E-01      0.884E+08     -0.861E+00      0.447E+00
      0.286E+00      0.296E-01      0.126E-01      0.876E+08     -0.884E+00      0.520E+00
      0.321E+00      0.295E-01      0.125E-01      0.869E+08     -0.890E+00      0.526E+00
      0.360E+00      0.296E-01      0.124E-01      0.862E+08     -0.896E+00      0.522E+00
      0.404E+00      0.297E-01      0.123E-01      0.853E+08     -0.903E+00      0.523E+00
      0.453E+00      0.299E-01      0.124E-01      0.844E+08     -0.911E+00      0.533E+00
      0.509E+00      0.300E-01      0.129E-01      0.833E+08     -0.919E+00      0.555E+00
      0.571E+00      0.303E-01      0.137E-01      0.821E+08     -0.925E+00      0.589E+00
      0.641E+00      0.300E-01      0.127E-01      0.808E+08     -0.926E+00      0.544E+00
      0.719E+00      0.294E-01      0.123E-01      0.793E+08     -0.927E+00      0.528E+00
      0.806E+00      0.286E-01      0.130E-01      0.777E+08     -0.931E+00      0.575E+00
      0.905E+00      0.269E-01      0.113E-01      0.759E+08     -0.937E+00      0.531E+00
      0.102E+01      0.251E-01      0.959E-02      0.741E+08     -0.945E+00      0.483E+00
      0.114E+01      0.254E-01      0.944E-02      0.722E+08     -0.954E+00      0.475E+00
      0.128E+01      0.271E-01      0.105E-01      0.701E+08     -0.963E+00      0.497E+00
      0.143E+01      0.281E-01      0.108E-01      0.675E+08     -0.976E+00      0.516E+00
      0.161E+01      0.296E-01      0.120E-01      0.646E+08     -0.100E+01      0.564E+00
      0.168E+01      0.308E-01      0.126E-01      0.624E+08     -0.101E+01      0.564E+00
      0.170E+01      0.311E-01      0.129E-01      0.615E+08     -0.101E+01      0.568E+00
      0.180E+01      0.319E-01      0.126E-01      0.604E+08     -0.101E+01      0.536E+00
      0.190E+01      0.297E-01      0.116E-01      0.584E+08     -0.101E+01      0.519E+00
      0.200E+01      0.277E-01      0.112E-01      0.566E+08     -0.101E+01      0.532E+00
      0.210E+01      0.264E-01      0.109E-01      0.549E+08     -0.100E+01      0.545E+00
      0.220E+01      0.244E-01      0.991E-02      0.534E+08     -0.987E+00      0.523E+00
      0.230E+01      0.224E-01      0.951E-02      0.519E+08     -0.975E+00      0.536E+00
      0.240E+01      0.204E-01      0.944E-02      0.505E+08     -0.957E+00      0.571E+00
      0.250E+01      0.185E-01      0.954E-02      0.493E+08     -0.937E+00      0.635E+00
      0.260E+01      0.165E-01      0.977E-02      0.482E+08     -0.923E+00      0.739E+00
      0.275E+01      0.137E-01      0.112E-01      0.470E+08     -0.878E+00      0.100E+01
      0.300E+01      0.118E-01      0.131E-01      0.454E+08     -0.875E+00      0.130E+01
      0.325E+01      0.211E-01      0.116E-01      0.436E+08     -0.865E+00      0.639E+00
      0.350E+01      0.320E-01      0.133E-01      0.405E+08     -0.910E+00      0.504E+00
      0.375E+01      0.321E-01      0.113E-01      0.359E+08     -0.961E+00      0.444E+00
      0.400E+01      0.221E-01      0.997E-02      0.312E+08     -0.884E+00      0.539E+00
      0.425E+01      0.208E-01      0.101E-01      0.281E+08     -0.920E+00      0.593E+00
      0.450E+01      0.178E-01      0.989E-02      0.251E+08     -0.928E+00      0.641E+00
      0.475E+01      0.146E-01      0.709E-02      0.225E+08     -0.963E+00      0.594E+00
      0.500E+01      0.208E-01      0.842E-02      0.204E+08     -0.960E+00      0.510E+00
      0.525E+01      0.208E-01      0.872E-02      0.175E+08     -0.981E+00      0.520E+00
      0.550E+01      0.205E-01      0.829E-02      0.145E+08     -0.101E+01      0.525E+00
      0.575E+01      0.315E-01      0.108E-01      0.116E+08     -0.106E+01      0.504E+00
      0.600E+01      0.224E-01      0.774E-02      0.722E+07     -0.108E+01      0.524E+00
      0.625E+01      0.236E-01      0.648E-02      0.408E+07     -0.158E+01      0.567E+00
      0.650E+01      0.506E-02      0.131E-02      0.750E+06     -0.215E+01      0.750E+00
      0.675E+01      0.248E-03      0.478E-03      0.366E+05     -0.331E+01      0.651E+01
      0.700E+01      0.991E-05      0.180E-03      0.175E+04     -0.426E+00      0.103E+02
      0.725E+01      0.242E-05      0.420E-04      0.341E+03     -0.715E+00      0.167E+02
      0.750E+01      0.000E+00      0.761E-21      0.533E-29     -0.167E+01            NaN
      0.775E+01      0.000E+00      0.000E+00      0.000E+00     -0.990E+02     -0.990E+02
      0.800E+01      0.000E+00      0.000E+00      0.000E+00     -0.990E+02     -0.990E+02
      0.825E+01      0.000E+00      0.000E+00      0.000E+00     -0.990E+02     -0.990E+02
      0.850E+01      0.000E+00      0.000E+00      0.000E+00     -0.990E+02     -0.990E+02
      0.875E+01      0.000E+00      0.000E+00      0.000E+00     -0.990E+02     -0.990E+02
      0.900E+01      0.000E+00      0.000E+00      0.000E+00     -0.990E+02     -0.990E+02
      0.925E+01      0.000E+00      0.000E+00      0.000E+00     -0.990E+02     -0.990E+02
      0.950E+01      0.000E+00      0.000E+00      0.000E+00     -0.990E+02     -0.990E+02
      0.975E+01      0.000E+00      0.000E+00      0.000E+00     -0.990E+02     -0.990E+02
      0.100E+02      0.000E+00      0.000E+00      0.000E+00     -0.990E+02     -0.990E+02
      0.102E+02      0.000E+00      0.000E+00      0.000E+00     -0.990E+02     -0.990E+02
      0.105E+02      0.000E+00      0.000E+00      0.000E+00     -0.990E+02     -0.990E+02
      0.108E+02      0.000E+00      0.000E+00      0.000E+00     -0.990E+02     -0.990E+02
      0.110E+02      0.000E+00      0.000E+00      0.000E+00     -0.990E+02     -0.990E+02
      0.112E+02      0.000E+00      0.000E+00      0.000E+00     -0.990E+02     -0.990E+02
      0.115E+02      0.000E+00      0.000E+00      0.000E+00     -0.990E+02     -0.990E+02
      0.118E+02      0.000E+00      0.000E+00      0.000E+00     -0.990E+02     -0.990E+02
      0.120E+02      0.000E+00      0.000E+00      0.000E+00     -0.990E+02     -0.990E+02
      0.122E+02      0.000E+00      0.000E+00      0.000E+00     -0.990E+02     -0.990E+02
      0.125E+02      0.000E+00      0.000E+00      0.000E+00     -0.990E+02     -0.990E+02
      0.128E+02      0.000E+00      0.000E+00      0.000E+00     -0.990E+02     -0.990E+02
      0.130E+02      0.000E+00      0.000E+00      0.000E+00     -0.990E+02     -0.990E+02
      0.132E+02      0.000E+00      0.000E+00      0.000E+00     -0.990E+02     -0.990E+02
      0.135E+02      0.000E+00      0.000E+00      0.000E+00     -0.990E+02     -0.990E+02
      0.138E+02      0.000E+00      0.000E+00      0.000E+00     -0.990E+02     -0.990E+02
      0.140E+02      0.000E+00      0.000E+00      0.000E+00     -0.990E+02     -0.990E+02
      0.142E+02      0.000E+00      0.000E+00      0.000E+00     -0.990E+02     -0.990E+02
      0.145E+02      0.000E+00      0.000E+00      0.000E+00     -0.990E+02     -0.990E+02
      0.148E+02      0.000E+00      0.000E+00      0.000E+00     -0.990E+02     -0.990E+02
      0.150E+02      0.000E+00      0.000E+00      0.000E+00     -0.990E+02     -0.990E+02
      0.152E+02      0.000E+00      0.000E+00      0.000E+00     -0.990E+02     -0.990E+02
      0.155E+02      0.000E+00      0.000E+00      0.000E+00     -0.990E+02     -0.990E+02
      0.158E+02      0.000E+00      0.000E+00      0.000E+00     -0.990E+02     -0.990E+02
      0.160E+02      0.000E+00      0.000E+00      0.000E+00     -0.990E+02     -0.990E+02
      0.162E+02      0.000E+00      0.000E+00      0.000E+00     -0.990E+02     -0.990E+02
      0.165E+02      0.000E+00      0.000E+00      0.000E+00     -0.990E+02     -0.990E+02
      0.168E+02      0.000E+00      0.000E+00      0.000E+00     -0.990E+02     -0.990E+02
      0.170E+02      0.000E+00      0.000E+00      0.000E+00     -0.990E+02     -0.990E+02
      0.172E+02      0.000E+00      0.000E+00      0.000E+00     -0.990E+02     -0.990E+02
      0.175E+02      0.000E+00      0.000E+00      0.000E+00     -0.990E+02     -0.990E+02
      0.178E+02      0.000E+00      0.000E+00      0.000E+00     -0.990E+02     -0.990E+02
      0.180E+02      0.000E+00      0.000E+00      0.000E+00     -0.990E+02     -0.990E+02
      0.182E+02      0.000E+00      0.000E+00      0.000E+00     -0.990E+02     -0.990E+02
      0.185E+02      0.000E+00      0.000E+00      0.000E+00     -0.990E+02     -0.990E+02
      0.188E+02      0.000E+00      0.000E+00      0.000E+00     -0.990E+02     -0.990E+02
      0.190E+02      0.000E+00      0.000E+00      0.000E+00     -0.990E+02     -0.990E+02
      0.192E+02      0.000E+00      0.000E+00      0.000E+00     -0.990E+02     -0.990E+02
      0.195E+02      0.000E+00      0.000E+00      0.000E+00     -0.990E+02     -0.990E+02
      0.198E+02      0.000E+00      0.000E+00      0.000E+00     -0.990E+02     -0.990E+02
      0.200E+02      0.000E+00      0.000E+00      0.000E+00     -0.990E+02     -0.990E+02
