      0.000E+00      0.276E+00      0.827E-01      0.139E+09     -0.990E+02     -0.990E+02
      0.100E-03      0.276E+00      0.827E-01      0.139E+09     -0.990E+02     -0.990E+02
      0.140E-03      0.276E+00      0.827E-01      0.139E+09     -0.990E+02     -0.990E+02
      0.160E-03      0.276E+00      0.827E-01      0.139E+09     -0.990E+02     -0.990E+02
      0.180E-03      0.276E+00      0.827E-01      0.139E+09     -0.990E+02     -0.990E+02
      0.200E-03      0.276E+00      0.827E-01      0.139E+09     -0.990E+02     -0.990E+02
      0.220E-03      0.276E+00      0.827E-01      0.139E+09     -0.990E+02     -0.990E+02
      0.250E-03      0.276E+00      0.827E-01      0.139E+09     -0.990E+02     -0.990E+02
      0.280E-03      0.276E+00      0.827E-01      0.139E+09     -0.990E+02     -0.990E+02
      0.320E-03      0.276E+00      0.827E-01      0.139E+09     -0.990E+02     -0.990E+02
      0.350E-03      0.276E+00      0.827E-01      0.139E+09     -0.990E+02     -0.990E+02
      0.400E-03      0.276E+00      0.827E-01      0.139E+09     -0.990E+02     -0.990E+02
      0.450E-03      0.276E+00      0.827E-01      0.139E+09     -0.990E+02     -0.990E+02
      0.500E-03      0.276E+00      0.827E-01      0.139E+09     -0.990E+02     -0.990E+02
      0.560E-03      0.276E+00      0.827E-01      0.139E+09     -0.990E+02     -0.990E+02
      0.630E-03      0.276E+00      0.827E-01      0.139E+09     -0.990E+02     -0.990E+02
      0.710E-03      0.276E+00      0.827E-01      0.139E+09     -0.990E+02     -0.990E+02
      0.790E-03      0.276E+00      0.827E-01      0.139E+09     -0.990E+02     -0.990E+02
      0.890E-03      0.276E+00      0.827E-01      0.139E+09     -0.990E+02     -0.990E+02
      0.100E-02      0.276E+00      0.827E-01      0.139E+09     -0.990E+02     -0.990E+02
      0.105E-02      0.276E+00      0.827E-01      0.139E+09     -0.990E+02     -0.990E+02
      0.110E-02      0.276E+00      0.827E-01      0.139E+09     -0.990E+02     -0.990E+02
      0.115E-02      0.276E+00      0.827E-01      0.139E+09     -0.990E+02     -0.990E+02
      0.120E-02      0.276E+00      0.827E-01      0.139E+09     -0.990E+02     -0.990E+02
      0.126E-02      0.276E+00      0.827E-01      0.139E+09     -0.990E+02     -0.990E+02
      0.132E-02      0.276E+00      0.827E-01      0.139E+09     -0.990E+02     -0.990E+02
      0.138E-02      0.276E+00      0.827E-01      0.139E+09     -0.990E+02     -0.990E+02
      0.145E-02      0.276E+00      0.827E-01      0.139E+09     -0.990E+02     -0.990E+02
      0.151E-02      0.276E+00      0.827E-01      0.139E+09     -0.990E+02     -0.990E+02
      0.158E-02      0.276E+00      0.827E-01      0.139E+09     -0.990E+02     -0.990E+02
      0.166E-02      0.276E+00      0.827E-01      0.139E+09     -0.990E+02     -0.990E+02
      0.174E-02      0.276E+00      0.827E-01      0.139E+09     -0.990E+02     -0.990E+02
      0.182E-02      0.276E+00      0.827E-01      0.139E+09     -0.990E+02     -0.990E+02
      0.191E-02      0.276E+00      0.827E-01      0.139E+09     -0.990E+02     -0.990E+02
      0.200E-02      0.276E+00      0.827E-01      0.139E+09     -0.990E+02     -0.990E+02
      0.209E-02      0.276E+00      0.827E-01      0.139E+09     -0.990E+02     -0.990E+02
      0.219E-02      0.276E+00      0.827E-01      0.139E+09     -0.990E+02     -0.990E+02
      0.229E-02      0.276E+00      0.827E-01      0.139E+09     -0.990E+02     -0.990E+02
      0.240E-02      0.276E+00      0.827E-01      0.139E+09     -0.990E+02     -0.990E+02
      0.251E-02      0.276E+00      0.827E-01      0.139E+09     -0.990E+02     -0.990E+02
      0.263E-02      0.276E+00      0.827E-01      0.139E+09     -0.990E+02     -0.990E+02
      0.275E-02      0.276E+00      0.827E-01      0.139E+09     -0.990E+02     -0.990E+02
      0.288E-02      0.276E+00      0.827E-01      0.139E+09     -0.990E+02     -0.990E+02
      0.302E-02      0.276E+00      0.827E-01      0.139E+09     -0.990E+02     -0.990E+02
      0.316E-02      0.276E+00      0.827E-01      0.139E+09     -0.990E+02     -0.990E+02
      0.331E-02      0.276E+00      0.827E-01      0.139E+09     -0.990E+02     -0.990E+02
      0.347E-02      0.276E+00      0.827E-01      0.139E+09     -0.990E+02     -0.990E+02
      0.363E-02      0.276E+00      0.827E-01      0.139E+09     -0.990E+02     -0.990E+02
      0.380E-02      0.276E+00      0.827E-01      0.139E+09     -0.990E+02     -0.990E+02
      0.398E-02      0.276E+00      0.827E-01      0.139E+09     -0.990E+02     -0.990E+02
      0.417E-02      0.276E+00      0.827E-01      0.139E+09     -0.990E+02     -0.990E+02
      0.437E-02      0.276E+00      0.827E-01      0.139E+09     -0.990E+02     -0.990E+02
      0.457E-02      0.276E+00      0.827E-01      0.139E+09     -0.990E+02     -0.990E+02
      0.479E-02      0.276E+00      0.827E-01      0.139E+09     -0.990E+02     -0.990E+02
      0.501E-02      0.276E+00      0.827E-01      0.139E+09     -0.990E+02     -0.990E+02
      0.525E-02      0.276E+00      0.827E-01      0.139E+09     -0.990E+02     -0.990E+02
      0.550E-02      0.276E+00      0.827E-01      0.139E+09     -0.990E+02     -0.990E+02
      0.575E-02      0.276E+00      0.827E-01      0.139E+09     -0.990E+02     -0.990E+02
      0.603E-02      0.276E+00      0.827E-01      0.139E+09     -0.990E+02     -0.990E+02
      0.631E-02      0.276E+00      0.827E-01      0.139E+09     -0.990E+02     -0.990E+02
      0.661E-02      0.276E+00      0.827E-01      0.139E+09     -0.990E+02     -0.990E+02
      0.692E-02      0.276E+00      0.827E-01      0.139E+09     -0.990E+02     -0.990E+02
      0.724E-02      0.276E+00      0.827E-01      0.139E+09     -0.990E+02     -0.990E+02
      0.759E-02      0.276E+00      0.827E-01      0.139E+09     -0.990E+02     -0.990E+02
      0.794E-02      0.276E+00      0.827E-01      0.139E+09     -0.990E+02     -0.990E+02
      0.832E-02      0.276E+00      0.827E-01      0.139E+09     -0.990E+02     -0.990E+02
      0.871E-02      0.276E+00      0.827E-01      0.139E+09     -0.990E+02     -0.990E+02
      0.912E-02      0.276E+00      0.827E-01      0.139E+09     -0.990E+02     -0.990E+02
      0.955E-02      0.276E+00      0.827E-01      0.139E+09     -0.990E+02     -0.990E+02
      0.100E-01      0.276E+00      0.827E-01      0.139E+09     -0.574E+00      0.593E+00
      0.105E-01      0.662E-01      0.422E-01      0.136E+09     -0.574E+00      0.593E+00
      0.110E-01      0.660E-01      0.420E-01      0.136E+09     -0.574E+00      0.593E+00
      0.115E-01      0.658E-01      0.419E-01      0.136E+09     -0.574E+00      0.593E+00
      0.120E-01      0.657E-01      0.419E-01      0.136E+09     -0.574E+00      0.593E+00
      0.126E-01      0.659E-01      0.420E-01      0.136E+09     -0.574E+00      0.593E+00
      0.132E-01      0.662E-01      0.422E-01      0.136E+09     -0.574E+00      0.593E+00
      0.138E-01      0.661E-01      0.421E-01      0.136E+09     -0.574E+00      0.593E+00
      0.144E-01      0.656E-01      0.418E-01      0.136E+09     -0.574E+00      0.593E+00
      0.151E-01      0.658E-01      0.419E-01      0.136E+09     -0.574E+00      0.593E+00
      0.159E-01      0.660E-01      0.421E-01      0.136E+09     -0.574E+00      0.593E+00
      0.166E-01      0.660E-01      0.421E-01      0.136E+09     -0.573E+00      0.592E+00
      0.174E-01      0.661E-01      0.421E-01      0.136E+09     -0.574E+00      0.592E+00
      0.182E-01      0.663E-01      0.423E-01      0.136E+09     -0.574E+00      0.592E+00
      0.191E-01      0.663E-01      0.423E-01      0.136E+09     -0.573E+00      0.592E+00
      0.200E-01      0.660E-01      0.421E-01      0.136E+09     -0.573E+00      0.592E+00
      0.209E-01      0.660E-01      0.421E-01      0.136E+09     -0.574E+00      0.592E+00
      0.219E-01      0.660E-01      0.421E-01      0.136E+09     -0.574E+00      0.592E+00
      0.229E-01      0.661E-01      0.422E-01      0.135E+09     -0.573E+00      0.592E+00
      0.240E-01      0.661E-01      0.422E-01      0.135E+09     -0.572E+00      0.591E+00
      0.251E-01      0.663E-01      0.423E-01      0.135E+09     -0.573E+00      0.591E+00
      0.263E-01      0.663E-01      0.423E-01      0.135E+09     -0.573E+00      0.591E+00
      0.275E-01      0.662E-01      0.423E-01      0.135E+09     -0.573E+00      0.592E+00
      0.290E-01      0.663E-01      0.423E-01      0.135E+09     -0.574E+00      0.592E+00
      0.300E-01      0.663E-01      0.423E-01      0.135E+09     -0.573E+00      0.591E+00
      0.310E-01      0.663E-01      0.424E-01      0.135E+09     -0.573E+00      0.591E+00
      0.320E-01      0.664E-01      0.424E-01      0.135E+09     -0.573E+00      0.591E+00
      0.330E-01      0.664E-01      0.424E-01      0.135E+09     -0.573E+00      0.591E+00
      0.340E-01      0.664E-01      0.424E-01      0.135E+09     -0.573E+00      0.591E+00
      0.350E-01      0.664E-01      0.425E-01      0.135E+09     -0.573E+00      0.591E+00
      0.360E-01      0.664E-01      0.425E-01      0.135E+09     -0.573E+00      0.591E+00
      0.370E-01      0.665E-01      0.425E-01      0.135E+09     -0.573E+00      0.591E+00
      0.380E-01      0.665E-01      0.425E-01      0.135E+09     -0.573E+00      0.591E+00
      0.390E-01      0.665E-01      0.425E-01      0.135E+09     -0.573E+00      0.591E+00
      0.400E-01      0.665E-01      0.426E-01      0.135E+09     -0.573E+00      0.591E+00
      0.425E-01      0.666E-01      0.427E-01      0.134E+09     -0.573E+00      0.591E+00
      0.450E-01      0.666E-01      0.427E-01      0.134E+09     -0.572E+00      0.590E+00
      0.475E-01      0.667E-01      0.428E-01      0.134E+09     -0.572E+00      0.590E+00
      0.500E-01      0.667E-01      0.428E-01      0.134E+09     -0.572E+00      0.590E+00
      0.525E-01      0.668E-01      0.429E-01      0.134E+09     -0.572E+00      0.591E+00
      0.550E-01      0.668E-01      0.430E-01      0.134E+09     -0.572E+00      0.590E+00
      0.571E-01      0.668E-01      0.431E-01      0.134E+09     -0.572E+00      0.591E+00
      0.640E-01      0.670E-01      0.433E-01      0.133E+09     -0.572E+00      0.591E+00
      0.719E-01      0.671E-01      0.435E-01      0.133E+09     -0.572E+00      0.591E+00
      0.806E-01      0.674E-01      0.439E-01      0.133E+09     -0.572E+00      0.592E+00
      0.905E-01      0.676E-01      0.443E-01      0.132E+09     -0.571E+00      0.593E+00
      0.102E+00      0.678E-01      0.448E-01      0.132E+09     -0.572E+00      0.596E+00
      0.114E+00      0.680E-01      0.453E-01      0.131E+09     -0.571E+00      0.596E+00
      0.128E+00      0.683E-01      0.460E-01      0.130E+09     -0.570E+00      0.599E+00
      0.143E+00      0.688E-01      0.469E-01      0.130E+09     -0.570E+00      0.602E+00
      0.161E+00      0.692E-01      0.478E-01      0.129E+09     -0.570E+00      0.605E+00
      0.181E+00      0.688E-01      0.475E-01      0.128E+09     -0.572E+00      0.609E+00
      0.203E+00      0.682E-01      0.470E-01      0.127E+09     -0.575E+00      0.615E+00
      0.227E+00      0.664E-01      0.453E-01      0.126E+09     -0.578E+00      0.616E+00
      0.255E+00      0.640E-01      0.428E-01      0.124E+09     -0.578E+00      0.610E+00
      0.286E+00      0.614E-01      0.401E-01      0.123E+09     -0.579E+00      0.605E+00
      0.321E+00      0.584E-01      0.373E-01      0.122E+09     -0.579E+00      0.602E+00
      0.360E+00      0.550E-01      0.348E-01      0.120E+09     -0.580E+00      0.603E+00
      0.404E+00      0.508E-01      0.327E-01      0.118E+09     -0.574E+00      0.605E+00
      0.453E+00      0.476E-01      0.308E-01      0.117E+09     -0.551E+00      0.583E+00
      0.509E+00      0.463E-01      0.301E-01      0.115E+09     -0.524E+00      0.552E+00
      0.571E+00      0.456E-01      0.301E-01      0.113E+09     -0.491E+00      0.519E+00
      0.641E+00      0.450E-01      0.305E-01      0.111E+09     -0.453E+00      0.489E+00
      0.719E+00      0.453E-01      0.304E-01      0.109E+09     -0.416E+00      0.447E+00
      0.806E+00      0.443E-01      0.286E-01      0.106E+09     -0.379E+00      0.391E+00
      0.905E+00      0.432E-01      0.283E-01      0.104E+09     -0.356E+00      0.366E+00
      0.102E+01      0.426E-01      0.280E-01      0.101E+09     -0.376E+00      0.368E+00
      0.114E+01      0.443E-01      0.302E-01      0.974E+08     -0.381E+00      0.378E+00
      0.128E+01      0.433E-01      0.289E-01      0.937E+08     -0.402E+00      0.418E+00
      0.143E+01      0.417E-01      0.268E-01      0.896E+08     -0.426E+00      0.463E+00
      0.161E+01      0.424E-01      0.286E-01      0.852E+08     -0.455E+00      0.518E+00
      0.168E+01      0.415E-01      0.295E-01      0.819E+08     -0.452E+00      0.519E+00
      0.170E+01      0.411E-01      0.298E-01      0.807E+08     -0.449E+00      0.516E+00
      0.180E+01      0.382E-01      0.284E-01      0.792E+08     -0.430E+00      0.481E+00
      0.190E+01      0.357E-01      0.248E-01      0.768E+08     -0.434E+00      0.472E+00
      0.200E+01      0.386E-01      0.258E-01      0.746E+08     -0.509E+00      0.571E+00
      0.210E+01      0.431E-01      0.291E-01      0.723E+08     -0.556E+00      0.643E+00
      0.220E+01      0.430E-01      0.284E-01      0.696E+08     -0.571E+00      0.635E+00
      0.230E+01      0.413E-01      0.266E-01      0.670E+08     -0.577E+00      0.610E+00
      0.240E+01      0.388E-01      0.251E-01      0.645E+08     -0.571E+00      0.602E+00
      0.250E+01      0.353E-01      0.235E-01      0.622E+08     -0.497E+00      0.505E+00
      0.260E+01      0.348E-01      0.260E-01      0.600E+08     -0.442E+00      0.518E+00
      0.275E+01      0.366E-01      0.325E-01      0.574E+08     -0.452E+00      0.658E+00
      0.300E+01      0.258E-01      0.213E-01      0.530E+08     -0.374E+00      0.541E+00
      0.325E+01      0.239E-01      0.184E-01      0.492E+08     -0.436E+00      0.535E+00
      0.350E+01      0.393E-01      0.243E-01      0.456E+08     -0.457E+00      0.464E+00
      0.375E+01      0.530E-01      0.330E-01      0.398E+08     -0.662E+00      0.624E+00
      0.400E+01      0.597E-01      0.364E-01      0.321E+08     -0.821E+00      0.805E+00
      0.425E+01      0.615E-01      0.319E-01      0.235E+08     -0.986E+00      0.787E+00
      0.450E+01      0.433E-01      0.239E-01      0.145E+08     -0.109E+01      0.924E+00
      0.475E+01      0.185E-01      0.164E-01      0.823E+07     -0.831E+00      0.102E+01
      0.500E+01      0.120E-01      0.124E-01      0.555E+07     -0.474E+00      0.747E+00
      0.525E+01      0.125E-01      0.123E-01      0.382E+07     -0.325E+00      0.518E+00
      0.550E+01      0.630E-02      0.704E-02      0.202E+07     -0.381E+00      0.669E+00
      0.575E+01      0.646E-02      0.700E-02      0.111E+07     -0.327E+00      0.486E+00
      0.600E+01      0.124E-02      0.171E-02      0.185E+06     -0.464E+00      0.894E+00
      0.625E+01      0.468E-04      0.311E-03      0.827E+04     -0.623E+00      0.582E+01
      0.650E+01      0.717E-05      0.290E-03      0.162E+04     -0.617E+00      0.349E+02
      0.675E+01      0.363E-05      0.144E-03      0.604E+03     -0.988E+00      0.468E+02
      0.700E+01      0.538E-06      0.448E-04      0.928E+02     -0.532E+00      0.510E+02
      0.725E+01      0.119E-06      0.109E-04      0.167E+02     -0.712E+00      0.880E+02
      0.750E+01      0.000E+00      0.162E-30      0.000E+00     -0.990E+02     -0.990E+02
      0.775E+01      0.000E+00      0.000E+00      0.000E+00     -0.990E+02     -0.990E+02
      0.800E+01      0.000E+00      0.000E+00      0.000E+00     -0.990E+02     -0.990E+02
      0.825E+01      0.000E+00      0.000E+00      0.000E+00     -0.990E+02     -0.990E+02
      0.850E+01      0.000E+00      0.000E+00      0.000E+00     -0.990E+02     -0.990E+02
      0.875E+01      0.000E+00      0.000E+00      0.000E+00     -0.990E+02     -0.990E+02
      0.900E+01      0.000E+00      0.000E+00      0.000E+00     -0.990E+02     -0.990E+02
      0.925E+01      0.000E+00      0.000E+00      0.000E+00     -0.990E+02     -0.990E+02
      0.950E+01      0.000E+00      0.000E+00      0.000E+00     -0.990E+02     -0.990E+02
      0.975E+01      0.000E+00      0.000E+00      0.000E+00     -0.990E+02     -0.990E+02
      0.100E+02      0.000E+00      0.000E+00      0.000E+00     -0.990E+02     -0.990E+02
      0.102E+02      0.000E+00      0.000E+00      0.000E+00     -0.990E+02     -0.990E+02
      0.105E+02      0.000E+00      0.000E+00      0.000E+00     -0.990E+02     -0.990E+02
      0.108E+02      0.000E+00      0.000E+00      0.000E+00     -0.990E+02     -0.990E+02
      0.110E+02      0.000E+00      0.000E+00      0.000E+00     -0.990E+02     -0.990E+02
      0.112E+02      0.000E+00      0.000E+00      0.000E+00     -0.990E+02     -0.990E+02
      0.115E+02      0.000E+00      0.000E+00      0.000E+00     -0.990E+02     -0.990E+02
      0.118E+02      0.000E+00      0.000E+00      0.000E+00     -0.990E+02     -0.990E+02
      0.120E+02      0.000E+00      0.000E+00      0.000E+00     -0.990E+02     -0.990E+02
      0.122E+02      0.000E+00      0.000E+00      0.000E+00     -0.990E+02     -0.990E+02
      0.125E+02      0.000E+00      0.000E+00      0.000E+00     -0.990E+02     -0.990E+02
      0.128E+02      0.000E+00      0.000E+00      0.000E+00     -0.990E+02     -0.990E+02
      0.130E+02      0.000E+00      0.000E+00      0.000E+00     -0.990E+02     -0.990E+02
      0.132E+02      0.000E+00      0.000E+00      0.000E+00     -0.990E+02     -0.990E+02
      0.135E+02      0.000E+00      0.000E+00      0.000E+00     -0.990E+02     -0.990E+02
      0.138E+02      0.000E+00      0.000E+00      0.000E+00     -0.990E+02     -0.990E+02
      0.140E+02      0.000E+00      0.000E+00      0.000E+00     -0.990E+02     -0.990E+02
      0.142E+02      0.000E+00      0.000E+00      0.000E+00     -0.990E+02     -0.990E+02
      0.145E+02      0.000E+00      0.000E+00      0.000E+00     -0.990E+02     -0.990E+02
      0.148E+02      0.000E+00      0.000E+00      0.000E+00     -0.990E+02     -0.990E+02
      0.150E+02      0.000E+00      0.000E+00      0.000E+00     -0.990E+02     -0.990E+02
      0.152E+02      0.000E+00      0.000E+00      0.000E+00     -0.990E+02     -0.990E+02
      0.155E+02      0.000E+00      0.000E+00      0.000E+00     -0.990E+02     -0.990E+02
      0.158E+02      0.000E+00      0.000E+00      0.000E+00     -0.990E+02     -0.990E+02
      0.160E+02      0.000E+00      0.000E+00      0.000E+00     -0.990E+02     -0.990E+02
      0.162E+02      0.000E+00      0.000E+00      0.000E+00     -0.990E+02     -0.990E+02
      0.165E+02      0.000E+00      0.000E+00      0.000E+00     -0.990E+02     -0.990E+02
      0.168E+02      0.000E+00      0.000E+00      0.000E+00     -0.990E+02     -0.990E+02
      0.170E+02      0.000E+00      0.000E+00      0.000E+00     -0.990E+02     -0.990E+02
      0.172E+02      0.000E+00      0.000E+00      0.000E+00     -0.990E+02     -0.990E+02
      0.175E+02      0.000E+00      0.000E+00      0.000E+00     -0.990E+02     -0.990E+02
      0.178E+02      0.000E+00      0.000E+00      0.000E+00     -0.990E+02     -0.990E+02
      0.180E+02      0.000E+00      0.000E+00      0.000E+00     -0.990E+02     -0.990E+02
      0.182E+02      0.000E+00      0.000E+00      0.000E+00     -0.990E+02     -0.990E+02
      0.185E+02      0.000E+00      0.000E+00      0.000E+00     -0.990E+02     -0.990E+02
      0.188E+02      0.000E+00      0.000E+00      0.000E+00     -0.990E+02     -0.990E+02
      0.190E+02      0.000E+00      0.000E+00      0.000E+00     -0.990E+02     -0.990E+02
      0.192E+02      0.000E+00      0.000E+00      0.000E+00     -0.990E+02     -0.990E+02
      0.195E+02      0.000E+00      0.000E+00      0.000E+00     -0.990E+02     -0.990E+02
      0.198E+02      0.000E+00      0.000E+00      0.000E+00     -0.990E+02     -0.990E+02
      0.200E+02      0.000E+00      0.000E+00      0.000E+00     -0.990E+02     -0.990E+02
