      0.000E+00      0.366E+00      0.162E-01      0.109E+09     -0.990E+02     -0.990E+02
      0.100E-03      0.366E+00      0.162E-01      0.109E+09     -0.990E+02     -0.990E+02
      0.140E-03      0.366E+00      0.162E-01      0.109E+09     -0.990E+02     -0.990E+02
      0.160E-03      0.366E+00      0.162E-01      0.109E+09     -0.990E+02     -0.990E+02
      0.180E-03      0.366E+00      0.162E-01      0.109E+09     -0.990E+02     -0.990E+02
      0.200E-03      0.366E+00      0.162E-01      0.109E+09     -0.990E+02     -0.990E+02
      0.220E-03      0.366E+00      0.162E-01      0.109E+09     -0.990E+02     -0.990E+02
      0.250E-03      0.366E+00      0.162E-01      0.109E+09     -0.990E+02     -0.990E+02
      0.280E-03      0.366E+00      0.162E-01      0.109E+09     -0.990E+02     -0.990E+02
      0.320E-03      0.366E+00      0.162E-01      0.109E+09     -0.990E+02     -0.990E+02
      0.350E-03      0.366E+00      0.162E-01      0.109E+09     -0.990E+02     -0.990E+02
      0.400E-03      0.366E+00      0.162E-01      0.109E+09     -0.990E+02     -0.990E+02
      0.450E-03      0.366E+00      0.162E-01      0.109E+09     -0.990E+02     -0.990E+02
      0.500E-03      0.366E+00      0.162E-01      0.109E+09     -0.990E+02     -0.990E+02
      0.560E-03      0.366E+00      0.162E-01      0.109E+09     -0.990E+02     -0.990E+02
      0.630E-03      0.366E+00      0.162E-01      0.109E+09     -0.990E+02     -0.990E+02
      0.710E-03      0.366E+00      0.162E-01      0.109E+09     -0.990E+02     -0.990E+02
      0.790E-03      0.366E+00      0.162E-01      0.109E+09     -0.990E+02     -0.990E+02
      0.890E-03      0.366E+00      0.162E-01      0.109E+09     -0.990E+02     -0.990E+02
      0.100E-02      0.366E+00      0.162E-01      0.109E+09     -0.990E+02     -0.990E+02
      0.105E-02      0.366E+00      0.162E-01      0.109E+09     -0.990E+02     -0.990E+02
      0.110E-02      0.366E+00      0.162E-01      0.109E+09     -0.990E+02     -0.990E+02
      0.115E-02      0.366E+00      0.162E-01      0.109E+09     -0.990E+02     -0.990E+02
      0.120E-02      0.366E+00      0.162E-01      0.109E+09     -0.990E+02     -0.990E+02
      0.126E-02      0.366E+00      0.162E-01      0.109E+09     -0.990E+02     -0.990E+02
      0.132E-02      0.366E+00      0.162E-01      0.109E+09     -0.990E+02     -0.990E+02
      0.138E-02      0.366E+00      0.162E-01      0.109E+09     -0.990E+02     -0.990E+02
      0.145E-02      0.366E+00      0.162E-01      0.109E+09     -0.990E+02     -0.990E+02
      0.151E-02      0.366E+00      0.162E-01      0.109E+09     -0.990E+02     -0.990E+02
      0.158E-02      0.366E+00      0.162E-01      0.109E+09     -0.990E+02     -0.990E+02
      0.166E-02      0.366E+00      0.162E-01      0.109E+09     -0.990E+02     -0.990E+02
      0.174E-02      0.366E+00      0.162E-01      0.109E+09     -0.990E+02     -0.990E+02
      0.182E-02      0.366E+00      0.162E-01      0.109E+09     -0.990E+02     -0.990E+02
      0.191E-02      0.366E+00      0.162E-01      0.109E+09     -0.990E+02     -0.990E+02
      0.200E-02      0.366E+00      0.162E-01      0.109E+09     -0.990E+02     -0.990E+02
      0.209E-02      0.366E+00      0.162E-01      0.109E+09     -0.990E+02     -0.990E+02
      0.219E-02      0.366E+00      0.162E-01      0.109E+09     -0.990E+02     -0.990E+02
      0.229E-02      0.366E+00      0.162E-01      0.109E+09     -0.990E+02     -0.990E+02
      0.240E-02      0.366E+00      0.162E-01      0.109E+09     -0.990E+02     -0.990E+02
      0.251E-02      0.366E+00      0.162E-01      0.109E+09     -0.990E+02     -0.990E+02
      0.263E-02      0.366E+00      0.162E-01      0.109E+09     -0.990E+02     -0.990E+02
      0.275E-02      0.366E+00      0.162E-01      0.109E+09     -0.990E+02     -0.990E+02
      0.288E-02      0.366E+00      0.162E-01      0.109E+09     -0.990E+02     -0.990E+02
      0.302E-02      0.366E+00      0.162E-01      0.109E+09     -0.990E+02     -0.990E+02
      0.316E-02      0.366E+00      0.162E-01      0.109E+09     -0.990E+02     -0.990E+02
      0.331E-02      0.366E+00      0.162E-01      0.109E+09     -0.990E+02     -0.990E+02
      0.347E-02      0.366E+00      0.162E-01      0.109E+09     -0.990E+02     -0.990E+02
      0.363E-02      0.366E+00      0.162E-01      0.109E+09     -0.990E+02     -0.990E+02
      0.380E-02      0.366E+00      0.162E-01      0.109E+09     -0.990E+02     -0.990E+02
      0.398E-02      0.366E+00      0.162E-01      0.109E+09     -0.990E+02     -0.990E+02
      0.417E-02      0.366E+00      0.162E-01      0.109E+09     -0.990E+02     -0.990E+02
      0.437E-02      0.366E+00      0.162E-01      0.109E+09     -0.990E+02     -0.990E+02
      0.457E-02      0.366E+00      0.162E-01      0.109E+09     -0.990E+02     -0.990E+02
      0.479E-02      0.366E+00      0.162E-01      0.109E+09     -0.990E+02     -0.990E+02
      0.501E-02      0.366E+00      0.162E-01      0.109E+09     -0.990E+02     -0.990E+02
      0.525E-02      0.366E+00      0.162E-01      0.109E+09     -0.990E+02     -0.990E+02
      0.550E-02      0.366E+00      0.162E-01      0.109E+09     -0.990E+02     -0.990E+02
      0.575E-02      0.366E+00      0.162E-01      0.109E+09     -0.990E+02     -0.990E+02
      0.603E-02      0.366E+00      0.162E-01      0.109E+09     -0.990E+02     -0.990E+02
      0.631E-02      0.366E+00      0.162E-01      0.109E+09     -0.990E+02     -0.990E+02
      0.661E-02      0.366E+00      0.162E-01      0.109E+09     -0.990E+02     -0.990E+02
      0.692E-02      0.366E+00      0.162E-01      0.109E+09     -0.990E+02     -0.990E+02
      0.724E-02      0.366E+00      0.162E-01      0.109E+09     -0.990E+02     -0.990E+02
      0.759E-02      0.366E+00      0.162E-01      0.109E+09     -0.990E+02     -0.990E+02
      0.794E-02      0.366E+00      0.162E-01      0.109E+09     -0.990E+02     -0.990E+02
      0.832E-02      0.366E+00      0.162E-01      0.109E+09     -0.990E+02     -0.990E+02
      0.871E-02      0.366E+00      0.162E-01      0.109E+09     -0.990E+02     -0.990E+02
      0.912E-02      0.366E+00      0.162E-01      0.109E+09     -0.990E+02     -0.990E+02
      0.955E-02      0.366E+00      0.162E-01      0.109E+09     -0.990E+02     -0.990E+02
      0.100E-01      0.366E+00      0.162E-01      0.109E+09     -0.939E+00      0.618E+00
      0.105E-01      0.505E-01      0.251E-01      0.105E+09     -0.939E+00      0.619E+00
      0.110E-01      0.503E-01      0.250E-01      0.105E+09     -0.940E+00      0.618E+00
      0.115E-01      0.501E-01      0.249E-01      0.105E+09     -0.940E+00      0.618E+00
      0.120E-01      0.499E-01      0.248E-01      0.105E+09     -0.940E+00      0.617E+00
      0.126E-01      0.500E-01      0.248E-01      0.105E+09     -0.940E+00      0.617E+00
      0.132E-01      0.502E-01      0.249E-01      0.105E+09     -0.941E+00      0.616E+00
      0.138E-01      0.501E-01      0.248E-01      0.105E+09     -0.941E+00      0.616E+00
      0.144E-01      0.497E-01      0.245E-01      0.105E+09     -0.941E+00      0.616E+00
      0.151E-01      0.497E-01      0.245E-01      0.105E+09     -0.942E+00      0.615E+00
      0.159E-01      0.498E-01      0.245E-01      0.105E+09     -0.942E+00      0.614E+00
      0.166E-01      0.498E-01      0.245E-01      0.105E+09     -0.942E+00      0.614E+00
      0.174E-01      0.498E-01      0.245E-01      0.105E+09     -0.942E+00      0.613E+00
      0.182E-01      0.499E-01      0.245E-01      0.105E+09     -0.943E+00      0.613E+00
      0.191E-01      0.498E-01      0.244E-01      0.105E+09     -0.943E+00      0.612E+00
      0.200E-01      0.495E-01      0.242E-01      0.105E+09     -0.944E+00      0.611E+00
      0.209E-01      0.494E-01      0.241E-01      0.105E+09     -0.944E+00      0.611E+00
      0.219E-01      0.494E-01      0.240E-01      0.105E+09     -0.945E+00      0.610E+00
      0.229E-01      0.494E-01      0.240E-01      0.105E+09     -0.945E+00      0.609E+00
      0.240E-01      0.494E-01      0.239E-01      0.105E+09     -0.946E+00      0.609E+00
      0.251E-01      0.494E-01      0.239E-01      0.105E+09     -0.946E+00      0.608E+00
      0.263E-01      0.492E-01      0.237E-01      0.105E+09     -0.947E+00      0.607E+00
      0.275E-01      0.491E-01      0.236E-01      0.105E+09     -0.947E+00      0.606E+00
      0.290E-01      0.490E-01      0.235E-01      0.105E+09     -0.948E+00      0.606E+00
      0.300E-01      0.490E-01      0.235E-01      0.105E+09     -0.948E+00      0.605E+00
      0.310E-01      0.489E-01      0.234E-01      0.105E+09     -0.949E+00      0.604E+00
      0.320E-01      0.488E-01      0.233E-01      0.105E+09     -0.949E+00      0.604E+00
      0.330E-01      0.488E-01      0.232E-01      0.104E+09     -0.950E+00      0.603E+00
      0.340E-01      0.487E-01      0.231E-01      0.104E+09     -0.950E+00      0.603E+00
      0.350E-01      0.486E-01      0.231E-01      0.104E+09     -0.951E+00      0.602E+00
      0.360E-01      0.486E-01      0.230E-01      0.104E+09     -0.951E+00      0.601E+00
      0.370E-01      0.485E-01      0.229E-01      0.104E+09     -0.952E+00      0.601E+00
      0.380E-01      0.485E-01      0.228E-01      0.104E+09     -0.952E+00      0.600E+00
      0.390E-01      0.484E-01      0.228E-01      0.104E+09     -0.953E+00      0.599E+00
      0.400E-01      0.483E-01      0.227E-01      0.104E+09     -0.953E+00      0.599E+00
      0.425E-01      0.482E-01      0.225E-01      0.104E+09     -0.954E+00      0.598E+00
      0.450E-01      0.480E-01      0.223E-01      0.104E+09     -0.956E+00      0.596E+00
      0.475E-01      0.478E-01      0.221E-01      0.104E+09     -0.957E+00      0.595E+00
      0.500E-01      0.478E-01      0.220E-01      0.104E+09     -0.958E+00      0.594E+00
      0.525E-01      0.476E-01      0.219E-01      0.104E+09     -0.959E+00      0.593E+00
      0.550E-01      0.473E-01      0.217E-01      0.104E+09     -0.961E+00      0.592E+00
      0.571E-01      0.473E-01      0.215E-01      0.104E+09     -0.962E+00      0.591E+00
      0.640E-01      0.468E-01      0.211E-01      0.103E+09     -0.965E+00      0.588E+00
      0.719E-01      0.463E-01      0.206E-01      0.103E+09     -0.970E+00      0.586E+00
      0.806E-01      0.457E-01      0.202E-01      0.103E+09     -0.974E+00      0.584E+00
      0.905E-01      0.451E-01      0.197E-01      0.103E+09     -0.979E+00      0.584E+00
      0.102E+00      0.444E-01      0.192E-01      0.102E+09     -0.986E+00      0.585E+00
      0.114E+00      0.436E-01      0.188E-01      0.102E+09     -0.993E+00      0.589E+00
      0.128E+00      0.428E-01      0.184E-01      0.101E+09     -0.100E+01      0.595E+00
      0.143E+00      0.417E-01      0.182E-01      0.101E+09     -0.101E+01      0.609E+00
      0.161E+00      0.404E-01      0.176E-01      0.100E+09     -0.102E+01      0.610E+00
      0.181E+00      0.386E-01      0.160E-01      0.998E+08     -0.102E+01      0.582E+00
      0.203E+00      0.365E-01      0.143E-01      0.992E+08     -0.102E+01      0.549E+00
      0.227E+00      0.342E-01      0.123E-01      0.986E+08     -0.102E+01      0.508E+00
      0.255E+00      0.316E-01      0.102E-01      0.980E+08     -0.101E+01      0.458E+00
      0.286E+00      0.287E-01      0.813E-02      0.973E+08     -0.101E+01      0.404E+00
      0.321E+00      0.254E-01      0.635E-02      0.966E+08     -0.101E+01      0.360E+00
      0.360E+00      0.218E-01      0.578E-02      0.960E+08     -0.101E+01      0.380E+00
      0.404E+00      0.177E-01      0.728E-02      0.954E+08     -0.998E+00      0.574E+00
      0.453E+00      0.220E-01      0.890E-02      0.948E+08     -0.984E+00      0.556E+00
      0.509E+00      0.269E-01      0.112E-01      0.940E+08     -0.973E+00      0.565E+00
      0.571E+00      0.325E-01      0.141E-01      0.929E+08     -0.965E+00      0.584E+00
      0.641E+00      0.385E-01      0.173E-01      0.915E+08     -0.958E+00      0.603E+00
      0.719E+00      0.345E-01      0.154E-01      0.896E+08     -0.952E+00      0.595E+00
      0.806E+00      0.272E-01      0.118E-01      0.877E+08     -0.941E+00      0.574E+00
      0.905E+00      0.192E-01      0.823E-02      0.861E+08     -0.921E+00      0.556E+00
      0.102E+01      0.236E-01      0.978E-02      0.848E+08     -0.938E+00      0.541E+00
      0.114E+01      0.287E-01      0.118E-01      0.830E+08     -0.951E+00      0.538E+00
      0.128E+01      0.324E-01      0.106E-01      0.806E+08     -0.966E+00      0.434E+00
      0.143E+01      0.372E-01      0.117E-01      0.775E+08     -0.978E+00      0.428E+00
      0.161E+01      0.464E-01      0.101E-01      0.737E+08     -0.976E+00      0.309E+00
      0.168E+01      0.489E-01      0.102E-01      0.702E+08     -0.982E+00      0.297E+00
      0.170E+01      0.489E-01      0.985E-02      0.688E+08     -0.986E+00      0.289E+00
      0.180E+01      0.489E-01      0.927E-02      0.670E+08     -0.101E+01      0.274E+00
      0.190E+01      0.490E-01      0.103E-01      0.640E+08     -0.103E+01      0.304E+00
      0.200E+01      0.454E-01      0.111E-01      0.611E+08     -0.104E+01      0.356E+00
      0.210E+01      0.415E-01      0.129E-01      0.583E+08     -0.105E+01      0.459E+00
      0.220E+01      0.397E-01      0.139E-01      0.558E+08     -0.105E+01      0.520E+00
      0.230E+01      0.402E-01      0.137E-01      0.535E+08     -0.104E+01      0.504E+00
      0.240E+01      0.407E-01      0.143E-01      0.510E+08     -0.102E+01      0.515E+00
      0.250E+01      0.428E-01      0.138E-01      0.486E+08     -0.104E+01      0.484E+00
      0.260E+01      0.450E-01      0.141E-01      0.461E+08     -0.105E+01      0.484E+00
      0.275E+01      0.451E-01      0.150E-01      0.427E+08     -0.108E+01      0.525E+00
      0.300E+01      0.396E-01      0.154E-01      0.374E+08     -0.116E+01      0.617E+00
      0.325E+01      0.291E-01      0.107E-01      0.316E+08     -0.124E+01      0.631E+00
      0.350E+01      0.207E-01      0.105E-01      0.274E+08     -0.127E+01      0.886E+00
      0.375E+01      0.165E-01      0.900E-02      0.244E+08     -0.123E+01      0.900E+00
      0.400E+01      0.129E-01      0.596E-02      0.220E+08     -0.124E+01      0.738E+00
      0.425E+01      0.174E-01      0.418E-02      0.201E+08     -0.116E+01      0.369E+00
      0.450E+01      0.226E-01      0.546E-02      0.176E+08     -0.106E+01      0.355E+00
      0.475E+01      0.135E-01      0.439E-02      0.144E+08     -0.105E+01      0.478E+00
      0.500E+01      0.991E-02      0.542E-02      0.125E+08     -0.936E+00      0.760E+00
      0.525E+01      0.137E-01      0.532E-02      0.111E+08     -0.931E+00      0.505E+00
      0.550E+01      0.196E-01      0.466E-02      0.915E+07     -0.102E+01      0.315E+00
      0.575E+01      0.232E-01      0.734E-02      0.638E+07     -0.138E+01      0.570E+00
      0.600E+01      0.171E-01      0.577E-02      0.310E+07     -0.182E+01      0.756E+00
      0.625E+01      0.430E-02      0.410E-02      0.682E+06     -0.187E+01      0.242E+01
      0.650E+01      0.483E-03      0.131E-02      0.686E+05     -0.199E+01      0.754E+01
      0.675E+01      0.155E-05      0.615E-04      0.220E+03     -0.205E+01      0.115E+03
      0.700E+01      0.000E+00      0.410E-25      0.000E+00     -0.375E+00            NaN
      0.725E+01      0.000E+00      0.170E-29      0.000E+00     -0.990E+02     -0.990E+02
      0.750E+01      0.000E+00      0.000E+00      0.000E+00     -0.990E+02     -0.990E+02
      0.775E+01      0.000E+00      0.000E+00      0.000E+00     -0.990E+02     -0.990E+02
      0.800E+01      0.000E+00      0.000E+00      0.000E+00     -0.990E+02     -0.990E+02
      0.825E+01      0.000E+00      0.000E+00      0.000E+00     -0.990E+02     -0.990E+02
      0.850E+01      0.000E+00      0.000E+00      0.000E+00     -0.990E+02     -0.990E+02
      0.875E+01      0.000E+00      0.000E+00      0.000E+00     -0.990E+02     -0.990E+02
      0.900E+01      0.000E+00      0.000E+00      0.000E+00     -0.990E+02     -0.990E+02
      0.925E+01      0.000E+00      0.000E+00      0.000E+00     -0.990E+02     -0.990E+02
      0.950E+01      0.000E+00      0.000E+00      0.000E+00     -0.990E+02     -0.990E+02
      0.975E+01      0.000E+00      0.000E+00      0.000E+00     -0.990E+02     -0.990E+02
      0.100E+02      0.000E+00      0.000E+00      0.000E+00     -0.990E+02     -0.990E+02
      0.102E+02      0.000E+00      0.000E+00      0.000E+00     -0.990E+02     -0.990E+02
      0.105E+02      0.000E+00      0.000E+00      0.000E+00     -0.990E+02     -0.990E+02
      0.108E+02      0.000E+00      0.000E+00      0.000E+00     -0.990E+02     -0.990E+02
      0.110E+02      0.000E+00      0.000E+00      0.000E+00     -0.990E+02     -0.990E+02
      0.112E+02      0.000E+00      0.000E+00      0.000E+00     -0.990E+02     -0.990E+02
      0.115E+02      0.000E+00      0.000E+00      0.000E+00     -0.990E+02     -0.990E+02
      0.118E+02      0.000E+00      0.000E+00      0.000E+00     -0.990E+02     -0.990E+02
      0.120E+02      0.000E+00      0.000E+00      0.000E+00     -0.990E+02     -0.990E+02
      0.122E+02      0.000E+00      0.000E+00      0.000E+00     -0.990E+02     -0.990E+02
      0.125E+02      0.000E+00      0.000E+00      0.000E+00     -0.990E+02     -0.990E+02
      0.128E+02      0.000E+00      0.000E+00      0.000E+00     -0.990E+02     -0.990E+02
      0.130E+02      0.000E+00      0.000E+00      0.000E+00     -0.990E+02     -0.990E+02
      0.132E+02      0.000E+00      0.000E+00      0.000E+00     -0.990E+02     -0.990E+02
      0.135E+02      0.000E+00      0.000E+00      0.000E+00     -0.990E+02     -0.990E+02
      0.138E+02      0.000E+00      0.000E+00      0.000E+00     -0.990E+02     -0.990E+02
      0.140E+02      0.000E+00      0.000E+00      0.000E+00     -0.990E+02     -0.990E+02
      0.142E+02      0.000E+00      0.000E+00      0.000E+00     -0.990E+02     -0.990E+02
      0.145E+02      0.000E+00      0.000E+00      0.000E+00     -0.990E+02     -0.990E+02
      0.148E+02      0.000E+00      0.000E+00      0.000E+00     -0.990E+02     -0.990E+02
      0.150E+02      0.000E+00      0.000E+00      0.000E+00     -0.990E+02     -0.990E+02
      0.152E+02      0.000E+00      0.000E+00      0.000E+00     -0.990E+02     -0.990E+02
      0.155E+02      0.000E+00      0.000E+00      0.000E+00     -0.990E+02     -0.990E+02
      0.158E+02      0.000E+00      0.000E+00      0.000E+00     -0.990E+02     -0.990E+02
      0.160E+02      0.000E+00      0.000E+00      0.000E+00     -0.990E+02     -0.990E+02
      0.162E+02      0.000E+00      0.000E+00      0.000E+00     -0.990E+02     -0.990E+02
      0.165E+02      0.000E+00      0.000E+00      0.000E+00     -0.990E+02     -0.990E+02
      0.168E+02      0.000E+00      0.000E+00      0.000E+00     -0.990E+02     -0.990E+02
      0.170E+02      0.000E+00      0.000E+00      0.000E+00     -0.990E+02     -0.990E+02
      0.172E+02      0.000E+00      0.000E+00      0.000E+00     -0.990E+02     -0.990E+02
      0.175E+02      0.000E+00      0.000E+00      0.000E+00     -0.990E+02     -0.990E+02
      0.178E+02      0.000E+00      0.000E+00      0.000E+00     -0.990E+02     -0.990E+02
      0.180E+02      0.000E+00      0.000E+00      0.000E+00     -0.990E+02     -0.990E+02
      0.182E+02      0.000E+00      0.000E+00      0.000E+00     -0.990E+02     -0.990E+02
      0.185E+02      0.000E+00      0.000E+00      0.000E+00     -0.990E+02     -0.990E+02
      0.188E+02      0.000E+00      0.000E+00      0.000E+00     -0.990E+02     -0.990E+02
      0.190E+02      0.000E+00      0.000E+00      0.000E+00     -0.990E+02     -0.990E+02
      0.192E+02      0.000E+00      0.000E+00      0.000E+00     -0.990E+02     -0.990E+02
      0.195E+02      0.000E+00      0.000E+00      0.000E+00     -0.990E+02     -0.990E+02
      0.198E+02      0.000E+00      0.000E+00      0.000E+00     -0.990E+02     -0.990E+02
      0.200E+02      0.000E+00      0.000E+00      0.000E+00     -0.990E+02     -0.990E+02
