      0.000E+00      0.561E+00      0.504E+00      0.215E+11     -0.990E+02     -0.990E+02
      0.100E-03      0.561E+00      0.504E+00      0.215E+11     -0.990E+02     -0.990E+02
      0.140E-03      0.561E+00      0.504E+00      0.215E+11     -0.990E+02     -0.990E+02
      0.160E-03      0.561E+00      0.504E+00      0.215E+11     -0.990E+02     -0.990E+02
      0.180E-03      0.561E+00      0.504E+00      0.215E+11     -0.990E+02     -0.990E+02
      0.200E-03      0.561E+00      0.504E+00      0.215E+11     -0.990E+02     -0.990E+02
      0.220E-03      0.561E+00      0.504E+00      0.215E+11     -0.990E+02     -0.990E+02
      0.250E-03      0.561E+00      0.504E+00      0.215E+11     -0.990E+02     -0.990E+02
      0.280E-03      0.561E+00      0.504E+00      0.215E+11     -0.990E+02     -0.990E+02
      0.320E-03      0.561E+00      0.504E+00      0.215E+11     -0.990E+02     -0.990E+02
      0.350E-03      0.561E+00      0.504E+00      0.215E+11     -0.990E+02     -0.990E+02
      0.400E-03      0.561E+00      0.504E+00      0.215E+11     -0.990E+02     -0.990E+02
      0.450E-03      0.561E+00      0.504E+00      0.215E+11     -0.990E+02     -0.990E+02
      0.500E-03      0.561E+00      0.504E+00      0.215E+11     -0.990E+02     -0.990E+02
      0.560E-03      0.561E+00      0.504E+00      0.215E+11     -0.990E+02     -0.990E+02
      0.630E-03      0.561E+00      0.504E+00      0.215E+11     -0.990E+02     -0.990E+02
      0.710E-03      0.561E+00      0.504E+00      0.215E+11     -0.990E+02     -0.990E+02
      0.790E-03      0.561E+00      0.504E+00      0.215E+11     -0.990E+02     -0.990E+02
      0.890E-03      0.561E+00      0.504E+00      0.215E+11     -0.990E+02     -0.990E+02
      0.100E-02      0.561E+00      0.504E+00      0.215E+11     -0.990E+02     -0.990E+02
      0.105E-02      0.561E+00      0.504E+00      0.215E+11     -0.990E+02     -0.990E+02
      0.110E-02      0.561E+00      0.504E+00      0.215E+11     -0.990E+02     -0.990E+02
      0.115E-02      0.561E+00      0.504E+00      0.215E+11     -0.990E+02     -0.990E+02
      0.120E-02      0.561E+00      0.504E+00      0.215E+11     -0.990E+02     -0.990E+02
      0.126E-02      0.561E+00      0.504E+00      0.215E+11     -0.990E+02     -0.990E+02
      0.132E-02      0.561E+00      0.504E+00      0.215E+11     -0.990E+02     -0.990E+02
      0.138E-02      0.561E+00      0.504E+00      0.215E+11     -0.990E+02     -0.990E+02
      0.145E-02      0.561E+00      0.504E+00      0.215E+11     -0.990E+02     -0.990E+02
      0.151E-02      0.561E+00      0.504E+00      0.215E+11     -0.990E+02     -0.990E+02
      0.158E-02      0.561E+00      0.504E+00      0.215E+11     -0.990E+02     -0.990E+02
      0.166E-02      0.561E+00      0.504E+00      0.215E+11     -0.990E+02     -0.990E+02
      0.174E-02      0.561E+00      0.504E+00      0.215E+11     -0.990E+02     -0.990E+02
      0.182E-02      0.561E+00      0.504E+00      0.215E+11     -0.990E+02     -0.990E+02
      0.191E-02      0.561E+00      0.504E+00      0.215E+11     -0.990E+02     -0.990E+02
      0.200E-02      0.561E+00      0.504E+00      0.215E+11     -0.990E+02     -0.990E+02
      0.209E-02      0.561E+00      0.504E+00      0.215E+11     -0.990E+02     -0.990E+02
      0.219E-02      0.561E+00      0.504E+00      0.215E+11     -0.990E+02     -0.990E+02
      0.229E-02      0.561E+00      0.504E+00      0.215E+11     -0.990E+02     -0.990E+02
      0.240E-02      0.561E+00      0.504E+00      0.215E+11     -0.990E+02     -0.990E+02
      0.251E-02      0.561E+00      0.504E+00      0.215E+11     -0.990E+02     -0.990E+02
      0.263E-02      0.561E+00      0.504E+00      0.215E+11     -0.990E+02     -0.990E+02
      0.275E-02      0.561E+00      0.504E+00      0.215E+11     -0.990E+02     -0.990E+02
      0.288E-02      0.561E+00      0.504E+00      0.215E+11     -0.990E+02     -0.990E+02
      0.302E-02      0.561E+00      0.504E+00      0.215E+11     -0.990E+02     -0.990E+02
      0.316E-02      0.561E+00      0.504E+00      0.215E+11     -0.990E+02     -0.990E+02
      0.331E-02      0.561E+00      0.504E+00      0.215E+11     -0.990E+02     -0.990E+02
      0.347E-02      0.561E+00      0.504E+00      0.215E+11     -0.990E+02     -0.990E+02
      0.363E-02      0.561E+00      0.504E+00      0.215E+11     -0.990E+02     -0.990E+02
      0.380E-02      0.561E+00      0.504E+00      0.215E+11     -0.990E+02     -0.990E+02
      0.398E-02      0.561E+00      0.504E+00      0.215E+11     -0.990E+02     -0.990E+02
      0.417E-02      0.561E+00      0.504E+00      0.215E+11     -0.990E+02     -0.990E+02
      0.437E-02      0.561E+00      0.504E+00      0.215E+11     -0.990E+02     -0.990E+02
      0.457E-02      0.561E+00      0.504E+00      0.215E+11     -0.990E+02     -0.990E+02
      0.479E-02      0.561E+00      0.504E+00      0.215E+11     -0.990E+02     -0.990E+02
      0.501E-02      0.561E+00      0.504E+00      0.215E+11     -0.990E+02     -0.990E+02
      0.525E-02      0.561E+00      0.504E+00      0.215E+11     -0.990E+02     -0.990E+02
      0.550E-02      0.561E+00      0.504E+00      0.215E+11     -0.990E+02     -0.990E+02
      0.575E-02      0.561E+00      0.504E+00      0.215E+11     -0.990E+02     -0.990E+02
      0.603E-02      0.561E+00      0.504E+00      0.215E+11     -0.990E+02     -0.990E+02
      0.631E-02      0.561E+00      0.504E+00      0.215E+11     -0.990E+02     -0.990E+02
      0.661E-02      0.561E+00      0.504E+00      0.215E+11     -0.990E+02     -0.990E+02
      0.692E-02      0.561E+00      0.504E+00      0.215E+11     -0.990E+02     -0.990E+02
      0.724E-02      0.561E+00      0.504E+00      0.215E+11     -0.990E+02     -0.990E+02
      0.759E-02      0.561E+00      0.504E+00      0.215E+11     -0.990E+02     -0.990E+02
      0.794E-02      0.561E+00      0.504E+00      0.215E+11     -0.990E+02     -0.990E+02
      0.832E-02      0.561E+00      0.504E+00      0.215E+11     -0.990E+02     -0.990E+02
      0.871E-02      0.561E+00      0.504E+00      0.215E+11     -0.990E+02     -0.990E+02
      0.912E-02      0.561E+00      0.504E+00      0.215E+11     -0.990E+02     -0.990E+02
      0.955E-02      0.561E+00      0.504E+00      0.215E+11     -0.990E+02     -0.990E+02
      0.100E-01      0.561E+00      0.504E+00      0.215E+11      0.267E+00      0.122E+00
      0.105E-01      0.477E+01      0.167E+01      0.215E+11      0.268E+00      0.122E+00
      0.110E-01      0.475E+01      0.167E+01      0.215E+11      0.268E+00      0.122E+00
      0.115E-01      0.473E+01      0.166E+01      0.215E+11      0.268E+00      0.122E+00
      0.120E-01      0.473E+01      0.166E+01      0.215E+11      0.268E+00      0.122E+00
      0.126E-01      0.474E+01      0.166E+01      0.215E+11      0.268E+00      0.122E+00
      0.132E-01      0.476E+01      0.167E+01      0.215E+11      0.268E+00      0.122E+00
      0.138E-01      0.475E+01      0.166E+01      0.215E+11      0.268E+00      0.122E+00
      0.144E-01      0.471E+01      0.164E+01      0.215E+11      0.268E+00      0.122E+00
      0.151E-01      0.472E+01      0.165E+01      0.214E+11      0.268E+00      0.122E+00
      0.159E-01      0.474E+01      0.165E+01      0.214E+11      0.268E+00      0.122E+00
      0.166E-01      0.473E+01      0.165E+01      0.214E+11      0.268E+00      0.122E+00
      0.174E-01      0.474E+01      0.165E+01      0.214E+11      0.268E+00      0.122E+00
      0.182E-01      0.476E+01      0.165E+01      0.214E+11      0.268E+00      0.122E+00
      0.191E-01      0.474E+01      0.165E+01      0.214E+11      0.268E+00      0.122E+00
      0.200E-01      0.472E+01      0.164E+01      0.214E+11      0.268E+00      0.122E+00
      0.209E-01      0.471E+01      0.163E+01      0.214E+11      0.268E+00      0.122E+00
      0.219E-01      0.473E+01      0.163E+01      0.214E+11      0.268E+00      0.122E+00
      0.229E-01      0.472E+01      0.163E+01      0.214E+11      0.268E+00      0.122E+00
      0.240E-01      0.472E+01      0.163E+01      0.214E+11      0.268E+00      0.122E+00
      0.251E-01      0.475E+01      0.164E+01      0.214E+11      0.268E+00      0.122E+00
      0.263E-01      0.474E+01      0.163E+01      0.214E+11      0.268E+00      0.122E+00
      0.275E-01      0.472E+01      0.162E+01      0.214E+11      0.269E+00      0.122E+00
      0.290E-01      0.473E+01      0.162E+01      0.214E+11      0.269E+00      0.122E+00
      0.300E-01      0.473E+01      0.162E+01      0.214E+11      0.269E+00      0.121E+00
      0.310E-01      0.473E+01      0.162E+01      0.214E+11      0.269E+00      0.122E+00
      0.320E-01      0.473E+01      0.162E+01      0.214E+11      0.269E+00      0.122E+00
      0.330E-01      0.473E+01      0.161E+01      0.214E+11      0.269E+00      0.122E+00
      0.340E-01      0.473E+01      0.161E+01      0.214E+11      0.269E+00      0.122E+00
      0.350E-01      0.473E+01      0.161E+01      0.214E+11      0.269E+00      0.121E+00
      0.360E-01      0.471E+01      0.160E+01      0.214E+11      0.269E+00      0.122E+00
      0.370E-01      0.472E+01      0.160E+01      0.214E+11      0.269E+00      0.122E+00
      0.380E-01      0.471E+01      0.160E+01      0.214E+11      0.269E+00      0.122E+00
      0.390E-01      0.472E+01      0.160E+01      0.214E+11      0.269E+00      0.122E+00
      0.400E-01      0.471E+01      0.160E+01      0.214E+11      0.269E+00      0.122E+00
      0.425E-01      0.472E+01      0.159E+01      0.213E+11      0.269E+00      0.122E+00
      0.450E-01      0.471E+01      0.159E+01      0.213E+11      0.270E+00      0.122E+00
      0.475E-01      0.472E+01      0.159E+01      0.213E+11      0.270E+00      0.122E+00
      0.500E-01      0.471E+01      0.158E+01      0.213E+11      0.270E+00      0.122E+00
      0.525E-01      0.471E+01      0.157E+01      0.213E+11      0.270E+00      0.122E+00
      0.550E-01      0.471E+01      0.157E+01      0.213E+11      0.270E+00      0.122E+00
      0.571E-01      0.471E+01      0.157E+01      0.213E+11      0.270E+00      0.122E+00
      0.640E-01      0.470E+01      0.156E+01      0.213E+11      0.271E+00      0.123E+00
      0.719E-01      0.470E+01      0.155E+01      0.212E+11      0.271E+00      0.123E+00
      0.806E-01      0.469E+01      0.153E+01      0.212E+11      0.272E+00      0.123E+00
      0.905E-01      0.466E+01      0.147E+01      0.212E+11      0.271E+00      0.119E+00
      0.102E+00      0.462E+01      0.140E+01      0.211E+11      0.270E+00      0.114E+00
      0.114E+00      0.459E+01      0.132E+01      0.211E+11      0.270E+00      0.108E+00
      0.128E+00      0.454E+01      0.124E+01      0.211E+11      0.269E+00      0.102E+00
      0.143E+00      0.450E+01      0.115E+01      0.210E+11      0.268E+00      0.948E-01
      0.161E+00      0.444E+01      0.106E+01      0.210E+11      0.267E+00      0.877E-01
      0.181E+00      0.448E+01      0.979E+00      0.209E+11      0.265E+00      0.796E-01
      0.203E+00      0.457E+01      0.911E+00      0.208E+11      0.264E+00      0.715E-01
      0.227E+00      0.467E+01      0.852E+00      0.207E+11      0.262E+00      0.642E-01
      0.255E+00      0.479E+01      0.810E+00      0.207E+11      0.260E+00      0.584E-01
      0.286E+00      0.493E+01      0.814E+00      0.206E+11      0.257E+00      0.555E-01
      0.321E+00      0.510E+01      0.852E+00      0.204E+11      0.253E+00      0.557E-01
      0.360E+00      0.522E+01      0.858E+00      0.203E+11      0.250E+00      0.538E-01
      0.404E+00      0.534E+01      0.946E+00      0.202E+11      0.247E+00      0.568E-01
      0.453E+00      0.526E+01      0.109E+01      0.200E+11      0.243E+00      0.648E-01
      0.509E+00      0.509E+01      0.128E+01      0.198E+11      0.237E+00      0.771E-01
      0.571E+00      0.489E+01      0.153E+01      0.196E+11      0.231E+00      0.938E-01
      0.641E+00      0.469E+01      0.166E+01      0.194E+11      0.227E+00      0.106E+00
      0.719E+00      0.472E+01      0.186E+01      0.191E+11      0.225E+00      0.119E+00
      0.806E+00      0.494E+01      0.214E+01      0.189E+11      0.225E+00      0.132E+00
      0.905E+00      0.536E+01      0.239E+01      0.186E+11      0.220E+00      0.133E+00
      0.102E+01      0.564E+01      0.261E+01      0.182E+11      0.211E+00      0.133E+00
      0.114E+01      0.580E+01      0.261E+01      0.177E+11      0.209E+00      0.129E+00
      0.128E+01      0.583E+01      0.250E+01      0.172E+11      0.215E+00      0.124E+00
      0.143E+01      0.591E+01      0.195E+01      0.167E+11      0.227E+00      0.991E-01
      0.161E+01      0.714E+01      0.200E+01      0.161E+11      0.231E+00      0.875E-01
      0.168E+01      0.760E+01      0.218E+01      0.155E+11      0.228E+00      0.899E-01
      0.170E+01      0.763E+01      0.216E+01      0.153E+11      0.226E+00      0.879E-01
      0.180E+01      0.774E+01      0.209E+01      0.150E+11      0.213E+00      0.796E-01
      0.190E+01      0.796E+01      0.195E+01      0.145E+11      0.199E+00      0.660E-01
      0.200E+01      0.806E+01      0.198E+01      0.140E+11      0.184E+00      0.588E-01
      0.210E+01      0.828E+01      0.247E+01      0.135E+11      0.163E+00      0.657E-01
      0.220E+01      0.880E+01      0.311E+01      0.130E+11      0.134E+00      0.746E-01
      0.230E+01      0.990E+01      0.357E+01      0.124E+11      0.103E+00      0.719E-01
      0.240E+01      0.108E+02      0.363E+01      0.118E+11      0.785E-01      0.616E-01
      0.250E+01      0.103E+02      0.290E+01      0.112E+11      0.619E-01      0.517E-01
      0.260E+01      0.974E+01      0.239E+01      0.105E+11      0.426E-01      0.456E-01
      0.275E+01      0.998E+01      0.223E+01      0.978E+10      0.198E-01      0.419E-01
      0.300E+01      0.103E+02      0.385E+01      0.856E+10      0.215E-01      0.717E-01
      0.325E+01      0.103E+02      0.447E+01      0.700E+10      0.126E-01      0.810E-01
      0.350E+01      0.109E+02      0.538E+01      0.545E+10      0.224E-01      0.105E+00
      0.375E+01      0.852E+01      0.343E+01      0.382E+10     -0.752E-02      0.673E-01
      0.400E+01      0.702E+01      0.186E+01      0.255E+10     -0.532E-01      0.340E-01
      0.425E+01      0.542E+01      0.123E+01      0.151E+10     -0.772E-01      0.364E-01
      0.450E+01      0.327E+01      0.993E+00      0.710E+09     -0.123E+00      0.789E-01
      0.475E+01      0.157E+01      0.539E+00      0.231E+09     -0.193E+00      0.164E+00
      0.500E+01      0.127E-01      0.113E+00      0.210E+07     -0.109E+01      0.131E+02
      0.525E+01      0.202E-02      0.171E-01      0.287E+06     -0.145E+01      0.164E+02
      0.550E+01      0.440E-10      0.284E-05      0.637E-02     -0.923E-01      0.894E+04
      0.575E+01      0.000E+00      0.584E-27      0.000E+00     -0.243E+01            NaN
      0.600E+01      0.000E+00      0.000E+00      0.000E+00     -0.990E+02     -0.990E+02
      0.625E+01      0.000E+00      0.000E+00      0.000E+00     -0.990E+02     -0.990E+02
      0.650E+01      0.000E+00      0.000E+00      0.000E+00     -0.990E+02     -0.990E+02
      0.675E+01      0.000E+00      0.000E+00      0.000E+00     -0.990E+02     -0.990E+02
      0.700E+01      0.000E+00      0.000E+00      0.000E+00     -0.990E+02     -0.990E+02
      0.725E+01      0.000E+00      0.000E+00      0.000E+00     -0.990E+02     -0.990E+02
      0.750E+01      0.000E+00      0.000E+00      0.000E+00     -0.990E+02     -0.990E+02
      0.775E+01      0.000E+00      0.000E+00      0.000E+00     -0.990E+02     -0.990E+02
      0.800E+01      0.000E+00      0.000E+00      0.000E+00     -0.990E+02     -0.990E+02
      0.825E+01      0.000E+00      0.000E+00      0.000E+00     -0.990E+02     -0.990E+02
      0.850E+01      0.000E+00      0.000E+00      0.000E+00     -0.990E+02     -0.990E+02
      0.875E+01      0.000E+00      0.000E+00      0.000E+00     -0.990E+02     -0.990E+02
      0.900E+01      0.000E+00      0.000E+00      0.000E+00     -0.990E+02     -0.990E+02
      0.925E+01      0.000E+00      0.000E+00      0.000E+00     -0.990E+02     -0.990E+02
      0.950E+01      0.000E+00      0.000E+00      0.000E+00     -0.990E+02     -0.990E+02
      0.975E+01      0.000E+00      0.000E+00      0.000E+00     -0.990E+02     -0.990E+02
      0.100E+02      0.000E+00      0.000E+00      0.000E+00     -0.990E+02     -0.990E+02
      0.102E+02      0.000E+00      0.000E+00      0.000E+00     -0.990E+02     -0.990E+02
      0.105E+02      0.000E+00      0.000E+00      0.000E+00     -0.990E+02     -0.990E+02
      0.108E+02      0.000E+00      0.000E+00      0.000E+00     -0.990E+02     -0.990E+02
      0.110E+02      0.000E+00      0.000E+00      0.000E+00     -0.990E+02     -0.990E+02
      0.112E+02      0.000E+00      0.000E+00      0.000E+00     -0.990E+02     -0.990E+02
      0.115E+02      0.000E+00      0.000E+00      0.000E+00     -0.990E+02     -0.990E+02
      0.118E+02      0.000E+00      0.000E+00      0.000E+00     -0.990E+02     -0.990E+02
      0.120E+02      0.000E+00      0.000E+00      0.000E+00     -0.990E+02     -0.990E+02
      0.122E+02      0.000E+00      0.000E+00      0.000E+00     -0.990E+02     -0.990E+02
      0.125E+02      0.000E+00      0.000E+00      0.000E+00     -0.990E+02     -0.990E+02
      0.128E+02      0.000E+00      0.000E+00      0.000E+00     -0.990E+02     -0.990E+02
      0.130E+02      0.000E+00      0.000E+00      0.000E+00     -0.990E+02     -0.990E+02
      0.132E+02      0.000E+00      0.000E+00      0.000E+00     -0.990E+02     -0.990E+02
      0.135E+02      0.000E+00      0.000E+00      0.000E+00     -0.990E+02     -0.990E+02
      0.138E+02      0.000E+00      0.000E+00      0.000E+00     -0.990E+02     -0.990E+02
      0.140E+02      0.000E+00      0.000E+00      0.000E+00     -0.990E+02     -0.990E+02
      0.142E+02      0.000E+00      0.000E+00      0.000E+00     -0.990E+02     -0.990E+02
      0.145E+02      0.000E+00      0.000E+00      0.000E+00     -0.990E+02     -0.990E+02
      0.148E+02      0.000E+00      0.000E+00      0.000E+00     -0.990E+02     -0.990E+02
      0.150E+02      0.000E+00      0.000E+00      0.000E+00     -0.990E+02     -0.990E+02
      0.152E+02      0.000E+00      0.000E+00      0.000E+00     -0.990E+02     -0.990E+02
      0.155E+02      0.000E+00      0.000E+00      0.000E+00     -0.990E+02     -0.990E+02
      0.158E+02      0.000E+00      0.000E+00      0.000E+00     -0.990E+02     -0.990E+02
      0.160E+02      0.000E+00      0.000E+00      0.000E+00     -0.990E+02     -0.990E+02
      0.162E+02      0.000E+00      0.000E+00      0.000E+00     -0.990E+02     -0.990E+02
      0.165E+02      0.000E+00      0.000E+00      0.000E+00     -0.990E+02     -0.990E+02
      0.168E+02      0.000E+00      0.000E+00      0.000E+00     -0.990E+02     -0.990E+02
      0.170E+02      0.000E+00      0.000E+00      0.000E+00     -0.990E+02     -0.990E+02
      0.172E+02      0.000E+00      0.000E+00      0.000E+00     -0.990E+02     -0.990E+02
      0.175E+02      0.000E+00      0.000E+00      0.000E+00     -0.990E+02     -0.990E+02
      0.178E+02      0.000E+00      0.000E+00      0.000E+00     -0.990E+02     -0.990E+02
      0.180E+02      0.000E+00      0.000E+00      0.000E+00     -0.990E+02     -0.990E+02
      0.182E+02      0.000E+00      0.000E+00      0.000E+00     -0.990E+02     -0.990E+02
      0.185E+02      0.000E+00      0.000E+00      0.000E+00     -0.990E+02     -0.990E+02
      0.188E+02      0.000E+00      0.000E+00      0.000E+00     -0.990E+02     -0.990E+02
      0.190E+02      0.000E+00      0.000E+00      0.000E+00     -0.990E+02     -0.990E+02
      0.192E+02      0.000E+00      0.000E+00      0.000E+00     -0.990E+02     -0.990E+02
      0.195E+02      0.000E+00      0.000E+00      0.000E+00     -0.990E+02     -0.990E+02
      0.198E+02      0.000E+00      0.000E+00      0.000E+00     -0.990E+02     -0.990E+02
      0.200E+02      0.000E+00      0.000E+00      0.000E+00     -0.990E+02     -0.990E+02
