      0.000E+00      0.134E+01      0.165E+01      0.365E+09     -0.990E+02     -0.990E+02
      0.100E-03      0.134E+01      0.165E+01      0.365E+09     -0.990E+02     -0.990E+02
      0.140E-03      0.134E+01      0.165E+01      0.365E+09     -0.990E+02     -0.990E+02
      0.160E-03      0.134E+01      0.165E+01      0.365E+09     -0.990E+02     -0.990E+02
      0.180E-03      0.134E+01      0.165E+01      0.365E+09     -0.990E+02     -0.990E+02
      0.200E-03      0.134E+01      0.165E+01      0.365E+09     -0.990E+02     -0.990E+02
      0.220E-03      0.134E+01      0.165E+01      0.365E+09     -0.990E+02     -0.990E+02
      0.250E-03      0.134E+01      0.165E+01      0.365E+09     -0.990E+02     -0.990E+02
      0.280E-03      0.134E+01      0.165E+01      0.365E+09     -0.990E+02     -0.990E+02
      0.320E-03      0.134E+01      0.165E+01      0.365E+09     -0.990E+02     -0.990E+02
      0.350E-03      0.134E+01      0.165E+01      0.365E+09     -0.990E+02     -0.990E+02
      0.400E-03      0.134E+01      0.165E+01      0.365E+09     -0.990E+02     -0.990E+02
      0.450E-03      0.134E+01      0.165E+01      0.365E+09     -0.990E+02     -0.990E+02
      0.500E-03      0.134E+01      0.165E+01      0.365E+09     -0.990E+02     -0.990E+02
      0.560E-03      0.134E+01      0.165E+01      0.365E+09     -0.990E+02     -0.990E+02
      0.630E-03      0.134E+01      0.165E+01      0.365E+09     -0.990E+02     -0.990E+02
      0.710E-03      0.134E+01      0.165E+01      0.365E+09     -0.990E+02     -0.990E+02
      0.790E-03      0.134E+01      0.165E+01      0.365E+09     -0.990E+02     -0.990E+02
      0.890E-03      0.134E+01      0.165E+01      0.365E+09     -0.990E+02     -0.990E+02
      0.100E-02      0.134E+01      0.165E+01      0.365E+09     -0.990E+02     -0.990E+02
      0.105E-02      0.134E+01      0.165E+01      0.365E+09     -0.990E+02     -0.990E+02
      0.110E-02      0.134E+01      0.165E+01      0.365E+09     -0.990E+02     -0.990E+02
      0.115E-02      0.134E+01      0.165E+01      0.365E+09     -0.990E+02     -0.990E+02
      0.120E-02      0.134E+01      0.165E+01      0.365E+09     -0.990E+02     -0.990E+02
      0.126E-02      0.134E+01      0.165E+01      0.365E+09     -0.990E+02     -0.990E+02
      0.132E-02      0.134E+01      0.165E+01      0.365E+09     -0.990E+02     -0.990E+02
      0.138E-02      0.134E+01      0.165E+01      0.365E+09     -0.990E+02     -0.990E+02
      0.145E-02      0.134E+01      0.165E+01      0.365E+09     -0.990E+02     -0.990E+02
      0.151E-02      0.134E+01      0.165E+01      0.365E+09     -0.990E+02     -0.990E+02
      0.158E-02      0.134E+01      0.165E+01      0.365E+09     -0.990E+02     -0.990E+02
      0.166E-02      0.134E+01      0.165E+01      0.365E+09     -0.990E+02     -0.990E+02
      0.174E-02      0.134E+01      0.165E+01      0.365E+09     -0.990E+02     -0.990E+02
      0.182E-02      0.134E+01      0.165E+01      0.365E+09     -0.990E+02     -0.990E+02
      0.191E-02      0.134E+01      0.165E+01      0.365E+09     -0.990E+02     -0.990E+02
      0.200E-02      0.134E+01      0.165E+01      0.365E+09     -0.990E+02     -0.990E+02
      0.209E-02      0.134E+01      0.165E+01      0.365E+09     -0.990E+02     -0.990E+02
      0.219E-02      0.134E+01      0.165E+01      0.365E+09     -0.990E+02     -0.990E+02
      0.229E-02      0.134E+01      0.165E+01      0.365E+09     -0.990E+02     -0.990E+02
      0.240E-02      0.134E+01      0.165E+01      0.365E+09     -0.990E+02     -0.990E+02
      0.251E-02      0.134E+01      0.165E+01      0.365E+09     -0.990E+02     -0.990E+02
      0.263E-02      0.134E+01      0.165E+01      0.365E+09     -0.990E+02     -0.990E+02
      0.275E-02      0.134E+01      0.165E+01      0.365E+09     -0.990E+02     -0.990E+02
      0.288E-02      0.134E+01      0.165E+01      0.365E+09     -0.990E+02     -0.990E+02
      0.302E-02      0.134E+01      0.165E+01      0.365E+09     -0.990E+02     -0.990E+02
      0.316E-02      0.134E+01      0.165E+01      0.365E+09     -0.990E+02     -0.990E+02
      0.331E-02      0.134E+01      0.165E+01      0.365E+09     -0.990E+02     -0.990E+02
      0.347E-02      0.134E+01      0.165E+01      0.365E+09     -0.990E+02     -0.990E+02
      0.363E-02      0.134E+01      0.165E+01      0.365E+09     -0.990E+02     -0.990E+02
      0.380E-02      0.134E+01      0.165E+01      0.365E+09     -0.990E+02     -0.990E+02
      0.398E-02      0.134E+01      0.165E+01      0.365E+09     -0.990E+02     -0.990E+02
      0.417E-02      0.134E+01      0.165E+01      0.365E+09     -0.990E+02     -0.990E+02
      0.437E-02      0.134E+01      0.165E+01      0.365E+09     -0.990E+02     -0.990E+02
      0.457E-02      0.134E+01      0.165E+01      0.365E+09     -0.990E+02     -0.990E+02
      0.479E-02      0.134E+01      0.165E+01      0.365E+09     -0.990E+02     -0.990E+02
      0.501E-02      0.134E+01      0.165E+01      0.365E+09     -0.990E+02     -0.990E+02
      0.525E-02      0.134E+01      0.165E+01      0.365E+09     -0.990E+02     -0.990E+02
      0.550E-02      0.134E+01      0.165E+01      0.365E+09     -0.990E+02     -0.990E+02
      0.575E-02      0.134E+01      0.165E+01      0.365E+09     -0.990E+02     -0.990E+02
      0.603E-02      0.134E+01      0.165E+01      0.365E+09     -0.990E+02     -0.990E+02
      0.631E-02      0.134E+01      0.165E+01      0.365E+09     -0.990E+02     -0.990E+02
      0.661E-02      0.134E+01      0.165E+01      0.365E+09     -0.990E+02     -0.990E+02
      0.692E-02      0.134E+01      0.165E+01      0.365E+09     -0.990E+02     -0.990E+02
      0.724E-02      0.134E+01      0.165E+01      0.365E+09     -0.990E+02     -0.990E+02
      0.759E-02      0.134E+01      0.165E+01      0.365E+09     -0.990E+02     -0.990E+02
      0.794E-02      0.134E+01      0.165E+01      0.365E+09     -0.990E+02     -0.990E+02
      0.832E-02      0.134E+01      0.165E+01      0.365E+09     -0.990E+02     -0.990E+02
      0.871E-02      0.134E+01      0.165E+01      0.365E+09     -0.990E+02     -0.990E+02
      0.912E-02      0.134E+01      0.165E+01      0.365E+09     -0.990E+02     -0.990E+02
      0.955E-02      0.134E+01      0.165E+01      0.365E+09     -0.990E+02     -0.990E+02
      0.100E-01      0.134E+01      0.165E+01      0.365E+09     -0.749E+00      0.571E+00
      0.105E-01      0.165E+01      0.856E+00      0.351E+09     -0.749E+00      0.571E+00
      0.110E-01      0.164E+01      0.851E+00      0.350E+09     -0.749E+00      0.571E+00
      0.115E-01      0.164E+01      0.848E+00      0.349E+09     -0.750E+00      0.570E+00
      0.120E-01      0.164E+01      0.846E+00      0.348E+09     -0.750E+00      0.570E+00
      0.126E-01      0.164E+01      0.846E+00      0.348E+09     -0.750E+00      0.570E+00
      0.132E-01      0.165E+01      0.849E+00      0.347E+09     -0.750E+00      0.570E+00
      0.138E-01      0.164E+01      0.845E+00      0.346E+09     -0.751E+00      0.570E+00
      0.144E-01      0.163E+01      0.838E+00      0.345E+09     -0.751E+00      0.569E+00
      0.151E-01      0.163E+01      0.838E+00      0.344E+09     -0.751E+00      0.569E+00
      0.159E-01      0.163E+01      0.840E+00      0.343E+09     -0.752E+00      0.569E+00
      0.166E-01      0.163E+01      0.837E+00      0.342E+09     -0.752E+00      0.569E+00
      0.174E-01      0.163E+01      0.836E+00      0.341E+09     -0.753E+00      0.568E+00
      0.182E-01      0.164E+01      0.839E+00      0.340E+09     -0.753E+00      0.568E+00
      0.191E-01      0.163E+01      0.835E+00      0.339E+09     -0.753E+00      0.568E+00
      0.200E-01      0.162E+01      0.829E+00      0.337E+09     -0.754E+00      0.567E+00
      0.209E-01      0.162E+01      0.826E+00      0.336E+09     -0.754E+00      0.567E+00
      0.219E-01      0.162E+01      0.825E+00      0.335E+09     -0.755E+00      0.567E+00
      0.229E-01      0.162E+01      0.825E+00      0.333E+09     -0.755E+00      0.567E+00
      0.240E-01      0.162E+01      0.822E+00      0.332E+09     -0.756E+00      0.567E+00
      0.251E-01      0.162E+01      0.822E+00      0.331E+09     -0.757E+00      0.566E+00
      0.263E-01      0.162E+01      0.819E+00      0.329E+09     -0.757E+00      0.566E+00
      0.275E-01      0.161E+01      0.815E+00      0.327E+09     -0.758E+00      0.566E+00
      0.290E-01      0.161E+01      0.812E+00      0.326E+09     -0.759E+00      0.566E+00
      0.300E-01      0.161E+01      0.811E+00      0.324E+09     -0.759E+00      0.566E+00
      0.310E-01      0.161E+01      0.809E+00      0.323E+09     -0.760E+00      0.566E+00
      0.320E-01      0.160E+01      0.807E+00      0.321E+09     -0.760E+00      0.566E+00
      0.330E-01      0.160E+01      0.804E+00      0.320E+09     -0.761E+00      0.565E+00
      0.340E-01      0.160E+01      0.803E+00      0.319E+09     -0.761E+00      0.565E+00
      0.350E-01      0.160E+01      0.801E+00      0.317E+09     -0.762E+00      0.565E+00
      0.360E-01      0.159E+01      0.799E+00      0.316E+09     -0.762E+00      0.565E+00
      0.370E-01      0.159E+01      0.797E+00      0.315E+09     -0.763E+00      0.565E+00
      0.380E-01      0.159E+01      0.796E+00      0.313E+09     -0.764E+00      0.565E+00
      0.390E-01      0.159E+01      0.793E+00      0.312E+09     -0.764E+00      0.565E+00
      0.400E-01      0.159E+01      0.792E+00      0.311E+09     -0.765E+00      0.565E+00
      0.425E-01      0.158E+01      0.787E+00      0.309E+09     -0.766E+00      0.565E+00
      0.450E-01      0.158E+01      0.783E+00      0.305E+09     -0.767E+00      0.565E+00
      0.475E-01      0.157E+01      0.777E+00      0.302E+09     -0.769E+00      0.565E+00
      0.500E-01      0.156E+01      0.772E+00      0.299E+09     -0.770E+00      0.564E+00
      0.525E-01      0.156E+01      0.767E+00      0.296E+09     -0.771E+00      0.563E+00
      0.550E-01      0.155E+01      0.761E+00      0.293E+09     -0.772E+00      0.563E+00
      0.571E-01      0.155E+01      0.758E+00      0.290E+09     -0.773E+00      0.562E+00
      0.640E-01      0.153E+01      0.743E+00      0.285E+09     -0.775E+00      0.561E+00
      0.719E-01      0.151E+01      0.727E+00      0.276E+09     -0.779E+00      0.560E+00
      0.806E-01      0.148E+01      0.711E+00      0.266E+09     -0.783E+00      0.561E+00
      0.905E-01      0.146E+01      0.695E+00      0.255E+09     -0.787E+00      0.563E+00
      0.102E+00      0.142E+01      0.672E+00      0.244E+09     -0.796E+00      0.567E+00
      0.114E+00      0.137E+01      0.644E+00      0.231E+09     -0.807E+00      0.567E+00
      0.128E+00      0.131E+01      0.612E+00      0.217E+09     -0.821E+00      0.568E+00
      0.143E+00      0.124E+01      0.574E+00      0.203E+09     -0.838E+00      0.571E+00
      0.161E+00      0.117E+01      0.533E+00      0.188E+09     -0.858E+00      0.577E+00
      0.181E+00      0.109E+01      0.491E+00      0.172E+09     -0.882E+00      0.588E+00
      0.203E+00      0.993E+00      0.447E+00      0.155E+09     -0.914E+00      0.611E+00
      0.227E+00      0.891E+00      0.403E+00      0.138E+09     -0.956E+00      0.648E+00
      0.255E+00      0.796E+00      0.358E+00      0.121E+09     -0.100E+01      0.684E+00
      0.286E+00      0.692E+00      0.319E+00      0.105E+09     -0.106E+01      0.759E+00
      0.321E+00      0.593E+00      0.288E+00      0.886E+08     -0.115E+01      0.886E+00
      0.360E+00      0.499E+00      0.265E+00      0.732E+08     -0.123E+01      0.105E+01
      0.404E+00      0.416E+00      0.233E+00      0.588E+08     -0.125E+01      0.108E+01
      0.453E+00      0.334E+00      0.202E+00      0.454E+08     -0.124E+01      0.112E+01
      0.509E+00      0.254E+00      0.167E+00      0.334E+08     -0.121E+01      0.114E+01
      0.571E+00      0.172E+00      0.127E+00      0.233E+08     -0.112E+01      0.115E+01
      0.641E+00      0.106E+00      0.954E-01      0.156E+08     -0.982E+00      0.126E+01
      0.719E+00      0.626E-01      0.714E-01      0.104E+08     -0.869E+00      0.141E+01
      0.806E+00      0.406E-01      0.557E-01      0.692E+07     -0.852E+00      0.162E+01
      0.905E+00      0.237E-01      0.424E-01      0.442E+07     -0.864E+00      0.217E+01
      0.102E+01      0.130E-01      0.311E-01      0.280E+07     -0.806E+00      0.279E+01
      0.114E+01      0.729E-02      0.254E-01      0.181E+07     -0.800E+00      0.382E+01
      0.128E+01      0.505E-02      0.210E-01      0.119E+07     -0.748E+00      0.446E+01
      0.143E+01      0.346E-02      0.159E-01      0.714E+06     -0.773E+00      0.495E+01
      0.161E+01      0.207E-02      0.106E-01      0.352E+06     -0.765E+00      0.543E+01
      0.168E+01      0.150E-02      0.808E-02      0.193E+06     -0.774E+00      0.576E+01
      0.170E+01      0.136E-02      0.749E-02      0.151E+06     -0.781E+00      0.593E+01
      0.180E+01      0.745E-03      0.529E-02      0.100E+06     -0.854E+00      0.845E+01
      0.190E+01      0.414E-03      0.398E-02      0.541E+05     -0.927E+00      0.113E+02
      0.200E+01      0.223E-03      0.334E-02      0.286E+05     -0.756E+00      0.144E+02
      0.210E+01      0.117E-03      0.257E-02      0.149E+05     -0.660E+00      0.251E+02
      0.220E+01      0.703E-04      0.153E-02      0.771E+04     -0.725E+00      0.262E+02
      0.230E+01      0.372E-04      0.898E-03      0.342E+04     -0.685E+00      0.236E+02
      0.240E+01      0.154E-04      0.466E-03      0.116E+04     -0.590E+00      0.258E+02
      0.250E+01      0.271E-05      0.209E-03      0.229E+03     -0.794E+00      0.796E+02
      0.260E+01      0.669E-06      0.110E-03      0.661E+02     -0.622E+00      0.121E+03
      0.275E+01      0.131E-06      0.367E-04      0.158E+02     -0.510E+00      0.179E+03
      0.300E+01      0.464E-12      0.293E-09      0.674E-04     -0.423E+01      0.378E+04
      0.325E+01      0.000E+00      0.711E-32      0.000E+00     -0.990E+02     -0.990E+02
      0.350E+01      0.000E+00      0.000E+00      0.000E+00     -0.990E+02     -0.990E+02
      0.375E+01      0.000E+00      0.000E+00      0.000E+00     -0.990E+02     -0.990E+02
      0.400E+01      0.000E+00      0.000E+00      0.000E+00     -0.990E+02     -0.990E+02
      0.425E+01      0.000E+00      0.000E+00      0.000E+00     -0.990E+02     -0.990E+02
      0.450E+01      0.000E+00      0.000E+00      0.000E+00     -0.990E+02     -0.990E+02
      0.475E+01      0.000E+00      0.000E+00      0.000E+00     -0.990E+02     -0.990E+02
      0.500E+01      0.000E+00      0.000E+00      0.000E+00     -0.990E+02     -0.990E+02
      0.525E+01      0.000E+00      0.000E+00      0.000E+00     -0.990E+02     -0.990E+02
      0.550E+01      0.000E+00      0.000E+00      0.000E+00     -0.990E+02     -0.990E+02
      0.575E+01      0.000E+00      0.000E+00      0.000E+00     -0.990E+02     -0.990E+02
      0.600E+01      0.000E+00      0.000E+00      0.000E+00     -0.990E+02     -0.990E+02
      0.625E+01      0.000E+00      0.000E+00      0.000E+00     -0.990E+02     -0.990E+02
      0.650E+01      0.000E+00      0.000E+00      0.000E+00     -0.990E+02     -0.990E+02
      0.675E+01      0.000E+00      0.000E+00      0.000E+00     -0.990E+02     -0.990E+02
      0.700E+01      0.000E+00      0.000E+00      0.000E+00     -0.990E+02     -0.990E+02
      0.725E+01      0.000E+00      0.000E+00      0.000E+00     -0.990E+02     -0.990E+02
      0.750E+01      0.000E+00      0.000E+00      0.000E+00     -0.990E+02     -0.990E+02
      0.775E+01      0.000E+00      0.000E+00      0.000E+00     -0.990E+02     -0.990E+02
      0.800E+01      0.000E+00      0.000E+00      0.000E+00     -0.990E+02     -0.990E+02
      0.825E+01      0.000E+00      0.000E+00      0.000E+00     -0.990E+02     -0.990E+02
      0.850E+01      0.000E+00      0.000E+00      0.000E+00     -0.990E+02     -0.990E+02
      0.875E+01      0.000E+00      0.000E+00      0.000E+00     -0.990E+02     -0.990E+02
      0.900E+01      0.000E+00      0.000E+00      0.000E+00     -0.990E+02     -0.990E+02
      0.925E+01      0.000E+00      0.000E+00      0.000E+00     -0.990E+02     -0.990E+02
      0.950E+01      0.000E+00      0.000E+00      0.000E+00     -0.990E+02     -0.990E+02
      0.975E+01      0.000E+00      0.000E+00      0.000E+00     -0.990E+02     -0.990E+02
      0.100E+02      0.000E+00      0.000E+00      0.000E+00     -0.990E+02     -0.990E+02
      0.102E+02      0.000E+00      0.000E+00      0.000E+00     -0.990E+02     -0.990E+02
      0.105E+02      0.000E+00      0.000E+00      0.000E+00     -0.990E+02     -0.990E+02
      0.108E+02      0.000E+00      0.000E+00      0.000E+00     -0.990E+02     -0.990E+02
      0.110E+02      0.000E+00      0.000E+00      0.000E+00     -0.990E+02     -0.990E+02
      0.112E+02      0.000E+00      0.000E+00      0.000E+00     -0.990E+02     -0.990E+02
      0.115E+02      0.000E+00      0.000E+00      0.000E+00     -0.990E+02     -0.990E+02
      0.118E+02      0.000E+00      0.000E+00      0.000E+00     -0.990E+02     -0.990E+02
      0.120E+02      0.000E+00      0.000E+00      0.000E+00     -0.990E+02     -0.990E+02
      0.122E+02      0.000E+00      0.000E+00      0.000E+00     -0.990E+02     -0.990E+02
      0.125E+02      0.000E+00      0.000E+00      0.000E+00     -0.990E+02     -0.990E+02
      0.128E+02      0.000E+00      0.000E+00      0.000E+00     -0.990E+02     -0.990E+02
      0.130E+02      0.000E+00      0.000E+00      0.000E+00     -0.990E+02     -0.990E+02
      0.132E+02      0.000E+00      0.000E+00      0.000E+00     -0.990E+02     -0.990E+02
      0.135E+02      0.000E+00      0.000E+00      0.000E+00     -0.990E+02     -0.990E+02
      0.138E+02      0.000E+00      0.000E+00      0.000E+00     -0.990E+02     -0.990E+02
      0.140E+02      0.000E+00      0.000E+00      0.000E+00     -0.990E+02     -0.990E+02
      0.142E+02      0.000E+00      0.000E+00      0.000E+00     -0.990E+02     -0.990E+02
      0.145E+02      0.000E+00      0.000E+00      0.000E+00     -0.990E+02     -0.990E+02
      0.148E+02      0.000E+00      0.000E+00      0.000E+00     -0.990E+02     -0.990E+02
      0.150E+02      0.000E+00      0.000E+00      0.000E+00     -0.990E+02     -0.990E+02
      0.152E+02      0.000E+00      0.000E+00      0.000E+00     -0.990E+02     -0.990E+02
      0.155E+02      0.000E+00      0.000E+00      0.000E+00     -0.990E+02     -0.990E+02
      0.158E+02      0.000E+00      0.000E+00      0.000E+00     -0.990E+02     -0.990E+02
      0.160E+02      0.000E+00      0.000E+00      0.000E+00     -0.990E+02     -0.990E+02
      0.162E+02      0.000E+00      0.000E+00      0.000E+00     -0.990E+02     -0.990E+02
      0.165E+02      0.000E+00      0.000E+00      0.000E+00     -0.990E+02     -0.990E+02
      0.168E+02      0.000E+00      0.000E+00      0.000E+00     -0.990E+02     -0.990E+02
      0.170E+02      0.000E+00      0.000E+00      0.000E+00     -0.990E+02     -0.990E+02
      0.172E+02      0.000E+00      0.000E+00      0.000E+00     -0.990E+02     -0.990E+02
      0.175E+02      0.000E+00      0.000E+00      0.000E+00     -0.990E+02     -0.990E+02
      0.178E+02      0.000E+00      0.000E+00      0.000E+00     -0.990E+02     -0.990E+02
      0.180E+02      0.000E+00      0.000E+00      0.000E+00     -0.990E+02     -0.990E+02
      0.182E+02      0.000E+00      0.000E+00      0.000E+00     -0.990E+02     -0.990E+02
      0.185E+02      0.000E+00      0.000E+00      0.000E+00     -0.990E+02     -0.990E+02
      0.188E+02      0.000E+00      0.000E+00      0.000E+00     -0.990E+02     -0.990E+02
      0.190E+02      0.000E+00      0.000E+00      0.000E+00     -0.990E+02     -0.990E+02
      0.192E+02      0.000E+00      0.000E+00      0.000E+00     -0.990E+02     -0.990E+02
      0.195E+02      0.000E+00      0.000E+00      0.000E+00     -0.990E+02     -0.990E+02
      0.198E+02      0.000E+00      0.000E+00      0.000E+00     -0.990E+02     -0.990E+02
      0.200E+02      0.000E+00      0.000E+00      0.000E+00     -0.990E+02     -0.990E+02
