      0.000E+00      0.709E+01      0.122E+02      0.107E+11     -0.990E+02     -0.990E+02
      0.100E-03      0.709E+01      0.122E+02      0.107E+11     -0.990E+02     -0.990E+02
      0.140E-03      0.709E+01      0.122E+02      0.107E+11     -0.990E+02     -0.990E+02
      0.160E-03      0.709E+01      0.122E+02      0.107E+11     -0.990E+02     -0.990E+02
      0.180E-03      0.709E+01      0.122E+02      0.107E+11     -0.990E+02     -0.990E+02
      0.200E-03      0.709E+01      0.122E+02      0.107E+11     -0.990E+02     -0.990E+02
      0.220E-03      0.709E+01      0.122E+02      0.107E+11     -0.990E+02     -0.990E+02
      0.250E-03      0.709E+01      0.122E+02      0.107E+11     -0.990E+02     -0.990E+02
      0.280E-03      0.709E+01      0.122E+02      0.107E+11     -0.990E+02     -0.990E+02
      0.320E-03      0.709E+01      0.122E+02      0.107E+11     -0.990E+02     -0.990E+02
      0.350E-03      0.709E+01      0.122E+02      0.107E+11     -0.990E+02     -0.990E+02
      0.400E-03      0.709E+01      0.122E+02      0.107E+11     -0.990E+02     -0.990E+02
      0.450E-03      0.709E+01      0.122E+02      0.107E+11     -0.990E+02     -0.990E+02
      0.500E-03      0.709E+01      0.122E+02      0.107E+11     -0.990E+02     -0.990E+02
      0.560E-03      0.709E+01      0.122E+02      0.107E+11     -0.990E+02     -0.990E+02
      0.630E-03      0.709E+01      0.122E+02      0.107E+11     -0.990E+02     -0.990E+02
      0.710E-03      0.709E+01      0.122E+02      0.107E+11     -0.990E+02     -0.990E+02
      0.790E-03      0.709E+01      0.122E+02      0.107E+11     -0.990E+02     -0.990E+02
      0.890E-03      0.709E+01      0.122E+02      0.107E+11     -0.990E+02     -0.990E+02
      0.100E-02      0.709E+01      0.122E+02      0.107E+11     -0.990E+02     -0.990E+02
      0.105E-02      0.709E+01      0.122E+02      0.107E+11     -0.990E+02     -0.990E+02
      0.110E-02      0.709E+01      0.122E+02      0.107E+11     -0.990E+02     -0.990E+02
      0.115E-02      0.709E+01      0.122E+02      0.107E+11     -0.990E+02     -0.990E+02
      0.120E-02      0.709E+01      0.122E+02      0.107E+11     -0.990E+02     -0.990E+02
      0.126E-02      0.709E+01      0.122E+02      0.107E+11     -0.990E+02     -0.990E+02
      0.132E-02      0.709E+01      0.122E+02      0.107E+11     -0.990E+02     -0.990E+02
      0.138E-02      0.709E+01      0.122E+02      0.107E+11     -0.990E+02     -0.990E+02
      0.145E-02      0.709E+01      0.122E+02      0.107E+11     -0.990E+02     -0.990E+02
      0.151E-02      0.709E+01      0.122E+02      0.107E+11     -0.990E+02     -0.990E+02
      0.158E-02      0.709E+01      0.122E+02      0.107E+11     -0.990E+02     -0.990E+02
      0.166E-02      0.709E+01      0.122E+02      0.107E+11     -0.990E+02     -0.990E+02
      0.174E-02      0.709E+01      0.122E+02      0.107E+11     -0.990E+02     -0.990E+02
      0.182E-02      0.709E+01      0.122E+02      0.107E+11     -0.990E+02     -0.990E+02
      0.191E-02      0.709E+01      0.122E+02      0.107E+11     -0.990E+02     -0.990E+02
      0.200E-02      0.709E+01      0.122E+02      0.107E+11     -0.990E+02     -0.990E+02
      0.209E-02      0.709E+01      0.122E+02      0.107E+11     -0.990E+02     -0.990E+02
      0.219E-02      0.709E+01      0.122E+02      0.107E+11     -0.990E+02     -0.990E+02
      0.229E-02      0.709E+01      0.122E+02      0.107E+11     -0.990E+02     -0.990E+02
      0.240E-02      0.709E+01      0.122E+02      0.107E+11     -0.990E+02     -0.990E+02
      0.251E-02      0.709E+01      0.122E+02      0.107E+11     -0.990E+02     -0.990E+02
      0.263E-02      0.709E+01      0.122E+02      0.107E+11     -0.990E+02     -0.990E+02
      0.275E-02      0.709E+01      0.122E+02      0.107E+11     -0.990E+02     -0.990E+02
      0.288E-02      0.709E+01      0.122E+02      0.107E+11     -0.990E+02     -0.990E+02
      0.302E-02      0.709E+01      0.122E+02      0.107E+11     -0.990E+02     -0.990E+02
      0.316E-02      0.709E+01      0.122E+02      0.107E+11     -0.990E+02     -0.990E+02
      0.331E-02      0.709E+01      0.122E+02      0.107E+11     -0.990E+02     -0.990E+02
      0.347E-02      0.709E+01      0.122E+02      0.107E+11     -0.990E+02     -0.990E+02
      0.363E-02      0.709E+01      0.122E+02      0.107E+11     -0.990E+02     -0.990E+02
      0.380E-02      0.709E+01      0.122E+02      0.107E+11     -0.990E+02     -0.990E+02
      0.398E-02      0.709E+01      0.122E+02      0.107E+11     -0.990E+02     -0.990E+02
      0.417E-02      0.709E+01      0.122E+02      0.107E+11     -0.990E+02     -0.990E+02
      0.437E-02      0.709E+01      0.122E+02      0.107E+11     -0.990E+02     -0.990E+02
      0.457E-02      0.709E+01      0.122E+02      0.107E+11     -0.990E+02     -0.990E+02
      0.479E-02      0.709E+01      0.122E+02      0.107E+11     -0.990E+02     -0.990E+02
      0.501E-02      0.709E+01      0.122E+02      0.107E+11     -0.990E+02     -0.990E+02
      0.525E-02      0.709E+01      0.122E+02      0.107E+11     -0.990E+02     -0.990E+02
      0.550E-02      0.709E+01      0.122E+02      0.107E+11     -0.990E+02     -0.990E+02
      0.575E-02      0.709E+01      0.122E+02      0.107E+11     -0.990E+02     -0.990E+02
      0.603E-02      0.709E+01      0.122E+02      0.107E+11     -0.990E+02     -0.990E+02
      0.631E-02      0.709E+01      0.122E+02      0.107E+11     -0.990E+02     -0.990E+02
      0.661E-02      0.709E+01      0.122E+02      0.107E+11     -0.990E+02     -0.990E+02
      0.692E-02      0.709E+01      0.122E+02      0.107E+11     -0.990E+02     -0.990E+02
      0.724E-02      0.709E+01      0.122E+02      0.107E+11     -0.990E+02     -0.990E+02
      0.759E-02      0.709E+01      0.122E+02      0.107E+11     -0.990E+02     -0.990E+02
      0.794E-02      0.709E+01      0.122E+02      0.107E+11     -0.990E+02     -0.990E+02
      0.832E-02      0.709E+01      0.122E+02      0.107E+11     -0.990E+02     -0.990E+02
      0.871E-02      0.709E+01      0.122E+02      0.107E+11     -0.990E+02     -0.990E+02
      0.912E-02      0.709E+01      0.122E+02      0.107E+11     -0.990E+02     -0.990E+02
      0.955E-02      0.709E+01      0.122E+02      0.107E+11     -0.990E+02     -0.990E+02
      0.100E-01      0.709E+01      0.122E+02      0.107E+11     -0.842E-01      0.277E+00
      0.105E-01      0.305E+01      0.200E+01      0.106E+11     -0.842E-01      0.277E+00
      0.110E-01      0.304E+01      0.199E+01      0.106E+11     -0.842E-01      0.277E+00
      0.115E-01      0.303E+01      0.199E+01      0.106E+11     -0.844E-01      0.277E+00
      0.120E-01      0.303E+01      0.199E+01      0.106E+11     -0.844E-01      0.277E+00
      0.126E-01      0.304E+01      0.199E+01      0.106E+11     -0.844E-01      0.277E+00
      0.132E-01      0.306E+01      0.200E+01      0.106E+11     -0.844E-01      0.277E+00
      0.138E-01      0.305E+01      0.200E+01      0.106E+11     -0.843E-01      0.276E+00
      0.144E-01      0.303E+01      0.198E+01      0.106E+11     -0.844E-01      0.276E+00
      0.151E-01      0.303E+01      0.199E+01      0.106E+11     -0.843E-01      0.276E+00
      0.159E-01      0.305E+01      0.200E+01      0.106E+11     -0.845E-01      0.277E+00
      0.166E-01      0.305E+01      0.200E+01      0.106E+11     -0.843E-01      0.276E+00
      0.174E-01      0.305E+01      0.200E+01      0.106E+11     -0.844E-01      0.276E+00
      0.182E-01      0.306E+01      0.201E+01      0.106E+11     -0.844E-01      0.276E+00
      0.191E-01      0.306E+01      0.201E+01      0.106E+11     -0.844E-01      0.275E+00
      0.200E-01      0.305E+01      0.200E+01      0.106E+11     -0.844E-01      0.275E+00
      0.209E-01      0.305E+01      0.200E+01      0.106E+11     -0.844E-01      0.275E+00
      0.219E-01      0.305E+01      0.200E+01      0.106E+11     -0.845E-01      0.275E+00
      0.229E-01      0.306E+01      0.201E+01      0.106E+11     -0.845E-01      0.275E+00
      0.240E-01      0.306E+01      0.201E+01      0.106E+11     -0.844E-01      0.274E+00
      0.251E-01      0.307E+01      0.201E+01      0.106E+11     -0.844E-01      0.274E+00
      0.263E-01      0.307E+01      0.201E+01      0.106E+11     -0.844E-01      0.273E+00
      0.275E-01      0.306E+01      0.201E+01      0.106E+11     -0.844E-01      0.273E+00
      0.290E-01      0.306E+01      0.201E+01      0.106E+11     -0.844E-01      0.273E+00
      0.300E-01      0.307E+01      0.201E+01      0.106E+11     -0.844E-01      0.273E+00
      0.310E-01      0.307E+01      0.202E+01      0.106E+11     -0.844E-01      0.272E+00
      0.320E-01      0.307E+01      0.202E+01      0.106E+11     -0.843E-01      0.272E+00
      0.330E-01      0.308E+01      0.202E+01      0.106E+11     -0.842E-01      0.271E+00
      0.340E-01      0.308E+01      0.202E+01      0.105E+11     -0.843E-01      0.271E+00
      0.350E-01      0.308E+01      0.202E+01      0.105E+11     -0.843E-01      0.271E+00
      0.360E-01      0.308E+01      0.202E+01      0.105E+11     -0.842E-01      0.271E+00
      0.370E-01      0.308E+01      0.202E+01      0.105E+11     -0.843E-01      0.271E+00
      0.380E-01      0.308E+01      0.203E+01      0.105E+11     -0.843E-01      0.270E+00
      0.390E-01      0.309E+01      0.203E+01      0.105E+11     -0.843E-01      0.270E+00
      0.400E-01      0.309E+01      0.203E+01      0.105E+11     -0.843E-01      0.270E+00
      0.425E-01      0.309E+01      0.203E+01      0.105E+11     -0.842E-01      0.269E+00
      0.450E-01      0.310E+01      0.203E+01      0.105E+11     -0.843E-01      0.269E+00
      0.475E-01      0.310E+01      0.204E+01      0.105E+11     -0.842E-01      0.268E+00
      0.500E-01      0.311E+01      0.204E+01      0.105E+11     -0.842E-01      0.268E+00
      0.525E-01      0.311E+01      0.205E+01      0.105E+11     -0.843E-01      0.267E+00
      0.550E-01      0.311E+01      0.205E+01      0.105E+11     -0.843E-01      0.267E+00
      0.571E-01      0.312E+01      0.206E+01      0.105E+11     -0.843E-01      0.266E+00
      0.640E-01      0.313E+01      0.207E+01      0.105E+11     -0.844E-01      0.265E+00
      0.719E-01      0.314E+01      0.208E+01      0.105E+11     -0.844E-01      0.263E+00
      0.806E-01      0.316E+01      0.210E+01      0.104E+11     -0.844E-01      0.261E+00
      0.905E-01      0.318E+01      0.212E+01      0.104E+11     -0.844E-01      0.260E+00
      0.102E+00      0.320E+01      0.215E+01      0.104E+11     -0.842E-01      0.258E+00
      0.114E+00      0.323E+01      0.218E+01      0.104E+11     -0.839E-01      0.255E+00
      0.128E+00      0.328E+01      0.222E+01      0.103E+11     -0.834E-01      0.252E+00
      0.143E+00      0.332E+01      0.225E+01      0.103E+11     -0.838E-01      0.249E+00
      0.161E+00      0.334E+01      0.226E+01      0.103E+11     -0.853E-01      0.248E+00
      0.181E+00      0.336E+01      0.228E+01      0.102E+11     -0.872E-01      0.247E+00
      0.203E+00      0.338E+01      0.230E+01      0.102E+11     -0.892E-01      0.248E+00
      0.227E+00      0.341E+01      0.232E+01      0.101E+11     -0.913E-01      0.250E+00
      0.255E+00      0.343E+01      0.237E+01      0.100E+11     -0.936E-01      0.252E+00
      0.286E+00      0.345E+01      0.242E+01      0.996E+10     -0.968E-01      0.258E+00
      0.321E+00      0.345E+01      0.247E+01      0.988E+10     -0.101E+00      0.267E+00
      0.360E+00      0.344E+01      0.250E+01      0.979E+10     -0.108E+00      0.276E+00
      0.404E+00      0.339E+01      0.245E+01      0.969E+10     -0.120E+00      0.288E+00
      0.453E+00      0.335E+01      0.235E+01      0.958E+10     -0.130E+00      0.286E+00
      0.509E+00      0.333E+01      0.229E+01      0.946E+10     -0.140E+00      0.288E+00
      0.571E+00      0.328E+01      0.228E+01      0.932E+10     -0.153E+00      0.302E+00
      0.641E+00      0.320E+01      0.228E+01      0.918E+10     -0.163E+00      0.318E+00
      0.719E+00      0.302E+01      0.208E+01      0.902E+10     -0.156E+00      0.284E+00
      0.806E+00      0.285E+01      0.200E+01      0.885E+10     -0.144E+00      0.261E+00
      0.905E+00      0.274E+01      0.200E+01      0.867E+10     -0.124E+00      0.248E+00
      0.102E+01      0.278E+01      0.203E+01      0.848E+10     -0.121E+00      0.238E+00
      0.114E+01      0.286E+01      0.210E+01      0.827E+10     -0.122E+00      0.229E+00
      0.128E+01      0.293E+01      0.217E+01      0.802E+10     -0.127E+00      0.240E+00
      0.143E+01      0.314E+01      0.224E+01      0.774E+10     -0.132E+00      0.261E+00
      0.161E+01      0.310E+01      0.221E+01      0.741E+10     -0.147E+00      0.277E+00
      0.168E+01      0.297E+01      0.207E+01      0.717E+10     -0.159E+00      0.294E+00
      0.170E+01      0.293E+01      0.203E+01      0.708E+10     -0.162E+00      0.298E+00
      0.180E+01      0.277E+01      0.197E+01      0.697E+10     -0.172E+00      0.313E+00
      0.190E+01      0.270E+01      0.198E+01      0.680E+10     -0.166E+00      0.302E+00
      0.200E+01      0.266E+01      0.193E+01      0.663E+10     -0.164E+00      0.289E+00
      0.210E+01      0.273E+01      0.200E+01      0.646E+10     -0.165E+00      0.282E+00
      0.220E+01      0.290E+01      0.211E+01      0.630E+10     -0.172E+00      0.294E+00
      0.230E+01      0.310E+01      0.221E+01      0.612E+10     -0.193E+00      0.368E+00
      0.240E+01      0.332E+01      0.237E+01      0.593E+10     -0.211E+00      0.459E+00
      0.250E+01      0.335E+01      0.238E+01      0.572E+10     -0.200E+00      0.390E+00
      0.260E+01      0.324E+01      0.229E+01      0.552E+10     -0.184E+00      0.330E+00
      0.275E+01      0.315E+01      0.217E+01      0.527E+10     -0.175E+00      0.299E+00
      0.300E+01      0.317E+01      0.214E+01      0.489E+10     -0.195E+00      0.299E+00
      0.325E+01      0.325E+01      0.212E+01      0.441E+10     -0.210E+00      0.293E+00
      0.350E+01      0.305E+01      0.211E+01      0.393E+10     -0.220E+00      0.294E+00
      0.375E+01      0.296E+01      0.198E+01      0.348E+10     -0.223E+00      0.281E+00
      0.400E+01      0.285E+01      0.189E+01      0.304E+10     -0.238E+00      0.308E+00
      0.425E+01      0.305E+01      0.196E+01      0.262E+10     -0.241E+00      0.301E+00
      0.450E+01      0.288E+01      0.187E+01      0.217E+10     -0.273E+00      0.365E+00
      0.475E+01      0.289E+01      0.193E+01      0.175E+10     -0.330E+00      0.416E+00
      0.500E+01      0.272E+01      0.165E+01      0.133E+10     -0.390E+00      0.413E+00
      0.525E+01      0.251E+01      0.185E+01      0.942E+09     -0.462E+00      0.532E+00
      0.550E+01      0.164E+01      0.141E+01      0.581E+09     -0.462E+00      0.622E+00
      0.575E+01      0.113E+01      0.110E+01      0.346E+09     -0.421E+00      0.628E+00
      0.600E+01      0.786E+00      0.765E+00      0.184E+09     -0.550E+00      0.731E+00
      0.625E+01      0.364E+00      0.480E+00      0.718E+08     -0.729E+00      0.127E+01
      0.650E+01      0.741E-01      0.255E+00      0.201E+08     -0.426E+00      0.183E+01
      0.675E+01      0.376E-01      0.200E+00      0.955E+07     -0.385E+00      0.250E+01
      0.700E+01      0.215E-01      0.156E+00      0.422E+07     -0.420E+00      0.380E+01
      0.725E+01      0.785E-02      0.667E-01      0.119E+07     -0.573E+00      0.687E+01
      0.750E+01      0.576E-03      0.625E-02      0.813E+05     -0.123E+01      0.167E+02
      0.775E+01      0.429E-05      0.576E-03      0.600E+03     -0.709E+00      0.129E+03
      0.800E+01      0.000E+00      0.000E+00      0.000E+00     -0.990E+02     -0.990E+02
      0.825E+01      0.000E+00      0.000E+00      0.000E+00     -0.990E+02     -0.990E+02
      0.850E+01      0.000E+00      0.000E+00      0.000E+00     -0.990E+02     -0.990E+02
      0.875E+01      0.000E+00      0.000E+00      0.000E+00     -0.990E+02     -0.990E+02
      0.900E+01      0.000E+00      0.000E+00      0.000E+00     -0.990E+02     -0.990E+02
      0.925E+01      0.000E+00      0.000E+00      0.000E+00     -0.990E+02     -0.990E+02
      0.950E+01      0.000E+00      0.000E+00      0.000E+00     -0.990E+02     -0.990E+02
      0.975E+01      0.000E+00      0.000E+00      0.000E+00     -0.990E+02     -0.990E+02
      0.100E+02      0.000E+00      0.000E+00      0.000E+00     -0.990E+02     -0.990E+02
      0.102E+02      0.000E+00      0.000E+00      0.000E+00     -0.990E+02     -0.990E+02
      0.105E+02      0.000E+00      0.000E+00      0.000E+00     -0.990E+02     -0.990E+02
      0.108E+02      0.000E+00      0.000E+00      0.000E+00     -0.990E+02     -0.990E+02
      0.110E+02      0.000E+00      0.000E+00      0.000E+00     -0.990E+02     -0.990E+02
      0.112E+02      0.000E+00      0.000E+00      0.000E+00     -0.990E+02     -0.990E+02
      0.115E+02      0.000E+00      0.000E+00      0.000E+00     -0.990E+02     -0.990E+02
      0.118E+02      0.000E+00      0.000E+00      0.000E+00     -0.990E+02     -0.990E+02
      0.120E+02      0.000E+00      0.000E+00      0.000E+00     -0.990E+02     -0.990E+02
      0.122E+02      0.000E+00      0.000E+00      0.000E+00     -0.990E+02     -0.990E+02
      0.125E+02      0.000E+00      0.000E+00      0.000E+00     -0.990E+02     -0.990E+02
      0.128E+02      0.000E+00      0.000E+00      0.000E+00     -0.990E+02     -0.990E+02
      0.130E+02      0.000E+00      0.000E+00      0.000E+00     -0.990E+02     -0.990E+02
      0.132E+02      0.000E+00      0.000E+00      0.000E+00     -0.990E+02     -0.990E+02
      0.135E+02      0.000E+00      0.000E+00      0.000E+00     -0.990E+02     -0.990E+02
      0.138E+02      0.000E+00      0.000E+00      0.000E+00     -0.990E+02     -0.990E+02
      0.140E+02      0.000E+00      0.000E+00      0.000E+00     -0.990E+02     -0.990E+02
      0.142E+02      0.000E+00      0.000E+00      0.000E+00     -0.990E+02     -0.990E+02
      0.145E+02      0.000E+00      0.000E+00      0.000E+00     -0.990E+02     -0.990E+02
      0.148E+02      0.000E+00      0.000E+00      0.000E+00     -0.990E+02     -0.990E+02
      0.150E+02      0.000E+00      0.000E+00      0.000E+00     -0.990E+02     -0.990E+02
      0.152E+02      0.000E+00      0.000E+00      0.000E+00     -0.990E+02     -0.990E+02
      0.155E+02      0.000E+00      0.000E+00      0.000E+00     -0.990E+02     -0.990E+02
      0.158E+02      0.000E+00      0.000E+00      0.000E+00     -0.990E+02     -0.990E+02
      0.160E+02      0.000E+00      0.000E+00      0.000E+00     -0.990E+02     -0.990E+02
      0.162E+02      0.000E+00      0.000E+00      0.000E+00     -0.990E+02     -0.990E+02
      0.165E+02      0.000E+00      0.000E+00      0.000E+00     -0.990E+02     -0.990E+02
      0.168E+02      0.000E+00      0.000E+00      0.000E+00     -0.990E+02     -0.990E+02
      0.170E+02      0.000E+00      0.000E+00      0.000E+00     -0.990E+02     -0.990E+02
      0.172E+02      0.000E+00      0.000E+00      0.000E+00     -0.990E+02     -0.990E+02
      0.175E+02      0.000E+00      0.000E+00      0.000E+00     -0.990E+02     -0.990E+02
      0.178E+02      0.000E+00      0.000E+00      0.000E+00     -0.990E+02     -0.990E+02
      0.180E+02      0.000E+00      0.000E+00      0.000E+00     -0.990E+02     -0.990E+02
      0.182E+02      0.000E+00      0.000E+00      0.000E+00     -0.990E+02     -0.990E+02
      0.185E+02      0.000E+00      0.000E+00      0.000E+00     -0.990E+02     -0.990E+02
      0.188E+02      0.000E+00      0.000E+00      0.000E+00     -0.990E+02     -0.990E+02
      0.190E+02      0.000E+00      0.000E+00      0.000E+00     -0.990E+02     -0.990E+02
      0.192E+02      0.000E+00      0.000E+00      0.000E+00     -0.990E+02     -0.990E+02
      0.195E+02      0.000E+00      0.000E+00      0.000E+00     -0.990E+02     -0.990E+02
      0.198E+02      0.000E+00      0.000E+00      0.000E+00     -0.990E+02     -0.990E+02
      0.200E+02      0.000E+00      0.000E+00      0.000E+00     -0.990E+02     -0.990E+02
