      0.000E+00      0.263E+00      0.455E+00      0.722E+09     -0.990E+02     -0.990E+02
      0.100E-03      0.263E+00      0.455E+00      0.722E+09     -0.990E+02     -0.990E+02
      0.140E-03      0.263E+00      0.455E+00      0.722E+09     -0.990E+02     -0.990E+02
      0.160E-03      0.263E+00      0.455E+00      0.722E+09     -0.990E+02     -0.990E+02
      0.180E-03      0.263E+00      0.455E+00      0.722E+09     -0.990E+02     -0.990E+02
      0.200E-03      0.263E+00      0.455E+00      0.722E+09     -0.990E+02     -0.990E+02
      0.220E-03      0.263E+00      0.455E+00      0.722E+09     -0.990E+02     -0.990E+02
      0.250E-03      0.263E+00      0.455E+00      0.722E+09     -0.990E+02     -0.990E+02
      0.280E-03      0.263E+00      0.455E+00      0.722E+09     -0.990E+02     -0.990E+02
      0.320E-03      0.263E+00      0.455E+00      0.722E+09     -0.990E+02     -0.990E+02
      0.350E-03      0.263E+00      0.455E+00      0.722E+09     -0.990E+02     -0.990E+02
      0.400E-03      0.263E+00      0.455E+00      0.722E+09     -0.990E+02     -0.990E+02
      0.450E-03      0.263E+00      0.455E+00      0.722E+09     -0.990E+02     -0.990E+02
      0.500E-03      0.263E+00      0.455E+00      0.722E+09     -0.990E+02     -0.990E+02
      0.560E-03      0.263E+00      0.455E+00      0.722E+09     -0.990E+02     -0.990E+02
      0.630E-03      0.263E+00      0.455E+00      0.722E+09     -0.990E+02     -0.990E+02
      0.710E-03      0.263E+00      0.455E+00      0.722E+09     -0.990E+02     -0.990E+02
      0.790E-03      0.263E+00      0.455E+00      0.722E+09     -0.990E+02     -0.990E+02
      0.890E-03      0.263E+00      0.455E+00      0.722E+09     -0.990E+02     -0.990E+02
      0.100E-02      0.263E+00      0.455E+00      0.722E+09     -0.990E+02     -0.990E+02
      0.105E-02      0.263E+00      0.455E+00      0.722E+09     -0.990E+02     -0.990E+02
      0.110E-02      0.263E+00      0.455E+00      0.722E+09     -0.990E+02     -0.990E+02
      0.115E-02      0.263E+00      0.455E+00      0.722E+09     -0.990E+02     -0.990E+02
      0.120E-02      0.263E+00      0.455E+00      0.722E+09     -0.990E+02     -0.990E+02
      0.126E-02      0.263E+00      0.455E+00      0.722E+09     -0.990E+02     -0.990E+02
      0.132E-02      0.263E+00      0.455E+00      0.722E+09     -0.990E+02     -0.990E+02
      0.138E-02      0.263E+00      0.455E+00      0.722E+09     -0.990E+02     -0.990E+02
      0.145E-02      0.263E+00      0.455E+00      0.722E+09     -0.990E+02     -0.990E+02
      0.151E-02      0.263E+00      0.455E+00      0.722E+09     -0.990E+02     -0.990E+02
      0.158E-02      0.263E+00      0.455E+00      0.722E+09     -0.990E+02     -0.990E+02
      0.166E-02      0.263E+00      0.455E+00      0.722E+09     -0.990E+02     -0.990E+02
      0.174E-02      0.263E+00      0.455E+00      0.722E+09     -0.990E+02     -0.990E+02
      0.182E-02      0.263E+00      0.455E+00      0.722E+09     -0.990E+02     -0.990E+02
      0.191E-02      0.263E+00      0.455E+00      0.722E+09     -0.990E+02     -0.990E+02
      0.200E-02      0.263E+00      0.455E+00      0.722E+09     -0.990E+02     -0.990E+02
      0.209E-02      0.263E+00      0.455E+00      0.722E+09     -0.990E+02     -0.990E+02
      0.219E-02      0.263E+00      0.455E+00      0.722E+09     -0.990E+02     -0.990E+02
      0.229E-02      0.263E+00      0.455E+00      0.722E+09     -0.990E+02     -0.990E+02
      0.240E-02      0.263E+00      0.455E+00      0.722E+09     -0.990E+02     -0.990E+02
      0.251E-02      0.263E+00      0.455E+00      0.722E+09     -0.990E+02     -0.990E+02
      0.263E-02      0.263E+00      0.455E+00      0.722E+09     -0.990E+02     -0.990E+02
      0.275E-02      0.263E+00      0.455E+00      0.722E+09     -0.990E+02     -0.990E+02
      0.288E-02      0.263E+00      0.455E+00      0.722E+09     -0.990E+02     -0.990E+02
      0.302E-02      0.263E+00      0.455E+00      0.722E+09     -0.990E+02     -0.990E+02
      0.316E-02      0.263E+00      0.455E+00      0.722E+09     -0.990E+02     -0.990E+02
      0.331E-02      0.263E+00      0.455E+00      0.722E+09     -0.990E+02     -0.990E+02
      0.347E-02      0.263E+00      0.455E+00      0.722E+09     -0.990E+02     -0.990E+02
      0.363E-02      0.263E+00      0.455E+00      0.722E+09     -0.990E+02     -0.990E+02
      0.380E-02      0.263E+00      0.455E+00      0.722E+09     -0.990E+02     -0.990E+02
      0.398E-02      0.263E+00      0.455E+00      0.722E+09     -0.990E+02     -0.990E+02
      0.417E-02      0.263E+00      0.455E+00      0.722E+09     -0.990E+02     -0.990E+02
      0.437E-02      0.263E+00      0.455E+00      0.722E+09     -0.990E+02     -0.990E+02
      0.457E-02      0.263E+00      0.455E+00      0.722E+09     -0.990E+02     -0.990E+02
      0.479E-02      0.263E+00      0.455E+00      0.722E+09     -0.990E+02     -0.990E+02
      0.501E-02      0.263E+00      0.455E+00      0.722E+09     -0.990E+02     -0.990E+02
      0.525E-02      0.263E+00      0.455E+00      0.722E+09     -0.990E+02     -0.990E+02
      0.550E-02      0.263E+00      0.455E+00      0.722E+09     -0.990E+02     -0.990E+02
      0.575E-02      0.263E+00      0.455E+00      0.722E+09     -0.990E+02     -0.990E+02
      0.603E-02      0.263E+00      0.455E+00      0.722E+09     -0.990E+02     -0.990E+02
      0.631E-02      0.263E+00      0.455E+00      0.722E+09     -0.990E+02     -0.990E+02
      0.661E-02      0.263E+00      0.455E+00      0.722E+09     -0.990E+02     -0.990E+02
      0.692E-02      0.263E+00      0.455E+00      0.722E+09     -0.990E+02     -0.990E+02
      0.724E-02      0.263E+00      0.455E+00      0.722E+09     -0.990E+02     -0.990E+02
      0.759E-02      0.263E+00      0.455E+00      0.722E+09     -0.990E+02     -0.990E+02
      0.794E-02      0.263E+00      0.455E+00      0.722E+09     -0.990E+02     -0.990E+02
      0.832E-02      0.263E+00      0.455E+00      0.722E+09     -0.990E+02     -0.990E+02
      0.871E-02      0.263E+00      0.455E+00      0.722E+09     -0.990E+02     -0.990E+02
      0.912E-02      0.263E+00      0.455E+00      0.722E+09     -0.990E+02     -0.990E+02
      0.955E-02      0.263E+00      0.455E+00      0.722E+09     -0.990E+02     -0.990E+02
      0.100E-01      0.263E+00      0.455E+00      0.722E+09     -0.588E+00      0.744E+00
      0.105E-01      0.323E+00      0.252E+00      0.719E+09     -0.588E+00      0.745E+00
      0.110E-01      0.322E+00      0.251E+00      0.719E+09     -0.588E+00      0.744E+00
      0.115E-01      0.321E+00      0.251E+00      0.719E+09     -0.588E+00      0.744E+00
      0.120E-01      0.321E+00      0.251E+00      0.719E+09     -0.588E+00      0.744E+00
      0.126E-01      0.322E+00      0.251E+00      0.719E+09     -0.588E+00      0.744E+00
      0.132E-01      0.323E+00      0.253E+00      0.719E+09     -0.588E+00      0.744E+00
      0.138E-01      0.323E+00      0.252E+00      0.718E+09     -0.588E+00      0.743E+00
      0.144E-01      0.321E+00      0.250E+00      0.718E+09     -0.587E+00      0.742E+00
      0.151E-01      0.322E+00      0.251E+00      0.718E+09     -0.587E+00      0.741E+00
      0.159E-01      0.323E+00      0.252E+00      0.718E+09     -0.586E+00      0.740E+00
      0.166E-01      0.323E+00      0.252E+00      0.718E+09     -0.586E+00      0.739E+00
      0.174E-01      0.324E+00      0.252E+00      0.717E+09     -0.585E+00      0.737E+00
      0.182E-01      0.326E+00      0.253E+00      0.717E+09     -0.585E+00      0.736E+00
      0.191E-01      0.326E+00      0.253E+00      0.717E+09     -0.584E+00      0.735E+00
      0.200E-01      0.325E+00      0.252E+00      0.717E+09     -0.584E+00      0.734E+00
      0.209E-01      0.325E+00      0.252E+00      0.717E+09     -0.583E+00      0.733E+00
      0.219E-01      0.326E+00      0.252E+00      0.716E+09     -0.582E+00      0.731E+00
      0.229E-01      0.327E+00      0.253E+00      0.716E+09     -0.582E+00      0.730E+00
      0.240E-01      0.327E+00      0.253E+00      0.716E+09     -0.581E+00      0.729E+00
      0.251E-01      0.329E+00      0.254E+00      0.715E+09     -0.580E+00      0.727E+00
      0.263E-01      0.329E+00      0.254E+00      0.715E+09     -0.580E+00      0.726E+00
      0.275E-01      0.329E+00      0.254E+00      0.715E+09     -0.579E+00      0.724E+00
      0.290E-01      0.330E+00      0.254E+00      0.714E+09     -0.578E+00      0.722E+00
      0.300E-01      0.331E+00      0.254E+00      0.714E+09     -0.577E+00      0.721E+00
      0.310E-01      0.331E+00      0.255E+00      0.714E+09     -0.577E+00      0.720E+00
      0.320E-01      0.332E+00      0.255E+00      0.714E+09     -0.576E+00      0.719E+00
      0.330E-01      0.332E+00      0.255E+00      0.713E+09     -0.575E+00      0.718E+00
      0.340E-01      0.333E+00      0.255E+00      0.713E+09     -0.575E+00      0.717E+00
      0.350E-01      0.333E+00      0.256E+00      0.713E+09     -0.574E+00      0.715E+00
      0.360E-01      0.334E+00      0.256E+00      0.712E+09     -0.574E+00      0.714E+00
      0.370E-01      0.334E+00      0.256E+00      0.712E+09     -0.573E+00      0.713E+00
      0.380E-01      0.335E+00      0.256E+00      0.712E+09     -0.572E+00      0.712E+00
      0.390E-01      0.335E+00      0.257E+00      0.712E+09     -0.572E+00      0.711E+00
      0.400E-01      0.336E+00      0.257E+00      0.711E+09     -0.571E+00      0.710E+00
      0.425E-01      0.337E+00      0.258E+00      0.711E+09     -0.570E+00      0.707E+00
      0.450E-01      0.338E+00      0.258E+00      0.710E+09     -0.568E+00      0.705E+00
      0.475E-01      0.339E+00      0.259E+00      0.710E+09     -0.567E+00      0.702E+00
      0.500E-01      0.341E+00      0.260E+00      0.709E+09     -0.565E+00      0.700E+00
      0.525E-01      0.342E+00      0.260E+00      0.708E+09     -0.564E+00      0.698E+00
      0.550E-01      0.343E+00      0.261E+00      0.707E+09     -0.563E+00      0.696E+00
      0.571E-01      0.345E+00      0.262E+00      0.707E+09     -0.561E+00      0.694E+00
      0.640E-01      0.348E+00      0.265E+00      0.706E+09     -0.558E+00      0.688E+00
      0.719E-01      0.352E+00      0.267E+00      0.704E+09     -0.554E+00      0.683E+00
      0.806E-01      0.357E+00      0.271E+00      0.701E+09     -0.550E+00      0.677E+00
      0.905E-01      0.363E+00      0.275E+00      0.699E+09     -0.547E+00      0.671E+00
      0.102E+00      0.370E+00      0.280E+00      0.696E+09     -0.543E+00      0.666E+00
      0.114E+00      0.377E+00      0.285E+00      0.693E+09     -0.539E+00      0.656E+00
      0.128E+00      0.384E+00      0.285E+00      0.689E+09     -0.535E+00      0.639E+00
      0.143E+00      0.393E+00      0.288E+00      0.685E+09     -0.532E+00      0.623E+00
      0.161E+00      0.403E+00      0.291E+00      0.680E+09     -0.529E+00      0.607E+00
      0.181E+00      0.416E+00      0.297E+00      0.674E+09     -0.526E+00      0.593E+00
      0.203E+00      0.433E+00      0.305E+00      0.668E+09     -0.528E+00      0.578E+00
      0.227E+00      0.454E+00      0.313E+00      0.661E+09     -0.534E+00      0.565E+00
      0.255E+00      0.477E+00      0.321E+00      0.652E+09     -0.541E+00      0.557E+00
      0.286E+00      0.491E+00      0.322E+00      0.642E+09     -0.564E+00      0.569E+00
      0.321E+00      0.505E+00      0.323E+00      0.631E+09     -0.593E+00      0.588E+00
      0.360E+00      0.516E+00      0.326E+00      0.617E+09     -0.622E+00      0.609E+00
      0.404E+00      0.529E+00      0.329E+00      0.602E+09     -0.654E+00      0.626E+00
      0.453E+00      0.538E+00      0.328E+00      0.585E+09     -0.688E+00      0.640E+00
      0.509E+00      0.532E+00      0.322E+00      0.566E+09     -0.715E+00      0.651E+00
      0.571E+00      0.534E+00      0.324E+00      0.545E+09     -0.723E+00      0.670E+00
      0.641E+00      0.531E+00      0.336E+00      0.521E+09     -0.727E+00      0.717E+00
      0.719E+00      0.516E+00      0.326E+00      0.495E+09     -0.727E+00      0.718E+00
      0.806E+00      0.502E+00      0.325E+00      0.467E+09     -0.734E+00      0.739E+00
      0.905E+00      0.481E+00      0.320E+00      0.436E+09     -0.753E+00      0.778E+00
      0.102E+01      0.445E+00      0.281E+00      0.403E+09     -0.763E+00      0.736E+00
      0.114E+01      0.410E+00      0.257E+00      0.369E+09     -0.750E+00      0.728E+00
      0.128E+01      0.394E+00      0.251E+00      0.335E+09     -0.757E+00      0.750E+00
      0.143E+01      0.374E+00      0.258E+00      0.298E+09     -0.776E+00      0.842E+00
      0.161E+01      0.340E+00      0.235E+00      0.259E+09     -0.727E+00      0.762E+00
      0.168E+01      0.332E+00      0.230E+00      0.233E+09     -0.708E+00      0.731E+00
      0.170E+01      0.331E+00      0.229E+00      0.223E+09     -0.703E+00      0.724E+00
      0.180E+01      0.324E+00      0.226E+00      0.211E+09     -0.697E+00      0.730E+00
      0.190E+01      0.306E+00      0.211E+00      0.191E+09     -0.714E+00      0.739E+00
      0.200E+01      0.292E+00      0.201E+00      0.172E+09     -0.737E+00      0.746E+00
      0.210E+01      0.287E+00      0.194E+00      0.154E+09     -0.725E+00      0.725E+00
      0.220E+01      0.284E+00      0.192E+00      0.137E+09     -0.707E+00      0.684E+00
      0.230E+01      0.275E+00      0.186E+00      0.119E+09     -0.719E+00      0.691E+00
      0.240E+01      0.251E+00      0.163E+00      0.103E+09     -0.781E+00      0.729E+00
      0.250E+01      0.220E+00      0.145E+00      0.876E+08     -0.845E+00      0.796E+00
      0.260E+01      0.193E+00      0.137E+00      0.744E+08     -0.881E+00      0.910E+00
      0.275E+01      0.161E+00      0.130E+00      0.600E+08     -0.929E+00      0.107E+01
      0.300E+01      0.114E+00      0.104E+00      0.408E+08     -0.106E+01      0.134E+01
      0.325E+01      0.767E-01      0.761E-01      0.240E+08     -0.121E+01      0.163E+01
      0.350E+01      0.458E-01      0.525E-01      0.128E+08     -0.134E+01      0.202E+01
      0.375E+01      0.249E-01      0.377E-01      0.607E+07     -0.128E+01      0.256E+01
      0.400E+01      0.118E-01      0.246E-01      0.246E+07     -0.135E+01      0.373E+01
      0.425E+01      0.431E-02      0.128E-01      0.752E+06     -0.154E+01      0.611E+01
      0.450E+01      0.843E-03      0.481E-02      0.131E+06     -0.186E+01      0.154E+02
      0.475E+01      0.604E-04      0.729E-03      0.918E+04     -0.133E+01      0.220E+02
      0.500E+01      0.380E-05      0.657E-04      0.541E+03     -0.179E+01      0.412E+02
      0.525E+01      0.593E-28      0.216E-16      0.833E-20     -0.423E+01       Infinity
      0.550E+01      0.000E+00      0.000E+00      0.000E+00     -0.990E+02     -0.990E+02
      0.575E+01      0.000E+00      0.000E+00      0.000E+00     -0.990E+02     -0.990E+02
      0.600E+01      0.000E+00      0.000E+00      0.000E+00     -0.990E+02     -0.990E+02
      0.625E+01      0.000E+00      0.000E+00      0.000E+00     -0.990E+02     -0.990E+02
      0.650E+01      0.000E+00      0.000E+00      0.000E+00     -0.990E+02     -0.990E+02
      0.675E+01      0.000E+00      0.000E+00      0.000E+00     -0.990E+02     -0.990E+02
      0.700E+01      0.000E+00      0.000E+00      0.000E+00     -0.990E+02     -0.990E+02
      0.725E+01      0.000E+00      0.000E+00      0.000E+00     -0.990E+02     -0.990E+02
      0.750E+01      0.000E+00      0.000E+00      0.000E+00     -0.990E+02     -0.990E+02
      0.775E+01      0.000E+00      0.000E+00      0.000E+00     -0.990E+02     -0.990E+02
      0.800E+01      0.000E+00      0.000E+00      0.000E+00     -0.990E+02     -0.990E+02
      0.825E+01      0.000E+00      0.000E+00      0.000E+00     -0.990E+02     -0.990E+02
      0.850E+01      0.000E+00      0.000E+00      0.000E+00     -0.990E+02     -0.990E+02
      0.875E+01      0.000E+00      0.000E+00      0.000E+00     -0.990E+02     -0.990E+02
      0.900E+01      0.000E+00      0.000E+00      0.000E+00     -0.990E+02     -0.990E+02
      0.925E+01      0.000E+00      0.000E+00      0.000E+00     -0.990E+02     -0.990E+02
      0.950E+01      0.000E+00      0.000E+00      0.000E+00     -0.990E+02     -0.990E+02
      0.975E+01      0.000E+00      0.000E+00      0.000E+00     -0.990E+02     -0.990E+02
      0.100E+02      0.000E+00      0.000E+00      0.000E+00     -0.990E+02     -0.990E+02
      0.102E+02      0.000E+00      0.000E+00      0.000E+00     -0.990E+02     -0.990E+02
      0.105E+02      0.000E+00      0.000E+00      0.000E+00     -0.990E+02     -0.990E+02
      0.108E+02      0.000E+00      0.000E+00      0.000E+00     -0.990E+02     -0.990E+02
      0.110E+02      0.000E+00      0.000E+00      0.000E+00     -0.990E+02     -0.990E+02
      0.112E+02      0.000E+00      0.000E+00      0.000E+00     -0.990E+02     -0.990E+02
      0.115E+02      0.000E+00      0.000E+00      0.000E+00     -0.990E+02     -0.990E+02
      0.118E+02      0.000E+00      0.000E+00      0.000E+00     -0.990E+02     -0.990E+02
      0.120E+02      0.000E+00      0.000E+00      0.000E+00     -0.990E+02     -0.990E+02
      0.122E+02      0.000E+00      0.000E+00      0.000E+00     -0.990E+02     -0.990E+02
      0.125E+02      0.000E+00      0.000E+00      0.000E+00     -0.990E+02     -0.990E+02
      0.128E+02      0.000E+00      0.000E+00      0.000E+00     -0.990E+02     -0.990E+02
      0.130E+02      0.000E+00      0.000E+00      0.000E+00     -0.990E+02     -0.990E+02
      0.132E+02      0.000E+00      0.000E+00      0.000E+00     -0.990E+02     -0.990E+02
      0.135E+02      0.000E+00      0.000E+00      0.000E+00     -0.990E+02     -0.990E+02
      0.138E+02      0.000E+00      0.000E+00      0.000E+00     -0.990E+02     -0.990E+02
      0.140E+02      0.000E+00      0.000E+00      0.000E+00     -0.990E+02     -0.990E+02
      0.142E+02      0.000E+00      0.000E+00      0.000E+00     -0.990E+02     -0.990E+02
      0.145E+02      0.000E+00      0.000E+00      0.000E+00     -0.990E+02     -0.990E+02
      0.148E+02      0.000E+00      0.000E+00      0.000E+00     -0.990E+02     -0.990E+02
      0.150E+02      0.000E+00      0.000E+00      0.000E+00     -0.990E+02     -0.990E+02
      0.152E+02      0.000E+00      0.000E+00      0.000E+00     -0.990E+02     -0.990E+02
      0.155E+02      0.000E+00      0.000E+00      0.000E+00     -0.990E+02     -0.990E+02
      0.158E+02      0.000E+00      0.000E+00      0.000E+00     -0.990E+02     -0.990E+02
      0.160E+02      0.000E+00      0.000E+00      0.000E+00     -0.990E+02     -0.990E+02
      0.162E+02      0.000E+00      0.000E+00      0.000E+00     -0.990E+02     -0.990E+02
      0.165E+02      0.000E+00      0.000E+00      0.000E+00     -0.990E+02     -0.990E+02
      0.168E+02      0.000E+00      0.000E+00      0.000E+00     -0.990E+02     -0.990E+02
      0.170E+02      0.000E+00      0.000E+00      0.000E+00     -0.990E+02     -0.990E+02
      0.172E+02      0.000E+00      0.000E+00      0.000E+00     -0.990E+02     -0.990E+02
      0.175E+02      0.000E+00      0.000E+00      0.000E+00     -0.990E+02     -0.990E+02
      0.178E+02      0.000E+00      0.000E+00      0.000E+00     -0.990E+02     -0.990E+02
      0.180E+02      0.000E+00      0.000E+00      0.000E+00     -0.990E+02     -0.990E+02
      0.182E+02      0.000E+00      0.000E+00      0.000E+00     -0.990E+02     -0.990E+02
      0.185E+02      0.000E+00      0.000E+00      0.000E+00     -0.990E+02     -0.990E+02
      0.188E+02      0.000E+00      0.000E+00      0.000E+00     -0.990E+02     -0.990E+02
      0.190E+02      0.000E+00      0.000E+00      0.000E+00     -0.990E+02     -0.990E+02
      0.192E+02      0.000E+00      0.000E+00      0.000E+00     -0.990E+02     -0.990E+02
      0.195E+02      0.000E+00      0.000E+00      0.000E+00     -0.990E+02     -0.990E+02
      0.198E+02      0.000E+00      0.000E+00      0.000E+00     -0.990E+02     -0.990E+02
      0.200E+02      0.000E+00      0.000E+00      0.000E+00     -0.990E+02     -0.990E+02
