      0.000E+00      0.212E+02      0.585E+00      0.667E+09     -0.990E+02     -0.990E+02
      0.100E-03      0.212E+02      0.585E+00      0.667E+09     -0.990E+02     -0.990E+02
      0.140E-03      0.212E+02      0.585E+00      0.667E+09     -0.990E+02     -0.990E+02
      0.160E-03      0.212E+02      0.585E+00      0.667E+09     -0.990E+02     -0.990E+02
      0.180E-03      0.212E+02      0.585E+00      0.667E+09     -0.990E+02     -0.990E+02
      0.200E-03      0.212E+02      0.585E+00      0.667E+09     -0.990E+02     -0.990E+02
      0.220E-03      0.212E+02      0.585E+00      0.667E+09     -0.990E+02     -0.990E+02
      0.250E-03      0.212E+02      0.585E+00      0.667E+09     -0.990E+02     -0.990E+02
      0.280E-03      0.212E+02      0.585E+00      0.667E+09     -0.990E+02     -0.990E+02
      0.320E-03      0.212E+02      0.585E+00      0.667E+09     -0.990E+02     -0.990E+02
      0.350E-03      0.212E+02      0.585E+00      0.667E+09     -0.990E+02     -0.990E+02
      0.400E-03      0.212E+02      0.585E+00      0.667E+09     -0.990E+02     -0.990E+02
      0.450E-03      0.212E+02      0.585E+00      0.667E+09     -0.990E+02     -0.990E+02
      0.500E-03      0.212E+02      0.585E+00      0.667E+09     -0.990E+02     -0.990E+02
      0.560E-03      0.212E+02      0.585E+00      0.667E+09     -0.990E+02     -0.990E+02
      0.630E-03      0.212E+02      0.585E+00      0.667E+09     -0.990E+02     -0.990E+02
      0.710E-03      0.212E+02      0.585E+00      0.667E+09     -0.990E+02     -0.990E+02
      0.790E-03      0.212E+02      0.585E+00      0.667E+09     -0.990E+02     -0.990E+02
      0.890E-03      0.212E+02      0.585E+00      0.667E+09     -0.990E+02     -0.990E+02
      0.100E-02      0.212E+02      0.585E+00      0.667E+09     -0.990E+02     -0.990E+02
      0.105E-02      0.212E+02      0.585E+00      0.667E+09     -0.990E+02     -0.990E+02
      0.110E-02      0.212E+02      0.585E+00      0.667E+09     -0.990E+02     -0.990E+02
      0.115E-02      0.212E+02      0.585E+00      0.667E+09     -0.990E+02     -0.990E+02
      0.120E-02      0.212E+02      0.585E+00      0.667E+09     -0.990E+02     -0.990E+02
      0.126E-02      0.212E+02      0.585E+00      0.667E+09     -0.990E+02     -0.990E+02
      0.132E-02      0.212E+02      0.585E+00      0.667E+09     -0.990E+02     -0.990E+02
      0.138E-02      0.212E+02      0.585E+00      0.667E+09     -0.990E+02     -0.990E+02
      0.145E-02      0.212E+02      0.585E+00      0.667E+09     -0.990E+02     -0.990E+02
      0.151E-02      0.212E+02      0.585E+00      0.667E+09     -0.990E+02     -0.990E+02
      0.158E-02      0.212E+02      0.585E+00      0.667E+09     -0.990E+02     -0.990E+02
      0.166E-02      0.212E+02      0.585E+00      0.667E+09     -0.990E+02     -0.990E+02
      0.174E-02      0.212E+02      0.585E+00      0.667E+09     -0.990E+02     -0.990E+02
      0.182E-02      0.212E+02      0.585E+00      0.667E+09     -0.990E+02     -0.990E+02
      0.191E-02      0.212E+02      0.585E+00      0.667E+09     -0.990E+02     -0.990E+02
      0.200E-02      0.212E+02      0.585E+00      0.667E+09     -0.990E+02     -0.990E+02
      0.209E-02      0.212E+02      0.585E+00      0.667E+09     -0.990E+02     -0.990E+02
      0.219E-02      0.212E+02      0.585E+00      0.667E+09     -0.990E+02     -0.990E+02
      0.229E-02      0.212E+02      0.585E+00      0.667E+09     -0.990E+02     -0.990E+02
      0.240E-02      0.212E+02      0.585E+00      0.667E+09     -0.990E+02     -0.990E+02
      0.251E-02      0.212E+02      0.585E+00      0.667E+09     -0.990E+02     -0.990E+02
      0.263E-02      0.212E+02      0.585E+00      0.667E+09     -0.990E+02     -0.990E+02
      0.275E-02      0.212E+02      0.585E+00      0.667E+09     -0.990E+02     -0.990E+02
      0.288E-02      0.212E+02      0.585E+00      0.667E+09     -0.990E+02     -0.990E+02
      0.302E-02      0.212E+02      0.585E+00      0.667E+09     -0.990E+02     -0.990E+02
      0.316E-02      0.212E+02      0.585E+00      0.667E+09     -0.990E+02     -0.990E+02
      0.331E-02      0.212E+02      0.585E+00      0.667E+09     -0.990E+02     -0.990E+02
      0.347E-02      0.212E+02      0.585E+00      0.667E+09     -0.990E+02     -0.990E+02
      0.363E-02      0.212E+02      0.585E+00      0.667E+09     -0.990E+02     -0.990E+02
      0.380E-02      0.212E+02      0.585E+00      0.667E+09     -0.990E+02     -0.990E+02
      0.398E-02      0.212E+02      0.585E+00      0.667E+09     -0.990E+02     -0.990E+02
      0.417E-02      0.212E+02      0.585E+00      0.667E+09     -0.990E+02     -0.990E+02
      0.437E-02      0.212E+02      0.585E+00      0.667E+09     -0.990E+02     -0.990E+02
      0.457E-02      0.212E+02      0.585E+00      0.667E+09     -0.990E+02     -0.990E+02
      0.479E-02      0.212E+02      0.585E+00      0.667E+09     -0.990E+02     -0.990E+02
      0.501E-02      0.212E+02      0.585E+00      0.667E+09     -0.990E+02     -0.990E+02
      0.525E-02      0.212E+02      0.585E+00      0.667E+09     -0.990E+02     -0.990E+02
      0.550E-02      0.212E+02      0.585E+00      0.667E+09     -0.990E+02     -0.990E+02
      0.575E-02      0.212E+02      0.585E+00      0.667E+09     -0.990E+02     -0.990E+02
      0.603E-02      0.212E+02      0.585E+00      0.667E+09     -0.990E+02     -0.990E+02
      0.631E-02      0.212E+02      0.585E+00      0.667E+09     -0.990E+02     -0.990E+02
      0.661E-02      0.212E+02      0.585E+00      0.667E+09     -0.990E+02     -0.990E+02
      0.692E-02      0.212E+02      0.585E+00      0.667E+09     -0.990E+02     -0.990E+02
      0.724E-02      0.212E+02      0.585E+00      0.667E+09     -0.990E+02     -0.990E+02
      0.759E-02      0.212E+02      0.585E+00      0.667E+09     -0.990E+02     -0.990E+02
      0.794E-02      0.212E+02      0.585E+00      0.667E+09     -0.990E+02     -0.990E+02
      0.832E-02      0.212E+02      0.585E+00      0.667E+09     -0.990E+02     -0.990E+02
      0.871E-02      0.212E+02      0.585E+00      0.667E+09     -0.990E+02     -0.990E+02
      0.912E-02      0.212E+02      0.585E+00      0.667E+09     -0.990E+02     -0.990E+02
      0.955E-02      0.212E+02      0.585E+00      0.667E+09     -0.990E+02     -0.990E+02
      0.100E-01      0.212E+02      0.585E+00      0.667E+09     -0.161E-01      0.418E-02
      0.105E-01      0.110E+01      0.232E-01      0.454E+09     -0.161E-01      0.418E-02
      0.110E-01      0.109E+01      0.231E-01      0.454E+09     -0.161E-01      0.417E-02
      0.115E-01      0.109E+01      0.231E-01      0.453E+09     -0.161E-01      0.417E-02
      0.120E-01      0.109E+01      0.231E-01      0.453E+09     -0.161E-01      0.416E-02
      0.126E-01      0.110E+01      0.232E-01      0.452E+09     -0.161E-01      0.416E-02
      0.132E-01      0.111E+01      0.234E-01      0.452E+09     -0.162E-01      0.415E-02
      0.138E-01      0.111E+01      0.234E-01      0.451E+09     -0.161E-01      0.415E-02
      0.144E-01      0.110E+01      0.232E-01      0.451E+09     -0.162E-01      0.414E-02
      0.151E-01      0.111E+01      0.233E-01      0.450E+09     -0.161E-01      0.413E-02
      0.159E-01      0.111E+01      0.235E-01      0.449E+09     -0.161E-01      0.412E-02
      0.166E-01      0.112E+01      0.235E-01      0.449E+09     -0.160E-01      0.412E-02
      0.174E-01      0.112E+01      0.237E-01      0.448E+09     -0.161E-01      0.411E-02
      0.182E-01      0.113E+01      0.238E-01      0.447E+09     -0.161E-01      0.410E-02
      0.191E-01      0.113E+01      0.238E-01      0.446E+09     -0.160E-01      0.408E-02
      0.200E-01      0.113E+01      0.238E-01      0.446E+09     -0.161E-01      0.408E-02
      0.209E-01      0.112E+01      0.237E-01      0.445E+09     -0.161E-01      0.409E-02
      0.219E-01      0.112E+01      0.237E-01      0.444E+09     -0.162E-01      0.410E-02
      0.229E-01      0.112E+01      0.236E-01      0.443E+09     -0.163E-01      0.411E-02
      0.240E-01      0.112E+01      0.236E-01      0.442E+09     -0.163E-01      0.412E-02
      0.251E-01      0.112E+01      0.236E-01      0.441E+09     -0.164E-01      0.414E-02
      0.263E-01      0.111E+01      0.235E-01      0.440E+09     -0.164E-01      0.416E-02
      0.275E-01      0.110E+01      0.234E-01      0.439E+09     -0.165E-01      0.417E-02
      0.290E-01      0.110E+01      0.233E-01      0.437E+09     -0.166E-01      0.419E-02
      0.300E-01      0.110E+01      0.232E-01      0.436E+09     -0.167E-01      0.422E-02
      0.310E-01      0.109E+01      0.232E-01      0.435E+09     -0.167E-01      0.423E-02
      0.320E-01      0.109E+01      0.231E-01      0.434E+09     -0.168E-01      0.424E-02
      0.330E-01      0.109E+01      0.230E-01      0.433E+09     -0.168E-01      0.426E-02
      0.340E-01      0.108E+01      0.230E-01      0.433E+09     -0.169E-01      0.427E-02
      0.350E-01      0.108E+01      0.229E-01      0.432E+09     -0.169E-01      0.429E-02
      0.360E-01      0.108E+01      0.229E-01      0.431E+09     -0.170E-01      0.430E-02
      0.370E-01      0.107E+01      0.228E-01      0.430E+09     -0.170E-01      0.431E-02
      0.380E-01      0.107E+01      0.227E-01      0.429E+09     -0.171E-01      0.433E-02
      0.390E-01      0.107E+01      0.227E-01      0.428E+09     -0.171E-01      0.434E-02
      0.400E-01      0.106E+01      0.226E-01      0.427E+09     -0.172E-01      0.436E-02
      0.425E-01      0.106E+01      0.225E-01      0.426E+09     -0.174E-01      0.440E-02
      0.450E-01      0.105E+01      0.223E-01      0.424E+09     -0.175E-01      0.444E-02
      0.475E-01      0.104E+01      0.222E-01      0.422E+09     -0.177E-01      0.448E-02
      0.500E-01      0.103E+01      0.220E-01      0.420E+09     -0.178E-01      0.452E-02
      0.525E-01      0.102E+01      0.219E-01      0.417E+09     -0.180E-01      0.456E-02
      0.550E-01      0.101E+01      0.217E-01      0.415E+09     -0.182E-01      0.459E-02
      0.571E-01      0.101E+01      0.215E-01      0.414E+09     -0.181E-01      0.463E-02
      0.640E-01      0.982E+00      0.211E-01      0.410E+09     -0.188E-01      0.473E-02
      0.719E-01      0.955E+00      0.206E-01      0.404E+09     -0.193E-01      0.487E-02
      0.806E-01      0.926E+00      0.201E-01      0.398E+09     -0.199E-01      0.502E-02
      0.905E-01      0.891E+00      0.194E-01      0.391E+09     -0.207E-01      0.520E-02
      0.102E+00      0.855E+00      0.188E-01      0.384E+09     -0.217E-01      0.541E-02
      0.114E+00      0.813E+00      0.180E-01      0.377E+09     -0.228E-01      0.570E-02
      0.128E+00      0.766E+00      0.171E-01      0.368E+09     -0.243E-01      0.606E-02
      0.143E+00      0.713E+00      0.162E-01      0.360E+09     -0.261E-01      0.649E-02
      0.161E+00      0.654E+00      0.152E-01      0.351E+09     -0.286E-01      0.710E-02
      0.181E+00      0.588E+00      0.140E-01      0.342E+09     -0.319E-01      0.793E-02
      0.203E+00      0.513E+00      0.128E-01      0.333E+09     -0.367E-01      0.909E-02
      0.227E+00      0.430E+00      0.115E-01      0.324E+09     -0.439E-01      0.109E-01
      0.255E+00      0.336E+00      0.102E-01      0.316E+09     -0.565E-01      0.141E-01
      0.286E+00      0.277E+00      0.937E-02      0.309E+09     -0.671E-01      0.173E-01
      0.321E+00      0.259E+00      0.897E-02      0.302E+09     -0.680E-01      0.183E-01
      0.360E+00      0.238E+00      0.845E-02      0.295E+09     -0.692E-01      0.192E-01
      0.404E+00      0.215E+00      0.788E-02      0.288E+09     -0.707E-01      0.204E-01
      0.453E+00      0.190E+00      0.726E-02      0.281E+09     -0.730E-01      0.222E-01
      0.509E+00      0.160E+00      0.660E-02      0.274E+09     -0.764E-01      0.249E-01
      0.571E+00      0.148E+00      0.615E-02      0.268E+09     -0.735E-01      0.250E-01
      0.641E+00      0.139E+00      0.563E-02      0.261E+09     -0.678E-01      0.234E-01
      0.719E+00      0.129E+00      0.509E-02      0.254E+09     -0.605E-01      0.215E-01
      0.806E+00      0.148E+00      0.479E-02      0.247E+09     -0.724E-01      0.155E-01
      0.905E+00      0.217E+00      0.536E-02      0.238E+09     -0.990E-01      0.983E-02
      0.102E+01      0.294E+00      0.630E-02      0.223E+09     -0.114E+00      0.701E-02
      0.114E+01      0.218E+00      0.537E-02      0.200E+09     -0.833E-01      0.110E-01
      0.128E+01      0.134E+00      0.561E-02      0.181E+09     -0.588E-02      0.242E-01
      0.143E+01      0.232E+00      0.635E-02      0.169E+09     -0.163E-01      0.121E-01
      0.161E+01      0.294E+00      0.781E-02      0.144E+09     -0.338E-01      0.132E-01
      0.168E+01      0.302E+00      0.987E-02      0.121E+09     -0.452E-01      0.220E-01
      0.170E+01      0.305E+00      0.106E-01      0.112E+09     -0.482E-01      0.244E-01
      0.180E+01      0.287E+00      0.141E-01      0.101E+09     -0.607E-01      0.404E-01
      0.190E+01      0.203E+00      0.101E-01      0.825E+08     -0.699E-01      0.419E-01
      0.200E+01      0.120E+00      0.613E-02      0.697E+08     -0.915E-01      0.442E-01
      0.210E+01      0.104E+00      0.438E-02      0.622E+08     -0.835E-01      0.348E-01
      0.220E+01      0.105E+00      0.417E-02      0.557E+08     -0.633E-01      0.313E-01
      0.230E+01      0.123E+00      0.388E-02      0.492E+08     -0.112E+00      0.238E-01
      0.240E+01      0.179E+00      0.396E-02      0.417E+08     -0.236E+00      0.179E-01
      0.250E+01      0.236E+00      0.459E-02      0.307E+08     -0.301E+00      0.162E-01
      0.260E+01      0.171E+00      0.369E-02      0.164E+08     -0.325E+00      0.204E-01
      0.275E+01      0.282E-01      0.161E-02      0.349E+07     -0.563E+00      0.811E-01
      0.300E+01      0.747E-03      0.561E-03      0.112E+06     -0.115E+01      0.109E+01
      0.325E+01      0.869E-05      0.536E-03      0.195E+04     -0.364E+00      0.277E+02
      0.350E+01      0.350E-05      0.300E-03      0.653E+03     -0.196E+00      0.215E+02
      0.375E+01      0.614E-06      0.104E-03      0.131E+03     -0.253E+00      0.590E+02
      0.400E+01      0.200E-06      0.938E-04      0.405E+02     -0.182E+00      0.114E+03
      0.425E+01      0.736E-07      0.320E-04      0.109E+02     -0.383E+00      0.237E+03
      0.450E+01      0.793E-09      0.212E-05      0.129E+00     -0.342E+00      0.122E+04
      0.475E+01      0.967E-10      0.528E-06      0.140E-01     -0.577E+00      0.418E+04
      0.500E+01      0.306E-12      0.246E-07      0.455E-04     -0.209E+00      0.292E+05
      0.525E+01      0.801E-14      0.769E-09      0.114E-05     -0.759E+00      0.103E+06
      0.550E+01      0.000E+00      0.555E-25      0.000E+00     -0.110E+01            NaN
      0.575E+01      0.000E+00      0.000E+00      0.000E+00     -0.990E+02     -0.990E+02
      0.600E+01      0.000E+00      0.000E+00      0.000E+00     -0.990E+02     -0.990E+02
      0.625E+01      0.000E+00      0.000E+00      0.000E+00     -0.990E+02     -0.990E+02
      0.650E+01      0.000E+00      0.000E+00      0.000E+00     -0.990E+02     -0.990E+02
      0.675E+01      0.000E+00      0.000E+00      0.000E+00     -0.990E+02     -0.990E+02
      0.700E+01      0.000E+00      0.000E+00      0.000E+00     -0.990E+02     -0.990E+02
      0.725E+01      0.000E+00      0.000E+00      0.000E+00     -0.990E+02     -0.990E+02
      0.750E+01      0.000E+00      0.000E+00      0.000E+00     -0.990E+02     -0.990E+02
      0.775E+01      0.000E+00      0.000E+00      0.000E+00     -0.990E+02     -0.990E+02
      0.800E+01      0.000E+00      0.000E+00      0.000E+00     -0.990E+02     -0.990E+02
      0.825E+01      0.000E+00      0.000E+00      0.000E+00     -0.990E+02     -0.990E+02
      0.850E+01      0.000E+00      0.000E+00      0.000E+00     -0.990E+02     -0.990E+02
      0.875E+01      0.000E+00      0.000E+00      0.000E+00     -0.990E+02     -0.990E+02
      0.900E+01      0.000E+00      0.000E+00      0.000E+00     -0.990E+02     -0.990E+02
      0.925E+01      0.000E+00      0.000E+00      0.000E+00     -0.990E+02     -0.990E+02
      0.950E+01      0.000E+00      0.000E+00      0.000E+00     -0.990E+02     -0.990E+02
      0.975E+01      0.000E+00      0.000E+00      0.000E+00     -0.990E+02     -0.990E+02
      0.100E+02      0.000E+00      0.000E+00      0.000E+00     -0.990E+02     -0.990E+02
      0.102E+02      0.000E+00      0.000E+00      0.000E+00     -0.990E+02     -0.990E+02
      0.105E+02      0.000E+00      0.000E+00      0.000E+00     -0.990E+02     -0.990E+02
      0.108E+02      0.000E+00      0.000E+00      0.000E+00     -0.990E+02     -0.990E+02
      0.110E+02      0.000E+00      0.000E+00      0.000E+00     -0.990E+02     -0.990E+02
      0.112E+02      0.000E+00      0.000E+00      0.000E+00     -0.990E+02     -0.990E+02
      0.115E+02      0.000E+00      0.000E+00      0.000E+00     -0.990E+02     -0.990E+02
      0.118E+02      0.000E+00      0.000E+00      0.000E+00     -0.990E+02     -0.990E+02
      0.120E+02      0.000E+00      0.000E+00      0.000E+00     -0.990E+02     -0.990E+02
      0.122E+02      0.000E+00      0.000E+00      0.000E+00     -0.990E+02     -0.990E+02
      0.125E+02      0.000E+00      0.000E+00      0.000E+00     -0.990E+02     -0.990E+02
      0.128E+02      0.000E+00      0.000E+00      0.000E+00     -0.990E+02     -0.990E+02
      0.130E+02      0.000E+00      0.000E+00      0.000E+00     -0.990E+02     -0.990E+02
      0.132E+02      0.000E+00      0.000E+00      0.000E+00     -0.990E+02     -0.990E+02
      0.135E+02      0.000E+00      0.000E+00      0.000E+00     -0.990E+02     -0.990E+02
      0.138E+02      0.000E+00      0.000E+00      0.000E+00     -0.990E+02     -0.990E+02
      0.140E+02      0.000E+00      0.000E+00      0.000E+00     -0.990E+02     -0.990E+02
      0.142E+02      0.000E+00      0.000E+00      0.000E+00     -0.990E+02     -0.990E+02
      0.145E+02      0.000E+00      0.000E+00      0.000E+00     -0.990E+02     -0.990E+02
      0.148E+02      0.000E+00      0.000E+00      0.000E+00     -0.990E+02     -0.990E+02
      0.150E+02      0.000E+00      0.000E+00      0.000E+00     -0.990E+02     -0.990E+02
      0.152E+02      0.000E+00      0.000E+00      0.000E+00     -0.990E+02     -0.990E+02
      0.155E+02      0.000E+00      0.000E+00      0.000E+00     -0.990E+02     -0.990E+02
      0.158E+02      0.000E+00      0.000E+00      0.000E+00     -0.990E+02     -0.990E+02
      0.160E+02      0.000E+00      0.000E+00      0.000E+00     -0.990E+02     -0.990E+02
      0.162E+02      0.000E+00      0.000E+00      0.000E+00     -0.990E+02     -0.990E+02
      0.165E+02      0.000E+00      0.000E+00      0.000E+00     -0.990E+02     -0.990E+02
      0.168E+02      0.000E+00      0.000E+00      0.000E+00     -0.990E+02     -0.990E+02
      0.170E+02      0.000E+00      0.000E+00      0.000E+00     -0.990E+02     -0.990E+02
      0.172E+02      0.000E+00      0.000E+00      0.000E+00     -0.990E+02     -0.990E+02
      0.175E+02      0.000E+00      0.000E+00      0.000E+00     -0.990E+02     -0.990E+02
      0.178E+02      0.000E+00      0.000E+00      0.000E+00     -0.990E+02     -0.990E+02
      0.180E+02      0.000E+00      0.000E+00      0.000E+00     -0.990E+02     -0.990E+02
      0.182E+02      0.000E+00      0.000E+00      0.000E+00     -0.990E+02     -0.990E+02
      0.185E+02      0.000E+00      0.000E+00      0.000E+00     -0.990E+02     -0.990E+02
      0.188E+02      0.000E+00      0.000E+00      0.000E+00     -0.990E+02     -0.990E+02
      0.190E+02      0.000E+00      0.000E+00      0.000E+00     -0.990E+02     -0.990E+02
      0.192E+02      0.000E+00      0.000E+00      0.000E+00     -0.990E+02     -0.990E+02
      0.195E+02      0.000E+00      0.000E+00      0.000E+00     -0.990E+02     -0.990E+02
      0.198E+02      0.000E+00      0.000E+00      0.000E+00     -0.990E+02     -0.990E+02
      0.200E+02      0.000E+00      0.000E+00      0.000E+00     -0.990E+02     -0.990E+02
