      0.000E+00      0.402E+01      0.779E+00      0.100E+10     -0.990E+02     -0.990E+02
      0.100E-03      0.402E+01      0.779E+00      0.100E+10     -0.990E+02     -0.990E+02
      0.140E-03      0.402E+01      0.779E+00      0.100E+10     -0.990E+02     -0.990E+02
      0.160E-03      0.402E+01      0.779E+00      0.100E+10     -0.990E+02     -0.990E+02
      0.180E-03      0.402E+01      0.779E+00      0.100E+10     -0.990E+02     -0.990E+02
      0.200E-03      0.402E+01      0.779E+00      0.100E+10     -0.990E+02     -0.990E+02
      0.220E-03      0.402E+01      0.779E+00      0.100E+10     -0.990E+02     -0.990E+02
      0.250E-03      0.402E+01      0.779E+00      0.100E+10     -0.990E+02     -0.990E+02
      0.280E-03      0.402E+01      0.779E+00      0.100E+10     -0.990E+02     -0.990E+02
      0.320E-03      0.402E+01      0.779E+00      0.100E+10     -0.990E+02     -0.990E+02
      0.350E-03      0.402E+01      0.779E+00      0.100E+10     -0.990E+02     -0.990E+02
      0.400E-03      0.402E+01      0.779E+00      0.100E+10     -0.990E+02     -0.990E+02
      0.450E-03      0.402E+01      0.779E+00      0.100E+10     -0.990E+02     -0.990E+02
      0.500E-03      0.402E+01      0.779E+00      0.100E+10     -0.990E+02     -0.990E+02
      0.560E-03      0.402E+01      0.779E+00      0.100E+10     -0.990E+02     -0.990E+02
      0.630E-03      0.402E+01      0.779E+00      0.100E+10     -0.990E+02     -0.990E+02
      0.710E-03      0.402E+01      0.779E+00      0.100E+10     -0.990E+02     -0.990E+02
      0.790E-03      0.402E+01      0.779E+00      0.100E+10     -0.990E+02     -0.990E+02
      0.890E-03      0.402E+01      0.779E+00      0.100E+10     -0.990E+02     -0.990E+02
      0.100E-02      0.402E+01      0.779E+00      0.100E+10     -0.990E+02     -0.990E+02
      0.105E-02      0.402E+01      0.779E+00      0.100E+10     -0.990E+02     -0.990E+02
      0.110E-02      0.402E+01      0.779E+00      0.100E+10     -0.990E+02     -0.990E+02
      0.115E-02      0.402E+01      0.779E+00      0.100E+10     -0.990E+02     -0.990E+02
      0.120E-02      0.402E+01      0.779E+00      0.100E+10     -0.990E+02     -0.990E+02
      0.126E-02      0.402E+01      0.779E+00      0.100E+10     -0.990E+02     -0.990E+02
      0.132E-02      0.402E+01      0.779E+00      0.100E+10     -0.990E+02     -0.990E+02
      0.138E-02      0.402E+01      0.779E+00      0.100E+10     -0.990E+02     -0.990E+02
      0.145E-02      0.402E+01      0.779E+00      0.100E+10     -0.990E+02     -0.990E+02
      0.151E-02      0.402E+01      0.779E+00      0.100E+10     -0.990E+02     -0.990E+02
      0.158E-02      0.402E+01      0.779E+00      0.100E+10     -0.990E+02     -0.990E+02
      0.166E-02      0.402E+01      0.779E+00      0.100E+10     -0.990E+02     -0.990E+02
      0.174E-02      0.402E+01      0.779E+00      0.100E+10     -0.990E+02     -0.990E+02
      0.182E-02      0.402E+01      0.779E+00      0.100E+10     -0.990E+02     -0.990E+02
      0.191E-02      0.402E+01      0.779E+00      0.100E+10     -0.990E+02     -0.990E+02
      0.200E-02      0.402E+01      0.779E+00      0.100E+10     -0.990E+02     -0.990E+02
      0.209E-02      0.402E+01      0.779E+00      0.100E+10     -0.990E+02     -0.990E+02
      0.219E-02      0.402E+01      0.779E+00      0.100E+10     -0.990E+02     -0.990E+02
      0.229E-02      0.402E+01      0.779E+00      0.100E+10     -0.990E+02     -0.990E+02
      0.240E-02      0.402E+01      0.779E+00      0.100E+10     -0.990E+02     -0.990E+02
      0.251E-02      0.402E+01      0.779E+00      0.100E+10     -0.990E+02     -0.990E+02
      0.263E-02      0.402E+01      0.779E+00      0.100E+10     -0.990E+02     -0.990E+02
      0.275E-02      0.402E+01      0.779E+00      0.100E+10     -0.990E+02     -0.990E+02
      0.288E-02      0.402E+01      0.779E+00      0.100E+10     -0.990E+02     -0.990E+02
      0.302E-02      0.402E+01      0.779E+00      0.100E+10     -0.990E+02     -0.990E+02
      0.316E-02      0.402E+01      0.779E+00      0.100E+10     -0.990E+02     -0.990E+02
      0.331E-02      0.402E+01      0.779E+00      0.100E+10     -0.990E+02     -0.990E+02
      0.347E-02      0.402E+01      0.779E+00      0.100E+10     -0.990E+02     -0.990E+02
      0.363E-02      0.402E+01      0.779E+00      0.100E+10     -0.990E+02     -0.990E+02
      0.380E-02      0.402E+01      0.779E+00      0.100E+10     -0.990E+02     -0.990E+02
      0.398E-02      0.402E+01      0.779E+00      0.100E+10     -0.990E+02     -0.990E+02
      0.417E-02      0.402E+01      0.779E+00      0.100E+10     -0.990E+02     -0.990E+02
      0.437E-02      0.402E+01      0.779E+00      0.100E+10     -0.990E+02     -0.990E+02
      0.457E-02      0.402E+01      0.779E+00      0.100E+10     -0.990E+02     -0.990E+02
      0.479E-02      0.402E+01      0.779E+00      0.100E+10     -0.990E+02     -0.990E+02
      0.501E-02      0.402E+01      0.779E+00      0.100E+10     -0.990E+02     -0.990E+02
      0.525E-02      0.402E+01      0.779E+00      0.100E+10     -0.990E+02     -0.990E+02
      0.550E-02      0.402E+01      0.779E+00      0.100E+10     -0.990E+02     -0.990E+02
      0.575E-02      0.402E+01      0.779E+00      0.100E+10     -0.990E+02     -0.990E+02
      0.603E-02      0.402E+01      0.779E+00      0.100E+10     -0.990E+02     -0.990E+02
      0.631E-02      0.402E+01      0.779E+00      0.100E+10     -0.990E+02     -0.990E+02
      0.661E-02      0.402E+01      0.779E+00      0.100E+10     -0.990E+02     -0.990E+02
      0.692E-02      0.402E+01      0.779E+00      0.100E+10     -0.990E+02     -0.990E+02
      0.724E-02      0.402E+01      0.779E+00      0.100E+10     -0.990E+02     -0.990E+02
      0.759E-02      0.402E+01      0.779E+00      0.100E+10     -0.990E+02     -0.990E+02
      0.794E-02      0.402E+01      0.779E+00      0.100E+10     -0.990E+02     -0.990E+02
      0.832E-02      0.402E+01      0.779E+00      0.100E+10     -0.990E+02     -0.990E+02
      0.871E-02      0.402E+01      0.779E+00      0.100E+10     -0.990E+02     -0.990E+02
      0.912E-02      0.402E+01      0.779E+00      0.100E+10     -0.990E+02     -0.990E+02
      0.955E-02      0.402E+01      0.779E+00      0.100E+10     -0.990E+02     -0.990E+02
      0.100E-01      0.402E+01      0.779E+00      0.100E+10     -0.501E+00      0.526E+00
      0.105E-01      0.165E+01      0.938E+00      0.960E+09     -0.500E+00      0.525E+00
      0.110E-01      0.165E+01      0.933E+00      0.959E+09     -0.500E+00      0.525E+00
      0.115E-01      0.164E+01      0.930E+00      0.958E+09     -0.500E+00      0.525E+00
      0.120E-01      0.164E+01      0.929E+00      0.957E+09     -0.500E+00      0.524E+00
      0.126E-01      0.164E+01      0.929E+00      0.957E+09     -0.500E+00      0.523E+00
      0.132E-01      0.165E+01      0.933E+00      0.956E+09     -0.500E+00      0.523E+00
      0.138E-01      0.165E+01      0.930E+00      0.955E+09     -0.500E+00      0.522E+00
      0.144E-01      0.163E+01      0.922E+00      0.954E+09     -0.500E+00      0.522E+00
      0.151E-01      0.164E+01      0.923E+00      0.953E+09     -0.499E+00      0.521E+00
      0.159E-01      0.164E+01      0.925E+00      0.952E+09     -0.499E+00      0.521E+00
      0.166E-01      0.164E+01      0.924E+00      0.951E+09     -0.499E+00      0.520E+00
      0.174E-01      0.164E+01      0.924E+00      0.950E+09     -0.499E+00      0.520E+00
      0.182E-01      0.165E+01      0.926E+00      0.949E+09     -0.499E+00      0.519E+00
      0.191E-01      0.164E+01      0.924E+00      0.948E+09     -0.499E+00      0.518E+00
      0.200E-01      0.164E+01      0.919E+00      0.946E+09     -0.498E+00      0.518E+00
      0.209E-01      0.163E+01      0.916E+00      0.945E+09     -0.498E+00      0.517E+00
      0.219E-01      0.163E+01      0.915E+00      0.944E+09     -0.498E+00      0.516E+00
      0.229E-01      0.164E+01      0.916E+00      0.942E+09     -0.498E+00      0.516E+00
      0.240E-01      0.163E+01      0.914E+00      0.941E+09     -0.497E+00      0.515E+00
      0.251E-01      0.164E+01      0.915E+00      0.939E+09     -0.497E+00      0.514E+00
      0.263E-01      0.164E+01      0.913E+00      0.938E+09     -0.497E+00      0.513E+00
      0.275E-01      0.163E+01      0.909E+00      0.936E+09     -0.497E+00      0.512E+00
      0.290E-01      0.163E+01      0.908E+00      0.934E+09     -0.496E+00      0.511E+00
      0.300E-01      0.163E+01      0.907E+00      0.933E+09     -0.496E+00      0.511E+00
      0.310E-01      0.163E+01      0.906E+00      0.931E+09     -0.496E+00      0.510E+00
      0.320E-01      0.163E+01      0.905E+00      0.930E+09     -0.496E+00      0.509E+00
      0.330E-01      0.163E+01      0.903E+00      0.929E+09     -0.495E+00      0.509E+00
      0.340E-01      0.163E+01      0.902E+00      0.927E+09     -0.495E+00      0.508E+00
      0.350E-01      0.163E+01      0.901E+00      0.926E+09     -0.495E+00      0.507E+00
      0.360E-01      0.162E+01      0.899E+00      0.925E+09     -0.494E+00      0.506E+00
      0.370E-01      0.162E+01      0.898E+00      0.923E+09     -0.494E+00      0.506E+00
      0.380E-01      0.162E+01      0.897E+00      0.922E+09     -0.494E+00      0.505E+00
      0.390E-01      0.162E+01      0.896E+00      0.921E+09     -0.494E+00      0.504E+00
      0.400E-01      0.162E+01      0.894E+00      0.919E+09     -0.494E+00      0.504E+00
      0.425E-01      0.162E+01      0.892E+00      0.917E+09     -0.493E+00      0.502E+00
      0.450E-01      0.162E+01      0.889E+00      0.914E+09     -0.493E+00      0.501E+00
      0.475E-01      0.162E+01      0.886E+00      0.911E+09     -0.492E+00      0.499E+00
      0.500E-01      0.161E+01      0.883E+00      0.907E+09     -0.492E+00      0.498E+00
      0.525E-01      0.161E+01      0.880E+00      0.904E+09     -0.492E+00      0.497E+00
      0.550E-01      0.161E+01      0.877E+00      0.901E+09     -0.492E+00      0.496E+00
      0.571E-01      0.161E+01      0.876E+00      0.898E+09     -0.491E+00      0.495E+00
      0.640E-01      0.160E+01      0.869E+00      0.892E+09     -0.490E+00      0.492E+00
      0.719E-01      0.160E+01      0.862E+00      0.883E+09     -0.491E+00      0.488E+00
      0.806E-01      0.161E+01      0.856E+00      0.873E+09     -0.494E+00      0.482E+00
      0.905E-01      0.162E+01      0.850E+00      0.861E+09     -0.497E+00      0.475E+00
      0.102E+00      0.163E+01      0.846E+00      0.848E+09     -0.500E+00      0.470E+00
      0.114E+00      0.164E+01      0.846E+00      0.834E+09     -0.503E+00      0.465E+00
      0.128E+00      0.165E+01      0.846E+00      0.817E+09     -0.506E+00      0.461E+00
      0.143E+00      0.166E+01      0.849E+00      0.799E+09     -0.510E+00      0.458E+00
      0.161E+00      0.167E+01      0.846E+00      0.779E+09     -0.514E+00      0.453E+00
      0.181E+00      0.167E+01      0.835E+00      0.756E+09     -0.518E+00      0.446E+00
      0.203E+00      0.167E+01      0.827E+00      0.730E+09     -0.522E+00      0.441E+00
      0.227E+00      0.167E+01      0.825E+00      0.702E+09     -0.527E+00      0.438E+00
      0.255E+00      0.167E+01      0.822E+00      0.670E+09     -0.531E+00      0.436E+00
      0.286E+00      0.167E+01      0.822E+00      0.635E+09     -0.533E+00      0.436E+00
      0.321E+00      0.166E+01      0.819E+00      0.596E+09     -0.530E+00      0.432E+00
      0.360E+00      0.162E+01      0.781E+00      0.553E+09     -0.528E+00      0.417E+00
      0.404E+00      0.158E+01      0.750E+00      0.506E+09     -0.529E+00      0.402E+00
      0.453E+00      0.157E+01      0.728E+00      0.455E+09     -0.535E+00      0.390E+00
      0.509E+00      0.153E+01      0.713E+00      0.398E+09     -0.547E+00      0.391E+00
      0.571E+00      0.147E+01      0.673E+00      0.337E+09     -0.581E+00      0.408E+00
      0.641E+00      0.128E+01      0.579E+00      0.271E+09     -0.631E+00      0.438E+00
      0.719E+00      0.106E+01      0.471E+00      0.208E+09     -0.704E+00      0.471E+00
      0.806E+00      0.811E+00      0.396E+00      0.149E+09     -0.836E+00      0.594E+00
      0.905E+00      0.627E+00      0.318E+00      0.994E+08     -0.907E+00      0.675E+00
      0.102E+01      0.407E+00      0.223E+00      0.567E+08     -0.942E+00      0.744E+00
      0.114E+01      0.204E+00      0.129E+00      0.258E+08     -0.103E+01      0.945E+00
      0.128E+01      0.742E-01      0.637E-01      0.862E+07     -0.129E+01      0.147E+01
      0.143E+01      0.155E-01      0.281E-01      0.167E+07     -0.120E+01      0.271E+01
      0.161E+01      0.451E-03      0.403E-02      0.532E+05     -0.979E+00      0.121E+02
      0.168E+01      0.284E-03      0.261E-02      0.188E+05     -0.984E+00      0.126E+02
      0.170E+01      0.241E-03      0.222E-02      0.108E+05     -0.986E+00      0.126E+02
      0.180E+01      0.279E-04      0.441E-03      0.195E+04     -0.996E+00      0.232E+02
      0.190E+01      0.324E-05      0.225E-03      0.239E+03     -0.106E+01      0.118E+03
      0.200E+01      0.627E-06      0.850E-04      0.391E+02     -0.175E+01      0.313E+03
      0.210E+01      0.693E-08      0.332E-04      0.853E+00     -0.142E+01      0.773E+04
      0.220E+01      0.424E-08      0.197E-04      0.435E+00     -0.142E+01      0.756E+04
      0.230E+01      0.178E-08      0.784E-05      0.180E+00     -0.138E+01      0.737E+04
      0.240E+01      0.925E-09      0.468E-05      0.735E-01     -0.966E+00      0.674E+04
      0.250E+01      0.305E-09      0.154E-05      0.182E-01     -0.966E+00      0.674E+04
      0.260E+01      0.000E+00      0.000E+00      0.000E+00     -0.990E+02     -0.990E+02
      0.275E+01      0.000E+00      0.000E+00      0.000E+00     -0.990E+02     -0.990E+02
      0.300E+01      0.000E+00      0.000E+00      0.000E+00     -0.990E+02     -0.990E+02
      0.325E+01      0.000E+00      0.000E+00      0.000E+00     -0.990E+02     -0.990E+02
      0.350E+01      0.000E+00      0.000E+00      0.000E+00     -0.990E+02     -0.990E+02
      0.375E+01      0.000E+00      0.000E+00      0.000E+00     -0.990E+02     -0.990E+02
      0.400E+01      0.000E+00      0.000E+00      0.000E+00     -0.990E+02     -0.990E+02
      0.425E+01      0.000E+00      0.000E+00      0.000E+00     -0.990E+02     -0.990E+02
      0.450E+01      0.000E+00      0.000E+00      0.000E+00     -0.990E+02     -0.990E+02
      0.475E+01      0.000E+00      0.000E+00      0.000E+00     -0.990E+02     -0.990E+02
      0.500E+01      0.000E+00      0.000E+00      0.000E+00     -0.990E+02     -0.990E+02
      0.525E+01      0.000E+00      0.000E+00      0.000E+00     -0.990E+02     -0.990E+02
      0.550E+01      0.000E+00      0.000E+00      0.000E+00     -0.990E+02     -0.990E+02
      0.575E+01      0.000E+00      0.000E+00      0.000E+00     -0.990E+02     -0.990E+02
      0.600E+01      0.000E+00      0.000E+00      0.000E+00     -0.990E+02     -0.990E+02
      0.625E+01      0.000E+00      0.000E+00      0.000E+00     -0.990E+02     -0.990E+02
      0.650E+01      0.000E+00      0.000E+00      0.000E+00     -0.990E+02     -0.990E+02
      0.675E+01      0.000E+00      0.000E+00      0.000E+00     -0.990E+02     -0.990E+02
      0.700E+01      0.000E+00      0.000E+00      0.000E+00     -0.990E+02     -0.990E+02
      0.725E+01      0.000E+00      0.000E+00      0.000E+00     -0.990E+02     -0.990E+02
      0.750E+01      0.000E+00      0.000E+00      0.000E+00     -0.990E+02     -0.990E+02
      0.775E+01      0.000E+00      0.000E+00      0.000E+00     -0.990E+02     -0.990E+02
      0.800E+01      0.000E+00      0.000E+00      0.000E+00     -0.990E+02     -0.990E+02
      0.825E+01      0.000E+00      0.000E+00      0.000E+00     -0.990E+02     -0.990E+02
      0.850E+01      0.000E+00      0.000E+00      0.000E+00     -0.990E+02     -0.990E+02
      0.875E+01      0.000E+00      0.000E+00      0.000E+00     -0.990E+02     -0.990E+02
      0.900E+01      0.000E+00      0.000E+00      0.000E+00     -0.990E+02     -0.990E+02
      0.925E+01      0.000E+00      0.000E+00      0.000E+00     -0.990E+02     -0.990E+02
      0.950E+01      0.000E+00      0.000E+00      0.000E+00     -0.990E+02     -0.990E+02
      0.975E+01      0.000E+00      0.000E+00      0.000E+00     -0.990E+02     -0.990E+02
      0.100E+02      0.000E+00      0.000E+00      0.000E+00     -0.990E+02     -0.990E+02
      0.102E+02      0.000E+00      0.000E+00      0.000E+00     -0.990E+02     -0.990E+02
      0.105E+02      0.000E+00      0.000E+00      0.000E+00     -0.990E+02     -0.990E+02
      0.108E+02      0.000E+00      0.000E+00      0.000E+00     -0.990E+02     -0.990E+02
      0.110E+02      0.000E+00      0.000E+00      0.000E+00     -0.990E+02     -0.990E+02
      0.112E+02      0.000E+00      0.000E+00      0.000E+00     -0.990E+02     -0.990E+02
      0.115E+02      0.000E+00      0.000E+00      0.000E+00     -0.990E+02     -0.990E+02
      0.118E+02      0.000E+00      0.000E+00      0.000E+00     -0.990E+02     -0.990E+02
      0.120E+02      0.000E+00      0.000E+00      0.000E+00     -0.990E+02     -0.990E+02
      0.122E+02      0.000E+00      0.000E+00      0.000E+00     -0.990E+02     -0.990E+02
      0.125E+02      0.000E+00      0.000E+00      0.000E+00     -0.990E+02     -0.990E+02
      0.128E+02      0.000E+00      0.000E+00      0.000E+00     -0.990E+02     -0.990E+02
      0.130E+02      0.000E+00      0.000E+00      0.000E+00     -0.990E+02     -0.990E+02
      0.132E+02      0.000E+00      0.000E+00      0.000E+00     -0.990E+02     -0.990E+02
      0.135E+02      0.000E+00      0.000E+00      0.000E+00     -0.990E+02     -0.990E+02
      0.138E+02      0.000E+00      0.000E+00      0.000E+00     -0.990E+02     -0.990E+02
      0.140E+02      0.000E+00      0.000E+00      0.000E+00     -0.990E+02     -0.990E+02
      0.142E+02      0.000E+00      0.000E+00      0.000E+00     -0.990E+02     -0.990E+02
      0.145E+02      0.000E+00      0.000E+00      0.000E+00     -0.990E+02     -0.990E+02
      0.148E+02      0.000E+00      0.000E+00      0.000E+00     -0.990E+02     -0.990E+02
      0.150E+02      0.000E+00      0.000E+00      0.000E+00     -0.990E+02     -0.990E+02
      0.152E+02      0.000E+00      0.000E+00      0.000E+00     -0.990E+02     -0.990E+02
      0.155E+02      0.000E+00      0.000E+00      0.000E+00     -0.990E+02     -0.990E+02
      0.158E+02      0.000E+00      0.000E+00      0.000E+00     -0.990E+02     -0.990E+02
      0.160E+02      0.000E+00      0.000E+00      0.000E+00     -0.990E+02     -0.990E+02
      0.162E+02      0.000E+00      0.000E+00      0.000E+00     -0.990E+02     -0.990E+02
      0.165E+02      0.000E+00      0.000E+00      0.000E+00     -0.990E+02     -0.990E+02
      0.168E+02      0.000E+00      0.000E+00      0.000E+00     -0.990E+02     -0.990E+02
      0.170E+02      0.000E+00      0.000E+00      0.000E+00     -0.990E+02     -0.990E+02
      0.172E+02      0.000E+00      0.000E+00      0.000E+00     -0.990E+02     -0.990E+02
      0.175E+02      0.000E+00      0.000E+00      0.000E+00     -0.990E+02     -0.990E+02
      0.178E+02      0.000E+00      0.000E+00      0.000E+00     -0.990E+02     -0.990E+02
      0.180E+02      0.000E+00      0.000E+00      0.000E+00     -0.990E+02     -0.990E+02
      0.182E+02      0.000E+00      0.000E+00      0.000E+00     -0.990E+02     -0.990E+02
      0.185E+02      0.000E+00      0.000E+00      0.000E+00     -0.990E+02     -0.990E+02
      0.188E+02      0.000E+00      0.000E+00      0.000E+00     -0.990E+02     -0.990E+02
      0.190E+02      0.000E+00      0.000E+00      0.000E+00     -0.990E+02     -0.990E+02
      0.192E+02      0.000E+00      0.000E+00      0.000E+00     -0.990E+02     -0.990E+02
      0.195E+02      0.000E+00      0.000E+00      0.000E+00     -0.990E+02     -0.990E+02
      0.198E+02      0.000E+00      0.000E+00      0.000E+00     -0.990E+02     -0.990E+02
      0.200E+02      0.000E+00      0.000E+00      0.000E+00     -0.990E+02     -0.990E+02
