      0.000E+00      0.252E+00      0.633E-01      0.266E+09     -0.990E+02     -0.990E+02
      0.100E-03      0.252E+00      0.633E-01      0.266E+09     -0.990E+02     -0.990E+02
      0.140E-03      0.252E+00      0.633E-01      0.266E+09     -0.990E+02     -0.990E+02
      0.160E-03      0.252E+00      0.633E-01      0.266E+09     -0.990E+02     -0.990E+02
      0.180E-03      0.252E+00      0.633E-01      0.266E+09     -0.990E+02     -0.990E+02
      0.200E-03      0.252E+00      0.633E-01      0.266E+09     -0.990E+02     -0.990E+02
      0.220E-03      0.252E+00      0.633E-01      0.266E+09     -0.990E+02     -0.990E+02
      0.250E-03      0.252E+00      0.633E-01      0.266E+09     -0.990E+02     -0.990E+02
      0.280E-03      0.252E+00      0.633E-01      0.266E+09     -0.990E+02     -0.990E+02
      0.320E-03      0.252E+00      0.633E-01      0.266E+09     -0.990E+02     -0.990E+02
      0.350E-03      0.252E+00      0.633E-01      0.266E+09     -0.990E+02     -0.990E+02
      0.400E-03      0.252E+00      0.633E-01      0.266E+09     -0.990E+02     -0.990E+02
      0.450E-03      0.252E+00      0.633E-01      0.266E+09     -0.990E+02     -0.990E+02
      0.500E-03      0.252E+00      0.633E-01      0.266E+09     -0.990E+02     -0.990E+02
      0.560E-03      0.252E+00      0.633E-01      0.266E+09     -0.990E+02     -0.990E+02
      0.630E-03      0.252E+00      0.633E-01      0.266E+09     -0.990E+02     -0.990E+02
      0.710E-03      0.252E+00      0.633E-01      0.266E+09     -0.990E+02     -0.990E+02
      0.790E-03      0.252E+00      0.633E-01      0.266E+09     -0.990E+02     -0.990E+02
      0.890E-03      0.252E+00      0.633E-01      0.266E+09     -0.990E+02     -0.990E+02
      0.100E-02      0.252E+00      0.633E-01      0.266E+09     -0.990E+02     -0.990E+02
      0.105E-02      0.252E+00      0.633E-01      0.266E+09     -0.990E+02     -0.990E+02
      0.110E-02      0.252E+00      0.633E-01      0.266E+09     -0.990E+02     -0.990E+02
      0.115E-02      0.252E+00      0.633E-01      0.266E+09     -0.990E+02     -0.990E+02
      0.120E-02      0.252E+00      0.633E-01      0.266E+09     -0.990E+02     -0.990E+02
      0.126E-02      0.252E+00      0.633E-01      0.266E+09     -0.990E+02     -0.990E+02
      0.132E-02      0.252E+00      0.633E-01      0.266E+09     -0.990E+02     -0.990E+02
      0.138E-02      0.252E+00      0.633E-01      0.266E+09     -0.990E+02     -0.990E+02
      0.145E-02      0.252E+00      0.633E-01      0.266E+09     -0.990E+02     -0.990E+02
      0.151E-02      0.252E+00      0.633E-01      0.266E+09     -0.990E+02     -0.990E+02
      0.158E-02      0.252E+00      0.633E-01      0.266E+09     -0.990E+02     -0.990E+02
      0.166E-02      0.252E+00      0.633E-01      0.266E+09     -0.990E+02     -0.990E+02
      0.174E-02      0.252E+00      0.633E-01      0.266E+09     -0.990E+02     -0.990E+02
      0.182E-02      0.252E+00      0.633E-01      0.266E+09     -0.990E+02     -0.990E+02
      0.191E-02      0.252E+00      0.633E-01      0.266E+09     -0.990E+02     -0.990E+02
      0.200E-02      0.252E+00      0.633E-01      0.266E+09     -0.990E+02     -0.990E+02
      0.209E-02      0.252E+00      0.633E-01      0.266E+09     -0.990E+02     -0.990E+02
      0.219E-02      0.252E+00      0.633E-01      0.266E+09     -0.990E+02     -0.990E+02
      0.229E-02      0.252E+00      0.633E-01      0.266E+09     -0.990E+02     -0.990E+02
      0.240E-02      0.252E+00      0.633E-01      0.266E+09     -0.990E+02     -0.990E+02
      0.251E-02      0.252E+00      0.633E-01      0.266E+09     -0.990E+02     -0.990E+02
      0.263E-02      0.252E+00      0.633E-01      0.266E+09     -0.990E+02     -0.990E+02
      0.275E-02      0.252E+00      0.633E-01      0.266E+09     -0.990E+02     -0.990E+02
      0.288E-02      0.252E+00      0.633E-01      0.266E+09     -0.990E+02     -0.990E+02
      0.302E-02      0.252E+00      0.633E-01      0.266E+09     -0.990E+02     -0.990E+02
      0.316E-02      0.252E+00      0.633E-01      0.266E+09     -0.990E+02     -0.990E+02
      0.331E-02      0.252E+00      0.633E-01      0.266E+09     -0.990E+02     -0.990E+02
      0.347E-02      0.252E+00      0.633E-01      0.266E+09     -0.990E+02     -0.990E+02
      0.363E-02      0.252E+00      0.633E-01      0.266E+09     -0.990E+02     -0.990E+02
      0.380E-02      0.252E+00      0.633E-01      0.266E+09     -0.990E+02     -0.990E+02
      0.398E-02      0.252E+00      0.633E-01      0.266E+09     -0.990E+02     -0.990E+02
      0.417E-02      0.252E+00      0.633E-01      0.266E+09     -0.990E+02     -0.990E+02
      0.437E-02      0.252E+00      0.633E-01      0.266E+09     -0.990E+02     -0.990E+02
      0.457E-02      0.252E+00      0.633E-01      0.266E+09     -0.990E+02     -0.990E+02
      0.479E-02      0.252E+00      0.633E-01      0.266E+09     -0.990E+02     -0.990E+02
      0.501E-02      0.252E+00      0.633E-01      0.266E+09     -0.990E+02     -0.990E+02
      0.525E-02      0.252E+00      0.633E-01      0.266E+09     -0.990E+02     -0.990E+02
      0.550E-02      0.252E+00      0.633E-01      0.266E+09     -0.990E+02     -0.990E+02
      0.575E-02      0.252E+00      0.633E-01      0.266E+09     -0.990E+02     -0.990E+02
      0.603E-02      0.252E+00      0.633E-01      0.266E+09     -0.990E+02     -0.990E+02
      0.631E-02      0.252E+00      0.633E-01      0.266E+09     -0.990E+02     -0.990E+02
      0.661E-02      0.252E+00      0.633E-01      0.266E+09     -0.990E+02     -0.990E+02
      0.692E-02      0.252E+00      0.633E-01      0.266E+09     -0.990E+02     -0.990E+02
      0.724E-02      0.252E+00      0.633E-01      0.266E+09     -0.990E+02     -0.990E+02
      0.759E-02      0.252E+00      0.633E-01      0.266E+09     -0.990E+02     -0.990E+02
      0.794E-02      0.252E+00      0.633E-01      0.266E+09     -0.990E+02     -0.990E+02
      0.832E-02      0.252E+00      0.633E-01      0.266E+09     -0.990E+02     -0.990E+02
      0.871E-02      0.252E+00      0.633E-01      0.266E+09     -0.990E+02     -0.990E+02
      0.912E-02      0.252E+00      0.633E-01      0.266E+09     -0.990E+02     -0.990E+02
      0.955E-02      0.252E+00      0.633E-01      0.266E+09     -0.990E+02     -0.990E+02
      0.100E-01      0.252E+00      0.633E-01      0.266E+09     -0.534E+00      0.750E+00
      0.105E-01      0.990E-01      0.798E-01      0.264E+09     -0.534E+00      0.751E+00
      0.110E-01      0.985E-01      0.794E-01      0.264E+09     -0.534E+00      0.750E+00
      0.115E-01      0.981E-01      0.791E-01      0.264E+09     -0.533E+00      0.750E+00
      0.120E-01      0.979E-01      0.790E-01      0.264E+09     -0.533E+00      0.750E+00
      0.126E-01      0.980E-01      0.791E-01      0.264E+09     -0.533E+00      0.750E+00
      0.132E-01      0.984E-01      0.795E-01      0.264E+09     -0.533E+00      0.750E+00
      0.138E-01      0.980E-01      0.792E-01      0.263E+09     -0.533E+00      0.750E+00
      0.144E-01      0.971E-01      0.785E-01      0.263E+09     -0.532E+00      0.749E+00
      0.151E-01      0.973E-01      0.787E-01      0.263E+09     -0.532E+00      0.748E+00
      0.159E-01      0.975E-01      0.790E-01      0.263E+09     -0.532E+00      0.748E+00
      0.166E-01      0.974E-01      0.789E-01      0.263E+09     -0.531E+00      0.747E+00
      0.174E-01      0.975E-01      0.789E-01      0.263E+09     -0.530E+00      0.746E+00
      0.182E-01      0.977E-01      0.791E-01      0.263E+09     -0.529E+00      0.744E+00
      0.191E-01      0.976E-01      0.791E-01      0.263E+09     -0.529E+00      0.744E+00
      0.200E-01      0.971E-01      0.786E-01      0.263E+09     -0.528E+00      0.742E+00
      0.209E-01      0.968E-01      0.784E-01      0.263E+09     -0.527E+00      0.741E+00
      0.219E-01      0.968E-01      0.784E-01      0.263E+09     -0.527E+00      0.740E+00
      0.229E-01      0.968E-01      0.785E-01      0.263E+09     -0.526E+00      0.738E+00
      0.240E-01      0.969E-01      0.786E-01      0.263E+09     -0.525E+00      0.737E+00
      0.251E-01      0.969E-01      0.786E-01      0.263E+09     -0.524E+00      0.736E+00
      0.263E-01      0.967E-01      0.785E-01      0.262E+09     -0.523E+00      0.735E+00
      0.275E-01      0.964E-01      0.782E-01      0.262E+09     -0.522E+00      0.733E+00
      0.290E-01      0.963E-01      0.782E-01      0.262E+09     -0.521E+00      0.732E+00
      0.300E-01      0.963E-01      0.783E-01      0.262E+09     -0.520E+00      0.731E+00
      0.310E-01      0.962E-01      0.782E-01      0.262E+09     -0.519E+00      0.730E+00
      0.320E-01      0.960E-01      0.781E-01      0.262E+09     -0.518E+00      0.729E+00
      0.330E-01      0.960E-01      0.782E-01      0.262E+09     -0.517E+00      0.728E+00
      0.340E-01      0.958E-01      0.780E-01      0.262E+09     -0.517E+00      0.727E+00
      0.350E-01      0.959E-01      0.782E-01      0.262E+09     -0.516E+00      0.726E+00
      0.360E-01      0.957E-01      0.781E-01      0.262E+09     -0.515E+00      0.725E+00
      0.370E-01      0.956E-01      0.780E-01      0.262E+09     -0.514E+00      0.724E+00
      0.380E-01      0.956E-01      0.781E-01      0.262E+09     -0.513E+00      0.723E+00
      0.390E-01      0.954E-01      0.780E-01      0.261E+09     -0.512E+00      0.722E+00
      0.400E-01      0.953E-01      0.780E-01      0.261E+09     -0.512E+00      0.721E+00
      0.425E-01      0.952E-01      0.781E-01      0.261E+09     -0.510E+00      0.720E+00
      0.450E-01      0.949E-01      0.780E-01      0.261E+09     -0.508E+00      0.719E+00
      0.475E-01      0.948E-01      0.781E-01      0.261E+09     -0.505E+00      0.716E+00
      0.500E-01      0.945E-01      0.780E-01      0.261E+09     -0.503E+00      0.715E+00
      0.525E-01      0.943E-01      0.781E-01      0.260E+09     -0.501E+00      0.714E+00
      0.550E-01      0.940E-01      0.780E-01      0.260E+09     -0.499E+00      0.712E+00
      0.571E-01      0.935E-01      0.776E-01      0.260E+09     -0.496E+00      0.709E+00
      0.640E-01      0.918E-01      0.762E-01      0.260E+09     -0.488E+00      0.702E+00
      0.719E-01      0.897E-01      0.746E-01      0.259E+09     -0.479E+00      0.694E+00
      0.806E-01      0.876E-01      0.730E-01      0.259E+09     -0.467E+00      0.686E+00
      0.905E-01      0.855E-01      0.715E-01      0.258E+09     -0.457E+00      0.681E+00
      0.102E+00      0.846E-01      0.704E-01      0.257E+09     -0.454E+00      0.678E+00
      0.114E+00      0.835E-01      0.692E-01      0.257E+09     -0.451E+00      0.676E+00
      0.128E+00      0.821E-01      0.674E-01      0.256E+09     -0.446E+00      0.664E+00
      0.143E+00      0.807E-01      0.655E-01      0.255E+09     -0.441E+00      0.653E+00
      0.161E+00      0.790E-01      0.634E-01      0.254E+09     -0.435E+00      0.640E+00
      0.181E+00      0.771E-01      0.611E-01      0.253E+09     -0.428E+00      0.626E+00
      0.203E+00      0.747E-01      0.581E-01      0.252E+09     -0.421E+00      0.610E+00
      0.227E+00      0.719E-01      0.548E-01      0.250E+09     -0.412E+00      0.591E+00
      0.255E+00      0.689E-01      0.514E-01      0.249E+09     -0.401E+00      0.574E+00
      0.286E+00      0.660E-01      0.480E-01      0.248E+09     -0.387E+00      0.551E+00
      0.321E+00      0.637E-01      0.450E-01      0.246E+09     -0.370E+00      0.526E+00
      0.360E+00      0.625E-01      0.426E-01      0.244E+09     -0.352E+00      0.496E+00
      0.404E+00      0.614E-01      0.403E-01      0.242E+09     -0.334E+00      0.468E+00
      0.453E+00      0.603E-01      0.387E-01      0.240E+09     -0.310E+00      0.439E+00
      0.509E+00      0.592E-01      0.378E-01      0.238E+09     -0.282E+00      0.409E+00
      0.571E+00      0.558E-01      0.362E-01      0.236E+09     -0.267E+00      0.406E+00
      0.641E+00      0.540E-01      0.360E-01      0.233E+09     -0.276E+00      0.416E+00
      0.719E+00      0.524E-01      0.377E-01      0.231E+09     -0.294E+00      0.454E+00
      0.806E+00      0.529E-01      0.380E-01      0.228E+09     -0.307E+00      0.448E+00
      0.905E+00      0.577E-01      0.394E-01      0.225E+09     -0.327E+00      0.441E+00
      0.102E+01      0.632E-01      0.452E-01      0.221E+09     -0.349E+00      0.486E+00
      0.114E+01      0.685E-01      0.450E-01      0.216E+09     -0.403E+00      0.512E+00
      0.128E+01      0.717E-01      0.468E-01      0.210E+09     -0.432E+00      0.536E+00
      0.143E+01      0.697E-01      0.429E-01      0.203E+09     -0.386E+00      0.425E+00
      0.161E+01      0.681E-01      0.439E-01      0.196E+09     -0.383E+00      0.447E+00
      0.168E+01      0.669E-01      0.438E-01      0.191E+09     -0.391E+00      0.471E+00
      0.170E+01      0.665E-01      0.441E-01      0.189E+09     -0.393E+00      0.482E+00
      0.180E+01      0.675E-01      0.460E-01      0.186E+09     -0.414E+00      0.528E+00
      0.190E+01      0.731E-01      0.457E-01      0.182E+09     -0.441E+00      0.497E+00
      0.200E+01      0.796E-01      0.508E-01      0.177E+09     -0.470E+00      0.531E+00
      0.210E+01      0.784E-01      0.501E-01      0.173E+09     -0.477E+00      0.545E+00
      0.220E+01      0.751E-01      0.500E-01      0.168E+09     -0.480E+00      0.578E+00
      0.230E+01      0.732E-01      0.506E-01      0.163E+09     -0.483E+00      0.613E+00
      0.240E+01      0.754E-01      0.535E-01      0.159E+09     -0.481E+00      0.627E+00
      0.250E+01      0.782E-01      0.597E-01      0.154E+09     -0.481E+00      0.661E+00
      0.260E+01      0.845E-01      0.611E-01      0.149E+09     -0.490E+00      0.639E+00
      0.275E+01      0.961E-01      0.681E-01      0.143E+09     -0.513E+00      0.630E+00
      0.300E+01      0.958E-01      0.612E-01      0.132E+09     -0.539E+00      0.620E+00
      0.325E+01      0.885E-01      0.601E-01      0.117E+09     -0.536E+00      0.672E+00
      0.350E+01      0.757E-01      0.484E-01      0.104E+09     -0.532E+00      0.583E+00
      0.375E+01      0.706E-01      0.468E-01      0.930E+08     -0.442E+00      0.451E+00
      0.400E+01      0.660E-01      0.397E-01      0.826E+08     -0.499E+00      0.492E+00
      0.425E+01      0.715E-01      0.429E-01      0.730E+08     -0.553E+00      0.543E+00
      0.450E+01      0.632E-01      0.423E-01      0.626E+08     -0.593E+00      0.666E+00
      0.475E+01      0.847E-01      0.668E-01      0.535E+08     -0.415E+00      0.447E+00
      0.500E+01      0.850E-01      0.591E-01      0.412E+08     -0.494E+00      0.519E+00
      0.525E+01      0.744E-01      0.531E-01      0.290E+08     -0.657E+00      0.815E+00
      0.550E+01      0.472E-01      0.361E-01      0.183E+08     -0.647E+00      0.824E+00
      0.575E+01      0.364E-01      0.267E-01      0.115E+08     -0.572E+00      0.671E+00
      0.600E+01      0.278E-01      0.237E-01      0.635E+07     -0.665E+00      0.776E+00
      0.625E+01      0.153E-01      0.136E-01      0.237E+07     -0.741E+00      0.857E+00
      0.650E+01      0.137E-02      0.166E-02      0.198E+06     -0.786E+00      0.150E+01
      0.675E+01      0.344E-04      0.833E-04      0.482E+04     -0.993E+00      0.342E+01
      0.700E+01      0.124E-10      0.627E-07      0.175E-02     -0.328E+01      0.249E+05
      0.725E+01      0.000E+00      0.000E+00      0.000E+00     -0.990E+02     -0.990E+02
      0.750E+01      0.000E+00      0.000E+00      0.000E+00     -0.990E+02     -0.990E+02
      0.775E+01      0.000E+00      0.000E+00      0.000E+00     -0.990E+02     -0.990E+02
      0.800E+01      0.000E+00      0.000E+00      0.000E+00     -0.990E+02     -0.990E+02
      0.825E+01      0.000E+00      0.000E+00      0.000E+00     -0.990E+02     -0.990E+02
      0.850E+01      0.000E+00      0.000E+00      0.000E+00     -0.990E+02     -0.990E+02
      0.875E+01      0.000E+00      0.000E+00      0.000E+00     -0.990E+02     -0.990E+02
      0.900E+01      0.000E+00      0.000E+00      0.000E+00     -0.990E+02     -0.990E+02
      0.925E+01      0.000E+00      0.000E+00      0.000E+00     -0.990E+02     -0.990E+02
      0.950E+01      0.000E+00      0.000E+00      0.000E+00     -0.990E+02     -0.990E+02
      0.975E+01      0.000E+00      0.000E+00      0.000E+00     -0.990E+02     -0.990E+02
      0.100E+02      0.000E+00      0.000E+00      0.000E+00     -0.990E+02     -0.990E+02
      0.102E+02      0.000E+00      0.000E+00      0.000E+00     -0.990E+02     -0.990E+02
      0.105E+02      0.000E+00      0.000E+00      0.000E+00     -0.990E+02     -0.990E+02
      0.108E+02      0.000E+00      0.000E+00      0.000E+00     -0.990E+02     -0.990E+02
      0.110E+02      0.000E+00      0.000E+00      0.000E+00     -0.990E+02     -0.990E+02
      0.112E+02      0.000E+00      0.000E+00      0.000E+00     -0.990E+02     -0.990E+02
      0.115E+02      0.000E+00      0.000E+00      0.000E+00     -0.990E+02     -0.990E+02
      0.118E+02      0.000E+00      0.000E+00      0.000E+00     -0.990E+02     -0.990E+02
      0.120E+02      0.000E+00      0.000E+00      0.000E+00     -0.990E+02     -0.990E+02
      0.122E+02      0.000E+00      0.000E+00      0.000E+00     -0.990E+02     -0.990E+02
      0.125E+02      0.000E+00      0.000E+00      0.000E+00     -0.990E+02     -0.990E+02
      0.128E+02      0.000E+00      0.000E+00      0.000E+00     -0.990E+02     -0.990E+02
      0.130E+02      0.000E+00      0.000E+00      0.000E+00     -0.990E+02     -0.990E+02
      0.132E+02      0.000E+00      0.000E+00      0.000E+00     -0.990E+02     -0.990E+02
      0.135E+02      0.000E+00      0.000E+00      0.000E+00     -0.990E+02     -0.990E+02
      0.138E+02      0.000E+00      0.000E+00      0.000E+00     -0.990E+02     -0.990E+02
      0.140E+02      0.000E+00      0.000E+00      0.000E+00     -0.990E+02     -0.990E+02
      0.142E+02      0.000E+00      0.000E+00      0.000E+00     -0.990E+02     -0.990E+02
      0.145E+02      0.000E+00      0.000E+00      0.000E+00     -0.990E+02     -0.990E+02
      0.148E+02      0.000E+00      0.000E+00      0.000E+00     -0.990E+02     -0.990E+02
      0.150E+02      0.000E+00      0.000E+00      0.000E+00     -0.990E+02     -0.990E+02
      0.152E+02      0.000E+00      0.000E+00      0.000E+00     -0.990E+02     -0.990E+02
      0.155E+02      0.000E+00      0.000E+00      0.000E+00     -0.990E+02     -0.990E+02
      0.158E+02      0.000E+00      0.000E+00      0.000E+00     -0.990E+02     -0.990E+02
      0.160E+02      0.000E+00      0.000E+00      0.000E+00     -0.990E+02     -0.990E+02
      0.162E+02      0.000E+00      0.000E+00      0.000E+00     -0.990E+02     -0.990E+02
      0.165E+02      0.000E+00      0.000E+00      0.000E+00     -0.990E+02     -0.990E+02
      0.168E+02      0.000E+00      0.000E+00      0.000E+00     -0.990E+02     -0.990E+02
      0.170E+02      0.000E+00      0.000E+00      0.000E+00     -0.990E+02     -0.990E+02
      0.172E+02      0.000E+00      0.000E+00      0.000E+00     -0.990E+02     -0.990E+02
      0.175E+02      0.000E+00      0.000E+00      0.000E+00     -0.990E+02     -0.990E+02
      0.178E+02      0.000E+00      0.000E+00      0.000E+00     -0.990E+02     -0.990E+02
      0.180E+02      0.000E+00      0.000E+00      0.000E+00     -0.990E+02     -0.990E+02
      0.182E+02      0.000E+00      0.000E+00      0.000E+00     -0.990E+02     -0.990E+02
      0.185E+02      0.000E+00      0.000E+00      0.000E+00     -0.990E+02     -0.990E+02
      0.188E+02      0.000E+00      0.000E+00      0.000E+00     -0.990E+02     -0.990E+02
      0.190E+02      0.000E+00      0.000E+00      0.000E+00     -0.990E+02     -0.990E+02
      0.192E+02      0.000E+00      0.000E+00      0.000E+00     -0.990E+02     -0.990E+02
      0.195E+02      0.000E+00      0.000E+00      0.000E+00     -0.990E+02     -0.990E+02
      0.198E+02      0.000E+00      0.000E+00      0.000E+00     -0.990E+02     -0.990E+02
      0.200E+02      0.000E+00      0.000E+00      0.000E+00     -0.990E+02     -0.990E+02
