      0.000E+00      0.865E-01      0.166E+00      0.269E+09     -0.990E+02     -0.990E+02
      0.100E-03      0.865E-01      0.166E+00      0.269E+09     -0.990E+02     -0.990E+02
      0.140E-03      0.865E-01      0.166E+00      0.269E+09     -0.990E+02     -0.990E+02
      0.160E-03      0.865E-01      0.166E+00      0.269E+09     -0.990E+02     -0.990E+02
      0.180E-03      0.865E-01      0.166E+00      0.269E+09     -0.990E+02     -0.990E+02
      0.200E-03      0.865E-01      0.166E+00      0.269E+09     -0.990E+02     -0.990E+02
      0.220E-03      0.865E-01      0.166E+00      0.269E+09     -0.990E+02     -0.990E+02
      0.250E-03      0.865E-01      0.166E+00      0.269E+09     -0.990E+02     -0.990E+02
      0.280E-03      0.865E-01      0.166E+00      0.269E+09     -0.990E+02     -0.990E+02
      0.320E-03      0.865E-01      0.166E+00      0.269E+09     -0.990E+02     -0.990E+02
      0.350E-03      0.865E-01      0.166E+00      0.269E+09     -0.990E+02     -0.990E+02
      0.400E-03      0.865E-01      0.166E+00      0.269E+09     -0.990E+02     -0.990E+02
      0.450E-03      0.865E-01      0.166E+00      0.269E+09     -0.990E+02     -0.990E+02
      0.500E-03      0.865E-01      0.166E+00      0.269E+09     -0.990E+02     -0.990E+02
      0.560E-03      0.865E-01      0.166E+00      0.269E+09     -0.990E+02     -0.990E+02
      0.630E-03      0.865E-01      0.166E+00      0.269E+09     -0.990E+02     -0.990E+02
      0.710E-03      0.865E-01      0.166E+00      0.269E+09     -0.990E+02     -0.990E+02
      0.790E-03      0.865E-01      0.166E+00      0.269E+09     -0.990E+02     -0.990E+02
      0.890E-03      0.865E-01      0.166E+00      0.269E+09     -0.990E+02     -0.990E+02
      0.100E-02      0.865E-01      0.166E+00      0.269E+09     -0.990E+02     -0.990E+02
      0.105E-02      0.865E-01      0.166E+00      0.269E+09     -0.990E+02     -0.990E+02
      0.110E-02      0.865E-01      0.166E+00      0.269E+09     -0.990E+02     -0.990E+02
      0.115E-02      0.865E-01      0.166E+00      0.269E+09     -0.990E+02     -0.990E+02
      0.120E-02      0.865E-01      0.166E+00      0.269E+09     -0.990E+02     -0.990E+02
      0.126E-02      0.865E-01      0.166E+00      0.269E+09     -0.990E+02     -0.990E+02
      0.132E-02      0.865E-01      0.166E+00      0.269E+09     -0.990E+02     -0.990E+02
      0.138E-02      0.865E-01      0.166E+00      0.269E+09     -0.990E+02     -0.990E+02
      0.145E-02      0.865E-01      0.166E+00      0.269E+09     -0.990E+02     -0.990E+02
      0.151E-02      0.865E-01      0.166E+00      0.269E+09     -0.990E+02     -0.990E+02
      0.158E-02      0.865E-01      0.166E+00      0.269E+09     -0.990E+02     -0.990E+02
      0.166E-02      0.865E-01      0.166E+00      0.269E+09     -0.990E+02     -0.990E+02
      0.174E-02      0.865E-01      0.166E+00      0.269E+09     -0.990E+02     -0.990E+02
      0.182E-02      0.865E-01      0.166E+00      0.269E+09     -0.990E+02     -0.990E+02
      0.191E-02      0.865E-01      0.166E+00      0.269E+09     -0.990E+02     -0.990E+02
      0.200E-02      0.865E-01      0.166E+00      0.269E+09     -0.990E+02     -0.990E+02
      0.209E-02      0.865E-01      0.166E+00      0.269E+09     -0.990E+02     -0.990E+02
      0.219E-02      0.865E-01      0.166E+00      0.269E+09     -0.990E+02     -0.990E+02
      0.229E-02      0.865E-01      0.166E+00      0.269E+09     -0.990E+02     -0.990E+02
      0.240E-02      0.865E-01      0.166E+00      0.269E+09     -0.990E+02     -0.990E+02
      0.251E-02      0.865E-01      0.166E+00      0.269E+09     -0.990E+02     -0.990E+02
      0.263E-02      0.865E-01      0.166E+00      0.269E+09     -0.990E+02     -0.990E+02
      0.275E-02      0.865E-01      0.166E+00      0.269E+09     -0.990E+02     -0.990E+02
      0.288E-02      0.865E-01      0.166E+00      0.269E+09     -0.990E+02     -0.990E+02
      0.302E-02      0.865E-01      0.166E+00      0.269E+09     -0.990E+02     -0.990E+02
      0.316E-02      0.865E-01      0.166E+00      0.269E+09     -0.990E+02     -0.990E+02
      0.331E-02      0.865E-01      0.166E+00      0.269E+09     -0.990E+02     -0.990E+02
      0.347E-02      0.865E-01      0.166E+00      0.269E+09     -0.990E+02     -0.990E+02
      0.363E-02      0.865E-01      0.166E+00      0.269E+09     -0.990E+02     -0.990E+02
      0.380E-02      0.865E-01      0.166E+00      0.269E+09     -0.990E+02     -0.990E+02
      0.398E-02      0.865E-01      0.166E+00      0.269E+09     -0.990E+02     -0.990E+02
      0.417E-02      0.865E-01      0.166E+00      0.269E+09     -0.990E+02     -0.990E+02
      0.437E-02      0.865E-01      0.166E+00      0.269E+09     -0.990E+02     -0.990E+02
      0.457E-02      0.865E-01      0.166E+00      0.269E+09     -0.990E+02     -0.990E+02
      0.479E-02      0.865E-01      0.166E+00      0.269E+09     -0.990E+02     -0.990E+02
      0.501E-02      0.865E-01      0.166E+00      0.269E+09     -0.990E+02     -0.990E+02
      0.525E-02      0.865E-01      0.166E+00      0.269E+09     -0.990E+02     -0.990E+02
      0.550E-02      0.865E-01      0.166E+00      0.269E+09     -0.990E+02     -0.990E+02
      0.575E-02      0.865E-01      0.166E+00      0.269E+09     -0.990E+02     -0.990E+02
      0.603E-02      0.865E-01      0.166E+00      0.269E+09     -0.990E+02     -0.990E+02
      0.631E-02      0.865E-01      0.166E+00      0.269E+09     -0.990E+02     -0.990E+02
      0.661E-02      0.865E-01      0.166E+00      0.269E+09     -0.990E+02     -0.990E+02
      0.692E-02      0.865E-01      0.166E+00      0.269E+09     -0.990E+02     -0.990E+02
      0.724E-02      0.865E-01      0.166E+00      0.269E+09     -0.990E+02     -0.990E+02
      0.759E-02      0.865E-01      0.166E+00      0.269E+09     -0.990E+02     -0.990E+02
      0.794E-02      0.865E-01      0.166E+00      0.269E+09     -0.990E+02     -0.990E+02
      0.832E-02      0.865E-01      0.166E+00      0.269E+09     -0.990E+02     -0.990E+02
      0.871E-02      0.865E-01      0.166E+00      0.269E+09     -0.990E+02     -0.990E+02
      0.912E-02      0.865E-01      0.166E+00      0.269E+09     -0.990E+02     -0.990E+02
      0.955E-02      0.865E-01      0.166E+00      0.269E+09     -0.990E+02     -0.990E+02
      0.100E-01      0.865E-01      0.166E+00      0.269E+09     -0.186E+00      0.287E+00
      0.105E-01      0.130E+00      0.922E-01      0.268E+09     -0.185E+00      0.287E+00
      0.110E-01      0.129E+00      0.918E-01      0.268E+09     -0.185E+00      0.287E+00
      0.115E-01      0.129E+00      0.915E-01      0.268E+09     -0.185E+00      0.287E+00
      0.120E-01      0.129E+00      0.912E-01      0.268E+09     -0.184E+00      0.286E+00
      0.126E-01      0.129E+00      0.913E-01      0.268E+09     -0.185E+00      0.286E+00
      0.132E-01      0.129E+00      0.917E-01      0.268E+09     -0.185E+00      0.286E+00
      0.138E-01      0.129E+00      0.912E-01      0.268E+09     -0.184E+00      0.286E+00
      0.144E-01      0.128E+00      0.905E-01      0.267E+09     -0.184E+00      0.286E+00
      0.151E-01      0.128E+00      0.904E-01      0.267E+09     -0.183E+00      0.285E+00
      0.159E-01      0.128E+00      0.907E-01      0.267E+09     -0.183E+00      0.286E+00
      0.166E-01      0.127E+00      0.903E-01      0.267E+09     -0.182E+00      0.284E+00
      0.174E-01      0.127E+00      0.902E-01      0.267E+09     -0.182E+00      0.284E+00
      0.182E-01      0.128E+00      0.905E-01      0.267E+09     -0.182E+00      0.285E+00
      0.191E-01      0.127E+00      0.901E-01      0.267E+09     -0.181E+00      0.284E+00
      0.200E-01      0.126E+00      0.895E-01      0.267E+09     -0.181E+00      0.284E+00
      0.209E-01      0.126E+00      0.891E-01      0.267E+09     -0.181E+00      0.283E+00
      0.219E-01      0.126E+00      0.889E-01      0.267E+09     -0.180E+00      0.283E+00
      0.229E-01      0.126E+00      0.890E-01      0.267E+09     -0.180E+00      0.283E+00
      0.240E-01      0.126E+00      0.888E-01      0.266E+09     -0.179E+00      0.282E+00
      0.251E-01      0.125E+00      0.886E-01      0.266E+09     -0.179E+00      0.282E+00
      0.263E-01      0.125E+00      0.884E-01      0.266E+09     -0.178E+00      0.282E+00
      0.275E-01      0.124E+00      0.878E-01      0.266E+09     -0.177E+00      0.281E+00
      0.290E-01      0.124E+00      0.875E-01      0.266E+09     -0.176E+00      0.280E+00
      0.300E-01      0.124E+00      0.875E-01      0.266E+09     -0.176E+00      0.280E+00
      0.310E-01      0.123E+00      0.872E-01      0.266E+09     -0.176E+00      0.280E+00
      0.320E-01      0.123E+00      0.870E-01      0.266E+09     -0.175E+00      0.279E+00
      0.330E-01      0.123E+00      0.868E-01      0.265E+09     -0.175E+00      0.279E+00
      0.340E-01      0.123E+00      0.865E-01      0.265E+09     -0.174E+00      0.278E+00
      0.350E-01      0.122E+00      0.863E-01      0.265E+09     -0.173E+00      0.278E+00
      0.360E-01      0.122E+00      0.862E-01      0.265E+09     -0.173E+00      0.278E+00
      0.370E-01      0.122E+00      0.859E-01      0.265E+09     -0.172E+00      0.277E+00
      0.380E-01      0.121E+00      0.856E-01      0.265E+09     -0.172E+00      0.277E+00
      0.390E-01      0.121E+00      0.855E-01      0.265E+09     -0.172E+00      0.277E+00
      0.400E-01      0.121E+00      0.853E-01      0.265E+09     -0.171E+00      0.276E+00
      0.425E-01      0.120E+00      0.847E-01      0.265E+09     -0.170E+00      0.275E+00
      0.450E-01      0.119E+00      0.842E-01      0.264E+09     -0.168E+00      0.274E+00
      0.475E-01      0.119E+00      0.837E-01      0.264E+09     -0.167E+00      0.274E+00
      0.500E-01      0.118E+00      0.831E-01      0.264E+09     -0.166E+00      0.273E+00
      0.525E-01      0.117E+00      0.826E-01      0.264E+09     -0.164E+00      0.272E+00
      0.550E-01      0.116E+00      0.820E-01      0.263E+09     -0.163E+00      0.271E+00
      0.571E-01      0.116E+00      0.817E-01      0.263E+09     -0.161E+00      0.270E+00
      0.640E-01      0.114E+00      0.802E-01      0.263E+09     -0.157E+00      0.267E+00
      0.719E-01      0.111E+00      0.788E-01      0.262E+09     -0.153E+00      0.264E+00
      0.806E-01      0.109E+00      0.766E-01      0.261E+09     -0.147E+00      0.260E+00
      0.905E-01      0.106E+00      0.743E-01      0.261E+09     -0.141E+00      0.257E+00
      0.102E+00      0.102E+00      0.715E-01      0.260E+09     -0.134E+00      0.252E+00
      0.114E+00      0.978E-01      0.686E-01      0.259E+09     -0.125E+00      0.248E+00
      0.128E+00      0.933E-01      0.654E-01      0.258E+09     -0.114E+00      0.242E+00
      0.143E+00      0.884E-01      0.622E-01      0.257E+09     -0.101E+00      0.237E+00
      0.161E+00      0.840E-01      0.593E-01      0.256E+09     -0.880E-01      0.232E+00
      0.181E+00      0.827E-01      0.579E-01      0.255E+09     -0.889E-01      0.233E+00
      0.203E+00      0.810E-01      0.563E-01      0.253E+09     -0.906E-01      0.235E+00
      0.227E+00      0.792E-01      0.548E-01      0.252E+09     -0.927E-01      0.237E+00
      0.255E+00      0.772E-01      0.534E-01      0.251E+09     -0.948E-01      0.239E+00
      0.286E+00      0.753E-01      0.521E-01      0.249E+09     -0.969E-01      0.241E+00
      0.321E+00      0.729E-01      0.505E-01      0.247E+09     -0.988E-01      0.244E+00
      0.360E+00      0.708E-01      0.491E-01      0.245E+09     -0.101E+00      0.245E+00
      0.404E+00      0.683E-01      0.476E-01      0.243E+09     -0.103E+00      0.246E+00
      0.453E+00      0.665E-01      0.459E-01      0.241E+09     -0.103E+00      0.246E+00
      0.509E+00      0.646E-01      0.443E-01      0.239E+09     -0.101E+00      0.247E+00
      0.571E+00      0.628E-01      0.428E-01      0.236E+09     -0.992E-01      0.247E+00
      0.641E+00      0.611E-01      0.416E-01      0.233E+09     -0.959E-01      0.246E+00
      0.719E+00      0.600E-01      0.408E-01      0.230E+09     -0.790E-01      0.233E+00
      0.806E+00      0.597E-01      0.405E-01      0.227E+09     -0.531E-01      0.216E+00
      0.905E+00      0.597E-01      0.403E-01      0.223E+09     -0.230E-01      0.201E+00
      0.102E+01      0.663E-01      0.411E-01      0.219E+09      0.419E-01      0.172E+00
      0.114E+01      0.746E-01      0.460E-01      0.214E+09      0.103E+00      0.180E+00
      0.128E+01      0.740E-01      0.471E-01      0.207E+09      0.994E-01      0.178E+00
      0.143E+01      0.698E-01      0.470E-01      0.200E+09      0.797E-01      0.172E+00
      0.161E+01      0.677E-01      0.479E-01      0.193E+09      0.820E-01      0.180E+00
      0.168E+01      0.671E-01      0.482E-01      0.188E+09      0.803E-01      0.182E+00
      0.170E+01      0.671E-01      0.477E-01      0.186E+09      0.792E-01      0.181E+00
      0.180E+01      0.672E-01      0.465E-01      0.183E+09      0.737E-01      0.180E+00
      0.190E+01      0.671E-01      0.463E-01      0.179E+09      0.661E-01      0.182E+00
      0.200E+01      0.699E-01      0.478E-01      0.175E+09      0.468E-01      0.179E+00
      0.210E+01      0.728E-01      0.492E-01      0.170E+09      0.288E-01      0.175E+00
      0.220E+01      0.784E-01      0.518E-01      0.166E+09     -0.288E-02      0.173E+00
      0.230E+01      0.871E-01      0.561E-01      0.161E+09     -0.490E-01      0.183E+00
      0.240E+01      0.960E-01      0.606E-01      0.156E+09     -0.853E-01      0.202E+00
      0.250E+01      0.105E+00      0.594E-01      0.150E+09     -0.694E-01      0.196E+00
      0.260E+01      0.115E+00      0.629E-01      0.143E+09     -0.512E-01      0.200E+00
      0.275E+01      0.114E+00      0.639E-01      0.135E+09     -0.747E-01      0.238E+00
      0.300E+01      0.106E+00      0.661E-01      0.121E+09     -0.143E+00      0.301E+00
      0.325E+01      0.107E+00      0.642E-01      0.105E+09     -0.125E+00      0.251E+00
      0.350E+01      0.906E-01      0.566E-01      0.890E+08     -0.669E-01      0.203E+00
      0.375E+01      0.790E-01      0.509E-01      0.755E+08     -0.760E-02      0.179E+00
      0.400E+01      0.797E-01      0.465E-01      0.638E+08     -0.596E-01      0.183E+00
      0.425E+01      0.731E-01      0.431E-01      0.520E+08     -0.117E-01      0.159E+00
      0.450E+01      0.633E-01      0.436E-01      0.413E+08     -0.355E-01      0.247E+00
      0.475E+01      0.777E-01      0.511E-01      0.320E+08     -0.901E-01      0.297E+00
      0.500E+01      0.578E-01      0.370E-01      0.207E+08     -0.633E-01      0.161E+00
      0.525E+01      0.304E-01      0.279E-01      0.123E+08     -0.785E-01      0.200E+00
      0.550E+01      0.203E-01      0.272E-01      0.785E+07     -0.720E-01      0.263E+00
      0.575E+01      0.154E-01      0.223E-01      0.491E+07     -0.895E-01      0.320E+00
      0.600E+01      0.108E-01      0.171E-01      0.268E+07     -0.114E+00      0.363E+00
      0.625E+01      0.562E-02      0.103E-01      0.114E+07     -0.211E+00      0.610E+00
      0.650E+01      0.193E-02      0.541E-02      0.333E+06     -0.296E+00      0.137E+01
      0.675E+01      0.400E-03      0.161E-02      0.590E+05     -0.405E+00      0.236E+01
      0.700E+01      0.153E-04      0.185E-03      0.220E+04     -0.612E+00      0.961E+01
      0.725E+01      0.305E-06      0.168E-04      0.429E+02     -0.743E+00      0.507E+02
      0.750E+01      0.255E-13      0.505E-09      0.357E-05     -0.985E+00      0.258E+05
      0.775E+01      0.000E+00      0.000E+00      0.000E+00     -0.990E+02     -0.990E+02
      0.800E+01      0.000E+00      0.000E+00      0.000E+00     -0.990E+02     -0.990E+02
      0.825E+01      0.000E+00      0.000E+00      0.000E+00     -0.990E+02     -0.990E+02
      0.850E+01      0.000E+00      0.000E+00      0.000E+00     -0.990E+02     -0.990E+02
      0.875E+01      0.000E+00      0.000E+00      0.000E+00     -0.990E+02     -0.990E+02
      0.900E+01      0.000E+00      0.000E+00      0.000E+00     -0.990E+02     -0.990E+02
      0.925E+01      0.000E+00      0.000E+00      0.000E+00     -0.990E+02     -0.990E+02
      0.950E+01      0.000E+00      0.000E+00      0.000E+00     -0.990E+02     -0.990E+02
      0.975E+01      0.000E+00      0.000E+00      0.000E+00     -0.990E+02     -0.990E+02
      0.100E+02      0.000E+00      0.000E+00      0.000E+00     -0.990E+02     -0.990E+02
      0.102E+02      0.000E+00      0.000E+00      0.000E+00     -0.990E+02     -0.990E+02
      0.105E+02      0.000E+00      0.000E+00      0.000E+00     -0.990E+02     -0.990E+02
      0.108E+02      0.000E+00      0.000E+00      0.000E+00     -0.990E+02     -0.990E+02
      0.110E+02      0.000E+00      0.000E+00      0.000E+00     -0.990E+02     -0.990E+02
      0.112E+02      0.000E+00      0.000E+00      0.000E+00     -0.990E+02     -0.990E+02
      0.115E+02      0.000E+00      0.000E+00      0.000E+00     -0.990E+02     -0.990E+02
      0.118E+02      0.000E+00      0.000E+00      0.000E+00     -0.990E+02     -0.990E+02
      0.120E+02      0.000E+00      0.000E+00      0.000E+00     -0.990E+02     -0.990E+02
      0.122E+02      0.000E+00      0.000E+00      0.000E+00     -0.990E+02     -0.990E+02
      0.125E+02      0.000E+00      0.000E+00      0.000E+00     -0.990E+02     -0.990E+02
      0.128E+02      0.000E+00      0.000E+00      0.000E+00     -0.990E+02     -0.990E+02
      0.130E+02      0.000E+00      0.000E+00      0.000E+00     -0.990E+02     -0.990E+02
      0.132E+02      0.000E+00      0.000E+00      0.000E+00     -0.990E+02     -0.990E+02
      0.135E+02      0.000E+00      0.000E+00      0.000E+00     -0.990E+02     -0.990E+02
      0.138E+02      0.000E+00      0.000E+00      0.000E+00     -0.990E+02     -0.990E+02
      0.140E+02      0.000E+00      0.000E+00      0.000E+00     -0.990E+02     -0.990E+02
      0.142E+02      0.000E+00      0.000E+00      0.000E+00     -0.990E+02     -0.990E+02
      0.145E+02      0.000E+00      0.000E+00      0.000E+00     -0.990E+02     -0.990E+02
      0.148E+02      0.000E+00      0.000E+00      0.000E+00     -0.990E+02     -0.990E+02
      0.150E+02      0.000E+00      0.000E+00      0.000E+00     -0.990E+02     -0.990E+02
      0.152E+02      0.000E+00      0.000E+00      0.000E+00     -0.990E+02     -0.990E+02
      0.155E+02      0.000E+00      0.000E+00      0.000E+00     -0.990E+02     -0.990E+02
      0.158E+02      0.000E+00      0.000E+00      0.000E+00     -0.990E+02     -0.990E+02
      0.160E+02      0.000E+00      0.000E+00      0.000E+00     -0.990E+02     -0.990E+02
      0.162E+02      0.000E+00      0.000E+00      0.000E+00     -0.990E+02     -0.990E+02
      0.165E+02      0.000E+00      0.000E+00      0.000E+00     -0.990E+02     -0.990E+02
      0.168E+02      0.000E+00      0.000E+00      0.000E+00     -0.990E+02     -0.990E+02
      0.170E+02      0.000E+00      0.000E+00      0.000E+00     -0.990E+02     -0.990E+02
      0.172E+02      0.000E+00      0.000E+00      0.000E+00     -0.990E+02     -0.990E+02
      0.175E+02      0.000E+00      0.000E+00      0.000E+00     -0.990E+02     -0.990E+02
      0.178E+02      0.000E+00      0.000E+00      0.000E+00     -0.990E+02     -0.990E+02
      0.180E+02      0.000E+00      0.000E+00      0.000E+00     -0.990E+02     -0.990E+02
      0.182E+02      0.000E+00      0.000E+00      0.000E+00     -0.990E+02     -0.990E+02
      0.185E+02      0.000E+00      0.000E+00      0.000E+00     -0.990E+02     -0.990E+02
      0.188E+02      0.000E+00      0.000E+00      0.000E+00     -0.990E+02     -0.990E+02
      0.190E+02      0.000E+00      0.000E+00      0.000E+00     -0.990E+02     -0.990E+02
      0.192E+02      0.000E+00      0.000E+00      0.000E+00     -0.990E+02     -0.990E+02
      0.195E+02      0.000E+00      0.000E+00      0.000E+00     -0.990E+02     -0.990E+02
      0.198E+02      0.000E+00      0.000E+00      0.000E+00     -0.990E+02     -0.990E+02
      0.200E+02      0.000E+00      0.000E+00      0.000E+00     -0.990E+02     -0.990E+02
