      0.000E+00      0.261E+00      0.313E+00      0.440E+09     -0.990E+02     -0.990E+02
      0.100E-03      0.261E+00      0.313E+00      0.440E+09     -0.990E+02     -0.990E+02
      0.140E-03      0.261E+00      0.313E+00      0.440E+09     -0.990E+02     -0.990E+02
      0.160E-03      0.261E+00      0.313E+00      0.440E+09     -0.990E+02     -0.990E+02
      0.180E-03      0.261E+00      0.313E+00      0.440E+09     -0.990E+02     -0.990E+02
      0.200E-03      0.261E+00      0.313E+00      0.440E+09     -0.990E+02     -0.990E+02
      0.220E-03      0.261E+00      0.313E+00      0.440E+09     -0.990E+02     -0.990E+02
      0.250E-03      0.261E+00      0.313E+00      0.440E+09     -0.990E+02     -0.990E+02
      0.280E-03      0.261E+00      0.313E+00      0.440E+09     -0.990E+02     -0.990E+02
      0.320E-03      0.261E+00      0.313E+00      0.440E+09     -0.990E+02     -0.990E+02
      0.350E-03      0.261E+00      0.313E+00      0.440E+09     -0.990E+02     -0.990E+02
      0.400E-03      0.261E+00      0.313E+00      0.440E+09     -0.990E+02     -0.990E+02
      0.450E-03      0.261E+00      0.313E+00      0.440E+09     -0.990E+02     -0.990E+02
      0.500E-03      0.261E+00      0.313E+00      0.440E+09     -0.990E+02     -0.990E+02
      0.560E-03      0.261E+00      0.313E+00      0.440E+09     -0.990E+02     -0.990E+02
      0.630E-03      0.261E+00      0.313E+00      0.440E+09     -0.990E+02     -0.990E+02
      0.710E-03      0.261E+00      0.313E+00      0.440E+09     -0.990E+02     -0.990E+02
      0.790E-03      0.261E+00      0.313E+00      0.440E+09     -0.990E+02     -0.990E+02
      0.890E-03      0.261E+00      0.313E+00      0.440E+09     -0.990E+02     -0.990E+02
      0.100E-02      0.261E+00      0.313E+00      0.440E+09     -0.990E+02     -0.990E+02
      0.105E-02      0.261E+00      0.313E+00      0.440E+09     -0.990E+02     -0.990E+02
      0.110E-02      0.261E+00      0.313E+00      0.440E+09     -0.990E+02     -0.990E+02
      0.115E-02      0.261E+00      0.313E+00      0.440E+09     -0.990E+02     -0.990E+02
      0.120E-02      0.261E+00      0.313E+00      0.440E+09     -0.990E+02     -0.990E+02
      0.126E-02      0.261E+00      0.313E+00      0.440E+09     -0.990E+02     -0.990E+02
      0.132E-02      0.261E+00      0.313E+00      0.440E+09     -0.990E+02     -0.990E+02
      0.138E-02      0.261E+00      0.313E+00      0.440E+09     -0.990E+02     -0.990E+02
      0.145E-02      0.261E+00      0.313E+00      0.440E+09     -0.990E+02     -0.990E+02
      0.151E-02      0.261E+00      0.313E+00      0.440E+09     -0.990E+02     -0.990E+02
      0.158E-02      0.261E+00      0.313E+00      0.440E+09     -0.990E+02     -0.990E+02
      0.166E-02      0.261E+00      0.313E+00      0.440E+09     -0.990E+02     -0.990E+02
      0.174E-02      0.261E+00      0.313E+00      0.440E+09     -0.990E+02     -0.990E+02
      0.182E-02      0.261E+00      0.313E+00      0.440E+09     -0.990E+02     -0.990E+02
      0.191E-02      0.261E+00      0.313E+00      0.440E+09     -0.990E+02     -0.990E+02
      0.200E-02      0.261E+00      0.313E+00      0.440E+09     -0.990E+02     -0.990E+02
      0.209E-02      0.261E+00      0.313E+00      0.440E+09     -0.990E+02     -0.990E+02
      0.219E-02      0.261E+00      0.313E+00      0.440E+09     -0.990E+02     -0.990E+02
      0.229E-02      0.261E+00      0.313E+00      0.440E+09     -0.990E+02     -0.990E+02
      0.240E-02      0.261E+00      0.313E+00      0.440E+09     -0.990E+02     -0.990E+02
      0.251E-02      0.261E+00      0.313E+00      0.440E+09     -0.990E+02     -0.990E+02
      0.263E-02      0.261E+00      0.313E+00      0.440E+09     -0.990E+02     -0.990E+02
      0.275E-02      0.261E+00      0.313E+00      0.440E+09     -0.990E+02     -0.990E+02
      0.288E-02      0.261E+00      0.313E+00      0.440E+09     -0.990E+02     -0.990E+02
      0.302E-02      0.261E+00      0.313E+00      0.440E+09     -0.990E+02     -0.990E+02
      0.316E-02      0.261E+00      0.313E+00      0.440E+09     -0.990E+02     -0.990E+02
      0.331E-02      0.261E+00      0.313E+00      0.440E+09     -0.990E+02     -0.990E+02
      0.347E-02      0.261E+00      0.313E+00      0.440E+09     -0.990E+02     -0.990E+02
      0.363E-02      0.261E+00      0.313E+00      0.440E+09     -0.990E+02     -0.990E+02
      0.380E-02      0.261E+00      0.313E+00      0.440E+09     -0.990E+02     -0.990E+02
      0.398E-02      0.261E+00      0.313E+00      0.440E+09     -0.990E+02     -0.990E+02
      0.417E-02      0.261E+00      0.313E+00      0.440E+09     -0.990E+02     -0.990E+02
      0.437E-02      0.261E+00      0.313E+00      0.440E+09     -0.990E+02     -0.990E+02
      0.457E-02      0.261E+00      0.313E+00      0.440E+09     -0.990E+02     -0.990E+02
      0.479E-02      0.261E+00      0.313E+00      0.440E+09     -0.990E+02     -0.990E+02
      0.501E-02      0.261E+00      0.313E+00      0.440E+09     -0.990E+02     -0.990E+02
      0.525E-02      0.261E+00      0.313E+00      0.440E+09     -0.990E+02     -0.990E+02
      0.550E-02      0.261E+00      0.313E+00      0.440E+09     -0.990E+02     -0.990E+02
      0.575E-02      0.261E+00      0.313E+00      0.440E+09     -0.990E+02     -0.990E+02
      0.603E-02      0.261E+00      0.313E+00      0.440E+09     -0.990E+02     -0.990E+02
      0.631E-02      0.261E+00      0.313E+00      0.440E+09     -0.990E+02     -0.990E+02
      0.661E-02      0.261E+00      0.313E+00      0.440E+09     -0.990E+02     -0.990E+02
      0.692E-02      0.261E+00      0.313E+00      0.440E+09     -0.990E+02     -0.990E+02
      0.724E-02      0.261E+00      0.313E+00      0.440E+09     -0.990E+02     -0.990E+02
      0.759E-02      0.261E+00      0.313E+00      0.440E+09     -0.990E+02     -0.990E+02
      0.794E-02      0.261E+00      0.313E+00      0.440E+09     -0.990E+02     -0.990E+02
      0.832E-02      0.261E+00      0.313E+00      0.440E+09     -0.990E+02     -0.990E+02
      0.871E-02      0.261E+00      0.313E+00      0.440E+09     -0.990E+02     -0.990E+02
      0.912E-02      0.261E+00      0.313E+00      0.440E+09     -0.990E+02     -0.990E+02
      0.955E-02      0.261E+00      0.313E+00      0.440E+09     -0.990E+02     -0.990E+02
      0.100E-01      0.261E+00      0.313E+00      0.440E+09     -0.859E+00      0.763E+00
      0.105E-01      0.760E+00      0.477E+00      0.437E+09     -0.859E+00      0.763E+00
      0.110E-01      0.757E+00      0.475E+00      0.437E+09     -0.859E+00      0.763E+00
      0.115E-01      0.754E+00      0.473E+00      0.437E+09     -0.859E+00      0.762E+00
      0.120E-01      0.753E+00      0.471E+00      0.436E+09     -0.859E+00      0.761E+00
      0.126E-01      0.753E+00      0.471E+00      0.436E+09     -0.859E+00      0.760E+00
      0.132E-01      0.757E+00      0.473E+00      0.435E+09     -0.859E+00      0.760E+00
      0.138E-01      0.754E+00      0.471E+00      0.435E+09     -0.859E+00      0.760E+00
      0.144E-01      0.747E+00      0.467E+00      0.435E+09     -0.859E+00      0.759E+00
      0.151E-01      0.748E+00      0.467E+00      0.434E+09     -0.859E+00      0.758E+00
      0.159E-01      0.750E+00      0.468E+00      0.434E+09     -0.859E+00      0.758E+00
      0.166E-01      0.749E+00      0.466E+00      0.433E+09     -0.859E+00      0.757E+00
      0.174E-01      0.749E+00      0.466E+00      0.433E+09     -0.859E+00      0.756E+00
      0.182E-01      0.751E+00      0.466E+00      0.432E+09     -0.860E+00      0.755E+00
      0.191E-01      0.749E+00      0.464E+00      0.432E+09     -0.860E+00      0.754E+00
      0.200E-01      0.745E+00      0.462E+00      0.431E+09     -0.860E+00      0.754E+00
      0.209E-01      0.742E+00      0.460E+00      0.431E+09     -0.860E+00      0.753E+00
      0.219E-01      0.742E+00      0.459E+00      0.430E+09     -0.860E+00      0.752E+00
      0.229E-01      0.742E+00      0.458E+00      0.429E+09     -0.860E+00      0.751E+00
      0.240E-01      0.741E+00      0.457E+00      0.429E+09     -0.860E+00      0.750E+00
      0.251E-01      0.741E+00      0.457E+00      0.428E+09     -0.860E+00      0.749E+00
      0.263E-01      0.739E+00      0.455E+00      0.427E+09     -0.860E+00      0.748E+00
      0.275E-01      0.736E+00      0.452E+00      0.427E+09     -0.860E+00      0.746E+00
      0.290E-01      0.735E+00      0.450E+00      0.426E+09     -0.860E+00      0.745E+00
      0.300E-01      0.734E+00      0.449E+00      0.425E+09     -0.860E+00      0.744E+00
      0.310E-01      0.733E+00      0.448E+00      0.424E+09     -0.861E+00      0.744E+00
      0.320E-01      0.732E+00      0.447E+00      0.424E+09     -0.861E+00      0.743E+00
      0.330E-01      0.730E+00      0.446E+00      0.423E+09     -0.861E+00      0.742E+00
      0.340E-01      0.729E+00      0.445E+00      0.423E+09     -0.861E+00      0.741E+00
      0.350E-01      0.728E+00      0.443E+00      0.422E+09     -0.861E+00      0.740E+00
      0.360E-01      0.727E+00      0.442E+00      0.421E+09     -0.861E+00      0.740E+00
      0.370E-01      0.726E+00      0.441E+00      0.421E+09     -0.861E+00      0.739E+00
      0.380E-01      0.725E+00      0.440E+00      0.420E+09     -0.861E+00      0.738E+00
      0.390E-01      0.724E+00      0.439E+00      0.420E+09     -0.861E+00      0.737E+00
      0.400E-01      0.723E+00      0.437E+00      0.419E+09     -0.861E+00      0.736E+00
      0.425E-01      0.720E+00      0.435E+00      0.418E+09     -0.861E+00      0.734E+00
      0.450E-01      0.717E+00      0.432E+00      0.417E+09     -0.862E+00      0.732E+00
      0.475E-01      0.714E+00      0.429E+00      0.415E+09     -0.862E+00      0.731E+00
      0.500E-01      0.711E+00      0.426E+00      0.414E+09     -0.862E+00      0.729E+00
      0.525E-01      0.708E+00      0.424E+00      0.412E+09     -0.862E+00      0.728E+00
      0.550E-01      0.705E+00      0.421E+00      0.411E+09     -0.863E+00      0.726E+00
      0.571E-01      0.703E+00      0.418E+00      0.410E+09     -0.863E+00      0.724E+00
      0.640E-01      0.695E+00      0.412E+00      0.407E+09     -0.863E+00      0.721E+00
      0.719E-01      0.686E+00      0.404E+00      0.403E+09     -0.864E+00      0.717E+00
      0.806E-01      0.675E+00      0.396E+00      0.399E+09     -0.865E+00      0.715E+00
      0.905E-01      0.664E+00      0.388E+00      0.394E+09     -0.866E+00      0.713E+00
      0.102E+00      0.648E+00      0.378E+00      0.389E+09     -0.866E+00      0.713E+00
      0.114E+00      0.627E+00      0.363E+00      0.383E+09     -0.866E+00      0.709E+00
      0.128E+00      0.602E+00      0.347E+00      0.377E+09     -0.864E+00      0.704E+00
      0.143E+00      0.574E+00      0.329E+00      0.370E+09     -0.861E+00      0.702E+00
      0.161E+00      0.543E+00      0.312E+00      0.363E+09     -0.858E+00      0.705E+00
      0.181E+00      0.509E+00      0.295E+00      0.355E+09     -0.854E+00      0.715E+00
      0.203E+00      0.484E+00      0.283E+00      0.348E+09     -0.852E+00      0.720E+00
      0.227E+00      0.464E+00      0.270E+00      0.340E+09     -0.851E+00      0.714E+00
      0.255E+00      0.443E+00      0.257E+00      0.331E+09     -0.849E+00      0.711E+00
      0.286E+00      0.417E+00      0.243E+00      0.322E+09     -0.844E+00      0.710E+00
      0.321E+00      0.387E+00      0.229E+00      0.312E+09     -0.837E+00      0.717E+00
      0.360E+00      0.358E+00      0.214E+00      0.302E+09     -0.832E+00      0.726E+00
      0.404E+00      0.341E+00      0.200E+00      0.292E+09     -0.831E+00      0.715E+00
      0.453E+00      0.326E+00      0.191E+00      0.281E+09     -0.833E+00      0.721E+00
      0.509E+00      0.315E+00      0.186E+00      0.269E+09     -0.840E+00      0.737E+00
      0.571E+00      0.308E+00      0.188E+00      0.256E+09     -0.848E+00      0.767E+00
      0.641E+00      0.306E+00      0.188E+00      0.243E+09     -0.846E+00      0.782E+00
      0.719E+00      0.300E+00      0.189E+00      0.228E+09     -0.842E+00      0.796E+00
      0.806E+00      0.292E+00      0.190E+00      0.211E+09     -0.840E+00      0.807E+00
      0.905E+00      0.267E+00      0.170E+00      0.193E+09     -0.864E+00      0.803E+00
      0.102E+01      0.245E+00      0.147E+00      0.175E+09     -0.895E+00      0.770E+00
      0.114E+01      0.234E+00      0.145E+00      0.157E+09     -0.918E+00      0.827E+00
      0.128E+01      0.223E+00      0.133E+00      0.137E+09     -0.965E+00      0.828E+00
      0.143E+01      0.206E+00      0.122E+00      0.116E+09     -0.984E+00      0.846E+00
      0.161E+01      0.184E+00      0.121E+00      0.945E+08     -0.899E+00      0.836E+00
      0.168E+01      0.175E+00      0.114E+00      0.805E+08     -0.870E+00      0.803E+00
      0.170E+01      0.173E+00      0.112E+00      0.755E+08     -0.869E+00      0.796E+00
      0.180E+01      0.163E+00      0.110E+00      0.691E+08     -0.864E+00      0.805E+00
      0.190E+01      0.149E+00      0.103E+00      0.590E+08     -0.882E+00      0.872E+00
      0.200E+01      0.127E+00      0.927E-01      0.498E+08     -0.890E+00      0.913E+00
      0.210E+01      0.101E+00      0.771E-01      0.421E+08     -0.910E+00      0.988E+00
      0.220E+01      0.828E-01      0.650E-01      0.359E+08     -0.949E+00      0.110E+01
      0.230E+01      0.785E-01      0.563E-01      0.309E+08     -0.103E+01      0.101E+01
      0.240E+01      0.764E-01      0.555E-01      0.261E+08     -0.109E+01      0.108E+01
      0.250E+01      0.653E-01      0.569E-01      0.215E+08     -0.104E+01      0.120E+01
      0.260E+01      0.487E-01      0.536E-01      0.176E+08     -0.885E+00      0.128E+01
      0.275E+01      0.364E-01      0.609E-01      0.139E+08     -0.662E+00      0.163E+01
      0.300E+01      0.263E-01      0.459E-01      0.956E+07     -0.856E+00      0.215E+01
      0.325E+01      0.132E-01      0.324E-01      0.566E+07     -0.516E+00      0.176E+01
      0.350E+01      0.107E-01      0.280E-01      0.371E+07     -0.470E+00      0.165E+01
      0.375E+01      0.808E-02      0.221E-01      0.212E+07     -0.386E+00      0.146E+01
      0.400E+01      0.645E-02      0.146E-01      0.936E+06     -0.844E+00      0.256E+01
      0.425E+01      0.286E-04      0.641E-03      0.412E+04     -0.965E+00      0.285E+02
      0.450E+01      0.574E-09      0.642E-06      0.830E-01     -0.689E+00      0.952E+03
      0.475E+01      0.202E-34      0.336E-19      0.288E-26     -0.102E+01            NaN
      0.500E+01      0.000E+00      0.000E+00      0.000E+00     -0.990E+02     -0.990E+02
      0.525E+01      0.000E+00      0.000E+00      0.000E+00     -0.990E+02     -0.990E+02
      0.550E+01      0.000E+00      0.000E+00      0.000E+00     -0.990E+02     -0.990E+02
      0.575E+01      0.000E+00      0.000E+00      0.000E+00     -0.990E+02     -0.990E+02
      0.600E+01      0.000E+00      0.000E+00      0.000E+00     -0.990E+02     -0.990E+02
      0.625E+01      0.000E+00      0.000E+00      0.000E+00     -0.990E+02     -0.990E+02
      0.650E+01      0.000E+00      0.000E+00      0.000E+00     -0.990E+02     -0.990E+02
      0.675E+01      0.000E+00      0.000E+00      0.000E+00     -0.990E+02     -0.990E+02
      0.700E+01      0.000E+00      0.000E+00      0.000E+00     -0.990E+02     -0.990E+02
      0.725E+01      0.000E+00      0.000E+00      0.000E+00     -0.990E+02     -0.990E+02
      0.750E+01      0.000E+00      0.000E+00      0.000E+00     -0.990E+02     -0.990E+02
      0.775E+01      0.000E+00      0.000E+00      0.000E+00     -0.990E+02     -0.990E+02
      0.800E+01      0.000E+00      0.000E+00      0.000E+00     -0.990E+02     -0.990E+02
      0.825E+01      0.000E+00      0.000E+00      0.000E+00     -0.990E+02     -0.990E+02
      0.850E+01      0.000E+00      0.000E+00      0.000E+00     -0.990E+02     -0.990E+02
      0.875E+01      0.000E+00      0.000E+00      0.000E+00     -0.990E+02     -0.990E+02
      0.900E+01      0.000E+00      0.000E+00      0.000E+00     -0.990E+02     -0.990E+02
      0.925E+01      0.000E+00      0.000E+00      0.000E+00     -0.990E+02     -0.990E+02
      0.950E+01      0.000E+00      0.000E+00      0.000E+00     -0.990E+02     -0.990E+02
      0.975E+01      0.000E+00      0.000E+00      0.000E+00     -0.990E+02     -0.990E+02
      0.100E+02      0.000E+00      0.000E+00      0.000E+00     -0.990E+02     -0.990E+02
      0.102E+02      0.000E+00      0.000E+00      0.000E+00     -0.990E+02     -0.990E+02
      0.105E+02      0.000E+00      0.000E+00      0.000E+00     -0.990E+02     -0.990E+02
      0.108E+02      0.000E+00      0.000E+00      0.000E+00     -0.990E+02     -0.990E+02
      0.110E+02      0.000E+00      0.000E+00      0.000E+00     -0.990E+02     -0.990E+02
      0.112E+02      0.000E+00      0.000E+00      0.000E+00     -0.990E+02     -0.990E+02
      0.115E+02      0.000E+00      0.000E+00      0.000E+00     -0.990E+02     -0.990E+02
      0.118E+02      0.000E+00      0.000E+00      0.000E+00     -0.990E+02     -0.990E+02
      0.120E+02      0.000E+00      0.000E+00      0.000E+00     -0.990E+02     -0.990E+02
      0.122E+02      0.000E+00      0.000E+00      0.000E+00     -0.990E+02     -0.990E+02
      0.125E+02      0.000E+00      0.000E+00      0.000E+00     -0.990E+02     -0.990E+02
      0.128E+02      0.000E+00      0.000E+00      0.000E+00     -0.990E+02     -0.990E+02
      0.130E+02      0.000E+00      0.000E+00      0.000E+00     -0.990E+02     -0.990E+02
      0.132E+02      0.000E+00      0.000E+00      0.000E+00     -0.990E+02     -0.990E+02
      0.135E+02      0.000E+00      0.000E+00      0.000E+00     -0.990E+02     -0.990E+02
      0.138E+02      0.000E+00      0.000E+00      0.000E+00     -0.990E+02     -0.990E+02
      0.140E+02      0.000E+00      0.000E+00      0.000E+00     -0.990E+02     -0.990E+02
      0.142E+02      0.000E+00      0.000E+00      0.000E+00     -0.990E+02     -0.990E+02
      0.145E+02      0.000E+00      0.000E+00      0.000E+00     -0.990E+02     -0.990E+02
      0.148E+02      0.000E+00      0.000E+00      0.000E+00     -0.990E+02     -0.990E+02
      0.150E+02      0.000E+00      0.000E+00      0.000E+00     -0.990E+02     -0.990E+02
      0.152E+02      0.000E+00      0.000E+00      0.000E+00     -0.990E+02     -0.990E+02
      0.155E+02      0.000E+00      0.000E+00      0.000E+00     -0.990E+02     -0.990E+02
      0.158E+02      0.000E+00      0.000E+00      0.000E+00     -0.990E+02     -0.990E+02
      0.160E+02      0.000E+00      0.000E+00      0.000E+00     -0.990E+02     -0.990E+02
      0.162E+02      0.000E+00      0.000E+00      0.000E+00     -0.990E+02     -0.990E+02
      0.165E+02      0.000E+00      0.000E+00      0.000E+00     -0.990E+02     -0.990E+02
      0.168E+02      0.000E+00      0.000E+00      0.000E+00     -0.990E+02     -0.990E+02
      0.170E+02      0.000E+00      0.000E+00      0.000E+00     -0.990E+02     -0.990E+02
      0.172E+02      0.000E+00      0.000E+00      0.000E+00     -0.990E+02     -0.990E+02
      0.175E+02      0.000E+00      0.000E+00      0.000E+00     -0.990E+02     -0.990E+02
      0.178E+02      0.000E+00      0.000E+00      0.000E+00     -0.990E+02     -0.990E+02
      0.180E+02      0.000E+00      0.000E+00      0.000E+00     -0.990E+02     -0.990E+02
      0.182E+02      0.000E+00      0.000E+00      0.000E+00     -0.990E+02     -0.990E+02
      0.185E+02      0.000E+00      0.000E+00      0.000E+00     -0.990E+02     -0.990E+02
      0.188E+02      0.000E+00      0.000E+00      0.000E+00     -0.990E+02     -0.990E+02
      0.190E+02      0.000E+00      0.000E+00      0.000E+00     -0.990E+02     -0.990E+02
      0.192E+02      0.000E+00      0.000E+00      0.000E+00     -0.990E+02     -0.990E+02
      0.195E+02      0.000E+00      0.000E+00      0.000E+00     -0.990E+02     -0.990E+02
      0.198E+02      0.000E+00      0.000E+00      0.000E+00     -0.990E+02     -0.990E+02
      0.200E+02      0.000E+00      0.000E+00      0.000E+00     -0.990E+02     -0.990E+02
