      0.000E+00      0.622E+00      0.963E+00      0.640E+09     -0.990E+02     -0.990E+02
      0.100E-03      0.622E+00      0.963E+00      0.640E+09     -0.990E+02     -0.990E+02
      0.140E-03      0.622E+00      0.963E+00      0.640E+09     -0.990E+02     -0.990E+02
      0.160E-03      0.622E+00      0.963E+00      0.640E+09     -0.990E+02     -0.990E+02
      0.180E-03      0.622E+00      0.963E+00      0.640E+09     -0.990E+02     -0.990E+02
      0.200E-03      0.622E+00      0.963E+00      0.640E+09     -0.990E+02     -0.990E+02
      0.220E-03      0.622E+00      0.963E+00      0.640E+09     -0.990E+02     -0.990E+02
      0.250E-03      0.622E+00      0.963E+00      0.640E+09     -0.990E+02     -0.990E+02
      0.280E-03      0.622E+00      0.963E+00      0.640E+09     -0.990E+02     -0.990E+02
      0.320E-03      0.622E+00      0.963E+00      0.640E+09     -0.990E+02     -0.990E+02
      0.350E-03      0.622E+00      0.963E+00      0.640E+09     -0.990E+02     -0.990E+02
      0.400E-03      0.622E+00      0.963E+00      0.640E+09     -0.990E+02     -0.990E+02
      0.450E-03      0.622E+00      0.963E+00      0.640E+09     -0.990E+02     -0.990E+02
      0.500E-03      0.622E+00      0.963E+00      0.640E+09     -0.990E+02     -0.990E+02
      0.560E-03      0.622E+00      0.963E+00      0.640E+09     -0.990E+02     -0.990E+02
      0.630E-03      0.622E+00      0.963E+00      0.640E+09     -0.990E+02     -0.990E+02
      0.710E-03      0.622E+00      0.963E+00      0.640E+09     -0.990E+02     -0.990E+02
      0.790E-03      0.622E+00      0.963E+00      0.640E+09     -0.990E+02     -0.990E+02
      0.890E-03      0.622E+00      0.963E+00      0.640E+09     -0.990E+02     -0.990E+02
      0.100E-02      0.622E+00      0.963E+00      0.640E+09     -0.990E+02     -0.990E+02
      0.105E-02      0.622E+00      0.963E+00      0.640E+09     -0.990E+02     -0.990E+02
      0.110E-02      0.622E+00      0.963E+00      0.640E+09     -0.990E+02     -0.990E+02
      0.115E-02      0.622E+00      0.963E+00      0.640E+09     -0.990E+02     -0.990E+02
      0.120E-02      0.622E+00      0.963E+00      0.640E+09     -0.990E+02     -0.990E+02
      0.126E-02      0.622E+00      0.963E+00      0.640E+09     -0.990E+02     -0.990E+02
      0.132E-02      0.622E+00      0.963E+00      0.640E+09     -0.990E+02     -0.990E+02
      0.138E-02      0.622E+00      0.963E+00      0.640E+09     -0.990E+02     -0.990E+02
      0.145E-02      0.622E+00      0.963E+00      0.640E+09     -0.990E+02     -0.990E+02
      0.151E-02      0.622E+00      0.963E+00      0.640E+09     -0.990E+02     -0.990E+02
      0.158E-02      0.622E+00      0.963E+00      0.640E+09     -0.990E+02     -0.990E+02
      0.166E-02      0.622E+00      0.963E+00      0.640E+09     -0.990E+02     -0.990E+02
      0.174E-02      0.622E+00      0.963E+00      0.640E+09     -0.990E+02     -0.990E+02
      0.182E-02      0.622E+00      0.963E+00      0.640E+09     -0.990E+02     -0.990E+02
      0.191E-02      0.622E+00      0.963E+00      0.640E+09     -0.990E+02     -0.990E+02
      0.200E-02      0.622E+00      0.963E+00      0.640E+09     -0.990E+02     -0.990E+02
      0.209E-02      0.622E+00      0.963E+00      0.640E+09     -0.990E+02     -0.990E+02
      0.219E-02      0.622E+00      0.963E+00      0.640E+09     -0.990E+02     -0.990E+02
      0.229E-02      0.622E+00      0.963E+00      0.640E+09     -0.990E+02     -0.990E+02
      0.240E-02      0.622E+00      0.963E+00      0.640E+09     -0.990E+02     -0.990E+02
      0.251E-02      0.622E+00      0.963E+00      0.640E+09     -0.990E+02     -0.990E+02
      0.263E-02      0.622E+00      0.963E+00      0.640E+09     -0.990E+02     -0.990E+02
      0.275E-02      0.622E+00      0.963E+00      0.640E+09     -0.990E+02     -0.990E+02
      0.288E-02      0.622E+00      0.963E+00      0.640E+09     -0.990E+02     -0.990E+02
      0.302E-02      0.622E+00      0.963E+00      0.640E+09     -0.990E+02     -0.990E+02
      0.316E-02      0.622E+00      0.963E+00      0.640E+09     -0.990E+02     -0.990E+02
      0.331E-02      0.622E+00      0.963E+00      0.640E+09     -0.990E+02     -0.990E+02
      0.347E-02      0.622E+00      0.963E+00      0.640E+09     -0.990E+02     -0.990E+02
      0.363E-02      0.622E+00      0.963E+00      0.640E+09     -0.990E+02     -0.990E+02
      0.380E-02      0.622E+00      0.963E+00      0.640E+09     -0.990E+02     -0.990E+02
      0.398E-02      0.622E+00      0.963E+00      0.640E+09     -0.990E+02     -0.990E+02
      0.417E-02      0.622E+00      0.963E+00      0.640E+09     -0.990E+02     -0.990E+02
      0.437E-02      0.622E+00      0.963E+00      0.640E+09     -0.990E+02     -0.990E+02
      0.457E-02      0.622E+00      0.963E+00      0.640E+09     -0.990E+02     -0.990E+02
      0.479E-02      0.622E+00      0.963E+00      0.640E+09     -0.990E+02     -0.990E+02
      0.501E-02      0.622E+00      0.963E+00      0.640E+09     -0.990E+02     -0.990E+02
      0.525E-02      0.622E+00      0.963E+00      0.640E+09     -0.990E+02     -0.990E+02
      0.550E-02      0.622E+00      0.963E+00      0.640E+09     -0.990E+02     -0.990E+02
      0.575E-02      0.622E+00      0.963E+00      0.640E+09     -0.990E+02     -0.990E+02
      0.603E-02      0.622E+00      0.963E+00      0.640E+09     -0.990E+02     -0.990E+02
      0.631E-02      0.622E+00      0.963E+00      0.640E+09     -0.990E+02     -0.990E+02
      0.661E-02      0.622E+00      0.963E+00      0.640E+09     -0.990E+02     -0.990E+02
      0.692E-02      0.622E+00      0.963E+00      0.640E+09     -0.990E+02     -0.990E+02
      0.724E-02      0.622E+00      0.963E+00      0.640E+09     -0.990E+02     -0.990E+02
      0.759E-02      0.622E+00      0.963E+00      0.640E+09     -0.990E+02     -0.990E+02
      0.794E-02      0.622E+00      0.963E+00      0.640E+09     -0.990E+02     -0.990E+02
      0.832E-02      0.622E+00      0.963E+00      0.640E+09     -0.990E+02     -0.990E+02
      0.871E-02      0.622E+00      0.963E+00      0.640E+09     -0.990E+02     -0.990E+02
      0.912E-02      0.622E+00      0.963E+00      0.640E+09     -0.990E+02     -0.990E+02
      0.955E-02      0.622E+00      0.963E+00      0.640E+09     -0.990E+02     -0.990E+02
      0.100E-01      0.622E+00      0.963E+00      0.640E+09     -0.487E+00      0.600E+00
      0.105E-01      0.153E+01      0.111E+01      0.633E+09     -0.487E+00      0.600E+00
      0.110E-01      0.152E+01      0.110E+01      0.633E+09     -0.487E+00      0.601E+00
      0.115E-01      0.151E+01      0.110E+01      0.632E+09     -0.488E+00      0.602E+00
      0.120E-01      0.151E+01      0.109E+01      0.631E+09     -0.488E+00      0.602E+00
      0.126E-01      0.151E+01      0.109E+01      0.630E+09     -0.489E+00      0.603E+00
      0.132E-01      0.152E+01      0.110E+01      0.630E+09     -0.489E+00      0.602E+00
      0.138E-01      0.151E+01      0.109E+01      0.629E+09     -0.490E+00      0.603E+00
      0.144E-01      0.150E+01      0.108E+01      0.628E+09     -0.490E+00      0.603E+00
      0.151E-01      0.150E+01      0.108E+01      0.627E+09     -0.491E+00      0.603E+00
      0.159E-01      0.151E+01      0.108E+01      0.626E+09     -0.491E+00      0.603E+00
      0.166E-01      0.150E+01      0.108E+01      0.625E+09     -0.492E+00      0.602E+00
      0.174E-01      0.150E+01      0.108E+01      0.624E+09     -0.493E+00      0.603E+00
      0.182E-01      0.151E+01      0.108E+01      0.623E+09     -0.493E+00      0.603E+00
      0.191E-01      0.150E+01      0.107E+01      0.622E+09     -0.494E+00      0.603E+00
      0.200E-01      0.149E+01      0.107E+01      0.621E+09     -0.495E+00      0.603E+00
      0.209E-01      0.149E+01      0.106E+01      0.620E+09     -0.496E+00      0.603E+00
      0.219E-01      0.148E+01      0.106E+01      0.619E+09     -0.496E+00      0.603E+00
      0.229E-01      0.149E+01      0.106E+01      0.617E+09     -0.497E+00      0.603E+00
      0.240E-01      0.148E+01      0.105E+01      0.616E+09     -0.498E+00      0.603E+00
      0.251E-01      0.148E+01      0.105E+01      0.615E+09     -0.499E+00      0.603E+00
      0.263E-01      0.148E+01      0.105E+01      0.613E+09     -0.500E+00      0.603E+00
      0.275E-01      0.147E+01      0.104E+01      0.612E+09     -0.501E+00      0.603E+00
      0.290E-01      0.147E+01      0.104E+01      0.610E+09     -0.502E+00      0.603E+00
      0.300E-01      0.146E+01      0.103E+01      0.609E+09     -0.503E+00      0.603E+00
      0.310E-01      0.146E+01      0.103E+01      0.608E+09     -0.504E+00      0.603E+00
      0.320E-01      0.146E+01      0.103E+01      0.606E+09     -0.505E+00      0.603E+00
      0.330E-01      0.146E+01      0.102E+01      0.605E+09     -0.505E+00      0.603E+00
      0.340E-01      0.145E+01      0.102E+01      0.604E+09     -0.506E+00      0.603E+00
      0.350E-01      0.145E+01      0.101E+01      0.603E+09     -0.507E+00      0.603E+00
      0.360E-01      0.145E+01      0.101E+01      0.602E+09     -0.508E+00      0.603E+00
      0.370E-01      0.144E+01      0.101E+01      0.600E+09     -0.509E+00      0.604E+00
      0.380E-01      0.144E+01      0.100E+01      0.599E+09     -0.510E+00      0.603E+00
      0.390E-01      0.144E+01      0.100E+01      0.598E+09     -0.511E+00      0.604E+00
      0.400E-01      0.144E+01      0.998E+00      0.597E+09     -0.511E+00      0.604E+00
      0.425E-01      0.143E+01      0.989E+00      0.595E+09     -0.514E+00      0.604E+00
      0.450E-01      0.142E+01      0.981E+00      0.592E+09     -0.516E+00      0.604E+00
      0.475E-01      0.141E+01      0.972E+00      0.589E+09     -0.518E+00      0.603E+00
      0.500E-01      0.141E+01      0.964E+00      0.586E+09     -0.520E+00      0.603E+00
      0.525E-01      0.140E+01      0.955E+00      0.583E+09     -0.522E+00      0.604E+00
      0.550E-01      0.139E+01      0.947E+00      0.581E+09     -0.525E+00      0.604E+00
      0.571E-01      0.139E+01      0.940E+00      0.578E+09     -0.527E+00      0.604E+00
      0.640E-01      0.136E+01      0.916E+00      0.573E+09     -0.533E+00      0.605E+00
      0.719E-01      0.134E+01      0.889E+00      0.565E+09     -0.541E+00      0.608E+00
      0.806E-01      0.131E+01      0.862E+00      0.557E+09     -0.550E+00      0.610E+00
      0.905E-01      0.127E+01      0.833E+00      0.547E+09     -0.560E+00      0.614E+00
      0.102E+00      0.124E+01      0.804E+00      0.537E+09     -0.573E+00      0.621E+00
      0.114E+00      0.119E+01      0.775E+00      0.526E+09     -0.586E+00      0.630E+00
      0.128E+00      0.114E+01      0.743E+00      0.514E+09     -0.599E+00      0.639E+00
      0.143E+00      0.110E+01      0.711E+00      0.502E+09     -0.613E+00      0.648E+00
      0.161E+00      0.105E+01      0.673E+00      0.488E+09     -0.623E+00      0.649E+00
      0.181E+00      0.100E+01      0.633E+00      0.474E+09     -0.635E+00      0.655E+00
      0.203E+00      0.948E+00      0.590E+00      0.458E+09     -0.647E+00      0.664E+00
      0.227E+00      0.885E+00      0.546E+00      0.442E+09     -0.663E+00      0.683E+00
      0.255E+00      0.819E+00      0.506E+00      0.426E+09     -0.683E+00      0.722E+00
      0.286E+00      0.752E+00      0.464E+00      0.408E+09     -0.698E+00      0.737E+00
      0.321E+00      0.686E+00      0.422E+00      0.391E+09     -0.711E+00      0.734E+00
      0.360E+00      0.621E+00      0.390E+00      0.373E+09     -0.724E+00      0.736E+00
      0.404E+00      0.572E+00      0.362E+00      0.355E+09     -0.721E+00      0.716E+00
      0.453E+00      0.523E+00      0.333E+00      0.337E+09     -0.712E+00      0.697E+00
      0.509E+00      0.475E+00      0.310E+00      0.318E+09     -0.698E+00      0.698E+00
      0.571E+00      0.433E+00      0.283E+00      0.299E+09     -0.702E+00      0.723E+00
      0.641E+00      0.407E+00      0.264E+00      0.280E+09     -0.715E+00      0.734E+00
      0.719E+00      0.395E+00      0.251E+00      0.260E+09     -0.725E+00      0.711E+00
      0.806E+00      0.386E+00      0.249E+00      0.238E+09     -0.726E+00      0.715E+00
      0.905E+00      0.369E+00      0.236E+00      0.214E+09     -0.724E+00      0.696E+00
      0.102E+01      0.346E+00      0.241E+00      0.189E+09     -0.728E+00      0.757E+00
      0.114E+01      0.299E+00      0.225E+00      0.162E+09     -0.721E+00      0.812E+00
      0.128E+01      0.245E+00      0.199E+00      0.137E+09     -0.718E+00      0.874E+00
      0.143E+01      0.202E+00      0.174E+00      0.114E+09     -0.737E+00      0.940E+00
      0.161E+01      0.165E+00      0.154E+00      0.931E+08     -0.771E+00      0.106E+01
      0.168E+01      0.155E+00      0.149E+00      0.805E+08     -0.793E+00      0.112E+01
      0.170E+01      0.152E+00      0.147E+00      0.761E+08     -0.797E+00      0.113E+01
      0.180E+01      0.144E+00      0.144E+00      0.704E+08     -0.810E+00      0.117E+01
      0.190E+01      0.139E+00      0.139E+00      0.616E+08     -0.831E+00      0.118E+01
      0.200E+01      0.132E+00      0.132E+00      0.531E+08     -0.882E+00      0.125E+01
      0.210E+01      0.122E+00      0.124E+00      0.451E+08     -0.942E+00      0.135E+01
      0.220E+01      0.110E+00      0.113E+00      0.377E+08     -0.997E+00      0.142E+01
      0.230E+01      0.989E-01      0.108E+00      0.311E+08     -0.104E+01      0.158E+01
      0.240E+01      0.916E-01      0.115E+00      0.252E+08     -0.102E+01      0.178E+01
      0.250E+01      0.877E-01      0.126E+00      0.197E+08     -0.100E+01      0.199E+01
      0.260E+01      0.740E-01      0.106E+00      0.145E+08     -0.102E+01      0.202E+01
      0.275E+01      0.463E-01      0.590E-01      0.899E+07     -0.112E+01      0.203E+01
      0.300E+01      0.196E-01      0.223E-01      0.352E+07     -0.140E+01      0.217E+01
      0.325E+01      0.406E-02      0.548E-02      0.636E+06     -0.167E+01      0.301E+01
      0.350E+01      0.286E-03      0.571E-03      0.417E+05     -0.192E+01      0.531E+01
      0.375E+01      0.000E+00      0.401E-30      0.000E+00     -0.990E+02     -0.990E+02
      0.400E+01      0.000E+00      0.000E+00      0.000E+00     -0.990E+02     -0.990E+02
      0.425E+01      0.000E+00      0.000E+00      0.000E+00     -0.990E+02     -0.990E+02
      0.450E+01      0.000E+00      0.000E+00      0.000E+00     -0.990E+02     -0.990E+02
      0.475E+01      0.000E+00      0.000E+00      0.000E+00     -0.990E+02     -0.990E+02
      0.500E+01      0.000E+00      0.000E+00      0.000E+00     -0.990E+02     -0.990E+02
      0.525E+01      0.000E+00      0.000E+00      0.000E+00     -0.990E+02     -0.990E+02
      0.550E+01      0.000E+00      0.000E+00      0.000E+00     -0.990E+02     -0.990E+02
      0.575E+01      0.000E+00      0.000E+00      0.000E+00     -0.990E+02     -0.990E+02
      0.600E+01      0.000E+00      0.000E+00      0.000E+00     -0.990E+02     -0.990E+02
      0.625E+01      0.000E+00      0.000E+00      0.000E+00     -0.990E+02     -0.990E+02
      0.650E+01      0.000E+00      0.000E+00      0.000E+00     -0.990E+02     -0.990E+02
      0.675E+01      0.000E+00      0.000E+00      0.000E+00     -0.990E+02     -0.990E+02
      0.700E+01      0.000E+00      0.000E+00      0.000E+00     -0.990E+02     -0.990E+02
      0.725E+01      0.000E+00      0.000E+00      0.000E+00     -0.990E+02     -0.990E+02
      0.750E+01      0.000E+00      0.000E+00      0.000E+00     -0.990E+02     -0.990E+02
      0.775E+01      0.000E+00      0.000E+00      0.000E+00     -0.990E+02     -0.990E+02
      0.800E+01      0.000E+00      0.000E+00      0.000E+00     -0.990E+02     -0.990E+02
      0.825E+01      0.000E+00      0.000E+00      0.000E+00     -0.990E+02     -0.990E+02
      0.850E+01      0.000E+00      0.000E+00      0.000E+00     -0.990E+02     -0.990E+02
      0.875E+01      0.000E+00      0.000E+00      0.000E+00     -0.990E+02     -0.990E+02
      0.900E+01      0.000E+00      0.000E+00      0.000E+00     -0.990E+02     -0.990E+02
      0.925E+01      0.000E+00      0.000E+00      0.000E+00     -0.990E+02     -0.990E+02
      0.950E+01      0.000E+00      0.000E+00      0.000E+00     -0.990E+02     -0.990E+02
      0.975E+01      0.000E+00      0.000E+00      0.000E+00     -0.990E+02     -0.990E+02
      0.100E+02      0.000E+00      0.000E+00      0.000E+00     -0.990E+02     -0.990E+02
      0.102E+02      0.000E+00      0.000E+00      0.000E+00     -0.990E+02     -0.990E+02
      0.105E+02      0.000E+00      0.000E+00      0.000E+00     -0.990E+02     -0.990E+02
      0.108E+02      0.000E+00      0.000E+00      0.000E+00     -0.990E+02     -0.990E+02
      0.110E+02      0.000E+00      0.000E+00      0.000E+00     -0.990E+02     -0.990E+02
      0.112E+02      0.000E+00      0.000E+00      0.000E+00     -0.990E+02     -0.990E+02
      0.115E+02      0.000E+00      0.000E+00      0.000E+00     -0.990E+02     -0.990E+02
      0.118E+02      0.000E+00      0.000E+00      0.000E+00     -0.990E+02     -0.990E+02
      0.120E+02      0.000E+00      0.000E+00      0.000E+00     -0.990E+02     -0.990E+02
      0.122E+02      0.000E+00      0.000E+00      0.000E+00     -0.990E+02     -0.990E+02
      0.125E+02      0.000E+00      0.000E+00      0.000E+00     -0.990E+02     -0.990E+02
      0.128E+02      0.000E+00      0.000E+00      0.000E+00     -0.990E+02     -0.990E+02
      0.130E+02      0.000E+00      0.000E+00      0.000E+00     -0.990E+02     -0.990E+02
      0.132E+02      0.000E+00      0.000E+00      0.000E+00     -0.990E+02     -0.990E+02
      0.135E+02      0.000E+00      0.000E+00      0.000E+00     -0.990E+02     -0.990E+02
      0.138E+02      0.000E+00      0.000E+00      0.000E+00     -0.990E+02     -0.990E+02
      0.140E+02      0.000E+00      0.000E+00      0.000E+00     -0.990E+02     -0.990E+02
      0.142E+02      0.000E+00      0.000E+00      0.000E+00     -0.990E+02     -0.990E+02
      0.145E+02      0.000E+00      0.000E+00      0.000E+00     -0.990E+02     -0.990E+02
      0.148E+02      0.000E+00      0.000E+00      0.000E+00     -0.990E+02     -0.990E+02
      0.150E+02      0.000E+00      0.000E+00      0.000E+00     -0.990E+02     -0.990E+02
      0.152E+02      0.000E+00      0.000E+00      0.000E+00     -0.990E+02     -0.990E+02
      0.155E+02      0.000E+00      0.000E+00      0.000E+00     -0.990E+02     -0.990E+02
      0.158E+02      0.000E+00      0.000E+00      0.000E+00     -0.990E+02     -0.990E+02
      0.160E+02      0.000E+00      0.000E+00      0.000E+00     -0.990E+02     -0.990E+02
      0.162E+02      0.000E+00      0.000E+00      0.000E+00     -0.990E+02     -0.990E+02
      0.165E+02      0.000E+00      0.000E+00      0.000E+00     -0.990E+02     -0.990E+02
      0.168E+02      0.000E+00      0.000E+00      0.000E+00     -0.990E+02     -0.990E+02
      0.170E+02      0.000E+00      0.000E+00      0.000E+00     -0.990E+02     -0.990E+02
      0.172E+02      0.000E+00      0.000E+00      0.000E+00     -0.990E+02     -0.990E+02
      0.175E+02      0.000E+00      0.000E+00      0.000E+00     -0.990E+02     -0.990E+02
      0.178E+02      0.000E+00      0.000E+00      0.000E+00     -0.990E+02     -0.990E+02
      0.180E+02      0.000E+00      0.000E+00      0.000E+00     -0.990E+02     -0.990E+02
      0.182E+02      0.000E+00      0.000E+00      0.000E+00     -0.990E+02     -0.990E+02
      0.185E+02      0.000E+00      0.000E+00      0.000E+00     -0.990E+02     -0.990E+02
      0.188E+02      0.000E+00      0.000E+00      0.000E+00     -0.990E+02     -0.990E+02
      0.190E+02      0.000E+00      0.000E+00      0.000E+00     -0.990E+02     -0.990E+02
      0.192E+02      0.000E+00      0.000E+00      0.000E+00     -0.990E+02     -0.990E+02
      0.195E+02      0.000E+00      0.000E+00      0.000E+00     -0.990E+02     -0.990E+02
      0.198E+02      0.000E+00      0.000E+00      0.000E+00     -0.990E+02     -0.990E+02
      0.200E+02      0.000E+00      0.000E+00      0.000E+00     -0.990E+02     -0.990E+02
