      0.000E+00      0.334E+02      0.456E+01      0.633E+10     -0.990E+02     -0.990E+02
      0.100E-03      0.334E+02      0.456E+01      0.633E+10     -0.990E+02     -0.990E+02
      0.140E-03      0.334E+02      0.456E+01      0.633E+10     -0.990E+02     -0.990E+02
      0.160E-03      0.334E+02      0.456E+01      0.633E+10     -0.990E+02     -0.990E+02
      0.180E-03      0.334E+02      0.456E+01      0.633E+10     -0.990E+02     -0.990E+02
      0.200E-03      0.334E+02      0.456E+01      0.633E+10     -0.990E+02     -0.990E+02
      0.220E-03      0.334E+02      0.456E+01      0.633E+10     -0.990E+02     -0.990E+02
      0.250E-03      0.334E+02      0.456E+01      0.633E+10     -0.990E+02     -0.990E+02
      0.280E-03      0.334E+02      0.456E+01      0.633E+10     -0.990E+02     -0.990E+02
      0.320E-03      0.334E+02      0.456E+01      0.633E+10     -0.990E+02     -0.990E+02
      0.350E-03      0.334E+02      0.456E+01      0.633E+10     -0.990E+02     -0.990E+02
      0.400E-03      0.334E+02      0.456E+01      0.633E+10     -0.990E+02     -0.990E+02
      0.450E-03      0.334E+02      0.456E+01      0.633E+10     -0.990E+02     -0.990E+02
      0.500E-03      0.334E+02      0.456E+01      0.633E+10     -0.990E+02     -0.990E+02
      0.560E-03      0.334E+02      0.456E+01      0.633E+10     -0.990E+02     -0.990E+02
      0.630E-03      0.334E+02      0.456E+01      0.633E+10     -0.990E+02     -0.990E+02
      0.710E-03      0.334E+02      0.456E+01      0.633E+10     -0.990E+02     -0.990E+02
      0.790E-03      0.334E+02      0.456E+01      0.633E+10     -0.990E+02     -0.990E+02
      0.890E-03      0.334E+02      0.456E+01      0.633E+10     -0.990E+02     -0.990E+02
      0.100E-02      0.334E+02      0.456E+01      0.633E+10     -0.990E+02     -0.990E+02
      0.105E-02      0.334E+02      0.456E+01      0.633E+10     -0.990E+02     -0.990E+02
      0.110E-02      0.334E+02      0.456E+01      0.633E+10     -0.990E+02     -0.990E+02
      0.115E-02      0.334E+02      0.456E+01      0.633E+10     -0.990E+02     -0.990E+02
      0.120E-02      0.334E+02      0.456E+01      0.633E+10     -0.990E+02     -0.990E+02
      0.126E-02      0.334E+02      0.456E+01      0.633E+10     -0.990E+02     -0.990E+02
      0.132E-02      0.334E+02      0.456E+01      0.633E+10     -0.990E+02     -0.990E+02
      0.138E-02      0.334E+02      0.456E+01      0.633E+10     -0.990E+02     -0.990E+02
      0.145E-02      0.334E+02      0.456E+01      0.633E+10     -0.990E+02     -0.990E+02
      0.151E-02      0.334E+02      0.456E+01      0.633E+10     -0.990E+02     -0.990E+02
      0.158E-02      0.334E+02      0.456E+01      0.633E+10     -0.990E+02     -0.990E+02
      0.166E-02      0.334E+02      0.456E+01      0.633E+10     -0.990E+02     -0.990E+02
      0.174E-02      0.334E+02      0.456E+01      0.633E+10     -0.990E+02     -0.990E+02
      0.182E-02      0.334E+02      0.456E+01      0.633E+10     -0.990E+02     -0.990E+02
      0.191E-02      0.334E+02      0.456E+01      0.633E+10     -0.990E+02     -0.990E+02
      0.200E-02      0.334E+02      0.456E+01      0.633E+10     -0.990E+02     -0.990E+02
      0.209E-02      0.334E+02      0.456E+01      0.633E+10     -0.990E+02     -0.990E+02
      0.219E-02      0.334E+02      0.456E+01      0.633E+10     -0.990E+02     -0.990E+02
      0.229E-02      0.334E+02      0.456E+01      0.633E+10     -0.990E+02     -0.990E+02
      0.240E-02      0.334E+02      0.456E+01      0.633E+10     -0.990E+02     -0.990E+02
      0.251E-02      0.334E+02      0.456E+01      0.633E+10     -0.990E+02     -0.990E+02
      0.263E-02      0.334E+02      0.456E+01      0.633E+10     -0.990E+02     -0.990E+02
      0.275E-02      0.334E+02      0.456E+01      0.633E+10     -0.990E+02     -0.990E+02
      0.288E-02      0.334E+02      0.456E+01      0.633E+10     -0.990E+02     -0.990E+02
      0.302E-02      0.334E+02      0.456E+01      0.633E+10     -0.990E+02     -0.990E+02
      0.316E-02      0.334E+02      0.456E+01      0.633E+10     -0.990E+02     -0.990E+02
      0.331E-02      0.334E+02      0.456E+01      0.633E+10     -0.990E+02     -0.990E+02
      0.347E-02      0.334E+02      0.456E+01      0.633E+10     -0.990E+02     -0.990E+02
      0.363E-02      0.334E+02      0.456E+01      0.633E+10     -0.990E+02     -0.990E+02
      0.380E-02      0.334E+02      0.456E+01      0.633E+10     -0.990E+02     -0.990E+02
      0.398E-02      0.334E+02      0.456E+01      0.633E+10     -0.990E+02     -0.990E+02
      0.417E-02      0.334E+02      0.456E+01      0.633E+10     -0.990E+02     -0.990E+02
      0.437E-02      0.334E+02      0.456E+01      0.633E+10     -0.990E+02     -0.990E+02
      0.457E-02      0.334E+02      0.456E+01      0.633E+10     -0.990E+02     -0.990E+02
      0.479E-02      0.334E+02      0.456E+01      0.633E+10     -0.990E+02     -0.990E+02
      0.501E-02      0.334E+02      0.456E+01      0.633E+10     -0.990E+02     -0.990E+02
      0.525E-02      0.334E+02      0.456E+01      0.633E+10     -0.990E+02     -0.990E+02
      0.550E-02      0.334E+02      0.456E+01      0.633E+10     -0.990E+02     -0.990E+02
      0.575E-02      0.334E+02      0.456E+01      0.633E+10     -0.990E+02     -0.990E+02
      0.603E-02      0.334E+02      0.456E+01      0.633E+10     -0.990E+02     -0.990E+02
      0.631E-02      0.334E+02      0.456E+01      0.633E+10     -0.990E+02     -0.990E+02
      0.661E-02      0.334E+02      0.456E+01      0.633E+10     -0.990E+02     -0.990E+02
      0.692E-02      0.334E+02      0.456E+01      0.633E+10     -0.990E+02     -0.990E+02
      0.724E-02      0.334E+02      0.456E+01      0.633E+10     -0.990E+02     -0.990E+02
      0.759E-02      0.334E+02      0.456E+01      0.633E+10     -0.990E+02     -0.990E+02
      0.794E-02      0.334E+02      0.456E+01      0.633E+10     -0.990E+02     -0.990E+02
      0.832E-02      0.334E+02      0.456E+01      0.633E+10     -0.990E+02     -0.990E+02
      0.871E-02      0.334E+02      0.456E+01      0.633E+10     -0.990E+02     -0.990E+02
      0.912E-02      0.334E+02      0.456E+01      0.633E+10     -0.990E+02     -0.990E+02
      0.955E-02      0.334E+02      0.456E+01      0.633E+10     -0.990E+02     -0.990E+02
      0.100E-01      0.334E+02      0.456E+01      0.633E+10     -0.942E+00      0.231E+00
      0.105E-01      0.341E+02      0.553E+01      0.598E+10     -0.942E+00      0.231E+00
      0.110E-01      0.339E+02      0.550E+01      0.597E+10     -0.942E+00      0.232E+00
      0.115E-01      0.338E+02      0.546E+01      0.595E+10     -0.942E+00      0.231E+00
      0.120E-01      0.337E+02      0.548E+01      0.593E+10     -0.942E+00      0.232E+00
      0.126E-01      0.337E+02      0.545E+01      0.592E+10     -0.942E+00      0.231E+00
      0.132E-01      0.338E+02      0.548E+01      0.590E+10     -0.942E+00      0.231E+00
      0.138E-01      0.337E+02      0.543E+01      0.588E+10     -0.942E+00      0.231E+00
      0.144E-01      0.334E+02      0.538E+01      0.586E+10     -0.942E+00      0.231E+00
      0.151E-01      0.334E+02      0.539E+01      0.584E+10     -0.943E+00      0.231E+00
      0.159E-01      0.334E+02      0.540E+01      0.582E+10     -0.943E+00      0.231E+00
      0.166E-01      0.333E+02      0.538E+01      0.580E+10     -0.943E+00      0.231E+00
      0.174E-01      0.333E+02      0.538E+01      0.578E+10     -0.943E+00      0.231E+00
      0.182E-01      0.333E+02      0.538E+01      0.576E+10     -0.943E+00      0.231E+00
      0.191E-01      0.332E+02      0.535E+01      0.573E+10     -0.944E+00      0.231E+00
      0.200E-01      0.330E+02      0.534E+01      0.571E+10     -0.944E+00      0.232E+00
      0.209E-01      0.328E+02      0.531E+01      0.568E+10     -0.944E+00      0.232E+00
      0.219E-01      0.327E+02      0.528E+01      0.566E+10     -0.944E+00      0.231E+00
      0.229E-01      0.327E+02      0.526E+01      0.563E+10     -0.944E+00      0.231E+00
      0.240E-01      0.326E+02      0.525E+01      0.560E+10     -0.945E+00      0.231E+00
      0.251E-01      0.326E+02      0.525E+01      0.557E+10     -0.945E+00      0.231E+00
      0.263E-01      0.324E+02      0.521E+01      0.554E+10     -0.945E+00      0.231E+00
      0.275E-01      0.322E+02      0.517E+01      0.551E+10     -0.945E+00      0.231E+00
      0.290E-01      0.321E+02      0.515E+01      0.547E+10     -0.946E+00      0.231E+00
      0.300E-01      0.320E+02      0.512E+01      0.544E+10     -0.946E+00      0.230E+00
      0.310E-01      0.319E+02      0.512E+01      0.541E+10     -0.946E+00      0.231E+00
      0.320E-01      0.318E+02      0.509E+01      0.539E+10     -0.947E+00      0.231E+00
      0.330E-01      0.317E+02      0.509E+01      0.536E+10     -0.947E+00      0.232E+00
      0.340E-01      0.316E+02      0.507E+01      0.533E+10     -0.947E+00      0.231E+00
      0.350E-01      0.315E+02      0.502E+01      0.531E+10     -0.947E+00      0.230E+00
      0.360E-01      0.314E+02      0.502E+01      0.528E+10     -0.948E+00      0.231E+00
      0.370E-01      0.313E+02      0.502E+01      0.526E+10     -0.948E+00      0.231E+00
      0.380E-01      0.312E+02      0.498E+01      0.523E+10     -0.948E+00      0.231E+00
      0.390E-01      0.311E+02      0.498E+01      0.521E+10     -0.949E+00      0.231E+00
      0.400E-01      0.310E+02      0.495E+01      0.518E+10     -0.949E+00      0.231E+00
      0.425E-01      0.307E+02      0.490E+01      0.514E+10     -0.949E+00      0.231E+00
      0.450E-01      0.305E+02      0.487E+01      0.507E+10     -0.950E+00      0.231E+00
      0.475E-01      0.302E+02      0.483E+01      0.501E+10     -0.951E+00      0.232E+00
      0.500E-01      0.300E+02      0.478E+01      0.495E+10     -0.952E+00      0.232E+00
      0.525E-01      0.297E+02      0.474E+01      0.489E+10     -0.952E+00      0.232E+00
      0.550E-01      0.294E+02      0.469E+01      0.483E+10     -0.953E+00      0.232E+00
      0.571E-01      0.292E+02      0.467E+01      0.478E+10     -0.953E+00      0.233E+00
      0.640E-01      0.285E+02      0.456E+01      0.468E+10     -0.955E+00      0.234E+00
      0.719E-01      0.276E+02      0.443E+01      0.451E+10     -0.956E+00      0.235E+00
      0.806E-01      0.268E+02      0.428E+01      0.433E+10     -0.958E+00      0.236E+00
      0.905E-01      0.257E+02      0.414E+01      0.414E+10     -0.961E+00      0.239E+00
      0.102E+00      0.246E+02      0.398E+01      0.394E+10     -0.964E+00      0.242E+00
      0.114E+00      0.232E+02      0.381E+01      0.372E+10     -0.967E+00      0.246E+00
      0.128E+00      0.218E+02      0.368E+01      0.349E+10     -0.972E+00      0.255E+00
      0.143E+00      0.201E+02      0.355E+01      0.325E+10     -0.978E+00      0.268E+00
      0.161E+00      0.183E+02      0.347E+01      0.300E+10     -0.986E+00      0.290E+00
      0.181E+00      0.162E+02      0.345E+01      0.275E+10     -0.998E+00      0.325E+00
      0.203E+00      0.139E+02      0.352E+01      0.251E+10     -0.101E+01      0.386E+00
      0.227E+00      0.113E+02      0.372E+01      0.227E+10     -0.104E+01      0.500E+00
      0.255E+00      0.997E+01      0.361E+01      0.206E+10     -0.108E+01      0.555E+00
      0.286E+00      0.945E+01      0.322E+01      0.185E+10     -0.112E+01      0.530E+00
      0.321E+00      0.898E+01      0.282E+01      0.163E+10     -0.118E+01      0.497E+00
      0.360E+00      0.854E+01      0.241E+01      0.140E+10     -0.124E+01      0.451E+00
      0.404E+00      0.806E+01      0.205E+01      0.116E+10     -0.131E+01      0.415E+00
      0.453E+00      0.752E+01      0.185E+01      0.898E+09     -0.141E+01      0.423E+00
      0.509E+00      0.651E+01      0.171E+01      0.630E+09     -0.148E+01      0.477E+00
      0.571E+00      0.469E+01      0.126E+01      0.371E+09     -0.147E+01      0.487E+00
      0.641E+00      0.273E+01      0.732E+00      0.163E+09     -0.147E+01      0.488E+00
      0.719E+00      0.525E+00      0.145E+00      0.289E+08     -0.148E+01      0.503E+00
      0.806E+00      0.318E-03      0.124E-01      0.301E+05     -0.164E+01      0.822E+02
      0.905E+00      0.150E-03      0.590E-02      0.106E+05     -0.170E+01      0.867E+02
      0.102E+01      0.368E-05      0.241E-02      0.429E+03     -0.459E+00      0.398E+03
      0.114E+01      0.155E-05      0.128E-02      0.148E+03     -0.427E+00      0.481E+03
      0.128E+01      0.127E-06      0.289E-03      0.152E+02     -0.421E+00      0.129E+04
      0.143E+01      0.289E-07      0.535E-04      0.314E+01     -0.572E+00      0.151E+04
      0.161E+01      0.134E-08      0.425E-05      0.120E+00     -0.908E+00      0.400E+04
      0.168E+01      0.415E-09      0.131E-05      0.174E-01     -0.908E+00      0.399E+04
      0.170E+01      0.153E-09      0.486E-06      0.569E-02     -0.908E+00      0.399E+04
      0.180E+01      0.343E-15      0.303E-09      0.210E-07     -0.141E+01      0.165E+07
      0.190E+01      0.000E+00      0.000E+00      0.000E+00     -0.990E+02     -0.990E+02
      0.200E+01      0.000E+00      0.000E+00      0.000E+00     -0.990E+02     -0.990E+02
      0.210E+01      0.000E+00      0.000E+00      0.000E+00     -0.990E+02     -0.990E+02
      0.220E+01      0.000E+00      0.000E+00      0.000E+00     -0.990E+02     -0.990E+02
      0.230E+01      0.000E+00      0.000E+00      0.000E+00     -0.990E+02     -0.990E+02
      0.240E+01      0.000E+00      0.000E+00      0.000E+00     -0.990E+02     -0.990E+02
      0.250E+01      0.000E+00      0.000E+00      0.000E+00     -0.990E+02     -0.990E+02
      0.260E+01      0.000E+00      0.000E+00      0.000E+00     -0.990E+02     -0.990E+02
      0.275E+01      0.000E+00      0.000E+00      0.000E+00     -0.990E+02     -0.990E+02
      0.300E+01      0.000E+00      0.000E+00      0.000E+00     -0.990E+02     -0.990E+02
      0.325E+01      0.000E+00      0.000E+00      0.000E+00     -0.990E+02     -0.990E+02
      0.350E+01      0.000E+00      0.000E+00      0.000E+00     -0.990E+02     -0.990E+02
      0.375E+01      0.000E+00      0.000E+00      0.000E+00     -0.990E+02     -0.990E+02
      0.400E+01      0.000E+00      0.000E+00      0.000E+00     -0.990E+02     -0.990E+02
      0.425E+01      0.000E+00      0.000E+00      0.000E+00     -0.990E+02     -0.990E+02
      0.450E+01      0.000E+00      0.000E+00      0.000E+00     -0.990E+02     -0.990E+02
      0.475E+01      0.000E+00      0.000E+00      0.000E+00     -0.990E+02     -0.990E+02
      0.500E+01      0.000E+00      0.000E+00      0.000E+00     -0.990E+02     -0.990E+02
      0.525E+01      0.000E+00      0.000E+00      0.000E+00     -0.990E+02     -0.990E+02
      0.550E+01      0.000E+00      0.000E+00      0.000E+00     -0.990E+02     -0.990E+02
      0.575E+01      0.000E+00      0.000E+00      0.000E+00     -0.990E+02     -0.990E+02
      0.600E+01      0.000E+00      0.000E+00      0.000E+00     -0.990E+02     -0.990E+02
      0.625E+01      0.000E+00      0.000E+00      0.000E+00     -0.990E+02     -0.990E+02
      0.650E+01      0.000E+00      0.000E+00      0.000E+00     -0.990E+02     -0.990E+02
      0.675E+01      0.000E+00      0.000E+00      0.000E+00     -0.990E+02     -0.990E+02
      0.700E+01      0.000E+00      0.000E+00      0.000E+00     -0.990E+02     -0.990E+02
      0.725E+01      0.000E+00      0.000E+00      0.000E+00     -0.990E+02     -0.990E+02
      0.750E+01      0.000E+00      0.000E+00      0.000E+00     -0.990E+02     -0.990E+02
      0.775E+01      0.000E+00      0.000E+00      0.000E+00     -0.990E+02     -0.990E+02
      0.800E+01      0.000E+00      0.000E+00      0.000E+00     -0.990E+02     -0.990E+02
      0.825E+01      0.000E+00      0.000E+00      0.000E+00     -0.990E+02     -0.990E+02
      0.850E+01      0.000E+00      0.000E+00      0.000E+00     -0.990E+02     -0.990E+02
      0.875E+01      0.000E+00      0.000E+00      0.000E+00     -0.990E+02     -0.990E+02
      0.900E+01      0.000E+00      0.000E+00      0.000E+00     -0.990E+02     -0.990E+02
      0.925E+01      0.000E+00      0.000E+00      0.000E+00     -0.990E+02     -0.990E+02
      0.950E+01      0.000E+00      0.000E+00      0.000E+00     -0.990E+02     -0.990E+02
      0.975E+01      0.000E+00      0.000E+00      0.000E+00     -0.990E+02     -0.990E+02
      0.100E+02      0.000E+00      0.000E+00      0.000E+00     -0.990E+02     -0.990E+02
      0.102E+02      0.000E+00      0.000E+00      0.000E+00     -0.990E+02     -0.990E+02
      0.105E+02      0.000E+00      0.000E+00      0.000E+00     -0.990E+02     -0.990E+02
      0.108E+02      0.000E+00      0.000E+00      0.000E+00     -0.990E+02     -0.990E+02
      0.110E+02      0.000E+00      0.000E+00      0.000E+00     -0.990E+02     -0.990E+02
      0.112E+02      0.000E+00      0.000E+00      0.000E+00     -0.990E+02     -0.990E+02
      0.115E+02      0.000E+00      0.000E+00      0.000E+00     -0.990E+02     -0.990E+02
      0.118E+02      0.000E+00      0.000E+00      0.000E+00     -0.990E+02     -0.990E+02
      0.120E+02      0.000E+00      0.000E+00      0.000E+00     -0.990E+02     -0.990E+02
      0.122E+02      0.000E+00      0.000E+00      0.000E+00     -0.990E+02     -0.990E+02
      0.125E+02      0.000E+00      0.000E+00      0.000E+00     -0.990E+02     -0.990E+02
      0.128E+02      0.000E+00      0.000E+00      0.000E+00     -0.990E+02     -0.990E+02
      0.130E+02      0.000E+00      0.000E+00      0.000E+00     -0.990E+02     -0.990E+02
      0.132E+02      0.000E+00      0.000E+00      0.000E+00     -0.990E+02     -0.990E+02
      0.135E+02      0.000E+00      0.000E+00      0.000E+00     -0.990E+02     -0.990E+02
      0.138E+02      0.000E+00      0.000E+00      0.000E+00     -0.990E+02     -0.990E+02
      0.140E+02      0.000E+00      0.000E+00      0.000E+00     -0.990E+02     -0.990E+02
      0.142E+02      0.000E+00      0.000E+00      0.000E+00     -0.990E+02     -0.990E+02
      0.145E+02      0.000E+00      0.000E+00      0.000E+00     -0.990E+02     -0.990E+02
      0.148E+02      0.000E+00      0.000E+00      0.000E+00     -0.990E+02     -0.990E+02
      0.150E+02      0.000E+00      0.000E+00      0.000E+00     -0.990E+02     -0.990E+02
      0.152E+02      0.000E+00      0.000E+00      0.000E+00     -0.990E+02     -0.990E+02
      0.155E+02      0.000E+00      0.000E+00      0.000E+00     -0.990E+02     -0.990E+02
      0.158E+02      0.000E+00      0.000E+00      0.000E+00     -0.990E+02     -0.990E+02
      0.160E+02      0.000E+00      0.000E+00      0.000E+00     -0.990E+02     -0.990E+02
      0.162E+02      0.000E+00      0.000E+00      0.000E+00     -0.990E+02     -0.990E+02
      0.165E+02      0.000E+00      0.000E+00      0.000E+00     -0.990E+02     -0.990E+02
      0.168E+02      0.000E+00      0.000E+00      0.000E+00     -0.990E+02     -0.990E+02
      0.170E+02      0.000E+00      0.000E+00      0.000E+00     -0.990E+02     -0.990E+02
      0.172E+02      0.000E+00      0.000E+00      0.000E+00     -0.990E+02     -0.990E+02
      0.175E+02      0.000E+00      0.000E+00      0.000E+00     -0.990E+02     -0.990E+02
      0.178E+02      0.000E+00      0.000E+00      0.000E+00     -0.990E+02     -0.990E+02
      0.180E+02      0.000E+00      0.000E+00      0.000E+00     -0.990E+02     -0.990E+02
      0.182E+02      0.000E+00      0.000E+00      0.000E+00     -0.990E+02     -0.990E+02
      0.185E+02      0.000E+00      0.000E+00      0.000E+00     -0.990E+02     -0.990E+02
      0.188E+02      0.000E+00      0.000E+00      0.000E+00     -0.990E+02     -0.990E+02
      0.190E+02      0.000E+00      0.000E+00      0.000E+00     -0.990E+02     -0.990E+02
      0.192E+02      0.000E+00      0.000E+00      0.000E+00     -0.990E+02     -0.990E+02
      0.195E+02      0.000E+00      0.000E+00      0.000E+00     -0.990E+02     -0.990E+02
      0.198E+02      0.000E+00      0.000E+00      0.000E+00     -0.990E+02     -0.990E+02
      0.200E+02      0.000E+00      0.000E+00      0.000E+00     -0.990E+02     -0.990E+02
