      0.000E+00      0.583E+00      0.464E+00      0.163E+10     -0.990E+02     -0.990E+02
      0.100E-03      0.583E+00      0.464E+00      0.163E+10     -0.990E+02     -0.990E+02
      0.140E-03      0.583E+00      0.464E+00      0.163E+10     -0.990E+02     -0.990E+02
      0.160E-03      0.583E+00      0.464E+00      0.163E+10     -0.990E+02     -0.990E+02
      0.180E-03      0.583E+00      0.464E+00      0.163E+10     -0.990E+02     -0.990E+02
      0.200E-03      0.583E+00      0.464E+00      0.163E+10     -0.990E+02     -0.990E+02
      0.220E-03      0.583E+00      0.464E+00      0.163E+10     -0.990E+02     -0.990E+02
      0.250E-03      0.583E+00      0.464E+00      0.163E+10     -0.990E+02     -0.990E+02
      0.280E-03      0.583E+00      0.464E+00      0.163E+10     -0.990E+02     -0.990E+02
      0.320E-03      0.583E+00      0.464E+00      0.163E+10     -0.990E+02     -0.990E+02
      0.350E-03      0.583E+00      0.464E+00      0.163E+10     -0.990E+02     -0.990E+02
      0.400E-03      0.583E+00      0.464E+00      0.163E+10     -0.990E+02     -0.990E+02
      0.450E-03      0.583E+00      0.464E+00      0.163E+10     -0.990E+02     -0.990E+02
      0.500E-03      0.583E+00      0.464E+00      0.163E+10     -0.990E+02     -0.990E+02
      0.560E-03      0.583E+00      0.464E+00      0.163E+10     -0.990E+02     -0.990E+02
      0.630E-03      0.583E+00      0.464E+00      0.163E+10     -0.990E+02     -0.990E+02
      0.710E-03      0.583E+00      0.464E+00      0.163E+10     -0.990E+02     -0.990E+02
      0.790E-03      0.583E+00      0.464E+00      0.163E+10     -0.990E+02     -0.990E+02
      0.890E-03      0.583E+00      0.464E+00      0.163E+10     -0.990E+02     -0.990E+02
      0.100E-02      0.583E+00      0.464E+00      0.163E+10     -0.990E+02     -0.990E+02
      0.105E-02      0.583E+00      0.464E+00      0.163E+10     -0.990E+02     -0.990E+02
      0.110E-02      0.583E+00      0.464E+00      0.163E+10     -0.990E+02     -0.990E+02
      0.115E-02      0.583E+00      0.464E+00      0.163E+10     -0.990E+02     -0.990E+02
      0.120E-02      0.583E+00      0.464E+00      0.163E+10     -0.990E+02     -0.990E+02
      0.126E-02      0.583E+00      0.464E+00      0.163E+10     -0.990E+02     -0.990E+02
      0.132E-02      0.583E+00      0.464E+00      0.163E+10     -0.990E+02     -0.990E+02
      0.138E-02      0.583E+00      0.464E+00      0.163E+10     -0.990E+02     -0.990E+02
      0.145E-02      0.583E+00      0.464E+00      0.163E+10     -0.990E+02     -0.990E+02
      0.151E-02      0.583E+00      0.464E+00      0.163E+10     -0.990E+02     -0.990E+02
      0.158E-02      0.583E+00      0.464E+00      0.163E+10     -0.990E+02     -0.990E+02
      0.166E-02      0.583E+00      0.464E+00      0.163E+10     -0.990E+02     -0.990E+02
      0.174E-02      0.583E+00      0.464E+00      0.163E+10     -0.990E+02     -0.990E+02
      0.182E-02      0.583E+00      0.464E+00      0.163E+10     -0.990E+02     -0.990E+02
      0.191E-02      0.583E+00      0.464E+00      0.163E+10     -0.990E+02     -0.990E+02
      0.200E-02      0.583E+00      0.464E+00      0.163E+10     -0.990E+02     -0.990E+02
      0.209E-02      0.583E+00      0.464E+00      0.163E+10     -0.990E+02     -0.990E+02
      0.219E-02      0.583E+00      0.464E+00      0.163E+10     -0.990E+02     -0.990E+02
      0.229E-02      0.583E+00      0.464E+00      0.163E+10     -0.990E+02     -0.990E+02
      0.240E-02      0.583E+00      0.464E+00      0.163E+10     -0.990E+02     -0.990E+02
      0.251E-02      0.583E+00      0.464E+00      0.163E+10     -0.990E+02     -0.990E+02
      0.263E-02      0.583E+00      0.464E+00      0.163E+10     -0.990E+02     -0.990E+02
      0.275E-02      0.583E+00      0.464E+00      0.163E+10     -0.990E+02     -0.990E+02
      0.288E-02      0.583E+00      0.464E+00      0.163E+10     -0.990E+02     -0.990E+02
      0.302E-02      0.583E+00      0.464E+00      0.163E+10     -0.990E+02     -0.990E+02
      0.316E-02      0.583E+00      0.464E+00      0.163E+10     -0.990E+02     -0.990E+02
      0.331E-02      0.583E+00      0.464E+00      0.163E+10     -0.990E+02     -0.990E+02
      0.347E-02      0.583E+00      0.464E+00      0.163E+10     -0.990E+02     -0.990E+02
      0.363E-02      0.583E+00      0.464E+00      0.163E+10     -0.990E+02     -0.990E+02
      0.380E-02      0.583E+00      0.464E+00      0.163E+10     -0.990E+02     -0.990E+02
      0.398E-02      0.583E+00      0.464E+00      0.163E+10     -0.990E+02     -0.990E+02
      0.417E-02      0.583E+00      0.464E+00      0.163E+10     -0.990E+02     -0.990E+02
      0.437E-02      0.583E+00      0.464E+00      0.163E+10     -0.990E+02     -0.990E+02
      0.457E-02      0.583E+00      0.464E+00      0.163E+10     -0.990E+02     -0.990E+02
      0.479E-02      0.583E+00      0.464E+00      0.163E+10     -0.990E+02     -0.990E+02
      0.501E-02      0.583E+00      0.464E+00      0.163E+10     -0.990E+02     -0.990E+02
      0.525E-02      0.583E+00      0.464E+00      0.163E+10     -0.990E+02     -0.990E+02
      0.550E-02      0.583E+00      0.464E+00      0.163E+10     -0.990E+02     -0.990E+02
      0.575E-02      0.583E+00      0.464E+00      0.163E+10     -0.990E+02     -0.990E+02
      0.603E-02      0.583E+00      0.464E+00      0.163E+10     -0.990E+02     -0.990E+02
      0.631E-02      0.583E+00      0.464E+00      0.163E+10     -0.990E+02     -0.990E+02
      0.661E-02      0.583E+00      0.464E+00      0.163E+10     -0.990E+02     -0.990E+02
      0.692E-02      0.583E+00      0.464E+00      0.163E+10     -0.990E+02     -0.990E+02
      0.724E-02      0.583E+00      0.464E+00      0.163E+10     -0.990E+02     -0.990E+02
      0.759E-02      0.583E+00      0.464E+00      0.163E+10     -0.990E+02     -0.990E+02
      0.794E-02      0.583E+00      0.464E+00      0.163E+10     -0.990E+02     -0.990E+02
      0.832E-02      0.583E+00      0.464E+00      0.163E+10     -0.990E+02     -0.990E+02
      0.871E-02      0.583E+00      0.464E+00      0.163E+10     -0.990E+02     -0.990E+02
      0.912E-02      0.583E+00      0.464E+00      0.163E+10     -0.990E+02     -0.990E+02
      0.955E-02      0.583E+00      0.464E+00      0.163E+10     -0.990E+02     -0.990E+02
      0.100E-01      0.583E+00      0.464E+00      0.163E+10     -0.746E+00      0.530E+00
      0.105E-01      0.106E+01      0.483E+00      0.162E+10     -0.746E+00      0.530E+00
      0.110E-01      0.106E+01      0.481E+00      0.162E+10     -0.746E+00      0.531E+00
      0.115E-01      0.106E+01      0.480E+00      0.162E+10     -0.746E+00      0.530E+00
      0.120E-01      0.106E+01      0.480E+00      0.162E+10     -0.746E+00      0.531E+00
      0.126E-01      0.106E+01      0.481E+00      0.162E+10     -0.746E+00      0.531E+00
      0.132E-01      0.106E+01      0.483E+00      0.162E+10     -0.746E+00      0.531E+00
      0.138E-01      0.106E+01      0.482E+00      0.162E+10     -0.746E+00      0.532E+00
      0.144E-01      0.105E+01      0.479E+00      0.162E+10     -0.746E+00      0.532E+00
      0.151E-01      0.105E+01      0.480E+00      0.162E+10     -0.745E+00      0.532E+00
      0.159E-01      0.106E+01      0.482E+00      0.161E+10     -0.746E+00      0.533E+00
      0.166E-01      0.106E+01      0.482E+00      0.161E+10     -0.745E+00      0.533E+00
      0.174E-01      0.106E+01      0.483E+00      0.161E+10     -0.745E+00      0.534E+00
      0.182E-01      0.106E+01      0.485E+00      0.161E+10     -0.745E+00      0.534E+00
      0.191E-01      0.106E+01      0.485E+00      0.161E+10     -0.745E+00      0.534E+00
      0.200E-01      0.106E+01      0.483E+00      0.161E+10     -0.745E+00      0.535E+00
      0.209E-01      0.105E+01      0.482E+00      0.161E+10     -0.745E+00      0.536E+00
      0.219E-01      0.105E+01      0.483E+00      0.161E+10     -0.745E+00      0.536E+00
      0.229E-01      0.106E+01      0.483E+00      0.161E+10     -0.745E+00      0.536E+00
      0.240E-01      0.106E+01      0.483E+00      0.161E+10     -0.745E+00      0.537E+00
      0.251E-01      0.106E+01      0.484E+00      0.161E+10     -0.745E+00      0.537E+00
      0.263E-01      0.105E+01      0.483E+00      0.161E+10     -0.745E+00      0.538E+00
      0.275E-01      0.105E+01      0.482E+00      0.160E+10     -0.745E+00      0.539E+00
      0.290E-01      0.105E+01      0.482E+00      0.160E+10     -0.745E+00      0.539E+00
      0.300E-01      0.105E+01      0.483E+00      0.160E+10     -0.745E+00      0.540E+00
      0.310E-01      0.105E+01      0.483E+00      0.160E+10     -0.745E+00      0.541E+00
      0.320E-01      0.105E+01      0.482E+00      0.160E+10     -0.745E+00      0.541E+00
      0.330E-01      0.105E+01      0.482E+00      0.160E+10     -0.745E+00      0.542E+00
      0.340E-01      0.105E+01      0.482E+00      0.160E+10     -0.745E+00      0.542E+00
      0.350E-01      0.105E+01      0.482E+00      0.160E+10     -0.745E+00      0.543E+00
      0.360E-01      0.105E+01      0.482E+00      0.160E+10     -0.745E+00      0.544E+00
      0.370E-01      0.105E+01      0.482E+00      0.160E+10     -0.745E+00      0.545E+00
      0.380E-01      0.105E+01      0.482E+00      0.160E+10     -0.745E+00      0.545E+00
      0.390E-01      0.105E+01      0.482E+00      0.159E+10     -0.745E+00      0.546E+00
      0.400E-01      0.104E+01      0.482E+00      0.159E+10     -0.745E+00      0.547E+00
      0.425E-01      0.104E+01      0.482E+00      0.159E+10     -0.745E+00      0.549E+00
      0.450E-01      0.104E+01      0.482E+00      0.159E+10     -0.745E+00      0.550E+00
      0.475E-01      0.104E+01      0.483E+00      0.159E+10     -0.745E+00      0.553E+00
      0.500E-01      0.104E+01      0.483E+00      0.159E+10     -0.746E+00      0.555E+00
      0.525E-01      0.104E+01      0.484E+00      0.158E+10     -0.746E+00      0.557E+00
      0.550E-01      0.103E+01      0.484E+00      0.158E+10     -0.746E+00      0.560E+00
      0.571E-01      0.103E+01      0.485E+00      0.158E+10     -0.746E+00      0.561E+00
      0.640E-01      0.103E+01      0.488E+00      0.158E+10     -0.746E+00      0.568E+00
      0.719E-01      0.102E+01      0.491E+00      0.157E+10     -0.746E+00      0.578E+00
      0.806E-01      0.101E+01      0.496E+00      0.156E+10     -0.746E+00      0.590E+00
      0.905E-01      0.100E+01      0.493E+00      0.156E+10     -0.744E+00      0.593E+00
      0.102E+00      0.986E+00      0.485E+00      0.155E+10     -0.741E+00      0.590E+00
      0.114E+00      0.967E+00      0.479E+00      0.154E+10     -0.738E+00      0.590E+00
      0.128E+00      0.934E+00      0.467E+00      0.153E+10     -0.735E+00      0.594E+00
      0.143E+00      0.899E+00      0.457E+00      0.152E+10     -0.732E+00      0.601E+00
      0.161E+00      0.857E+00      0.447E+00      0.151E+10     -0.728E+00      0.613E+00
      0.181E+00      0.808E+00      0.438E+00      0.150E+10     -0.721E+00      0.629E+00
      0.203E+00      0.759E+00      0.430E+00      0.148E+10     -0.715E+00      0.650E+00
      0.227E+00      0.732E+00      0.402E+00      0.147E+10     -0.714E+00      0.629E+00
      0.255E+00      0.702E+00      0.376E+00      0.146E+10     -0.714E+00      0.612E+00
      0.286E+00      0.673E+00      0.352E+00      0.144E+10     -0.713E+00      0.596E+00
      0.321E+00      0.645E+00      0.333E+00      0.143E+10     -0.711E+00      0.585E+00
      0.360E+00      0.626E+00      0.324E+00      0.141E+10     -0.715E+00      0.587E+00
      0.404E+00      0.623E+00      0.325E+00      0.139E+10     -0.719E+00      0.589E+00
      0.453E+00      0.623E+00      0.334E+00      0.137E+10     -0.724E+00      0.600E+00
      0.509E+00      0.636E+00      0.336E+00      0.135E+10     -0.730E+00      0.589E+00
      0.571E+00      0.651E+00      0.334E+00      0.132E+10     -0.736E+00      0.566E+00
      0.641E+00      0.665E+00      0.333E+00      0.130E+10     -0.741E+00      0.549E+00
      0.719E+00      0.691E+00      0.336E+00      0.126E+10     -0.750E+00      0.534E+00
      0.806E+00      0.730E+00      0.337E+00      0.123E+10     -0.765E+00      0.516E+00
      0.905E+00      0.763E+00      0.360E+00      0.118E+10     -0.774E+00      0.532E+00
      0.102E+01      0.680E+00      0.312E+00      0.113E+10     -0.774E+00      0.514E+00
      0.114E+01      0.541E+00      0.240E+00      0.108E+10     -0.804E+00      0.537E+00
      0.128E+01      0.548E+00      0.404E+00      0.103E+10     -0.883E+00      0.111E+01
      0.143E+01      0.513E+00      0.397E+00      0.980E+09     -0.867E+00      0.110E+01
      0.161E+01      0.398E+00      0.222E+00      0.927E+09     -0.793E+00      0.661E+00
      0.168E+01      0.379E+00      0.214E+00      0.896E+09     -0.788E+00      0.662E+00
      0.170E+01      0.375E+00      0.213E+00      0.885E+09     -0.786E+00      0.666E+00
      0.180E+01      0.354E+00      0.213E+00      0.872E+09     -0.783E+00      0.707E+00
      0.190E+01      0.335E+00      0.227E+00      0.850E+09     -0.782E+00      0.810E+00
      0.200E+01      0.341E+00      0.228E+00      0.829E+09     -0.770E+00      0.787E+00
      0.210E+01      0.359E+00      0.252E+00      0.809E+09     -0.761E+00      0.783E+00
      0.220E+01      0.371E+00      0.263E+00      0.787E+09     -0.761E+00      0.778E+00
      0.230E+01      0.372E+00      0.236E+00      0.764E+09     -0.747E+00      0.715E+00
      0.240E+01      0.387E+00      0.240E+00      0.742E+09     -0.734E+00      0.694E+00
      0.250E+01      0.443E+00      0.249E+00      0.719E+09     -0.726E+00      0.617E+00
      0.260E+01      0.505E+00      0.299E+00      0.692E+09     -0.724E+00      0.638E+00
      0.275E+01      0.608E+00      0.353E+00      0.655E+09     -0.754E+00      0.632E+00
      0.300E+01      0.570E+00      0.298E+00      0.582E+09     -0.778E+00      0.588E+00
      0.325E+01      0.431E+00      0.238E+00      0.498E+09     -0.784E+00      0.647E+00
      0.350E+01      0.445E+00      0.219E+00      0.435E+09     -0.803E+00      0.580E+00
      0.375E+01      0.432E+00      0.223E+00      0.370E+09     -0.852E+00      0.636E+00
      0.400E+01      0.425E+00      0.223E+00      0.308E+09     -0.844E+00      0.631E+00
      0.425E+01      0.368E+00      0.192E+00      0.247E+09     -0.847E+00      0.638E+00
      0.450E+01      0.365E+00      0.203E+00      0.194E+09     -0.897E+00      0.730E+00
      0.475E+01      0.330E+00      0.182E+00      0.141E+09     -0.968E+00      0.772E+00
      0.500E+01      0.230E+00      0.142E+00      0.941E+08     -0.107E+01      0.938E+00
      0.525E+01      0.168E+00      0.129E+00      0.613E+08     -0.106E+01      0.113E+01
      0.550E+01      0.129E+00      0.126E+00      0.375E+08     -0.109E+01      0.138E+01
      0.575E+01      0.554E-01      0.858E-01      0.191E+08     -0.106E+01      0.218E+01
      0.600E+01      0.389E-01      0.625E-01      0.113E+08     -0.912E+00      0.200E+01
      0.625E+01      0.307E-01      0.490E-01      0.586E+07     -0.122E+01      0.261E+01
      0.650E+01      0.101E-01      0.174E-01      0.154E+07     -0.161E+01      0.374E+01
      0.675E+01      0.848E-03      0.248E-02      0.121E+06     -0.212E+01      0.895E+01
      0.700E+01      0.143E-05      0.495E-05      0.198E+03     -0.423E+01      0.206E+02
      0.725E+01      0.346E-22      0.184E-12      0.483E-14     -0.109E+01       Infinity
      0.750E+01      0.000E+00      0.000E+00      0.000E+00     -0.990E+02     -0.990E+02
      0.775E+01      0.000E+00      0.000E+00      0.000E+00     -0.990E+02     -0.990E+02
      0.800E+01      0.000E+00      0.000E+00      0.000E+00     -0.990E+02     -0.990E+02
      0.825E+01      0.000E+00      0.000E+00      0.000E+00     -0.990E+02     -0.990E+02
      0.850E+01      0.000E+00      0.000E+00      0.000E+00     -0.990E+02     -0.990E+02
      0.875E+01      0.000E+00      0.000E+00      0.000E+00     -0.990E+02     -0.990E+02
      0.900E+01      0.000E+00      0.000E+00      0.000E+00     -0.990E+02     -0.990E+02
      0.925E+01      0.000E+00      0.000E+00      0.000E+00     -0.990E+02     -0.990E+02
      0.950E+01      0.000E+00      0.000E+00      0.000E+00     -0.990E+02     -0.990E+02
      0.975E+01      0.000E+00      0.000E+00      0.000E+00     -0.990E+02     -0.990E+02
      0.100E+02      0.000E+00      0.000E+00      0.000E+00     -0.990E+02     -0.990E+02
      0.102E+02      0.000E+00      0.000E+00      0.000E+00     -0.990E+02     -0.990E+02
      0.105E+02      0.000E+00      0.000E+00      0.000E+00     -0.990E+02     -0.990E+02
      0.108E+02      0.000E+00      0.000E+00      0.000E+00     -0.990E+02     -0.990E+02
      0.110E+02      0.000E+00      0.000E+00      0.000E+00     -0.990E+02     -0.990E+02
      0.112E+02      0.000E+00      0.000E+00      0.000E+00     -0.990E+02     -0.990E+02
      0.115E+02      0.000E+00      0.000E+00      0.000E+00     -0.990E+02     -0.990E+02
      0.118E+02      0.000E+00      0.000E+00      0.000E+00     -0.990E+02     -0.990E+02
      0.120E+02      0.000E+00      0.000E+00      0.000E+00     -0.990E+02     -0.990E+02
      0.122E+02      0.000E+00      0.000E+00      0.000E+00     -0.990E+02     -0.990E+02
      0.125E+02      0.000E+00      0.000E+00      0.000E+00     -0.990E+02     -0.990E+02
      0.128E+02      0.000E+00      0.000E+00      0.000E+00     -0.990E+02     -0.990E+02
      0.130E+02      0.000E+00      0.000E+00      0.000E+00     -0.990E+02     -0.990E+02
      0.132E+02      0.000E+00      0.000E+00      0.000E+00     -0.990E+02     -0.990E+02
      0.135E+02      0.000E+00      0.000E+00      0.000E+00     -0.990E+02     -0.990E+02
      0.138E+02      0.000E+00      0.000E+00      0.000E+00     -0.990E+02     -0.990E+02
      0.140E+02      0.000E+00      0.000E+00      0.000E+00     -0.990E+02     -0.990E+02
      0.142E+02      0.000E+00      0.000E+00      0.000E+00     -0.990E+02     -0.990E+02
      0.145E+02      0.000E+00      0.000E+00      0.000E+00     -0.990E+02     -0.990E+02
      0.148E+02      0.000E+00      0.000E+00      0.000E+00     -0.990E+02     -0.990E+02
      0.150E+02      0.000E+00      0.000E+00      0.000E+00     -0.990E+02     -0.990E+02
      0.152E+02      0.000E+00      0.000E+00      0.000E+00     -0.990E+02     -0.990E+02
      0.155E+02      0.000E+00      0.000E+00      0.000E+00     -0.990E+02     -0.990E+02
      0.158E+02      0.000E+00      0.000E+00      0.000E+00     -0.990E+02     -0.990E+02
      0.160E+02      0.000E+00      0.000E+00      0.000E+00     -0.990E+02     -0.990E+02
      0.162E+02      0.000E+00      0.000E+00      0.000E+00     -0.990E+02     -0.990E+02
      0.165E+02      0.000E+00      0.000E+00      0.000E+00     -0.990E+02     -0.990E+02
      0.168E+02      0.000E+00      0.000E+00      0.000E+00     -0.990E+02     -0.990E+02
      0.170E+02      0.000E+00      0.000E+00      0.000E+00     -0.990E+02     -0.990E+02
      0.172E+02      0.000E+00      0.000E+00      0.000E+00     -0.990E+02     -0.990E+02
      0.175E+02      0.000E+00      0.000E+00      0.000E+00     -0.990E+02     -0.990E+02
      0.178E+02      0.000E+00      0.000E+00      0.000E+00     -0.990E+02     -0.990E+02
      0.180E+02      0.000E+00      0.000E+00      0.000E+00     -0.990E+02     -0.990E+02
      0.182E+02      0.000E+00      0.000E+00      0.000E+00     -0.990E+02     -0.990E+02
      0.185E+02      0.000E+00      0.000E+00      0.000E+00     -0.990E+02     -0.990E+02
      0.188E+02      0.000E+00      0.000E+00      0.000E+00     -0.990E+02     -0.990E+02
      0.190E+02      0.000E+00      0.000E+00      0.000E+00     -0.990E+02     -0.990E+02
      0.192E+02      0.000E+00      0.000E+00      0.000E+00     -0.990E+02     -0.990E+02
      0.195E+02      0.000E+00      0.000E+00      0.000E+00     -0.990E+02     -0.990E+02
      0.198E+02      0.000E+00      0.000E+00      0.000E+00     -0.990E+02     -0.990E+02
      0.200E+02      0.000E+00      0.000E+00      0.000E+00     -0.990E+02     -0.990E+02
