      0.000E+00      0.356E-01      0.373E-01      0.122E+10     -0.990E+02     -0.990E+02
      0.100E-03      0.356E-01      0.373E-01      0.122E+10     -0.990E+02     -0.990E+02
      0.140E-03      0.356E-01      0.373E-01      0.122E+10     -0.990E+02     -0.990E+02
      0.160E-03      0.356E-01      0.373E-01      0.122E+10     -0.990E+02     -0.990E+02
      0.180E-03      0.356E-01      0.373E-01      0.122E+10     -0.990E+02     -0.990E+02
      0.200E-03      0.356E-01      0.373E-01      0.122E+10     -0.990E+02     -0.990E+02
      0.220E-03      0.356E-01      0.373E-01      0.122E+10     -0.990E+02     -0.990E+02
      0.250E-03      0.356E-01      0.373E-01      0.122E+10     -0.990E+02     -0.990E+02
      0.280E-03      0.356E-01      0.373E-01      0.122E+10     -0.990E+02     -0.990E+02
      0.320E-03      0.356E-01      0.373E-01      0.122E+10     -0.990E+02     -0.990E+02
      0.350E-03      0.356E-01      0.373E-01      0.122E+10     -0.990E+02     -0.990E+02
      0.400E-03      0.356E-01      0.373E-01      0.122E+10     -0.990E+02     -0.990E+02
      0.450E-03      0.356E-01      0.373E-01      0.122E+10     -0.990E+02     -0.990E+02
      0.500E-03      0.356E-01      0.373E-01      0.122E+10     -0.990E+02     -0.990E+02
      0.560E-03      0.356E-01      0.373E-01      0.122E+10     -0.990E+02     -0.990E+02
      0.630E-03      0.356E-01      0.373E-01      0.122E+10     -0.990E+02     -0.990E+02
      0.710E-03      0.356E-01      0.373E-01      0.122E+10     -0.990E+02     -0.990E+02
      0.790E-03      0.356E-01      0.373E-01      0.122E+10     -0.990E+02     -0.990E+02
      0.890E-03      0.356E-01      0.373E-01      0.122E+10     -0.990E+02     -0.990E+02
      0.100E-02      0.356E-01      0.373E-01      0.122E+10     -0.990E+02     -0.990E+02
      0.105E-02      0.356E-01      0.373E-01      0.122E+10     -0.990E+02     -0.990E+02
      0.110E-02      0.356E-01      0.373E-01      0.122E+10     -0.990E+02     -0.990E+02
      0.115E-02      0.356E-01      0.373E-01      0.122E+10     -0.990E+02     -0.990E+02
      0.120E-02      0.356E-01      0.373E-01      0.122E+10     -0.990E+02     -0.990E+02
      0.126E-02      0.356E-01      0.373E-01      0.122E+10     -0.990E+02     -0.990E+02
      0.132E-02      0.356E-01      0.373E-01      0.122E+10     -0.990E+02     -0.990E+02
      0.138E-02      0.356E-01      0.373E-01      0.122E+10     -0.990E+02     -0.990E+02
      0.145E-02      0.356E-01      0.373E-01      0.122E+10     -0.990E+02     -0.990E+02
      0.151E-02      0.356E-01      0.373E-01      0.122E+10     -0.990E+02     -0.990E+02
      0.158E-02      0.356E-01      0.373E-01      0.122E+10     -0.990E+02     -0.990E+02
      0.166E-02      0.356E-01      0.373E-01      0.122E+10     -0.990E+02     -0.990E+02
      0.174E-02      0.356E-01      0.373E-01      0.122E+10     -0.990E+02     -0.990E+02
      0.182E-02      0.356E-01      0.373E-01      0.122E+10     -0.990E+02     -0.990E+02
      0.191E-02      0.356E-01      0.373E-01      0.122E+10     -0.990E+02     -0.990E+02
      0.200E-02      0.356E-01      0.373E-01      0.122E+10     -0.990E+02     -0.990E+02
      0.209E-02      0.356E-01      0.373E-01      0.122E+10     -0.990E+02     -0.990E+02
      0.219E-02      0.356E-01      0.373E-01      0.122E+10     -0.990E+02     -0.990E+02
      0.229E-02      0.356E-01      0.373E-01      0.122E+10     -0.990E+02     -0.990E+02
      0.240E-02      0.356E-01      0.373E-01      0.122E+10     -0.990E+02     -0.990E+02
      0.251E-02      0.356E-01      0.373E-01      0.122E+10     -0.990E+02     -0.990E+02
      0.263E-02      0.356E-01      0.373E-01      0.122E+10     -0.990E+02     -0.990E+02
      0.275E-02      0.356E-01      0.373E-01      0.122E+10     -0.990E+02     -0.990E+02
      0.288E-02      0.356E-01      0.373E-01      0.122E+10     -0.990E+02     -0.990E+02
      0.302E-02      0.356E-01      0.373E-01      0.122E+10     -0.990E+02     -0.990E+02
      0.316E-02      0.356E-01      0.373E-01      0.122E+10     -0.990E+02     -0.990E+02
      0.331E-02      0.356E-01      0.373E-01      0.122E+10     -0.990E+02     -0.990E+02
      0.347E-02      0.356E-01      0.373E-01      0.122E+10     -0.990E+02     -0.990E+02
      0.363E-02      0.356E-01      0.373E-01      0.122E+10     -0.990E+02     -0.990E+02
      0.380E-02      0.356E-01      0.373E-01      0.122E+10     -0.990E+02     -0.990E+02
      0.398E-02      0.356E-01      0.373E-01      0.122E+10     -0.990E+02     -0.990E+02
      0.417E-02      0.356E-01      0.373E-01      0.122E+10     -0.990E+02     -0.990E+02
      0.437E-02      0.356E-01      0.373E-01      0.122E+10     -0.990E+02     -0.990E+02
      0.457E-02      0.356E-01      0.373E-01      0.122E+10     -0.990E+02     -0.990E+02
      0.479E-02      0.356E-01      0.373E-01      0.122E+10     -0.990E+02     -0.990E+02
      0.501E-02      0.356E-01      0.373E-01      0.122E+10     -0.990E+02     -0.990E+02
      0.525E-02      0.356E-01      0.373E-01      0.122E+10     -0.990E+02     -0.990E+02
      0.550E-02      0.356E-01      0.373E-01      0.122E+10     -0.990E+02     -0.990E+02
      0.575E-02      0.356E-01      0.373E-01      0.122E+10     -0.990E+02     -0.990E+02
      0.603E-02      0.356E-01      0.373E-01      0.122E+10     -0.990E+02     -0.990E+02
      0.631E-02      0.356E-01      0.373E-01      0.122E+10     -0.990E+02     -0.990E+02
      0.661E-02      0.356E-01      0.373E-01      0.122E+10     -0.990E+02     -0.990E+02
      0.692E-02      0.356E-01      0.373E-01      0.122E+10     -0.990E+02     -0.990E+02
      0.724E-02      0.356E-01      0.373E-01      0.122E+10     -0.990E+02     -0.990E+02
      0.759E-02      0.356E-01      0.373E-01      0.122E+10     -0.990E+02     -0.990E+02
      0.794E-02      0.356E-01      0.373E-01      0.122E+10     -0.990E+02     -0.990E+02
      0.832E-02      0.356E-01      0.373E-01      0.122E+10     -0.990E+02     -0.990E+02
      0.871E-02      0.356E-01      0.373E-01      0.122E+10     -0.990E+02     -0.990E+02
      0.912E-02      0.356E-01      0.373E-01      0.122E+10     -0.990E+02     -0.990E+02
      0.955E-02      0.356E-01      0.373E-01      0.122E+10     -0.990E+02     -0.990E+02
      0.100E-01      0.356E-01      0.373E-01      0.122E+10     -0.876E+00      0.345E+00
      0.105E-01      0.961E+01      0.261E+01      0.122E+10     -0.876E+00      0.345E+00
      0.110E-01      0.957E+01      0.260E+01      0.121E+10     -0.876E+00      0.346E+00
      0.115E-01      0.953E+01      0.259E+01      0.121E+10     -0.877E+00      0.345E+00
      0.120E-01      0.953E+01      0.259E+01      0.121E+10     -0.877E+00      0.345E+00
      0.126E-01      0.955E+01      0.259E+01      0.120E+10     -0.878E+00      0.345E+00
      0.132E-01      0.960E+01      0.260E+01      0.120E+10     -0.878E+00      0.345E+00
      0.138E-01      0.957E+01      0.259E+01      0.119E+10     -0.878E+00      0.345E+00
      0.144E-01      0.950E+01      0.257E+01      0.119E+10     -0.879E+00      0.345E+00
      0.151E-01      0.951E+01      0.258E+01      0.118E+10     -0.880E+00      0.345E+00
      0.159E-01      0.955E+01      0.258E+01      0.117E+10     -0.880E+00      0.345E+00
      0.166E-01      0.953E+01      0.258E+01      0.117E+10     -0.881E+00      0.345E+00
      0.174E-01      0.956E+01      0.258E+01      0.116E+10     -0.881E+00      0.345E+00
      0.182E-01      0.960E+01      0.259E+01      0.116E+10     -0.882E+00      0.345E+00
      0.191E-01      0.959E+01      0.259E+01      0.115E+10     -0.883E+00      0.345E+00
      0.200E-01      0.953E+01      0.257E+01      0.114E+10     -0.883E+00      0.345E+00
      0.209E-01      0.951E+01      0.257E+01      0.113E+10     -0.884E+00      0.345E+00
      0.219E-01      0.952E+01      0.257E+01      0.113E+10     -0.885E+00      0.345E+00
      0.229E-01      0.954E+01      0.257E+01      0.112E+10     -0.886E+00      0.345E+00
      0.240E-01      0.954E+01      0.257E+01      0.111E+10     -0.887E+00      0.345E+00
      0.251E-01      0.955E+01      0.257E+01      0.110E+10     -0.888E+00      0.345E+00
      0.263E-01      0.956E+01      0.257E+01      0.109E+10     -0.888E+00      0.345E+00
      0.275E-01      0.953E+01      0.256E+01      0.108E+10     -0.889E+00      0.346E+00
      0.290E-01      0.952E+01      0.255E+01      0.107E+10     -0.891E+00      0.346E+00
      0.300E-01      0.954E+01      0.256E+01      0.106E+10     -0.891E+00      0.346E+00
      0.310E-01      0.955E+01      0.256E+01      0.105E+10     -0.892E+00      0.346E+00
      0.320E-01      0.953E+01      0.255E+01      0.105E+10     -0.893E+00      0.346E+00
      0.330E-01      0.953E+01      0.255E+01      0.104E+10     -0.894E+00      0.346E+00
      0.340E-01      0.951E+01      0.255E+01      0.103E+10     -0.895E+00      0.346E+00
      0.350E-01      0.950E+01      0.254E+01      0.102E+10     -0.895E+00      0.346E+00
      0.360E-01      0.946E+01      0.253E+01      0.102E+10     -0.894E+00      0.346E+00
      0.370E-01      0.943E+01      0.253E+01      0.101E+10     -0.895E+00      0.346E+00
      0.380E-01      0.939E+01      0.252E+01      0.100E+10     -0.895E+00      0.346E+00
      0.390E-01      0.933E+01      0.250E+01      0.992E+09     -0.895E+00      0.347E+00
      0.400E-01      0.931E+01      0.250E+01      0.985E+09     -0.895E+00      0.347E+00
      0.425E-01      0.922E+01      0.248E+01      0.972E+09     -0.895E+00      0.347E+00
      0.450E-01      0.914E+01      0.245E+01      0.953E+09     -0.895E+00      0.347E+00
      0.475E-01      0.905E+01      0.243E+01      0.935E+09     -0.895E+00      0.348E+00
      0.500E-01      0.895E+01      0.241E+01      0.917E+09     -0.896E+00      0.348E+00
      0.525E-01      0.886E+01      0.238E+01      0.899E+09     -0.896E+00      0.348E+00
      0.550E-01      0.878E+01      0.236E+01      0.881E+09     -0.896E+00      0.349E+00
      0.571E-01      0.870E+01      0.234E+01      0.865E+09     -0.896E+00      0.349E+00
      0.640E-01      0.845E+01      0.228E+01      0.834E+09     -0.897E+00      0.351E+00
      0.719E-01      0.816E+01      0.221E+01      0.785E+09     -0.897E+00      0.353E+00
      0.806E-01      0.785E+01      0.214E+01      0.733E+09     -0.898E+00      0.356E+00
      0.905E-01      0.750E+01      0.206E+01      0.677E+09     -0.899E+00      0.359E+00
      0.102E+00      0.709E+01      0.197E+01      0.617E+09     -0.900E+00      0.365E+00
      0.114E+00      0.664E+01      0.185E+01      0.553E+09     -0.902E+00      0.370E+00
      0.128E+00      0.613E+01      0.172E+01      0.488E+09     -0.904E+00      0.377E+00
      0.143E+00      0.557E+01      0.157E+01      0.420E+09     -0.907E+00      0.388E+00
      0.161E+00      0.492E+01      0.142E+01      0.352E+09     -0.911E+00      0.408E+00
      0.181E+00      0.423E+01      0.124E+01      0.284E+09     -0.919E+00      0.430E+00
      0.203E+00      0.345E+01      0.105E+01      0.220E+09     -0.931E+00      0.468E+00
      0.227E+00      0.258E+01      0.851E+00      0.162E+09     -0.954E+00      0.548E+00
      0.255E+00      0.160E+01      0.680E+00      0.113E+09     -0.101E+01      0.781E+00
      0.286E+00      0.591E+00      0.590E+00      0.800E+08     -0.123E+01      0.205E+01
      0.321E+00      0.518E+00      0.528E+00      0.662E+08     -0.129E+01      0.220E+01
      0.360E+00      0.440E+00      0.480E+00      0.527E+08     -0.137E+01      0.245E+01
      0.404E+00      0.368E+00      0.417E+00      0.400E+08     -0.142E+01      0.267E+01
      0.453E+00      0.285E+00      0.342E+00      0.282E+08     -0.149E+01      0.300E+01
      0.509E+00      0.192E+00      0.266E+00      0.180E+08     -0.164E+01      0.380E+01
      0.571E+00      0.110E+00      0.183E+00      0.103E+08     -0.200E+01      0.564E+01
      0.641E+00      0.594E-01      0.129E+00      0.545E+07     -0.267E+01      0.985E+01
      0.719E+00      0.309E-01      0.907E-01      0.255E+07     -0.345E+01      0.158E+02
      0.806E+00      0.136E-01      0.487E-01      0.888E+06     -0.414E+01      0.212E+02
      0.905E+00      0.122E-02      0.507E-02      0.817E+05     -0.399E+01      0.229E+02
      0.102E+01      0.153E-04      0.107E-02      0.125E+04     -0.219E+01      0.191E+03
      0.114E+01      0.918E-06      0.238E-03      0.106E+03     -0.120E+01      0.516E+03
      0.128E+01      0.154E-06      0.149E-03      0.289E+02     -0.228E+01      0.313E+04
      0.143E+01      0.110E-06      0.118E-03      0.145E+02     -0.278E+01      0.446E+04
      0.161E+01      0.288E-07      0.430E-04      0.304E+01     -0.172E+01      0.315E+04
      0.168E+01      0.117E-07      0.274E-04      0.831E+00     -0.684E+00      0.215E+04
      0.170E+01      0.100E-07      0.236E-04      0.500E+00     -0.684E+00      0.215E+04
      0.180E+01      0.194E-08      0.500E-05      0.125E+00     -0.693E+00      0.250E+04
      0.190E+01      0.479E-10      0.162E-05      0.517E-02     -0.115E+01      0.506E+05
      0.200E+01      0.224E-10      0.104E-05      0.224E-02     -0.139E+01      0.819E+05
      0.210E+01      0.847E-11      0.760E-06      0.876E-03     -0.157E+01      0.181E+06
      0.220E+01      0.439E-11      0.474E-06      0.364E-03     -0.145E+01      0.202E+06
      0.230E+01      0.161E-11      0.213E-06      0.990E-04     -0.943E+00      0.177E+06
      0.240E+01      0.379E-13      0.110E-07      0.234E-05     -0.893E+00      0.289E+06
      0.250E+01      0.694E-15      0.436E-08      0.715E-07     -0.109E+01      0.824E+07
      0.260E+01      0.307E-15      0.289E-08      0.298E-07     -0.962E+00      0.123E+08
      0.275E+01      0.588E-16      0.561E-09      0.698E-08     -0.968E+00      0.127E+08
      0.300E+01      0.000E+00      0.936E-24      0.000E+00     -0.141E+01            NaN
      0.325E+01      0.000E+00      0.000E+00      0.000E+00     -0.990E+02     -0.990E+02
      0.350E+01      0.000E+00      0.000E+00      0.000E+00     -0.990E+02     -0.990E+02
      0.375E+01      0.000E+00      0.000E+00      0.000E+00     -0.990E+02     -0.990E+02
      0.400E+01      0.000E+00      0.000E+00      0.000E+00     -0.990E+02     -0.990E+02
      0.425E+01      0.000E+00      0.000E+00      0.000E+00     -0.990E+02     -0.990E+02
      0.450E+01      0.000E+00      0.000E+00      0.000E+00     -0.990E+02     -0.990E+02
      0.475E+01      0.000E+00      0.000E+00      0.000E+00     -0.990E+02     -0.990E+02
      0.500E+01      0.000E+00      0.000E+00      0.000E+00     -0.990E+02     -0.990E+02
      0.525E+01      0.000E+00      0.000E+00      0.000E+00     -0.990E+02     -0.990E+02
      0.550E+01      0.000E+00      0.000E+00      0.000E+00     -0.990E+02     -0.990E+02
      0.575E+01      0.000E+00      0.000E+00      0.000E+00     -0.990E+02     -0.990E+02
      0.600E+01      0.000E+00      0.000E+00      0.000E+00     -0.990E+02     -0.990E+02
      0.625E+01      0.000E+00      0.000E+00      0.000E+00     -0.990E+02     -0.990E+02
      0.650E+01      0.000E+00      0.000E+00      0.000E+00     -0.990E+02     -0.990E+02
      0.675E+01      0.000E+00      0.000E+00      0.000E+00     -0.990E+02     -0.990E+02
      0.700E+01      0.000E+00      0.000E+00      0.000E+00     -0.990E+02     -0.990E+02
      0.725E+01      0.000E+00      0.000E+00      0.000E+00     -0.990E+02     -0.990E+02
      0.750E+01      0.000E+00      0.000E+00      0.000E+00     -0.990E+02     -0.990E+02
      0.775E+01      0.000E+00      0.000E+00      0.000E+00     -0.990E+02     -0.990E+02
      0.800E+01      0.000E+00      0.000E+00      0.000E+00     -0.990E+02     -0.990E+02
      0.825E+01      0.000E+00      0.000E+00      0.000E+00     -0.990E+02     -0.990E+02
      0.850E+01      0.000E+00      0.000E+00      0.000E+00     -0.990E+02     -0.990E+02
      0.875E+01      0.000E+00      0.000E+00      0.000E+00     -0.990E+02     -0.990E+02
      0.900E+01      0.000E+00      0.000E+00      0.000E+00     -0.990E+02     -0.990E+02
      0.925E+01      0.000E+00      0.000E+00      0.000E+00     -0.990E+02     -0.990E+02
      0.950E+01      0.000E+00      0.000E+00      0.000E+00     -0.990E+02     -0.990E+02
      0.975E+01      0.000E+00      0.000E+00      0.000E+00     -0.990E+02     -0.990E+02
      0.100E+02      0.000E+00      0.000E+00      0.000E+00     -0.990E+02     -0.990E+02
      0.102E+02      0.000E+00      0.000E+00      0.000E+00     -0.990E+02     -0.990E+02
      0.105E+02      0.000E+00      0.000E+00      0.000E+00     -0.990E+02     -0.990E+02
      0.108E+02      0.000E+00      0.000E+00      0.000E+00     -0.990E+02     -0.990E+02
      0.110E+02      0.000E+00      0.000E+00      0.000E+00     -0.990E+02     -0.990E+02
      0.112E+02      0.000E+00      0.000E+00      0.000E+00     -0.990E+02     -0.990E+02
      0.115E+02      0.000E+00      0.000E+00      0.000E+00     -0.990E+02     -0.990E+02
      0.118E+02      0.000E+00      0.000E+00      0.000E+00     -0.990E+02     -0.990E+02
      0.120E+02      0.000E+00      0.000E+00      0.000E+00     -0.990E+02     -0.990E+02
      0.122E+02      0.000E+00      0.000E+00      0.000E+00     -0.990E+02     -0.990E+02
      0.125E+02      0.000E+00      0.000E+00      0.000E+00     -0.990E+02     -0.990E+02
      0.128E+02      0.000E+00      0.000E+00      0.000E+00     -0.990E+02     -0.990E+02
      0.130E+02      0.000E+00      0.000E+00      0.000E+00     -0.990E+02     -0.990E+02
      0.132E+02      0.000E+00      0.000E+00      0.000E+00     -0.990E+02     -0.990E+02
      0.135E+02      0.000E+00      0.000E+00      0.000E+00     -0.990E+02     -0.990E+02
      0.138E+02      0.000E+00      0.000E+00      0.000E+00     -0.990E+02     -0.990E+02
      0.140E+02      0.000E+00      0.000E+00      0.000E+00     -0.990E+02     -0.990E+02
      0.142E+02      0.000E+00      0.000E+00      0.000E+00     -0.990E+02     -0.990E+02
      0.145E+02      0.000E+00      0.000E+00      0.000E+00     -0.990E+02     -0.990E+02
      0.148E+02      0.000E+00      0.000E+00      0.000E+00     -0.990E+02     -0.990E+02
      0.150E+02      0.000E+00      0.000E+00      0.000E+00     -0.990E+02     -0.990E+02
      0.152E+02      0.000E+00      0.000E+00      0.000E+00     -0.990E+02     -0.990E+02
      0.155E+02      0.000E+00      0.000E+00      0.000E+00     -0.990E+02     -0.990E+02
      0.158E+02      0.000E+00      0.000E+00      0.000E+00     -0.990E+02     -0.990E+02
      0.160E+02      0.000E+00      0.000E+00      0.000E+00     -0.990E+02     -0.990E+02
      0.162E+02      0.000E+00      0.000E+00      0.000E+00     -0.990E+02     -0.990E+02
      0.165E+02      0.000E+00      0.000E+00      0.000E+00     -0.990E+02     -0.990E+02
      0.168E+02      0.000E+00      0.000E+00      0.000E+00     -0.990E+02     -0.990E+02
      0.170E+02      0.000E+00      0.000E+00      0.000E+00     -0.990E+02     -0.990E+02
      0.172E+02      0.000E+00      0.000E+00      0.000E+00     -0.990E+02     -0.990E+02
      0.175E+02      0.000E+00      0.000E+00      0.000E+00     -0.990E+02     -0.990E+02
      0.178E+02      0.000E+00      0.000E+00      0.000E+00     -0.990E+02     -0.990E+02
      0.180E+02      0.000E+00      0.000E+00      0.000E+00     -0.990E+02     -0.990E+02
      0.182E+02      0.000E+00      0.000E+00      0.000E+00     -0.990E+02     -0.990E+02
      0.185E+02      0.000E+00      0.000E+00      0.000E+00     -0.990E+02     -0.990E+02
      0.188E+02      0.000E+00      0.000E+00      0.000E+00     -0.990E+02     -0.990E+02
      0.190E+02      0.000E+00      0.000E+00      0.000E+00     -0.990E+02     -0.990E+02
      0.192E+02      0.000E+00      0.000E+00      0.000E+00     -0.990E+02     -0.990E+02
      0.195E+02      0.000E+00      0.000E+00      0.000E+00     -0.990E+02     -0.990E+02
      0.198E+02      0.000E+00      0.000E+00      0.000E+00     -0.990E+02     -0.990E+02
      0.200E+02      0.000E+00      0.000E+00      0.000E+00     -0.990E+02     -0.990E+02
