      0.000E+00      0.375E+02      0.110E+01      0.494E+11     -0.990E+02     -0.990E+02
      0.100E-03      0.375E+02      0.110E+01      0.494E+11     -0.990E+02     -0.990E+02
      0.140E-03      0.375E+02      0.110E+01      0.494E+11     -0.990E+02     -0.990E+02
      0.160E-03      0.375E+02      0.110E+01      0.494E+11     -0.990E+02     -0.990E+02
      0.180E-03      0.375E+02      0.110E+01      0.494E+11     -0.990E+02     -0.990E+02
      0.200E-03      0.375E+02      0.110E+01      0.494E+11     -0.990E+02     -0.990E+02
      0.220E-03      0.375E+02      0.110E+01      0.494E+11     -0.990E+02     -0.990E+02
      0.250E-03      0.375E+02      0.110E+01      0.494E+11     -0.990E+02     -0.990E+02
      0.280E-03      0.375E+02      0.110E+01      0.494E+11     -0.990E+02     -0.990E+02
      0.320E-03      0.375E+02      0.110E+01      0.494E+11     -0.990E+02     -0.990E+02
      0.350E-03      0.375E+02      0.110E+01      0.494E+11     -0.990E+02     -0.990E+02
      0.400E-03      0.375E+02      0.110E+01      0.494E+11     -0.990E+02     -0.990E+02
      0.450E-03      0.375E+02      0.110E+01      0.494E+11     -0.990E+02     -0.990E+02
      0.500E-03      0.375E+02      0.110E+01      0.494E+11     -0.990E+02     -0.990E+02
      0.560E-03      0.375E+02      0.110E+01      0.494E+11     -0.990E+02     -0.990E+02
      0.630E-03      0.375E+02      0.110E+01      0.494E+11     -0.990E+02     -0.990E+02
      0.710E-03      0.375E+02      0.110E+01      0.494E+11     -0.990E+02     -0.990E+02
      0.790E-03      0.375E+02      0.110E+01      0.494E+11     -0.990E+02     -0.990E+02
      0.890E-03      0.375E+02      0.110E+01      0.494E+11     -0.990E+02     -0.990E+02
      0.100E-02      0.375E+02      0.110E+01      0.494E+11     -0.990E+02     -0.990E+02
      0.105E-02      0.375E+02      0.110E+01      0.494E+11     -0.990E+02     -0.990E+02
      0.110E-02      0.375E+02      0.110E+01      0.494E+11     -0.990E+02     -0.990E+02
      0.115E-02      0.375E+02      0.110E+01      0.494E+11     -0.990E+02     -0.990E+02
      0.120E-02      0.375E+02      0.110E+01      0.494E+11     -0.990E+02     -0.990E+02
      0.126E-02      0.375E+02      0.110E+01      0.494E+11     -0.990E+02     -0.990E+02
      0.132E-02      0.375E+02      0.110E+01      0.494E+11     -0.990E+02     -0.990E+02
      0.138E-02      0.375E+02      0.110E+01      0.494E+11     -0.990E+02     -0.990E+02
      0.145E-02      0.375E+02      0.110E+01      0.494E+11     -0.990E+02     -0.990E+02
      0.151E-02      0.375E+02      0.110E+01      0.494E+11     -0.990E+02     -0.990E+02
      0.158E-02      0.375E+02      0.110E+01      0.494E+11     -0.990E+02     -0.990E+02
      0.166E-02      0.375E+02      0.110E+01      0.494E+11     -0.990E+02     -0.990E+02
      0.174E-02      0.375E+02      0.110E+01      0.494E+11     -0.990E+02     -0.990E+02
      0.182E-02      0.375E+02      0.110E+01      0.494E+11     -0.990E+02     -0.990E+02
      0.191E-02      0.375E+02      0.110E+01      0.494E+11     -0.990E+02     -0.990E+02
      0.200E-02      0.375E+02      0.110E+01      0.494E+11     -0.990E+02     -0.990E+02
      0.209E-02      0.375E+02      0.110E+01      0.494E+11     -0.990E+02     -0.990E+02
      0.219E-02      0.375E+02      0.110E+01      0.494E+11     -0.990E+02     -0.990E+02
      0.229E-02      0.375E+02      0.110E+01      0.494E+11     -0.990E+02     -0.990E+02
      0.240E-02      0.375E+02      0.110E+01      0.494E+11     -0.990E+02     -0.990E+02
      0.251E-02      0.375E+02      0.110E+01      0.494E+11     -0.990E+02     -0.990E+02
      0.263E-02      0.375E+02      0.110E+01      0.494E+11     -0.990E+02     -0.990E+02
      0.275E-02      0.375E+02      0.110E+01      0.494E+11     -0.990E+02     -0.990E+02
      0.288E-02      0.375E+02      0.110E+01      0.494E+11     -0.990E+02     -0.990E+02
      0.302E-02      0.375E+02      0.110E+01      0.494E+11     -0.990E+02     -0.990E+02
      0.316E-02      0.375E+02      0.110E+01      0.494E+11     -0.990E+02     -0.990E+02
      0.331E-02      0.375E+02      0.110E+01      0.494E+11     -0.990E+02     -0.990E+02
      0.347E-02      0.375E+02      0.110E+01      0.494E+11     -0.990E+02     -0.990E+02
      0.363E-02      0.375E+02      0.110E+01      0.494E+11     -0.990E+02     -0.990E+02
      0.380E-02      0.375E+02      0.110E+01      0.494E+11     -0.990E+02     -0.990E+02
      0.398E-02      0.375E+02      0.110E+01      0.494E+11     -0.990E+02     -0.990E+02
      0.417E-02      0.375E+02      0.110E+01      0.494E+11     -0.990E+02     -0.990E+02
      0.437E-02      0.375E+02      0.110E+01      0.494E+11     -0.990E+02     -0.990E+02
      0.457E-02      0.375E+02      0.110E+01      0.494E+11     -0.990E+02     -0.990E+02
      0.479E-02      0.375E+02      0.110E+01      0.494E+11     -0.990E+02     -0.990E+02
      0.501E-02      0.375E+02      0.110E+01      0.494E+11     -0.990E+02     -0.990E+02
      0.525E-02      0.375E+02      0.110E+01      0.494E+11     -0.990E+02     -0.990E+02
      0.550E-02      0.375E+02      0.110E+01      0.494E+11     -0.990E+02     -0.990E+02
      0.575E-02      0.375E+02      0.110E+01      0.494E+11     -0.990E+02     -0.990E+02
      0.603E-02      0.375E+02      0.110E+01      0.494E+11     -0.990E+02     -0.990E+02
      0.631E-02      0.375E+02      0.110E+01      0.494E+11     -0.990E+02     -0.990E+02
      0.661E-02      0.375E+02      0.110E+01      0.494E+11     -0.990E+02     -0.990E+02
      0.692E-02      0.375E+02      0.110E+01      0.494E+11     -0.990E+02     -0.990E+02
      0.724E-02      0.375E+02      0.110E+01      0.494E+11     -0.990E+02     -0.990E+02
      0.759E-02      0.375E+02      0.110E+01      0.494E+11     -0.990E+02     -0.990E+02
      0.794E-02      0.375E+02      0.110E+01      0.494E+11     -0.990E+02     -0.990E+02
      0.832E-02      0.375E+02      0.110E+01      0.494E+11     -0.990E+02     -0.990E+02
      0.871E-02      0.375E+02      0.110E+01      0.494E+11     -0.990E+02     -0.990E+02
      0.912E-02      0.375E+02      0.110E+01      0.494E+11     -0.990E+02     -0.990E+02
      0.955E-02      0.375E+02      0.110E+01      0.494E+11     -0.990E+02     -0.990E+02
      0.100E-01      0.375E+02      0.110E+01      0.494E+11      0.205E-01      0.182E-01
      0.105E-01      0.382E+02      0.462E+01      0.491E+11      0.205E-01      0.182E-01
      0.110E-01      0.380E+02      0.460E+01      0.490E+11      0.205E-01      0.182E-01
      0.115E-01      0.379E+02      0.459E+01      0.490E+11      0.204E-01      0.182E-01
      0.120E-01      0.379E+02      0.459E+01      0.490E+11      0.203E-01      0.182E-01
      0.126E-01      0.380E+02      0.459E+01      0.490E+11      0.203E-01      0.182E-01
      0.132E-01      0.382E+02      0.462E+01      0.490E+11      0.202E-01      0.182E-01
      0.138E-01      0.381E+02      0.461E+01      0.489E+11      0.202E-01      0.182E-01
      0.144E-01      0.378E+02      0.458E+01      0.489E+11      0.201E-01      0.182E-01
      0.151E-01      0.379E+02      0.459E+01      0.489E+11      0.200E-01      0.182E-01
      0.159E-01      0.381E+02      0.461E+01      0.489E+11      0.200E-01      0.181E-01
      0.166E-01      0.380E+02      0.461E+01      0.489E+11      0.199E-01      0.182E-01
      0.174E-01      0.382E+02      0.462E+01      0.488E+11      0.199E-01      0.181E-01
      0.182E-01      0.384E+02      0.465E+01      0.488E+11      0.198E-01      0.181E-01
      0.191E-01      0.383E+02      0.464E+01      0.488E+11      0.197E-01      0.181E-01
      0.200E-01      0.381E+02      0.462E+01      0.487E+11      0.196E-01      0.181E-01
      0.209E-01      0.382E+02      0.462E+01      0.487E+11      0.196E-01      0.181E-01
      0.219E-01      0.381E+02      0.461E+01      0.487E+11      0.193E-01      0.181E-01
      0.229E-01      0.381E+02      0.462E+01      0.487E+11      0.192E-01      0.181E-01
      0.240E-01      0.383E+02      0.464E+01      0.486E+11      0.192E-01      0.181E-01
      0.251E-01      0.382E+02      0.463E+01      0.486E+11      0.190E-01      0.181E-01
      0.263E-01      0.382E+02      0.463E+01      0.485E+11      0.189E-01      0.181E-01
      0.275E-01      0.383E+02      0.465E+01      0.485E+11      0.188E-01      0.181E-01
      0.290E-01      0.382E+02      0.463E+01      0.485E+11      0.188E-01      0.181E-01
      0.300E-01      0.383E+02      0.464E+01      0.484E+11      0.185E-01      0.181E-01
      0.310E-01      0.383E+02      0.465E+01      0.484E+11      0.184E-01      0.181E-01
      0.320E-01      0.383E+02      0.465E+01      0.484E+11      0.183E-01      0.181E-01
      0.330E-01      0.384E+02      0.466E+01      0.483E+11      0.183E-01      0.181E-01
      0.340E-01      0.384E+02      0.466E+01      0.483E+11      0.182E-01      0.180E-01
      0.350E-01      0.384E+02      0.467E+01      0.483E+11      0.181E-01      0.180E-01
      0.360E-01      0.385E+02      0.468E+01      0.482E+11      0.180E-01      0.180E-01
      0.370E-01      0.385E+02      0.468E+01      0.482E+11      0.180E-01      0.180E-01
      0.380E-01      0.386E+02      0.469E+01      0.482E+11      0.179E-01      0.180E-01
      0.390E-01      0.384E+02      0.467E+01      0.481E+11      0.176E-01      0.181E-01
      0.400E-01      0.386E+02      0.469E+01      0.481E+11      0.177E-01      0.180E-01
      0.425E-01      0.386E+02      0.469E+01      0.481E+11      0.173E-01      0.180E-01
      0.450E-01      0.386E+02      0.470E+01      0.480E+11      0.172E-01      0.180E-01
      0.475E-01      0.387E+02      0.472E+01      0.479E+11      0.169E-01      0.180E-01
      0.500E-01      0.387E+02      0.472E+01      0.478E+11      0.166E-01      0.180E-01
      0.525E-01      0.388E+02      0.473E+01      0.477E+11      0.165E-01      0.180E-01
      0.550E-01      0.388E+02      0.474E+01      0.477E+11      0.162E-01      0.180E-01
      0.571E-01      0.388E+02      0.474E+01      0.476E+11      0.160E-01      0.179E-01
      0.640E-01      0.389E+02      0.477E+01      0.475E+11      0.153E-01      0.179E-01
      0.719E-01      0.392E+02      0.481E+01      0.472E+11      0.147E-01      0.179E-01
      0.806E-01      0.392E+02      0.483E+01      0.470E+11      0.137E-01      0.179E-01
      0.905E-01      0.394E+02      0.489E+01      0.467E+11      0.127E-01      0.178E-01
      0.102E+00      0.396E+02      0.492E+01      0.464E+11      0.121E-01      0.178E-01
      0.114E+00      0.399E+02      0.499E+01      0.460E+11      0.107E-01      0.177E-01
      0.128E+00      0.401E+02      0.504E+01      0.456E+11      0.954E-02      0.177E-01
      0.143E+00      0.405E+02      0.515E+01      0.452E+11      0.803E-02      0.184E-01
      0.161E+00      0.407E+02      0.525E+01      0.447E+11      0.652E-02      0.193E-01
      0.181E+00      0.411E+02      0.538E+01      0.441E+11      0.481E-02      0.203E-01
      0.203E+00      0.409E+02      0.545E+01      0.435E+11      0.306E-02      0.216E-01
      0.227E+00      0.408E+02      0.551E+01      0.428E+11      0.122E-02      0.232E-01
      0.255E+00      0.406E+02      0.560E+01      0.420E+11     -0.100E-02      0.250E-01
      0.286E+00      0.404E+02      0.570E+01      0.411E+11     -0.348E-02      0.271E-01
      0.321E+00      0.401E+02      0.583E+01      0.402E+11     -0.634E-02      0.295E-01
      0.360E+00      0.398E+02      0.597E+01      0.391E+11     -0.948E-02      0.323E-01
      0.404E+00      0.395E+02      0.616E+01      0.379E+11     -0.132E-01      0.360E-01
      0.453E+00      0.387E+02      0.630E+01      0.367E+11     -0.169E-01      0.410E-01
      0.509E+00      0.372E+02      0.630E+01      0.352E+11     -0.201E-01      0.476E-01
      0.571E+00      0.356E+02      0.632E+01      0.337E+11     -0.239E-01      0.561E-01
      0.641E+00      0.338E+02      0.633E+01      0.321E+11     -0.284E-01      0.635E-01
      0.719E+00      0.307E+02      0.584E+01      0.304E+11     -0.302E-01      0.599E-01
      0.806E+00      0.265E+02      0.497E+01      0.287E+11     -0.298E-01      0.563E-01
      0.905E+00      0.217E+02      0.414E+01      0.271E+11     -0.307E-01      0.663E-01
      0.102E+01      0.164E+02      0.383E+01      0.256E+11     -0.361E-01      0.146E+00
      0.114E+01      0.103E+02      0.396E+01      0.243E+11     -0.467E-01      0.316E+00
      0.128E+01      0.975E+01      0.245E+01      0.234E+11     -0.982E-02      0.202E+00
      0.143E+01      0.124E+02      0.221E+01      0.225E+11      0.258E-01      0.889E-01
      0.161E+01      0.182E+02      0.303E+01      0.212E+11      0.161E-01      0.410E-01
      0.168E+01      0.205E+02      0.345E+01      0.197E+11      0.139E-01      0.304E-01
      0.170E+01      0.210E+02      0.343E+01      0.191E+11      0.263E-02      0.280E-01
      0.180E+01      0.234E+02      0.364E+01      0.183E+11     -0.522E-01      0.231E-01
      0.190E+01      0.258E+02      0.440E+01      0.169E+11     -0.972E-01      0.284E-01
      0.200E+01      0.211E+02      0.369E+01      0.153E+11     -0.108E+00      0.317E-01
      0.210E+01      0.133E+02      0.225E+01      0.139E+11     -0.102E+00      0.357E-01
      0.220E+01      0.708E+01      0.149E+01      0.131E+11     -0.694E-01      0.669E-01
      0.230E+01      0.788E+01      0.194E+01      0.127E+11     -0.468E-02      0.837E-01
      0.240E+01      0.877E+01      0.235E+01      0.122E+11      0.467E-01      0.100E+00
      0.250E+01      0.987E+01      0.286E+01      0.116E+11      0.508E-01      0.106E+00
      0.260E+01      0.108E+02      0.549E+01      0.110E+11      0.419E-01      0.129E+00
      0.275E+01      0.100E+02      0.458E+01      0.102E+11      0.174E-01      0.119E+00
      0.300E+01      0.963E+01      0.237E+01      0.899E+10     -0.467E-01      0.840E-01
      0.325E+01      0.113E+02      0.209E+01      0.753E+10     -0.612E-01      0.773E-01
      0.350E+01      0.519E+01      0.256E+01      0.584E+10     -0.225E+00      0.171E+00
      0.375E+01      0.503E+01      0.288E+01      0.506E+10      0.514E-02      0.840E-01
      0.400E+01      0.949E+01      0.246E+01      0.432E+10     -0.541E-01      0.589E-01
      0.425E+01      0.155E+02      0.185E+01      0.291E+10     -0.175E+00      0.408E-01
      0.450E+01      0.280E+01      0.164E+01      0.640E+09     -0.952E+00      0.576E+00
      0.475E+01      0.549E+00      0.159E+01      0.237E+09      0.250E-01      0.288E+00
      0.500E+01      0.538E+00      0.162E+01      0.156E+09      0.317E-01      0.235E+00
      0.525E+01      0.373E+00      0.113E+01      0.778E+08     -0.902E-01      0.387E+00
      0.550E+01      0.117E+00      0.355E+00      0.236E+08     -0.354E+00      0.131E+01
      0.575E+01      0.144E-01      0.186E+00      0.674E+07     -0.109E+00      0.199E+01
      0.600E+01      0.888E-02      0.119E+00      0.467E+07     -0.703E-01      0.134E+01
      0.625E+01      0.135E-01      0.190E+00      0.339E+07     -0.628E-01      0.125E+01
      0.650E+01      0.100E-01      0.100E+00      0.146E+07     -0.484E+00      0.671E+01
      0.675E+01      0.235E-03      0.241E-02      0.332E+05     -0.498E+00      0.701E+01
      0.700E+01      0.639E-24      0.212E-13      0.883E-16     -0.422E+01       Infinity
      0.725E+01      0.000E+00      0.000E+00      0.000E+00     -0.990E+02     -0.990E+02
      0.750E+01      0.000E+00      0.000E+00      0.000E+00     -0.990E+02     -0.990E+02
      0.775E+01      0.000E+00      0.000E+00      0.000E+00     -0.990E+02     -0.990E+02
      0.800E+01      0.000E+00      0.000E+00      0.000E+00     -0.990E+02     -0.990E+02
      0.825E+01      0.000E+00      0.000E+00      0.000E+00     -0.990E+02     -0.990E+02
      0.850E+01      0.000E+00      0.000E+00      0.000E+00     -0.990E+02     -0.990E+02
      0.875E+01      0.000E+00      0.000E+00      0.000E+00     -0.990E+02     -0.990E+02
      0.900E+01      0.000E+00      0.000E+00      0.000E+00     -0.990E+02     -0.990E+02
      0.925E+01      0.000E+00      0.000E+00      0.000E+00     -0.990E+02     -0.990E+02
      0.950E+01      0.000E+00      0.000E+00      0.000E+00     -0.990E+02     -0.990E+02
      0.975E+01      0.000E+00      0.000E+00      0.000E+00     -0.990E+02     -0.990E+02
      0.100E+02      0.000E+00      0.000E+00      0.000E+00     -0.990E+02     -0.990E+02
      0.102E+02      0.000E+00      0.000E+00      0.000E+00     -0.990E+02     -0.990E+02
      0.105E+02      0.000E+00      0.000E+00      0.000E+00     -0.990E+02     -0.990E+02
      0.108E+02      0.000E+00      0.000E+00      0.000E+00     -0.990E+02     -0.990E+02
      0.110E+02      0.000E+00      0.000E+00      0.000E+00     -0.990E+02     -0.990E+02
      0.112E+02      0.000E+00      0.000E+00      0.000E+00     -0.990E+02     -0.990E+02
      0.115E+02      0.000E+00      0.000E+00      0.000E+00     -0.990E+02     -0.990E+02
      0.118E+02      0.000E+00      0.000E+00      0.000E+00     -0.990E+02     -0.990E+02
      0.120E+02      0.000E+00      0.000E+00      0.000E+00     -0.990E+02     -0.990E+02
      0.122E+02      0.000E+00      0.000E+00      0.000E+00     -0.990E+02     -0.990E+02
      0.125E+02      0.000E+00      0.000E+00      0.000E+00     -0.990E+02     -0.990E+02
      0.128E+02      0.000E+00      0.000E+00      0.000E+00     -0.990E+02     -0.990E+02
      0.130E+02      0.000E+00      0.000E+00      0.000E+00     -0.990E+02     -0.990E+02
      0.132E+02      0.000E+00      0.000E+00      0.000E+00     -0.990E+02     -0.990E+02
      0.135E+02      0.000E+00      0.000E+00      0.000E+00     -0.990E+02     -0.990E+02
      0.138E+02      0.000E+00      0.000E+00      0.000E+00     -0.990E+02     -0.990E+02
      0.140E+02      0.000E+00      0.000E+00      0.000E+00     -0.990E+02     -0.990E+02
      0.142E+02      0.000E+00      0.000E+00      0.000E+00     -0.990E+02     -0.990E+02
      0.145E+02      0.000E+00      0.000E+00      0.000E+00     -0.990E+02     -0.990E+02
      0.148E+02      0.000E+00      0.000E+00      0.000E+00     -0.990E+02     -0.990E+02
      0.150E+02      0.000E+00      0.000E+00      0.000E+00     -0.990E+02     -0.990E+02
      0.152E+02      0.000E+00      0.000E+00      0.000E+00     -0.990E+02     -0.990E+02
      0.155E+02      0.000E+00      0.000E+00      0.000E+00     -0.990E+02     -0.990E+02
      0.158E+02      0.000E+00      0.000E+00      0.000E+00     -0.990E+02     -0.990E+02
      0.160E+02      0.000E+00      0.000E+00      0.000E+00     -0.990E+02     -0.990E+02
      0.162E+02      0.000E+00      0.000E+00      0.000E+00     -0.990E+02     -0.990E+02
      0.165E+02      0.000E+00      0.000E+00      0.000E+00     -0.990E+02     -0.990E+02
      0.168E+02      0.000E+00      0.000E+00      0.000E+00     -0.990E+02     -0.990E+02
      0.170E+02      0.000E+00      0.000E+00      0.000E+00     -0.990E+02     -0.990E+02
      0.172E+02      0.000E+00      0.000E+00      0.000E+00     -0.990E+02     -0.990E+02
      0.175E+02      0.000E+00      0.000E+00      0.000E+00     -0.990E+02     -0.990E+02
      0.178E+02      0.000E+00      0.000E+00      0.000E+00     -0.990E+02     -0.990E+02
      0.180E+02      0.000E+00      0.000E+00      0.000E+00     -0.990E+02     -0.990E+02
      0.182E+02      0.000E+00      0.000E+00      0.000E+00     -0.990E+02     -0.990E+02
      0.185E+02      0.000E+00      0.000E+00      0.000E+00     -0.990E+02     -0.990E+02
      0.188E+02      0.000E+00      0.000E+00      0.000E+00     -0.990E+02     -0.990E+02
      0.190E+02      0.000E+00      0.000E+00      0.000E+00     -0.990E+02     -0.990E+02
      0.192E+02      0.000E+00      0.000E+00      0.000E+00     -0.990E+02     -0.990E+02
      0.195E+02      0.000E+00      0.000E+00      0.000E+00     -0.990E+02     -0.990E+02
      0.198E+02      0.000E+00      0.000E+00      0.000E+00     -0.990E+02     -0.990E+02
      0.200E+02      0.000E+00      0.000E+00      0.000E+00     -0.990E+02     -0.990E+02
