      0.000E+00      0.129E+01      0.290E+00      0.174E+10     -0.990E+02     -0.990E+02
      0.100E-03      0.129E+01      0.290E+00      0.174E+10     -0.990E+02     -0.990E+02
      0.140E-03      0.129E+01      0.290E+00      0.174E+10     -0.990E+02     -0.990E+02
      0.160E-03      0.129E+01      0.290E+00      0.174E+10     -0.990E+02     -0.990E+02
      0.180E-03      0.129E+01      0.290E+00      0.174E+10     -0.990E+02     -0.990E+02
      0.200E-03      0.129E+01      0.290E+00      0.174E+10     -0.990E+02     -0.990E+02
      0.220E-03      0.129E+01      0.290E+00      0.174E+10     -0.990E+02     -0.990E+02
      0.250E-03      0.129E+01      0.290E+00      0.174E+10     -0.990E+02     -0.990E+02
      0.280E-03      0.129E+01      0.290E+00      0.174E+10     -0.990E+02     -0.990E+02
      0.320E-03      0.129E+01      0.290E+00      0.174E+10     -0.990E+02     -0.990E+02
      0.350E-03      0.129E+01      0.290E+00      0.174E+10     -0.990E+02     -0.990E+02
      0.400E-03      0.129E+01      0.290E+00      0.174E+10     -0.990E+02     -0.990E+02
      0.450E-03      0.129E+01      0.290E+00      0.174E+10     -0.990E+02     -0.990E+02
      0.500E-03      0.129E+01      0.290E+00      0.174E+10     -0.990E+02     -0.990E+02
      0.560E-03      0.129E+01      0.290E+00      0.174E+10     -0.990E+02     -0.990E+02
      0.630E-03      0.129E+01      0.290E+00      0.174E+10     -0.990E+02     -0.990E+02
      0.710E-03      0.129E+01      0.290E+00      0.174E+10     -0.990E+02     -0.990E+02
      0.790E-03      0.129E+01      0.290E+00      0.174E+10     -0.990E+02     -0.990E+02
      0.890E-03      0.129E+01      0.290E+00      0.174E+10     -0.990E+02     -0.990E+02
      0.100E-02      0.129E+01      0.290E+00      0.174E+10     -0.990E+02     -0.990E+02
      0.105E-02      0.129E+01      0.290E+00      0.174E+10     -0.990E+02     -0.990E+02
      0.110E-02      0.129E+01      0.290E+00      0.174E+10     -0.990E+02     -0.990E+02
      0.115E-02      0.129E+01      0.290E+00      0.174E+10     -0.990E+02     -0.990E+02
      0.120E-02      0.129E+01      0.290E+00      0.174E+10     -0.990E+02     -0.990E+02
      0.126E-02      0.129E+01      0.290E+00      0.174E+10     -0.990E+02     -0.990E+02
      0.132E-02      0.129E+01      0.290E+00      0.174E+10     -0.990E+02     -0.990E+02
      0.138E-02      0.129E+01      0.290E+00      0.174E+10     -0.990E+02     -0.990E+02
      0.145E-02      0.129E+01      0.290E+00      0.174E+10     -0.990E+02     -0.990E+02
      0.151E-02      0.129E+01      0.290E+00      0.174E+10     -0.990E+02     -0.990E+02
      0.158E-02      0.129E+01      0.290E+00      0.174E+10     -0.990E+02     -0.990E+02
      0.166E-02      0.129E+01      0.290E+00      0.174E+10     -0.990E+02     -0.990E+02
      0.174E-02      0.129E+01      0.290E+00      0.174E+10     -0.990E+02     -0.990E+02
      0.182E-02      0.129E+01      0.290E+00      0.174E+10     -0.990E+02     -0.990E+02
      0.191E-02      0.129E+01      0.290E+00      0.174E+10     -0.990E+02     -0.990E+02
      0.200E-02      0.129E+01      0.290E+00      0.174E+10     -0.990E+02     -0.990E+02
      0.209E-02      0.129E+01      0.290E+00      0.174E+10     -0.990E+02     -0.990E+02
      0.219E-02      0.129E+01      0.290E+00      0.174E+10     -0.990E+02     -0.990E+02
      0.229E-02      0.129E+01      0.290E+00      0.174E+10     -0.990E+02     -0.990E+02
      0.240E-02      0.129E+01      0.290E+00      0.174E+10     -0.990E+02     -0.990E+02
      0.251E-02      0.129E+01      0.290E+00      0.174E+10     -0.990E+02     -0.990E+02
      0.263E-02      0.129E+01      0.290E+00      0.174E+10     -0.990E+02     -0.990E+02
      0.275E-02      0.129E+01      0.290E+00      0.174E+10     -0.990E+02     -0.990E+02
      0.288E-02      0.129E+01      0.290E+00      0.174E+10     -0.990E+02     -0.990E+02
      0.302E-02      0.129E+01      0.290E+00      0.174E+10     -0.990E+02     -0.990E+02
      0.316E-02      0.129E+01      0.290E+00      0.174E+10     -0.990E+02     -0.990E+02
      0.331E-02      0.129E+01      0.290E+00      0.174E+10     -0.990E+02     -0.990E+02
      0.347E-02      0.129E+01      0.290E+00      0.174E+10     -0.990E+02     -0.990E+02
      0.363E-02      0.129E+01      0.290E+00      0.174E+10     -0.990E+02     -0.990E+02
      0.380E-02      0.129E+01      0.290E+00      0.174E+10     -0.990E+02     -0.990E+02
      0.398E-02      0.129E+01      0.290E+00      0.174E+10     -0.990E+02     -0.990E+02
      0.417E-02      0.129E+01      0.290E+00      0.174E+10     -0.990E+02     -0.990E+02
      0.437E-02      0.129E+01      0.290E+00      0.174E+10     -0.990E+02     -0.990E+02
      0.457E-02      0.129E+01      0.290E+00      0.174E+10     -0.990E+02     -0.990E+02
      0.479E-02      0.129E+01      0.290E+00      0.174E+10     -0.990E+02     -0.990E+02
      0.501E-02      0.129E+01      0.290E+00      0.174E+10     -0.990E+02     -0.990E+02
      0.525E-02      0.129E+01      0.290E+00      0.174E+10     -0.990E+02     -0.990E+02
      0.550E-02      0.129E+01      0.290E+00      0.174E+10     -0.990E+02     -0.990E+02
      0.575E-02      0.129E+01      0.290E+00      0.174E+10     -0.990E+02     -0.990E+02
      0.603E-02      0.129E+01      0.290E+00      0.174E+10     -0.990E+02     -0.990E+02
      0.631E-02      0.129E+01      0.290E+00      0.174E+10     -0.990E+02     -0.990E+02
      0.661E-02      0.129E+01      0.290E+00      0.174E+10     -0.990E+02     -0.990E+02
      0.692E-02      0.129E+01      0.290E+00      0.174E+10     -0.990E+02     -0.990E+02
      0.724E-02      0.129E+01      0.290E+00      0.174E+10     -0.990E+02     -0.990E+02
      0.759E-02      0.129E+01      0.290E+00      0.174E+10     -0.990E+02     -0.990E+02
      0.794E-02      0.129E+01      0.290E+00      0.174E+10     -0.990E+02     -0.990E+02
      0.832E-02      0.129E+01      0.290E+00      0.174E+10     -0.990E+02     -0.990E+02
      0.871E-02      0.129E+01      0.290E+00      0.174E+10     -0.990E+02     -0.990E+02
      0.912E-02      0.129E+01      0.290E+00      0.174E+10     -0.990E+02     -0.990E+02
      0.955E-02      0.129E+01      0.290E+00      0.174E+10     -0.990E+02     -0.990E+02
      0.100E-01      0.129E+01      0.290E+00      0.174E+10     -0.649E+00      0.471E+00
      0.105E-01      0.552E+00      0.269E+00      0.173E+10     -0.649E+00      0.471E+00
      0.110E-01      0.550E+00      0.268E+00      0.173E+10     -0.649E+00      0.471E+00
      0.115E-01      0.549E+00      0.268E+00      0.173E+10     -0.650E+00      0.472E+00
      0.120E-01      0.549E+00      0.268E+00      0.173E+10     -0.650E+00      0.472E+00
      0.126E-01      0.550E+00      0.268E+00      0.173E+10     -0.650E+00      0.472E+00
      0.132E-01      0.553E+00      0.270E+00      0.173E+10     -0.651E+00      0.473E+00
      0.138E-01      0.552E+00      0.270E+00      0.173E+10     -0.651E+00      0.473E+00
      0.144E-01      0.548E+00      0.268E+00      0.173E+10     -0.651E+00      0.473E+00
      0.151E-01      0.550E+00      0.269E+00      0.173E+10     -0.652E+00      0.474E+00
      0.159E-01      0.552E+00      0.270E+00      0.173E+10     -0.652E+00      0.474E+00
      0.166E-01      0.552E+00      0.270E+00      0.173E+10     -0.653E+00      0.475E+00
      0.174E-01      0.553E+00      0.271E+00      0.173E+10     -0.653E+00      0.475E+00
      0.182E-01      0.556E+00      0.272E+00      0.172E+10     -0.654E+00      0.476E+00
      0.191E-01      0.556E+00      0.272E+00      0.172E+10     -0.654E+00      0.476E+00
      0.200E-01      0.553E+00      0.271E+00      0.172E+10     -0.655E+00      0.477E+00
      0.209E-01      0.553E+00      0.271E+00      0.172E+10     -0.655E+00      0.477E+00
      0.219E-01      0.554E+00      0.272E+00      0.172E+10     -0.656E+00      0.478E+00
      0.229E-01      0.555E+00      0.273E+00      0.172E+10     -0.656E+00      0.479E+00
      0.240E-01      0.556E+00      0.273E+00      0.172E+10     -0.657E+00      0.479E+00
      0.251E-01      0.558E+00      0.274E+00      0.172E+10     -0.658E+00      0.480E+00
      0.263E-01      0.558E+00      0.274E+00      0.172E+10     -0.658E+00      0.481E+00
      0.275E-01      0.557E+00      0.275E+00      0.172E+10     -0.659E+00      0.482E+00
      0.290E-01      0.558E+00      0.275E+00      0.172E+10     -0.660E+00      0.483E+00
      0.300E-01      0.559E+00      0.276E+00      0.172E+10     -0.660E+00      0.483E+00
      0.310E-01      0.559E+00      0.276E+00      0.172E+10     -0.661E+00      0.484E+00
      0.320E-01      0.560E+00      0.277E+00      0.172E+10     -0.662E+00      0.485E+00
      0.330E-01      0.560E+00      0.277E+00      0.172E+10     -0.662E+00      0.485E+00
      0.340E-01      0.561E+00      0.278E+00      0.172E+10     -0.663E+00      0.486E+00
      0.350E-01      0.561E+00      0.278E+00      0.172E+10     -0.663E+00      0.486E+00
      0.360E-01      0.562E+00      0.278E+00      0.172E+10     -0.664E+00      0.487E+00
      0.370E-01      0.562E+00      0.279E+00      0.172E+10     -0.664E+00      0.488E+00
      0.380E-01      0.563E+00      0.279E+00      0.172E+10     -0.665E+00      0.489E+00
      0.390E-01      0.563E+00      0.280E+00      0.172E+10     -0.666E+00      0.489E+00
      0.400E-01      0.564E+00      0.280E+00      0.171E+10     -0.666E+00      0.490E+00
      0.425E-01      0.566E+00      0.282E+00      0.171E+10     -0.667E+00      0.490E+00
      0.450E-01      0.568E+00      0.282E+00      0.171E+10     -0.667E+00      0.491E+00
      0.475E-01      0.571E+00      0.284E+00      0.171E+10     -0.667E+00      0.491E+00
      0.500E-01      0.573E+00      0.285E+00      0.171E+10     -0.668E+00      0.492E+00
      0.525E-01      0.576E+00      0.286E+00      0.171E+10     -0.669E+00      0.493E+00
      0.550E-01      0.577E+00      0.288E+00      0.171E+10     -0.669E+00      0.493E+00
      0.571E-01      0.580E+00      0.289E+00      0.171E+10     -0.670E+00      0.494E+00
      0.640E-01      0.586E+00      0.293E+00      0.171E+10     -0.671E+00      0.496E+00
      0.719E-01      0.593E+00      0.297E+00      0.170E+10     -0.673E+00      0.499E+00
      0.806E-01      0.601E+00      0.303E+00      0.170E+10     -0.675E+00      0.502E+00
      0.905E-01      0.611E+00      0.310E+00      0.169E+10     -0.677E+00      0.506E+00
      0.102E+00      0.621E+00      0.318E+00      0.169E+10     -0.679E+00      0.512E+00
      0.114E+00      0.632E+00      0.328E+00      0.168E+10     -0.681E+00      0.518E+00
      0.128E+00      0.645E+00      0.339E+00      0.168E+10     -0.683E+00      0.526E+00
      0.143E+00      0.659E+00      0.352E+00      0.167E+10     -0.686E+00      0.534E+00
      0.161E+00      0.669E+00      0.358E+00      0.166E+10     -0.687E+00      0.536E+00
      0.181E+00      0.681E+00      0.366E+00      0.165E+10     -0.689E+00      0.539E+00
      0.203E+00      0.695E+00      0.377E+00      0.164E+10     -0.691E+00      0.544E+00
      0.227E+00      0.709E+00      0.385E+00      0.163E+10     -0.691E+00      0.542E+00
      0.255E+00      0.724E+00      0.390E+00      0.162E+10     -0.689E+00      0.533E+00
      0.286E+00      0.737E+00      0.397E+00      0.160E+10     -0.687E+00      0.528E+00
      0.321E+00      0.731E+00      0.389E+00      0.158E+10     -0.698E+00      0.532E+00
      0.360E+00      0.723E+00      0.381E+00      0.157E+10     -0.712E+00      0.539E+00
      0.404E+00      0.718E+00      0.374E+00      0.155E+10     -0.727E+00      0.545E+00
      0.453E+00      0.721E+00      0.370E+00      0.152E+10     -0.742E+00      0.550E+00
      0.509E+00      0.688E+00      0.341E+00      0.150E+10     -0.740E+00      0.530E+00
      0.571E+00      0.653E+00      0.304E+00      0.147E+10     -0.722E+00      0.488E+00
      0.641E+00      0.625E+00      0.279E+00      0.144E+10     -0.692E+00      0.452E+00
      0.719E+00      0.573E+00      0.235E+00      0.141E+10     -0.650E+00      0.398E+00
      0.806E+00      0.598E+00      0.230E+00      0.138E+10     -0.651E+00      0.375E+00
      0.905E+00      0.625E+00      0.246E+00      0.134E+10     -0.661E+00      0.392E+00
      0.102E+01      0.674E+00      0.283E+00      0.130E+10     -0.699E+00      0.440E+00
      0.114E+01      0.728E+00      0.343E+00      0.125E+10     -0.765E+00      0.534E+00
      0.128E+01      0.692E+00      0.326E+00      0.119E+10     -0.779E+00      0.538E+00
      0.143E+01      0.507E+00      0.230E+00      0.112E+10     -0.699E+00      0.456E+00
      0.161E+01      0.592E+00      0.263E+00      0.107E+10     -0.755E+00      0.485E+00
      0.168E+01      0.659E+00      0.306E+00      0.102E+10     -0.779E+00      0.524E+00
      0.170E+01      0.679E+00      0.319E+00      0.100E+10     -0.785E+00      0.535E+00
      0.180E+01      0.713E+00      0.332E+00      0.979E+09     -0.790E+00      0.533E+00
      0.190E+01      0.746E+00      0.341E+00      0.935E+09     -0.796E+00      0.528E+00
      0.200E+01      0.776E+00      0.345E+00      0.890E+09     -0.795E+00      0.512E+00
      0.210E+01      0.778E+00      0.298E+00      0.842E+09     -0.785E+00      0.425E+00
      0.220E+01      0.763E+00      0.302E+00      0.795E+09     -0.777E+00      0.444E+00
      0.230E+01      0.736E+00      0.336E+00      0.749E+09     -0.793E+00      0.533E+00
      0.240E+01      0.726E+00      0.322E+00      0.705E+09     -0.814E+00      0.520E+00
      0.250E+01      0.714E+00      0.303E+00      0.662E+09     -0.835E+00      0.505E+00
      0.260E+01      0.694E+00      0.305E+00      0.619E+09     -0.849E+00      0.529E+00
      0.275E+01      0.640E+00      0.305E+00      0.568E+09     -0.877E+00      0.590E+00
      0.300E+01      0.525E+00      0.261E+00      0.492E+09     -0.911E+00      0.641E+00
      0.325E+01      0.719E+00      0.386E+00      0.415E+09     -0.933E+00      0.715E+00
      0.350E+01      0.609E+00      0.220E+00      0.310E+09     -0.970E+00      0.494E+00
      0.375E+01      0.445E+00      0.194E+00      0.221E+09     -0.101E+01      0.604E+00
      0.400E+01      0.348E+00      0.168E+00      0.157E+09     -0.104E+01      0.678E+00
      0.425E+01      0.223E+00      0.164E+00      0.107E+09     -0.872E+00      0.812E+00
      0.450E+01      0.218E+00      0.176E+00      0.748E+08     -0.972E+00      0.982E+00
      0.475E+01      0.116E+00      0.163E+00      0.435E+08     -0.944E+00      0.173E+01
      0.500E+01      0.717E-01      0.124E+00      0.268E+08     -0.722E+00      0.176E+01
      0.525E+01      0.614E-01      0.114E+00      0.166E+08     -0.825E+00      0.222E+01
      0.550E+01      0.342E-01      0.475E-01      0.786E+07     -0.130E+01      0.239E+01
      0.575E+01      0.212E-01      0.273E-01      0.301E+07     -0.175E+01      0.311E+01
      0.600E+01      0.274E-07      0.112E-04      0.384E+01     -0.106E+01      0.590E+03
      0.625E+01      0.994E-20      0.793E-12      0.138E-11     -0.421E+01      0.461E+09
      0.650E+01      0.000E+00      0.000E+00      0.000E+00     -0.990E+02     -0.990E+02
      0.675E+01      0.000E+00      0.000E+00      0.000E+00     -0.990E+02     -0.990E+02
      0.700E+01      0.000E+00      0.000E+00      0.000E+00     -0.990E+02     -0.990E+02
      0.725E+01      0.000E+00      0.000E+00      0.000E+00     -0.990E+02     -0.990E+02
      0.750E+01      0.000E+00      0.000E+00      0.000E+00     -0.990E+02     -0.990E+02
      0.775E+01      0.000E+00      0.000E+00      0.000E+00     -0.990E+02     -0.990E+02
      0.800E+01      0.000E+00      0.000E+00      0.000E+00     -0.990E+02     -0.990E+02
      0.825E+01      0.000E+00      0.000E+00      0.000E+00     -0.990E+02     -0.990E+02
      0.850E+01      0.000E+00      0.000E+00      0.000E+00     -0.990E+02     -0.990E+02
      0.875E+01      0.000E+00      0.000E+00      0.000E+00     -0.990E+02     -0.990E+02
      0.900E+01      0.000E+00      0.000E+00      0.000E+00     -0.990E+02     -0.990E+02
      0.925E+01      0.000E+00      0.000E+00      0.000E+00     -0.990E+02     -0.990E+02
      0.950E+01      0.000E+00      0.000E+00      0.000E+00     -0.990E+02     -0.990E+02
      0.975E+01      0.000E+00      0.000E+00      0.000E+00     -0.990E+02     -0.990E+02
      0.100E+02      0.000E+00      0.000E+00      0.000E+00     -0.990E+02     -0.990E+02
      0.102E+02      0.000E+00      0.000E+00      0.000E+00     -0.990E+02     -0.990E+02
      0.105E+02      0.000E+00      0.000E+00      0.000E+00     -0.990E+02     -0.990E+02
      0.108E+02      0.000E+00      0.000E+00      0.000E+00     -0.990E+02     -0.990E+02
      0.110E+02      0.000E+00      0.000E+00      0.000E+00     -0.990E+02     -0.990E+02
      0.112E+02      0.000E+00      0.000E+00      0.000E+00     -0.990E+02     -0.990E+02
      0.115E+02      0.000E+00      0.000E+00      0.000E+00     -0.990E+02     -0.990E+02
      0.118E+02      0.000E+00      0.000E+00      0.000E+00     -0.990E+02     -0.990E+02
      0.120E+02      0.000E+00      0.000E+00      0.000E+00     -0.990E+02     -0.990E+02
      0.122E+02      0.000E+00      0.000E+00      0.000E+00     -0.990E+02     -0.990E+02
      0.125E+02      0.000E+00      0.000E+00      0.000E+00     -0.990E+02     -0.990E+02
      0.128E+02      0.000E+00      0.000E+00      0.000E+00     -0.990E+02     -0.990E+02
      0.130E+02      0.000E+00      0.000E+00      0.000E+00     -0.990E+02     -0.990E+02
      0.132E+02      0.000E+00      0.000E+00      0.000E+00     -0.990E+02     -0.990E+02
      0.135E+02      0.000E+00      0.000E+00      0.000E+00     -0.990E+02     -0.990E+02
      0.138E+02      0.000E+00      0.000E+00      0.000E+00     -0.990E+02     -0.990E+02
      0.140E+02      0.000E+00      0.000E+00      0.000E+00     -0.990E+02     -0.990E+02
      0.142E+02      0.000E+00      0.000E+00      0.000E+00     -0.990E+02     -0.990E+02
      0.145E+02      0.000E+00      0.000E+00      0.000E+00     -0.990E+02     -0.990E+02
      0.148E+02      0.000E+00      0.000E+00      0.000E+00     -0.990E+02     -0.990E+02
      0.150E+02      0.000E+00      0.000E+00      0.000E+00     -0.990E+02     -0.990E+02
      0.152E+02      0.000E+00      0.000E+00      0.000E+00     -0.990E+02     -0.990E+02
      0.155E+02      0.000E+00      0.000E+00      0.000E+00     -0.990E+02     -0.990E+02
      0.158E+02      0.000E+00      0.000E+00      0.000E+00     -0.990E+02     -0.990E+02
      0.160E+02      0.000E+00      0.000E+00      0.000E+00     -0.990E+02     -0.990E+02
      0.162E+02      0.000E+00      0.000E+00      0.000E+00     -0.990E+02     -0.990E+02
      0.165E+02      0.000E+00      0.000E+00      0.000E+00     -0.990E+02     -0.990E+02
      0.168E+02      0.000E+00      0.000E+00      0.000E+00     -0.990E+02     -0.990E+02
      0.170E+02      0.000E+00      0.000E+00      0.000E+00     -0.990E+02     -0.990E+02
      0.172E+02      0.000E+00      0.000E+00      0.000E+00     -0.990E+02     -0.990E+02
      0.175E+02      0.000E+00      0.000E+00      0.000E+00     -0.990E+02     -0.990E+02
      0.178E+02      0.000E+00      0.000E+00      0.000E+00     -0.990E+02     -0.990E+02
      0.180E+02      0.000E+00      0.000E+00      0.000E+00     -0.990E+02     -0.990E+02
      0.182E+02      0.000E+00      0.000E+00      0.000E+00     -0.990E+02     -0.990E+02
      0.185E+02      0.000E+00      0.000E+00      0.000E+00     -0.990E+02     -0.990E+02
      0.188E+02      0.000E+00      0.000E+00      0.000E+00     -0.990E+02     -0.990E+02
      0.190E+02      0.000E+00      0.000E+00      0.000E+00     -0.990E+02     -0.990E+02
      0.192E+02      0.000E+00      0.000E+00      0.000E+00     -0.990E+02     -0.990E+02
      0.195E+02      0.000E+00      0.000E+00      0.000E+00     -0.990E+02     -0.990E+02
      0.198E+02      0.000E+00      0.000E+00      0.000E+00     -0.990E+02     -0.990E+02
      0.200E+02      0.000E+00      0.000E+00      0.000E+00     -0.990E+02     -0.990E+02
