      0.000E+00      0.252E+01      0.145E+00      0.207E+09     -0.990E+02     -0.990E+02
      0.100E-03      0.252E+01      0.145E+00      0.207E+09     -0.990E+02     -0.990E+02
      0.140E-03      0.252E+01      0.145E+00      0.207E+09     -0.990E+02     -0.990E+02
      0.160E-03      0.252E+01      0.145E+00      0.207E+09     -0.990E+02     -0.990E+02
      0.180E-03      0.252E+01      0.145E+00      0.207E+09     -0.990E+02     -0.990E+02
      0.200E-03      0.252E+01      0.145E+00      0.207E+09     -0.990E+02     -0.990E+02
      0.220E-03      0.252E+01      0.145E+00      0.207E+09     -0.990E+02     -0.990E+02
      0.250E-03      0.252E+01      0.145E+00      0.207E+09     -0.990E+02     -0.990E+02
      0.280E-03      0.252E+01      0.145E+00      0.207E+09     -0.990E+02     -0.990E+02
      0.320E-03      0.252E+01      0.145E+00      0.207E+09     -0.990E+02     -0.990E+02
      0.350E-03      0.252E+01      0.145E+00      0.207E+09     -0.990E+02     -0.990E+02
      0.400E-03      0.252E+01      0.145E+00      0.207E+09     -0.990E+02     -0.990E+02
      0.450E-03      0.252E+01      0.145E+00      0.207E+09     -0.990E+02     -0.990E+02
      0.500E-03      0.252E+01      0.145E+00      0.207E+09     -0.990E+02     -0.990E+02
      0.560E-03      0.252E+01      0.145E+00      0.207E+09     -0.990E+02     -0.990E+02
      0.630E-03      0.252E+01      0.145E+00      0.207E+09     -0.990E+02     -0.990E+02
      0.710E-03      0.252E+01      0.145E+00      0.207E+09     -0.990E+02     -0.990E+02
      0.790E-03      0.252E+01      0.145E+00      0.207E+09     -0.990E+02     -0.990E+02
      0.890E-03      0.252E+01      0.145E+00      0.207E+09     -0.990E+02     -0.990E+02
      0.100E-02      0.252E+01      0.145E+00      0.207E+09     -0.990E+02     -0.990E+02
      0.105E-02      0.252E+01      0.145E+00      0.207E+09     -0.990E+02     -0.990E+02
      0.110E-02      0.252E+01      0.145E+00      0.207E+09     -0.990E+02     -0.990E+02
      0.115E-02      0.252E+01      0.145E+00      0.207E+09     -0.990E+02     -0.990E+02
      0.120E-02      0.252E+01      0.145E+00      0.207E+09     -0.990E+02     -0.990E+02
      0.126E-02      0.252E+01      0.145E+00      0.207E+09     -0.990E+02     -0.990E+02
      0.132E-02      0.252E+01      0.145E+00      0.207E+09     -0.990E+02     -0.990E+02
      0.138E-02      0.252E+01      0.145E+00      0.207E+09     -0.990E+02     -0.990E+02
      0.145E-02      0.252E+01      0.145E+00      0.207E+09     -0.990E+02     -0.990E+02
      0.151E-02      0.252E+01      0.145E+00      0.207E+09     -0.990E+02     -0.990E+02
      0.158E-02      0.252E+01      0.145E+00      0.207E+09     -0.990E+02     -0.990E+02
      0.166E-02      0.252E+01      0.145E+00      0.207E+09     -0.990E+02     -0.990E+02
      0.174E-02      0.252E+01      0.145E+00      0.207E+09     -0.990E+02     -0.990E+02
      0.182E-02      0.252E+01      0.145E+00      0.207E+09     -0.990E+02     -0.990E+02
      0.191E-02      0.252E+01      0.145E+00      0.207E+09     -0.990E+02     -0.990E+02
      0.200E-02      0.252E+01      0.145E+00      0.207E+09     -0.990E+02     -0.990E+02
      0.209E-02      0.252E+01      0.145E+00      0.207E+09     -0.990E+02     -0.990E+02
      0.219E-02      0.252E+01      0.145E+00      0.207E+09     -0.990E+02     -0.990E+02
      0.229E-02      0.252E+01      0.145E+00      0.207E+09     -0.990E+02     -0.990E+02
      0.240E-02      0.252E+01      0.145E+00      0.207E+09     -0.990E+02     -0.990E+02
      0.251E-02      0.252E+01      0.145E+00      0.207E+09     -0.990E+02     -0.990E+02
      0.263E-02      0.252E+01      0.145E+00      0.207E+09     -0.990E+02     -0.990E+02
      0.275E-02      0.252E+01      0.145E+00      0.207E+09     -0.990E+02     -0.990E+02
      0.288E-02      0.252E+01      0.145E+00      0.207E+09     -0.990E+02     -0.990E+02
      0.302E-02      0.252E+01      0.145E+00      0.207E+09     -0.990E+02     -0.990E+02
      0.316E-02      0.252E+01      0.145E+00      0.207E+09     -0.990E+02     -0.990E+02
      0.331E-02      0.252E+01      0.145E+00      0.207E+09     -0.990E+02     -0.990E+02
      0.347E-02      0.252E+01      0.145E+00      0.207E+09     -0.990E+02     -0.990E+02
      0.363E-02      0.252E+01      0.145E+00      0.207E+09     -0.990E+02     -0.990E+02
      0.380E-02      0.252E+01      0.145E+00      0.207E+09     -0.990E+02     -0.990E+02
      0.398E-02      0.252E+01      0.145E+00      0.207E+09     -0.990E+02     -0.990E+02
      0.417E-02      0.252E+01      0.145E+00      0.207E+09     -0.990E+02     -0.990E+02
      0.437E-02      0.252E+01      0.145E+00      0.207E+09     -0.990E+02     -0.990E+02
      0.457E-02      0.252E+01      0.145E+00      0.207E+09     -0.990E+02     -0.990E+02
      0.479E-02      0.252E+01      0.145E+00      0.207E+09     -0.990E+02     -0.990E+02
      0.501E-02      0.252E+01      0.145E+00      0.207E+09     -0.990E+02     -0.990E+02
      0.525E-02      0.252E+01      0.145E+00      0.207E+09     -0.990E+02     -0.990E+02
      0.550E-02      0.252E+01      0.145E+00      0.207E+09     -0.990E+02     -0.990E+02
      0.575E-02      0.252E+01      0.145E+00      0.207E+09     -0.990E+02     -0.990E+02
      0.603E-02      0.252E+01      0.145E+00      0.207E+09     -0.990E+02     -0.990E+02
      0.631E-02      0.252E+01      0.145E+00      0.207E+09     -0.990E+02     -0.990E+02
      0.661E-02      0.252E+01      0.145E+00      0.207E+09     -0.990E+02     -0.990E+02
      0.692E-02      0.252E+01      0.145E+00      0.207E+09     -0.990E+02     -0.990E+02
      0.724E-02      0.252E+01      0.145E+00      0.207E+09     -0.990E+02     -0.990E+02
      0.759E-02      0.252E+01      0.145E+00      0.207E+09     -0.990E+02     -0.990E+02
      0.794E-02      0.252E+01      0.145E+00      0.207E+09     -0.990E+02     -0.990E+02
      0.832E-02      0.252E+01      0.145E+00      0.207E+09     -0.990E+02     -0.990E+02
      0.871E-02      0.252E+01      0.145E+00      0.207E+09     -0.990E+02     -0.990E+02
      0.912E-02      0.252E+01      0.145E+00      0.207E+09     -0.990E+02     -0.990E+02
      0.955E-02      0.252E+01      0.145E+00      0.207E+09     -0.990E+02     -0.990E+02
      0.100E-01      0.252E+01      0.145E+00      0.207E+09     -0.211E+00      0.217E+00
      0.105E-01      0.597E-01      0.354E-01      0.182E+09     -0.211E+00      0.217E+00
      0.110E-01      0.596E-01      0.353E-01      0.182E+09     -0.211E+00      0.217E+00
      0.115E-01      0.593E-01      0.353E-01      0.182E+09     -0.211E+00      0.218E+00
      0.120E-01      0.593E-01      0.353E-01      0.182E+09     -0.211E+00      0.218E+00
      0.126E-01      0.595E-01      0.354E-01      0.182E+09     -0.211E+00      0.218E+00
      0.132E-01      0.598E-01      0.356E-01      0.182E+09     -0.211E+00      0.218E+00
      0.138E-01      0.597E-01      0.356E-01      0.182E+09     -0.211E+00      0.218E+00
      0.144E-01      0.594E-01      0.354E-01      0.182E+09     -0.211E+00      0.218E+00
      0.151E-01      0.596E-01      0.355E-01      0.182E+09     -0.211E+00      0.219E+00
      0.159E-01      0.599E-01      0.357E-01      0.182E+09     -0.211E+00      0.219E+00
      0.166E-01      0.599E-01      0.357E-01      0.182E+09     -0.211E+00      0.219E+00
      0.174E-01      0.601E-01      0.359E-01      0.182E+09     -0.211E+00      0.219E+00
      0.182E-01      0.603E-01      0.361E-01      0.182E+09     -0.211E+00      0.220E+00
      0.191E-01      0.604E-01      0.361E-01      0.182E+09     -0.212E+00      0.220E+00
      0.200E-01      0.602E-01      0.361E-01      0.182E+09     -0.212E+00      0.220E+00
      0.209E-01      0.602E-01      0.361E-01      0.181E+09     -0.212E+00      0.221E+00
      0.219E-01      0.603E-01      0.362E-01      0.181E+09     -0.212E+00      0.221E+00
      0.229E-01      0.605E-01      0.364E-01      0.181E+09     -0.212E+00      0.221E+00
      0.240E-01      0.607E-01      0.365E-01      0.181E+09     -0.212E+00      0.222E+00
      0.251E-01      0.609E-01      0.366E-01      0.181E+09     -0.212E+00      0.222E+00
      0.263E-01      0.610E-01      0.367E-01      0.181E+09     -0.212E+00      0.223E+00
      0.275E-01      0.609E-01      0.368E-01      0.181E+09     -0.212E+00      0.223E+00
      0.290E-01      0.611E-01      0.369E-01      0.181E+09     -0.212E+00      0.224E+00
      0.300E-01      0.612E-01      0.370E-01      0.181E+09     -0.212E+00      0.224E+00
      0.310E-01      0.613E-01      0.371E-01      0.181E+09     -0.212E+00      0.224E+00
      0.320E-01      0.615E-01      0.372E-01      0.181E+09     -0.212E+00      0.224E+00
      0.330E-01      0.615E-01      0.373E-01      0.181E+09     -0.213E+00      0.225E+00
      0.340E-01      0.617E-01      0.374E-01      0.181E+09     -0.213E+00      0.225E+00
      0.350E-01      0.617E-01      0.375E-01      0.181E+09     -0.213E+00      0.226E+00
      0.360E-01      0.618E-01      0.376E-01      0.181E+09     -0.213E+00      0.226E+00
      0.370E-01      0.619E-01      0.377E-01      0.181E+09     -0.213E+00      0.227E+00
      0.380E-01      0.620E-01      0.378E-01      0.181E+09     -0.213E+00      0.227E+00
      0.390E-01      0.621E-01      0.379E-01      0.181E+09     -0.213E+00      0.227E+00
      0.400E-01      0.622E-01      0.380E-01      0.180E+09     -0.213E+00      0.227E+00
      0.425E-01      0.625E-01      0.383E-01      0.180E+09     -0.213E+00      0.228E+00
      0.450E-01      0.627E-01      0.384E-01      0.180E+09     -0.213E+00      0.229E+00
      0.475E-01      0.629E-01      0.387E-01      0.180E+09     -0.213E+00      0.230E+00
      0.500E-01      0.632E-01      0.390E-01      0.180E+09     -0.213E+00      0.231E+00
      0.525E-01      0.634E-01      0.392E-01      0.180E+09     -0.214E+00      0.232E+00
      0.550E-01      0.637E-01      0.394E-01      0.180E+09     -0.214E+00      0.233E+00
      0.571E-01      0.640E-01      0.397E-01      0.180E+09     -0.214E+00      0.233E+00
      0.640E-01      0.645E-01      0.404E-01      0.179E+09     -0.214E+00      0.236E+00
      0.719E-01      0.653E-01      0.411E-01      0.179E+09     -0.215E+00      0.238E+00
      0.806E-01      0.662E-01      0.421E-01      0.179E+09     -0.215E+00      0.241E+00
      0.905E-01      0.671E-01      0.430E-01      0.178E+09     -0.216E+00      0.245E+00
      0.102E+00      0.682E-01      0.442E-01      0.178E+09     -0.216E+00      0.249E+00
      0.114E+00      0.687E-01      0.452E-01      0.177E+09     -0.216E+00      0.254E+00
      0.128E+00      0.687E-01      0.452E-01      0.176E+09     -0.215E+00      0.254E+00
      0.143E+00      0.676E-01      0.433E-01      0.176E+09     -0.212E+00      0.245E+00
      0.161E+00      0.664E-01      0.412E-01      0.175E+09     -0.208E+00      0.235E+00
      0.181E+00      0.649E-01      0.389E-01      0.174E+09     -0.203E+00      0.224E+00
      0.203E+00      0.634E-01      0.365E-01      0.173E+09     -0.197E+00      0.211E+00
      0.227E+00      0.615E-01      0.339E-01      0.172E+09     -0.190E+00      0.197E+00
      0.255E+00      0.596E-01      0.312E-01      0.171E+09     -0.182E+00      0.181E+00
      0.286E+00      0.574E-01      0.287E-01      0.169E+09     -0.172E+00      0.165E+00
      0.321E+00      0.549E-01      0.264E-01      0.168E+09     -0.161E+00      0.148E+00
      0.360E+00      0.520E-01      0.249E-01      0.167E+09     -0.146E+00      0.135E+00
      0.404E+00      0.507E-01      0.243E-01      0.165E+09     -0.141E+00      0.130E+00
      0.453E+00      0.499E-01      0.238E-01      0.163E+09     -0.140E+00      0.126E+00
      0.509E+00      0.491E-01      0.237E-01      0.162E+09     -0.138E+00      0.122E+00
      0.571E+00      0.483E-01      0.242E-01      0.160E+09     -0.135E+00      0.121E+00
      0.641E+00      0.480E-01      0.228E-01      0.157E+09     -0.132E+00      0.113E+00
      0.719E+00      0.483E-01      0.198E-01      0.155E+09     -0.127E+00      0.980E-01
      0.806E+00      0.486E-01      0.177E-01      0.152E+09     -0.121E+00      0.862E-01
      0.905E+00      0.463E-01      0.159E-01      0.149E+09     -0.117E+00      0.799E-01
      0.102E+01      0.410E-01      0.140E-01      0.146E+09     -0.113E+00      0.736E-01
      0.114E+01      0.424E-01      0.145E-01      0.143E+09     -0.123E+00      0.719E-01
      0.128E+01      0.626E-01      0.196E-01      0.139E+09     -0.154E+00      0.810E-01
      0.143E+01      0.633E-01      0.195E-01      0.133E+09     -0.162E+00      0.828E-01
      0.161E+01      0.441E-01      0.152E-01      0.127E+09     -0.160E+00      0.890E-01
      0.168E+01      0.456E-01      0.165E-01      0.123E+09     -0.189E+00      0.119E+00
      0.170E+01      0.460E-01      0.171E-01      0.122E+09     -0.198E+00      0.133E+00
      0.180E+01      0.482E-01      0.218E-01      0.120E+09     -0.241E+00      0.210E+00
      0.190E+01      0.533E-01      0.253E-01      0.117E+09     -0.252E+00      0.236E+00
      0.200E+01      0.601E-01      0.246E-01      0.114E+09     -0.227E+00      0.185E+00
      0.210E+01      0.668E-01      0.262E-01      0.110E+09     -0.207E+00      0.157E+00
      0.220E+01      0.659E-01      0.243E-01      0.106E+09     -0.211E+00      0.152E+00
      0.230E+01      0.653E-01      0.247E-01      0.102E+09     -0.218E+00      0.155E+00
      0.240E+01      0.634E-01      0.244E-01      0.978E+08     -0.224E+00      0.155E+00
      0.250E+01      0.593E-01      0.218E-01      0.939E+08     -0.226E+00      0.143E+00
      0.260E+01      0.551E-01      0.204E-01      0.903E+08     -0.229E+00      0.134E+00
      0.275E+01      0.536E-01      0.167E-01      0.861E+08     -0.236E+00      0.119E+00
      0.300E+01      0.434E-01      0.154E-01      0.797E+08     -0.211E+00      0.115E+00
      0.325E+01      0.385E-01      0.146E-01      0.731E+08     -0.147E+00      0.101E+00
      0.350E+01      0.647E-01      0.177E-01      0.674E+08     -0.247E+00      0.131E+00
      0.375E+01      0.668E-01      0.187E-01      0.578E+08     -0.311E+00      0.132E+00
      0.400E+01      0.490E-01      0.138E-01      0.479E+08     -0.320E+00      0.126E+00
      0.425E+01      0.440E-01      0.163E-01      0.408E+08     -0.324E+00      0.210E+00
      0.450E+01      0.416E-01      0.158E-01      0.343E+08     -0.278E+00      0.212E+00
      0.475E+01      0.527E-01      0.127E-01      0.283E+08     -0.276E+00      0.126E+00
      0.500E+01      0.671E-01      0.137E-01      0.207E+08     -0.424E+00      0.134E+00
      0.525E+01      0.448E-01      0.994E-02      0.110E+08     -0.564E+00      0.180E+00
      0.550E+01      0.191E-01      0.410E-02      0.459E+07     -0.698E+00      0.215E+00
      0.575E+01      0.956E-02      0.384E-02      0.188E+07     -0.712E+00      0.374E+00
      0.600E+01      0.326E-02      0.178E-02      0.516E+06     -0.762E+00      0.529E+00
      0.625E+01      0.372E-03      0.324E-03      0.524E+05     -0.107E+01      0.127E+01
      0.650E+01      0.477E-08      0.523E-05      0.107E+01     -0.514E-01      0.117E+03
      0.675E+01      0.272E-08      0.282E-05      0.388E+00     -0.982E-01      0.178E+03
      0.700E+01      0.344E-25      0.406E-14      0.482E-17     -0.238E+01       Infinity
      0.725E+01      0.000E+00      0.677E-31      0.000E+00     -0.990E+02     -0.990E+02
      0.750E+01      0.000E+00      0.000E+00      0.000E+00     -0.990E+02     -0.990E+02
      0.775E+01      0.000E+00      0.000E+00      0.000E+00     -0.990E+02     -0.990E+02
      0.800E+01      0.000E+00      0.000E+00      0.000E+00     -0.990E+02     -0.990E+02
      0.825E+01      0.000E+00      0.000E+00      0.000E+00     -0.990E+02     -0.990E+02
      0.850E+01      0.000E+00      0.000E+00      0.000E+00     -0.990E+02     -0.990E+02
      0.875E+01      0.000E+00      0.000E+00      0.000E+00     -0.990E+02     -0.990E+02
      0.900E+01      0.000E+00      0.000E+00      0.000E+00     -0.990E+02     -0.990E+02
      0.925E+01      0.000E+00      0.000E+00      0.000E+00     -0.990E+02     -0.990E+02
      0.950E+01      0.000E+00      0.000E+00      0.000E+00     -0.990E+02     -0.990E+02
      0.975E+01      0.000E+00      0.000E+00      0.000E+00     -0.990E+02     -0.990E+02
      0.100E+02      0.000E+00      0.000E+00      0.000E+00     -0.990E+02     -0.990E+02
      0.102E+02      0.000E+00      0.000E+00      0.000E+00     -0.990E+02     -0.990E+02
      0.105E+02      0.000E+00      0.000E+00      0.000E+00     -0.990E+02     -0.990E+02
      0.108E+02      0.000E+00      0.000E+00      0.000E+00     -0.990E+02     -0.990E+02
      0.110E+02      0.000E+00      0.000E+00      0.000E+00     -0.990E+02     -0.990E+02
      0.112E+02      0.000E+00      0.000E+00      0.000E+00     -0.990E+02     -0.990E+02
      0.115E+02      0.000E+00      0.000E+00      0.000E+00     -0.990E+02     -0.990E+02
      0.118E+02      0.000E+00      0.000E+00      0.000E+00     -0.990E+02     -0.990E+02
      0.120E+02      0.000E+00      0.000E+00      0.000E+00     -0.990E+02     -0.990E+02
      0.122E+02      0.000E+00      0.000E+00      0.000E+00     -0.990E+02     -0.990E+02
      0.125E+02      0.000E+00      0.000E+00      0.000E+00     -0.990E+02     -0.990E+02
      0.128E+02      0.000E+00      0.000E+00      0.000E+00     -0.990E+02     -0.990E+02
      0.130E+02      0.000E+00      0.000E+00      0.000E+00     -0.990E+02     -0.990E+02
      0.132E+02      0.000E+00      0.000E+00      0.000E+00     -0.990E+02     -0.990E+02
      0.135E+02      0.000E+00      0.000E+00      0.000E+00     -0.990E+02     -0.990E+02
      0.138E+02      0.000E+00      0.000E+00      0.000E+00     -0.990E+02     -0.990E+02
      0.140E+02      0.000E+00      0.000E+00      0.000E+00     -0.990E+02     -0.990E+02
      0.142E+02      0.000E+00      0.000E+00      0.000E+00     -0.990E+02     -0.990E+02
      0.145E+02      0.000E+00      0.000E+00      0.000E+00     -0.990E+02     -0.990E+02
      0.148E+02      0.000E+00      0.000E+00      0.000E+00     -0.990E+02     -0.990E+02
      0.150E+02      0.000E+00      0.000E+00      0.000E+00     -0.990E+02     -0.990E+02
      0.152E+02      0.000E+00      0.000E+00      0.000E+00     -0.990E+02     -0.990E+02
      0.155E+02      0.000E+00      0.000E+00      0.000E+00     -0.990E+02     -0.990E+02
      0.158E+02      0.000E+00      0.000E+00      0.000E+00     -0.990E+02     -0.990E+02
      0.160E+02      0.000E+00      0.000E+00      0.000E+00     -0.990E+02     -0.990E+02
      0.162E+02      0.000E+00      0.000E+00      0.000E+00     -0.990E+02     -0.990E+02
      0.165E+02      0.000E+00      0.000E+00      0.000E+00     -0.990E+02     -0.990E+02
      0.168E+02      0.000E+00      0.000E+00      0.000E+00     -0.990E+02     -0.990E+02
      0.170E+02      0.000E+00      0.000E+00      0.000E+00     -0.990E+02     -0.990E+02
      0.172E+02      0.000E+00      0.000E+00      0.000E+00     -0.990E+02     -0.990E+02
      0.175E+02      0.000E+00      0.000E+00      0.000E+00     -0.990E+02     -0.990E+02
      0.178E+02      0.000E+00      0.000E+00      0.000E+00     -0.990E+02     -0.990E+02
      0.180E+02      0.000E+00      0.000E+00      0.000E+00     -0.990E+02     -0.990E+02
      0.182E+02      0.000E+00      0.000E+00      0.000E+00     -0.990E+02     -0.990E+02
      0.185E+02      0.000E+00      0.000E+00      0.000E+00     -0.990E+02     -0.990E+02
      0.188E+02      0.000E+00      0.000E+00      0.000E+00     -0.990E+02     -0.990E+02
      0.190E+02      0.000E+00      0.000E+00      0.000E+00     -0.990E+02     -0.990E+02
      0.192E+02      0.000E+00      0.000E+00      0.000E+00     -0.990E+02     -0.990E+02
      0.195E+02      0.000E+00      0.000E+00      0.000E+00     -0.990E+02     -0.990E+02
      0.198E+02      0.000E+00      0.000E+00      0.000E+00     -0.990E+02     -0.990E+02
      0.200E+02      0.000E+00      0.000E+00      0.000E+00     -0.990E+02     -0.990E+02
