      0.000E+00      0.634E+00      0.270E+00      0.132E+09     -0.990E+02     -0.990E+02
      0.100E-03      0.634E+00      0.270E+00      0.132E+09     -0.990E+02     -0.990E+02
      0.140E-03      0.634E+00      0.270E+00      0.132E+09     -0.990E+02     -0.990E+02
      0.160E-03      0.634E+00      0.270E+00      0.132E+09     -0.990E+02     -0.990E+02
      0.180E-03      0.634E+00      0.270E+00      0.132E+09     -0.990E+02     -0.990E+02
      0.200E-03      0.634E+00      0.270E+00      0.132E+09     -0.990E+02     -0.990E+02
      0.220E-03      0.634E+00      0.270E+00      0.132E+09     -0.990E+02     -0.990E+02
      0.250E-03      0.634E+00      0.270E+00      0.132E+09     -0.990E+02     -0.990E+02
      0.280E-03      0.634E+00      0.270E+00      0.132E+09     -0.990E+02     -0.990E+02
      0.320E-03      0.634E+00      0.270E+00      0.132E+09     -0.990E+02     -0.990E+02
      0.350E-03      0.634E+00      0.270E+00      0.132E+09     -0.990E+02     -0.990E+02
      0.400E-03      0.634E+00      0.270E+00      0.132E+09     -0.990E+02     -0.990E+02
      0.450E-03      0.634E+00      0.270E+00      0.132E+09     -0.990E+02     -0.990E+02
      0.500E-03      0.634E+00      0.270E+00      0.132E+09     -0.990E+02     -0.990E+02
      0.560E-03      0.634E+00      0.270E+00      0.132E+09     -0.990E+02     -0.990E+02
      0.630E-03      0.634E+00      0.270E+00      0.132E+09     -0.990E+02     -0.990E+02
      0.710E-03      0.634E+00      0.270E+00      0.132E+09     -0.990E+02     -0.990E+02
      0.790E-03      0.634E+00      0.270E+00      0.132E+09     -0.990E+02     -0.990E+02
      0.890E-03      0.634E+00      0.270E+00      0.132E+09     -0.990E+02     -0.990E+02
      0.100E-02      0.634E+00      0.270E+00      0.132E+09     -0.990E+02     -0.990E+02
      0.105E-02      0.634E+00      0.270E+00      0.132E+09     -0.990E+02     -0.990E+02
      0.110E-02      0.634E+00      0.270E+00      0.132E+09     -0.990E+02     -0.990E+02
      0.115E-02      0.634E+00      0.270E+00      0.132E+09     -0.990E+02     -0.990E+02
      0.120E-02      0.634E+00      0.270E+00      0.132E+09     -0.990E+02     -0.990E+02
      0.126E-02      0.634E+00      0.270E+00      0.132E+09     -0.990E+02     -0.990E+02
      0.132E-02      0.634E+00      0.270E+00      0.132E+09     -0.990E+02     -0.990E+02
      0.138E-02      0.634E+00      0.270E+00      0.132E+09     -0.990E+02     -0.990E+02
      0.145E-02      0.634E+00      0.270E+00      0.132E+09     -0.990E+02     -0.990E+02
      0.151E-02      0.634E+00      0.270E+00      0.132E+09     -0.990E+02     -0.990E+02
      0.158E-02      0.634E+00      0.270E+00      0.132E+09     -0.990E+02     -0.990E+02
      0.166E-02      0.634E+00      0.270E+00      0.132E+09     -0.990E+02     -0.990E+02
      0.174E-02      0.634E+00      0.270E+00      0.132E+09     -0.990E+02     -0.990E+02
      0.182E-02      0.634E+00      0.270E+00      0.132E+09     -0.990E+02     -0.990E+02
      0.191E-02      0.634E+00      0.270E+00      0.132E+09     -0.990E+02     -0.990E+02
      0.200E-02      0.634E+00      0.270E+00      0.132E+09     -0.990E+02     -0.990E+02
      0.209E-02      0.634E+00      0.270E+00      0.132E+09     -0.990E+02     -0.990E+02
      0.219E-02      0.634E+00      0.270E+00      0.132E+09     -0.990E+02     -0.990E+02
      0.229E-02      0.634E+00      0.270E+00      0.132E+09     -0.990E+02     -0.990E+02
      0.240E-02      0.634E+00      0.270E+00      0.132E+09     -0.990E+02     -0.990E+02
      0.251E-02      0.634E+00      0.270E+00      0.132E+09     -0.990E+02     -0.990E+02
      0.263E-02      0.634E+00      0.270E+00      0.132E+09     -0.990E+02     -0.990E+02
      0.275E-02      0.634E+00      0.270E+00      0.132E+09     -0.990E+02     -0.990E+02
      0.288E-02      0.634E+00      0.270E+00      0.132E+09     -0.990E+02     -0.990E+02
      0.302E-02      0.634E+00      0.270E+00      0.132E+09     -0.990E+02     -0.990E+02
      0.316E-02      0.634E+00      0.270E+00      0.132E+09     -0.990E+02     -0.990E+02
      0.331E-02      0.634E+00      0.270E+00      0.132E+09     -0.990E+02     -0.990E+02
      0.347E-02      0.634E+00      0.270E+00      0.132E+09     -0.990E+02     -0.990E+02
      0.363E-02      0.634E+00      0.270E+00      0.132E+09     -0.990E+02     -0.990E+02
      0.380E-02      0.634E+00      0.270E+00      0.132E+09     -0.990E+02     -0.990E+02
      0.398E-02      0.634E+00      0.270E+00      0.132E+09     -0.990E+02     -0.990E+02
      0.417E-02      0.634E+00      0.270E+00      0.132E+09     -0.990E+02     -0.990E+02
      0.437E-02      0.634E+00      0.270E+00      0.132E+09     -0.990E+02     -0.990E+02
      0.457E-02      0.634E+00      0.270E+00      0.132E+09     -0.990E+02     -0.990E+02
      0.479E-02      0.634E+00      0.270E+00      0.132E+09     -0.990E+02     -0.990E+02
      0.501E-02      0.634E+00      0.270E+00      0.132E+09     -0.990E+02     -0.990E+02
      0.525E-02      0.634E+00      0.270E+00      0.132E+09     -0.990E+02     -0.990E+02
      0.550E-02      0.634E+00      0.270E+00      0.132E+09     -0.990E+02     -0.990E+02
      0.575E-02      0.634E+00      0.270E+00      0.132E+09     -0.990E+02     -0.990E+02
      0.603E-02      0.634E+00      0.270E+00      0.132E+09     -0.990E+02     -0.990E+02
      0.631E-02      0.634E+00      0.270E+00      0.132E+09     -0.990E+02     -0.990E+02
      0.661E-02      0.634E+00      0.270E+00      0.132E+09     -0.990E+02     -0.990E+02
      0.692E-02      0.634E+00      0.270E+00      0.132E+09     -0.990E+02     -0.990E+02
      0.724E-02      0.634E+00      0.270E+00      0.132E+09     -0.990E+02     -0.990E+02
      0.759E-02      0.634E+00      0.270E+00      0.132E+09     -0.990E+02     -0.990E+02
      0.794E-02      0.634E+00      0.270E+00      0.132E+09     -0.990E+02     -0.990E+02
      0.832E-02      0.634E+00      0.270E+00      0.132E+09     -0.990E+02     -0.990E+02
      0.871E-02      0.634E+00      0.270E+00      0.132E+09     -0.990E+02     -0.990E+02
      0.912E-02      0.634E+00      0.270E+00      0.132E+09     -0.990E+02     -0.990E+02
      0.955E-02      0.634E+00      0.270E+00      0.132E+09     -0.990E+02     -0.990E+02
      0.100E-01      0.634E+00      0.270E+00      0.132E+09     -0.112E+01      0.901E+00
      0.105E-01      0.492E+00      0.265E+00      0.125E+09     -0.112E+01      0.901E+00
      0.110E-01      0.489E+00      0.263E+00      0.125E+09     -0.112E+01      0.900E+00
      0.115E-01      0.487E+00      0.262E+00      0.125E+09     -0.112E+01      0.900E+00
      0.120E-01      0.486E+00      0.261E+00      0.124E+09     -0.112E+01      0.900E+00
      0.126E-01      0.486E+00      0.261E+00      0.124E+09     -0.112E+01      0.900E+00
      0.132E-01      0.487E+00      0.262E+00      0.124E+09     -0.112E+01      0.899E+00
      0.138E-01      0.485E+00      0.261E+00      0.124E+09     -0.112E+01      0.899E+00
      0.144E-01      0.481E+00      0.258E+00      0.123E+09     -0.112E+01      0.899E+00
      0.151E-01      0.481E+00      0.258E+00      0.123E+09     -0.112E+01      0.898E+00
      0.159E-01      0.482E+00      0.258E+00      0.123E+09     -0.113E+01      0.898E+00
      0.166E-01      0.480E+00      0.257E+00      0.123E+09     -0.113E+01      0.898E+00
      0.174E-01      0.480E+00      0.257E+00      0.122E+09     -0.113E+01      0.898E+00
      0.182E-01      0.480E+00      0.257E+00      0.122E+09     -0.113E+01      0.897E+00
      0.191E-01      0.479E+00      0.256E+00      0.122E+09     -0.113E+01      0.897E+00
      0.200E-01      0.476E+00      0.254E+00      0.121E+09     -0.113E+01      0.896E+00
      0.209E-01      0.473E+00      0.252E+00      0.121E+09     -0.113E+01      0.896E+00
      0.219E-01      0.472E+00      0.252E+00      0.120E+09     -0.113E+01      0.896E+00
      0.229E-01      0.472E+00      0.251E+00      0.120E+09     -0.113E+01      0.896E+00
      0.240E-01      0.470E+00      0.250E+00      0.120E+09     -0.113E+01      0.895E+00
      0.251E-01      0.470E+00      0.250E+00      0.119E+09     -0.113E+01      0.895E+00
      0.263E-01      0.468E+00      0.248E+00      0.119E+09     -0.113E+01      0.894E+00
      0.275E-01      0.465E+00      0.247E+00      0.118E+09     -0.113E+01      0.894E+00
      0.290E-01      0.463E+00      0.246E+00      0.118E+09     -0.113E+01      0.894E+00
      0.300E-01      0.462E+00      0.245E+00      0.117E+09     -0.113E+01      0.894E+00
      0.310E-01      0.460E+00      0.244E+00      0.117E+09     -0.113E+01      0.894E+00
      0.320E-01      0.459E+00      0.243E+00      0.117E+09     -0.113E+01      0.893E+00
      0.330E-01      0.458E+00      0.243E+00      0.116E+09     -0.113E+01      0.893E+00
      0.340E-01      0.456E+00      0.241E+00      0.116E+09     -0.113E+01      0.893E+00
      0.350E-01      0.455E+00      0.240E+00      0.115E+09     -0.113E+01      0.893E+00
      0.360E-01      0.453E+00      0.240E+00      0.115E+09     -0.113E+01      0.893E+00
      0.370E-01      0.452E+00      0.239E+00      0.115E+09     -0.113E+01      0.893E+00
      0.380E-01      0.451E+00      0.238E+00      0.114E+09     -0.113E+01      0.893E+00
      0.390E-01      0.449E+00      0.237E+00      0.114E+09     -0.113E+01      0.893E+00
      0.400E-01      0.448E+00      0.236E+00      0.114E+09     -0.113E+01      0.893E+00
      0.425E-01      0.444E+00      0.234E+00      0.113E+09     -0.113E+01      0.894E+00
      0.450E-01      0.441E+00      0.232E+00      0.112E+09     -0.113E+01      0.894E+00
      0.475E-01      0.438E+00      0.230E+00      0.111E+09     -0.113E+01      0.895E+00
      0.500E-01      0.434E+00      0.228E+00      0.110E+09     -0.113E+01      0.896E+00
      0.525E-01      0.430E+00      0.226E+00      0.109E+09     -0.114E+01      0.897E+00
      0.550E-01      0.427E+00      0.224E+00      0.109E+09     -0.114E+01      0.898E+00
      0.571E-01      0.425E+00      0.223E+00      0.108E+09     -0.114E+01      0.898E+00
      0.640E-01      0.418E+00      0.218E+00      0.106E+09     -0.114E+01      0.896E+00
      0.719E-01      0.410E+00      0.213E+00      0.104E+09     -0.114E+01      0.896E+00
      0.806E-01      0.402E+00      0.207E+00      0.101E+09     -0.114E+01      0.897E+00
      0.905E-01      0.393E+00      0.202E+00      0.984E+08     -0.114E+01      0.900E+00
      0.102E+00      0.384E+00      0.195E+00      0.952E+08     -0.115E+01      0.902E+00
      0.114E+00      0.374E+00      0.187E+00      0.918E+08     -0.116E+01      0.895E+00
      0.128E+00      0.363E+00      0.177E+00      0.881E+08     -0.118E+01      0.881E+00
      0.143E+00      0.350E+00      0.166E+00      0.841E+08     -0.120E+01      0.867E+00
      0.161E+00      0.336E+00      0.154E+00      0.798E+08     -0.122E+01      0.854E+00
      0.181E+00      0.320E+00      0.142E+00      0.752E+08     -0.124E+01      0.844E+00
      0.203E+00      0.303E+00      0.131E+00      0.704E+08     -0.128E+01      0.844E+00
      0.227E+00      0.283E+00      0.120E+00      0.653E+08     -0.132E+01      0.855E+00
      0.255E+00      0.262E+00      0.111E+00      0.600E+08     -0.137E+01      0.873E+00
      0.286E+00      0.239E+00      0.103E+00      0.545E+08     -0.143E+01      0.917E+00
      0.321E+00      0.218E+00      0.974E-01      0.490E+08     -0.149E+01      0.978E+00
      0.360E+00      0.201E+00      0.890E-01      0.433E+08     -0.155E+01      0.998E+00
      0.404E+00      0.177E+00      0.754E-01      0.375E+08     -0.154E+01      0.934E+00
      0.453E+00      0.150E+00      0.631E-01      0.319E+08     -0.151E+01      0.879E+00
      0.509E+00      0.122E+00      0.561E-01      0.265E+08     -0.148E+01      0.917E+00
      0.571E+00      0.898E-01      0.548E-01      0.217E+08     -0.141E+01      0.115E+01
      0.641E+00      0.640E-01      0.455E-01      0.177E+08     -0.130E+01      0.124E+01
      0.719E+00      0.443E-01      0.332E-01      0.145E+08     -0.125E+01      0.121E+01
      0.806E+00      0.226E-01      0.280E-01      0.121E+08     -0.113E+01      0.187E+01
      0.905E+00      0.183E-01      0.272E-01      0.107E+08     -0.109E+01      0.213E+01
      0.102E+01      0.145E-01      0.245E-01      0.948E+07     -0.967E+00      0.226E+01
      0.114E+01      0.129E-01      0.247E-01      0.839E+07     -0.955E+00      0.261E+01
      0.128E+01      0.130E-01      0.229E-01      0.730E+07     -0.985E+00      0.248E+01
      0.143E+01      0.126E-01      0.233E-01      0.609E+07     -0.103E+01      0.270E+01
      0.161E+01      0.106E-01      0.199E-01      0.479E+07     -0.112E+01      0.300E+01
      0.168E+01      0.101E-01      0.197E-01      0.399E+07     -0.114E+01      0.316E+01
      0.170E+01      0.101E-01      0.196E-01      0.371E+07     -0.114E+01      0.312E+01
      0.180E+01      0.998E-02      0.199E-01      0.333E+07     -0.114E+01      0.311E+01
      0.190E+01      0.982E-02      0.216E-01      0.272E+07     -0.113E+01      0.337E+01
      0.200E+01      0.833E-02      0.186E-01      0.213E+07     -0.114E+01      0.341E+01
      0.210E+01      0.683E-02      0.163E-01      0.162E+07     -0.114E+01      0.363E+01
      0.220E+01      0.565E-02      0.143E-01      0.121E+07     -0.115E+01      0.388E+01
      0.230E+01      0.474E-02      0.121E-01      0.873E+06     -0.119E+01      0.405E+01
      0.240E+01      0.382E-02      0.104E-01      0.590E+06     -0.125E+01      0.457E+01
      0.250E+01      0.270E-02      0.783E-02      0.362E+06     -0.123E+01      0.478E+01
      0.260E+01      0.159E-02      0.541E-02      0.201E+06     -0.120E+01      0.544E+01
      0.275E+01      0.655E-03      0.261E-02      0.830E+05     -0.118E+01      0.634E+01
      0.300E+01      0.385E-04      0.117E-03      0.570E+04     -0.160E+01      0.665E+01
      0.325E+01      0.000E+00      0.000E+00      0.000E+00     -0.990E+02     -0.990E+02
      0.350E+01      0.000E+00      0.000E+00      0.000E+00     -0.990E+02     -0.990E+02
      0.375E+01      0.000E+00      0.000E+00      0.000E+00     -0.990E+02     -0.990E+02
      0.400E+01      0.000E+00      0.000E+00      0.000E+00     -0.990E+02     -0.990E+02
      0.425E+01      0.000E+00      0.000E+00      0.000E+00     -0.990E+02     -0.990E+02
      0.450E+01      0.000E+00      0.000E+00      0.000E+00     -0.990E+02     -0.990E+02
      0.475E+01      0.000E+00      0.000E+00      0.000E+00     -0.990E+02     -0.990E+02
      0.500E+01      0.000E+00      0.000E+00      0.000E+00     -0.990E+02     -0.990E+02
      0.525E+01      0.000E+00      0.000E+00      0.000E+00     -0.990E+02     -0.990E+02
      0.550E+01      0.000E+00      0.000E+00      0.000E+00     -0.990E+02     -0.990E+02
      0.575E+01      0.000E+00      0.000E+00      0.000E+00     -0.990E+02     -0.990E+02
      0.600E+01      0.000E+00      0.000E+00      0.000E+00     -0.990E+02     -0.990E+02
      0.625E+01      0.000E+00      0.000E+00      0.000E+00     -0.990E+02     -0.990E+02
      0.650E+01      0.000E+00      0.000E+00      0.000E+00     -0.990E+02     -0.990E+02
      0.675E+01      0.000E+00      0.000E+00      0.000E+00     -0.990E+02     -0.990E+02
      0.700E+01      0.000E+00      0.000E+00      0.000E+00     -0.990E+02     -0.990E+02
      0.725E+01      0.000E+00      0.000E+00      0.000E+00     -0.990E+02     -0.990E+02
      0.750E+01      0.000E+00      0.000E+00      0.000E+00     -0.990E+02     -0.990E+02
      0.775E+01      0.000E+00      0.000E+00      0.000E+00     -0.990E+02     -0.990E+02
      0.800E+01      0.000E+00      0.000E+00      0.000E+00     -0.990E+02     -0.990E+02
      0.825E+01      0.000E+00      0.000E+00      0.000E+00     -0.990E+02     -0.990E+02
      0.850E+01      0.000E+00      0.000E+00      0.000E+00     -0.990E+02     -0.990E+02
      0.875E+01      0.000E+00      0.000E+00      0.000E+00     -0.990E+02     -0.990E+02
      0.900E+01      0.000E+00      0.000E+00      0.000E+00     -0.990E+02     -0.990E+02
      0.925E+01      0.000E+00      0.000E+00      0.000E+00     -0.990E+02     -0.990E+02
      0.950E+01      0.000E+00      0.000E+00      0.000E+00     -0.990E+02     -0.990E+02
      0.975E+01      0.000E+00      0.000E+00      0.000E+00     -0.990E+02     -0.990E+02
      0.100E+02      0.000E+00      0.000E+00      0.000E+00     -0.990E+02     -0.990E+02
      0.102E+02      0.000E+00      0.000E+00      0.000E+00     -0.990E+02     -0.990E+02
      0.105E+02      0.000E+00      0.000E+00      0.000E+00     -0.990E+02     -0.990E+02
      0.108E+02      0.000E+00      0.000E+00      0.000E+00     -0.990E+02     -0.990E+02
      0.110E+02      0.000E+00      0.000E+00      0.000E+00     -0.990E+02     -0.990E+02
      0.112E+02      0.000E+00      0.000E+00      0.000E+00     -0.990E+02     -0.990E+02
      0.115E+02      0.000E+00      0.000E+00      0.000E+00     -0.990E+02     -0.990E+02
      0.118E+02      0.000E+00      0.000E+00      0.000E+00     -0.990E+02     -0.990E+02
      0.120E+02      0.000E+00      0.000E+00      0.000E+00     -0.990E+02     -0.990E+02
      0.122E+02      0.000E+00      0.000E+00      0.000E+00     -0.990E+02     -0.990E+02
      0.125E+02      0.000E+00      0.000E+00      0.000E+00     -0.990E+02     -0.990E+02
      0.128E+02      0.000E+00      0.000E+00      0.000E+00     -0.990E+02     -0.990E+02
      0.130E+02      0.000E+00      0.000E+00      0.000E+00     -0.990E+02     -0.990E+02
      0.132E+02      0.000E+00      0.000E+00      0.000E+00     -0.990E+02     -0.990E+02
      0.135E+02      0.000E+00      0.000E+00      0.000E+00     -0.990E+02     -0.990E+02
      0.138E+02      0.000E+00      0.000E+00      0.000E+00     -0.990E+02     -0.990E+02
      0.140E+02      0.000E+00      0.000E+00      0.000E+00     -0.990E+02     -0.990E+02
      0.142E+02      0.000E+00      0.000E+00      0.000E+00     -0.990E+02     -0.990E+02
      0.145E+02      0.000E+00      0.000E+00      0.000E+00     -0.990E+02     -0.990E+02
      0.148E+02      0.000E+00      0.000E+00      0.000E+00     -0.990E+02     -0.990E+02
      0.150E+02      0.000E+00      0.000E+00      0.000E+00     -0.990E+02     -0.990E+02
      0.152E+02      0.000E+00      0.000E+00      0.000E+00     -0.990E+02     -0.990E+02
      0.155E+02      0.000E+00      0.000E+00      0.000E+00     -0.990E+02     -0.990E+02
      0.158E+02      0.000E+00      0.000E+00      0.000E+00     -0.990E+02     -0.990E+02
      0.160E+02      0.000E+00      0.000E+00      0.000E+00     -0.990E+02     -0.990E+02
      0.162E+02      0.000E+00      0.000E+00      0.000E+00     -0.990E+02     -0.990E+02
      0.165E+02      0.000E+00      0.000E+00      0.000E+00     -0.990E+02     -0.990E+02
      0.168E+02      0.000E+00      0.000E+00      0.000E+00     -0.990E+02     -0.990E+02
      0.170E+02      0.000E+00      0.000E+00      0.000E+00     -0.990E+02     -0.990E+02
      0.172E+02      0.000E+00      0.000E+00      0.000E+00     -0.990E+02     -0.990E+02
      0.175E+02      0.000E+00      0.000E+00      0.000E+00     -0.990E+02     -0.990E+02
      0.178E+02      0.000E+00      0.000E+00      0.000E+00     -0.990E+02     -0.990E+02
      0.180E+02      0.000E+00      0.000E+00      0.000E+00     -0.990E+02     -0.990E+02
      0.182E+02      0.000E+00      0.000E+00      0.000E+00     -0.990E+02     -0.990E+02
      0.185E+02      0.000E+00      0.000E+00      0.000E+00     -0.990E+02     -0.990E+02
      0.188E+02      0.000E+00      0.000E+00      0.000E+00     -0.990E+02     -0.990E+02
      0.190E+02      0.000E+00      0.000E+00      0.000E+00     -0.990E+02     -0.990E+02
      0.192E+02      0.000E+00      0.000E+00      0.000E+00     -0.990E+02     -0.990E+02
      0.195E+02      0.000E+00      0.000E+00      0.000E+00     -0.990E+02     -0.990E+02
      0.198E+02      0.000E+00      0.000E+00      0.000E+00     -0.990E+02     -0.990E+02
      0.200E+02      0.000E+00      0.000E+00      0.000E+00     -0.990E+02     -0.990E+02
