      0.000E+00      0.536E-02      0.544E-02      0.100E+09     -0.990E+02     -0.990E+02
      0.100E-03      0.536E-02      0.544E-02      0.100E+09     -0.990E+02     -0.990E+02
      0.140E-03      0.536E-02      0.544E-02      0.100E+09     -0.990E+02     -0.990E+02
      0.160E-03      0.536E-02      0.544E-02      0.100E+09     -0.990E+02     -0.990E+02
      0.180E-03      0.536E-02      0.544E-02      0.100E+09     -0.990E+02     -0.990E+02
      0.200E-03      0.536E-02      0.544E-02      0.100E+09     -0.990E+02     -0.990E+02
      0.220E-03      0.536E-02      0.544E-02      0.100E+09     -0.990E+02     -0.990E+02
      0.250E-03      0.536E-02      0.544E-02      0.100E+09     -0.990E+02     -0.990E+02
      0.280E-03      0.536E-02      0.544E-02      0.100E+09     -0.990E+02     -0.990E+02
      0.320E-03      0.536E-02      0.544E-02      0.100E+09     -0.990E+02     -0.990E+02
      0.350E-03      0.536E-02      0.544E-02      0.100E+09     -0.990E+02     -0.990E+02
      0.400E-03      0.536E-02      0.544E-02      0.100E+09     -0.990E+02     -0.990E+02
      0.450E-03      0.536E-02      0.544E-02      0.100E+09     -0.990E+02     -0.990E+02
      0.500E-03      0.536E-02      0.544E-02      0.100E+09     -0.990E+02     -0.990E+02
      0.560E-03      0.536E-02      0.544E-02      0.100E+09     -0.990E+02     -0.990E+02
      0.630E-03      0.536E-02      0.544E-02      0.100E+09     -0.990E+02     -0.990E+02
      0.710E-03      0.536E-02      0.544E-02      0.100E+09     -0.990E+02     -0.990E+02
      0.790E-03      0.536E-02      0.544E-02      0.100E+09     -0.990E+02     -0.990E+02
      0.890E-03      0.536E-02      0.544E-02      0.100E+09     -0.990E+02     -0.990E+02
      0.100E-02      0.536E-02      0.544E-02      0.100E+09     -0.990E+02     -0.990E+02
      0.105E-02      0.536E-02      0.544E-02      0.100E+09     -0.990E+02     -0.990E+02
      0.110E-02      0.536E-02      0.544E-02      0.100E+09     -0.990E+02     -0.990E+02
      0.115E-02      0.536E-02      0.544E-02      0.100E+09     -0.990E+02     -0.990E+02
      0.120E-02      0.536E-02      0.544E-02      0.100E+09     -0.990E+02     -0.990E+02
      0.126E-02      0.536E-02      0.544E-02      0.100E+09     -0.990E+02     -0.990E+02
      0.132E-02      0.536E-02      0.544E-02      0.100E+09     -0.990E+02     -0.990E+02
      0.138E-02      0.536E-02      0.544E-02      0.100E+09     -0.990E+02     -0.990E+02
      0.145E-02      0.536E-02      0.544E-02      0.100E+09     -0.990E+02     -0.990E+02
      0.151E-02      0.536E-02      0.544E-02      0.100E+09     -0.990E+02     -0.990E+02
      0.158E-02      0.536E-02      0.544E-02      0.100E+09     -0.990E+02     -0.990E+02
      0.166E-02      0.536E-02      0.544E-02      0.100E+09     -0.990E+02     -0.990E+02
      0.174E-02      0.536E-02      0.544E-02      0.100E+09     -0.990E+02     -0.990E+02
      0.182E-02      0.536E-02      0.544E-02      0.100E+09     -0.990E+02     -0.990E+02
      0.191E-02      0.536E-02      0.544E-02      0.100E+09     -0.990E+02     -0.990E+02
      0.200E-02      0.536E-02      0.544E-02      0.100E+09     -0.990E+02     -0.990E+02
      0.209E-02      0.536E-02      0.544E-02      0.100E+09     -0.990E+02     -0.990E+02
      0.219E-02      0.536E-02      0.544E-02      0.100E+09     -0.990E+02     -0.990E+02
      0.229E-02      0.536E-02      0.544E-02      0.100E+09     -0.990E+02     -0.990E+02
      0.240E-02      0.536E-02      0.544E-02      0.100E+09     -0.990E+02     -0.990E+02
      0.251E-02      0.536E-02      0.544E-02      0.100E+09     -0.990E+02     -0.990E+02
      0.263E-02      0.536E-02      0.544E-02      0.100E+09     -0.990E+02     -0.990E+02
      0.275E-02      0.536E-02      0.544E-02      0.100E+09     -0.990E+02     -0.990E+02
      0.288E-02      0.536E-02      0.544E-02      0.100E+09     -0.990E+02     -0.990E+02
      0.302E-02      0.536E-02      0.544E-02      0.100E+09     -0.990E+02     -0.990E+02
      0.316E-02      0.536E-02      0.544E-02      0.100E+09     -0.990E+02     -0.990E+02
      0.331E-02      0.536E-02      0.544E-02      0.100E+09     -0.990E+02     -0.990E+02
      0.347E-02      0.536E-02      0.544E-02      0.100E+09     -0.990E+02     -0.990E+02
      0.363E-02      0.536E-02      0.544E-02      0.100E+09     -0.990E+02     -0.990E+02
      0.380E-02      0.536E-02      0.544E-02      0.100E+09     -0.990E+02     -0.990E+02
      0.398E-02      0.536E-02      0.544E-02      0.100E+09     -0.990E+02     -0.990E+02
      0.417E-02      0.536E-02      0.544E-02      0.100E+09     -0.990E+02     -0.990E+02
      0.437E-02      0.536E-02      0.544E-02      0.100E+09     -0.990E+02     -0.990E+02
      0.457E-02      0.536E-02      0.544E-02      0.100E+09     -0.990E+02     -0.990E+02
      0.479E-02      0.536E-02      0.544E-02      0.100E+09     -0.990E+02     -0.990E+02
      0.501E-02      0.536E-02      0.544E-02      0.100E+09     -0.990E+02     -0.990E+02
      0.525E-02      0.536E-02      0.544E-02      0.100E+09     -0.990E+02     -0.990E+02
      0.550E-02      0.536E-02      0.544E-02      0.100E+09     -0.990E+02     -0.990E+02
      0.575E-02      0.536E-02      0.544E-02      0.100E+09     -0.990E+02     -0.990E+02
      0.603E-02      0.536E-02      0.544E-02      0.100E+09     -0.990E+02     -0.990E+02
      0.631E-02      0.536E-02      0.544E-02      0.100E+09     -0.990E+02     -0.990E+02
      0.661E-02      0.536E-02      0.544E-02      0.100E+09     -0.990E+02     -0.990E+02
      0.692E-02      0.536E-02      0.544E-02      0.100E+09     -0.990E+02     -0.990E+02
      0.724E-02      0.536E-02      0.544E-02      0.100E+09     -0.990E+02     -0.990E+02
      0.759E-02      0.536E-02      0.544E-02      0.100E+09     -0.990E+02     -0.990E+02
      0.794E-02      0.536E-02      0.544E-02      0.100E+09     -0.990E+02     -0.990E+02
      0.832E-02      0.536E-02      0.544E-02      0.100E+09     -0.990E+02     -0.990E+02
      0.871E-02      0.536E-02      0.544E-02      0.100E+09     -0.990E+02     -0.990E+02
      0.912E-02      0.536E-02      0.544E-02      0.100E+09     -0.990E+02     -0.990E+02
      0.955E-02      0.536E-02      0.544E-02      0.100E+09     -0.990E+02     -0.990E+02
      0.100E-01      0.536E-02      0.544E-02      0.100E+09     -0.441E+00      0.550E+00
      0.105E-01      0.828E-02      0.619E-02      0.999E+08     -0.442E+00      0.550E+00
      0.110E-01      0.824E-02      0.615E-02      0.999E+08     -0.442E+00      0.551E+00
      0.115E-01      0.820E-02      0.612E-02      0.999E+08     -0.443E+00      0.551E+00
      0.120E-01      0.819E-02      0.611E-02      0.999E+08     -0.443E+00      0.552E+00
      0.126E-01      0.819E-02      0.610E-02      0.999E+08     -0.444E+00      0.552E+00
      0.132E-01      0.822E-02      0.612E-02      0.999E+08     -0.444E+00      0.552E+00
      0.138E-01      0.818E-02      0.609E-02      0.999E+08     -0.445E+00      0.553E+00
      0.144E-01      0.811E-02      0.602E-02      0.999E+08     -0.445E+00      0.553E+00
      0.151E-01      0.811E-02      0.602E-02      0.999E+08     -0.446E+00      0.553E+00
      0.159E-01      0.812E-02      0.602E-02      0.999E+08     -0.446E+00      0.554E+00
      0.166E-01      0.810E-02      0.600E-02      0.999E+08     -0.447E+00      0.554E+00
      0.174E-01      0.809E-02      0.599E-02      0.999E+08     -0.448E+00      0.555E+00
      0.182E-01      0.811E-02      0.599E-02      0.999E+08     -0.448E+00      0.555E+00
      0.191E-01      0.808E-02      0.596E-02      0.999E+08     -0.449E+00      0.555E+00
      0.200E-01      0.802E-02      0.591E-02      0.999E+08     -0.450E+00      0.556E+00
      0.209E-01      0.799E-02      0.588E-02      0.999E+08     -0.450E+00      0.557E+00
      0.219E-01      0.798E-02      0.586E-02      0.999E+08     -0.451E+00      0.557E+00
      0.229E-01      0.797E-02      0.585E-02      0.999E+08     -0.452E+00      0.558E+00
      0.240E-01      0.794E-02      0.582E-02      0.999E+08     -0.453E+00      0.559E+00
      0.251E-01      0.793E-02      0.581E-02      0.998E+08     -0.454E+00      0.560E+00
      0.263E-01      0.790E-02      0.578E-02      0.998E+08     -0.455E+00      0.561E+00
      0.275E-01      0.785E-02      0.573E-02      0.998E+08     -0.456E+00      0.561E+00
      0.290E-01      0.783E-02      0.571E-02      0.998E+08     -0.457E+00      0.562E+00
      0.300E-01      0.781E-02      0.569E-02      0.998E+08     -0.458E+00      0.563E+00
      0.310E-01      0.779E-02      0.567E-02      0.998E+08     -0.459E+00      0.565E+00
      0.320E-01      0.777E-02      0.565E-02      0.998E+08     -0.460E+00      0.565E+00
      0.330E-01      0.774E-02      0.563E-02      0.998E+08     -0.461E+00      0.566E+00
      0.340E-01      0.772E-02      0.561E-02      0.998E+08     -0.462E+00      0.567E+00
      0.350E-01      0.770E-02      0.559E-02      0.998E+08     -0.463E+00      0.568E+00
      0.360E-01      0.768E-02      0.558E-02      0.998E+08     -0.464E+00      0.569E+00
      0.370E-01      0.766E-02      0.556E-02      0.998E+08     -0.465E+00      0.570E+00
      0.380E-01      0.764E-02      0.554E-02      0.998E+08     -0.466E+00      0.572E+00
      0.390E-01      0.762E-02      0.552E-02      0.998E+08     -0.467E+00      0.572E+00
      0.400E-01      0.759E-02      0.551E-02      0.997E+08     -0.468E+00      0.573E+00
      0.425E-01      0.754E-02      0.547E-02      0.997E+08     -0.470E+00      0.576E+00
      0.450E-01      0.749E-02      0.543E-02      0.997E+08     -0.473E+00      0.579E+00
      0.475E-01      0.744E-02      0.540E-02      0.997E+08     -0.475E+00      0.582E+00
      0.500E-01      0.738E-02      0.537E-02      0.997E+08     -0.478E+00      0.585E+00
      0.525E-01      0.733E-02      0.534E-02      0.997E+08     -0.480E+00      0.589E+00
      0.550E-01      0.727E-02      0.531E-02      0.997E+08     -0.483E+00      0.592E+00
      0.571E-01      0.723E-02      0.530E-02      0.996E+08     -0.485E+00      0.596E+00
      0.640E-01      0.708E-02      0.525E-02      0.996E+08     -0.493E+00      0.607E+00
      0.719E-01      0.691E-02      0.523E-02      0.996E+08     -0.502E+00      0.622E+00
      0.806E-01      0.688E-02      0.520E-02      0.995E+08     -0.501E+00      0.621E+00
      0.905E-01      0.685E-02      0.518E-02      0.995E+08     -0.501E+00      0.621E+00
      0.102E+00      0.682E-02      0.516E-02      0.994E+08     -0.501E+00      0.621E+00
      0.114E+00      0.681E-02      0.515E-02      0.994E+08     -0.500E+00      0.620E+00
      0.128E+00      0.681E-02      0.516E-02      0.993E+08     -0.499E+00      0.619E+00
      0.143E+00      0.681E-02      0.517E-02      0.992E+08     -0.498E+00      0.620E+00
      0.161E+00      0.682E-02      0.521E-02      0.991E+08     -0.497E+00      0.622E+00
      0.181E+00      0.684E-02      0.527E-02      0.991E+08     -0.495E+00      0.626E+00
      0.203E+00      0.684E-02      0.531E-02      0.989E+08     -0.493E+00      0.623E+00
      0.227E+00      0.687E-02      0.534E-02      0.988E+08     -0.490E+00      0.617E+00
      0.255E+00      0.689E-02      0.537E-02      0.987E+08     -0.487E+00      0.609E+00
      0.286E+00      0.690E-02      0.540E-02      0.986E+08     -0.483E+00      0.601E+00
      0.321E+00      0.695E-02      0.549E-02      0.984E+08     -0.480E+00      0.596E+00
      0.360E+00      0.704E-02      0.556E-02      0.982E+08     -0.477E+00      0.589E+00
      0.404E+00      0.711E-02      0.560E-02      0.980E+08     -0.475E+00      0.584E+00
      0.453E+00      0.722E-02      0.570E-02      0.978E+08     -0.472E+00      0.577E+00
      0.509E+00      0.735E-02      0.593E-02      0.975E+08     -0.470E+00      0.576E+00
      0.571E+00      0.746E-02      0.592E-02      0.972E+08     -0.474E+00      0.570E+00
      0.641E+00      0.752E-02      0.591E-02      0.969E+08     -0.483E+00      0.579E+00
      0.719E+00      0.759E-02      0.598E-02      0.965E+08     -0.494E+00      0.597E+00
      0.806E+00      0.772E-02      0.615E-02      0.961E+08     -0.502E+00      0.624E+00
      0.905E+00      0.784E-02      0.635E-02      0.956E+08     -0.502E+00      0.645E+00
      0.102E+01      0.792E-02      0.637E-02      0.951E+08     -0.493E+00      0.633E+00
      0.114E+01      0.821E-02      0.656E-02      0.945E+08     -0.478E+00      0.611E+00
      0.128E+01      0.936E-02      0.746E-02      0.938E+08     -0.513E+00      0.639E+00
      0.143E+01      0.115E-01      0.106E-01      0.929E+08     -0.592E+00      0.893E+00
      0.161E+01      0.108E-01      0.967E-02      0.917E+08     -0.575E+00      0.819E+00
      0.168E+01      0.105E-01      0.974E-02      0.909E+08     -0.563E+00      0.848E+00
      0.170E+01      0.105E-01      0.986E-02      0.906E+08     -0.563E+00      0.857E+00
      0.180E+01      0.113E-01      0.105E-01      0.902E+08     -0.580E+00      0.894E+00
      0.190E+01      0.118E-01      0.107E-01      0.895E+08     -0.600E+00      0.921E+00
      0.200E+01      0.127E-01      0.112E-01      0.888E+08     -0.617E+00      0.936E+00
      0.210E+01      0.156E-01      0.133E-01      0.880E+08     -0.593E+00      0.880E+00
      0.220E+01      0.188E-01      0.179E-01      0.870E+08     -0.581E+00      0.924E+00
      0.230E+01      0.197E-01      0.188E-01      0.859E+08     -0.597E+00      0.932E+00
      0.240E+01      0.185E-01      0.164E-01      0.847E+08     -0.646E+00      0.967E+00
      0.250E+01      0.164E-01      0.145E-01      0.836E+08     -0.686E+00      0.103E+01
      0.260E+01      0.156E-01      0.129E-01      0.826E+08     -0.686E+00      0.937E+00
      0.275E+01      0.142E-01      0.110E-01      0.814E+08     -0.657E+00      0.802E+00
      0.300E+01      0.145E-01      0.111E-01      0.797E+08     -0.652E+00      0.770E+00
      0.325E+01      0.145E-01      0.113E-01      0.776E+08     -0.658E+00      0.766E+00
      0.350E+01      0.141E-01      0.119E-01      0.755E+08     -0.622E+00      0.824E+00
      0.375E+01      0.150E-01      0.120E-01      0.734E+08     -0.616E+00      0.795E+00
      0.400E+01      0.150E-01      0.116E-01      0.712E+08     -0.609E+00      0.721E+00
      0.425E+01      0.155E-01      0.125E-01      0.690E+08     -0.657E+00      0.837E+00
      0.450E+01      0.164E-01      0.125E-01      0.668E+08     -0.651E+00      0.777E+00
      0.475E+01      0.183E-01      0.130E-01      0.644E+08     -0.670E+00      0.729E+00
      0.500E+01      0.187E-01      0.123E-01      0.618E+08     -0.706E+00      0.695E+00
      0.525E+01      0.203E-01      0.138E-01      0.591E+08     -0.752E+00      0.755E+00
      0.550E+01      0.248E-01      0.170E-01      0.563E+08     -0.810E+00      0.858E+00
      0.575E+01      0.197E-01      0.139E-01      0.528E+08     -0.762E+00      0.797E+00
      0.600E+01      0.224E-01      0.168E-01      0.500E+08     -0.782E+00      0.899E+00
      0.625E+01      0.217E-01      0.143E-01      0.468E+08     -0.768E+00      0.769E+00
      0.650E+01      0.233E-01      0.147E-01      0.437E+08     -0.780E+00      0.742E+00
      0.675E+01      0.257E-01      0.166E-01      0.405E+08     -0.785E+00      0.757E+00
      0.700E+01      0.268E-01      0.178E-01      0.369E+08     -0.752E+00      0.738E+00
      0.725E+01      0.279E-01      0.191E-01      0.331E+08     -0.809E+00      0.816E+00
      0.750E+01      0.303E-01      0.189E-01      0.292E+08     -0.834E+00      0.745E+00
      0.775E+01      0.302E-01      0.195E-01      0.250E+08     -0.870E+00      0.820E+00
      0.800E+01      0.246E-01      0.148E-01      0.208E+08     -0.861E+00      0.733E+00
      0.825E+01      0.249E-01      0.160E-01      0.174E+08     -0.920E+00      0.829E+00
      0.850E+01      0.202E-01      0.127E-01      0.139E+08     -0.955E+00      0.814E+00
      0.875E+01      0.164E-01      0.119E-01      0.111E+08     -0.960E+00      0.935E+00
      0.900E+01      0.151E-01      0.122E-01      0.884E+07     -0.959E+00      0.105E+01
      0.925E+01      0.132E-01      0.113E-01      0.676E+07     -0.955E+00      0.114E+01
      0.950E+01      0.121E-01      0.107E-01      0.494E+07     -0.100E+01      0.121E+01
      0.975E+01      0.101E-01      0.957E-02      0.327E+07     -0.104E+01      0.135E+01
      0.100E+02      0.811E-02      0.877E-02      0.188E+07     -0.101E+01      0.146E+01
      0.102E+02      0.319E-02      0.436E-02      0.765E+06     -0.107E+01      0.195E+01
      0.105E+02      0.156E-02      0.302E-02      0.327E+06     -0.117E+01      0.284E+01
      0.108E+02      0.505E-03      0.203E-02      0.112E+06     -0.132E+01      0.657E+01
      0.110E+02      0.291E-03      0.122E-02      0.427E+05     -0.119E+01      0.661E+01
      0.112E+02      0.189E-04      0.876E-04      0.262E+04     -0.173E+01      0.123E+02
      0.115E+02      0.238E-07      0.102E-05      0.330E+01     -0.292E+01      0.138E+03
      0.118E+02      0.386E-26      0.673E-15      0.529E-18     -0.150E+01       Infinity
      0.120E+02      0.000E+00      0.000E+00      0.000E+00     -0.990E+02     -0.990E+02
      0.122E+02      0.000E+00      0.000E+00      0.000E+00     -0.990E+02     -0.990E+02
      0.125E+02      0.000E+00      0.000E+00      0.000E+00     -0.990E+02     -0.990E+02
      0.128E+02      0.000E+00      0.000E+00      0.000E+00     -0.990E+02     -0.990E+02
      0.130E+02      0.000E+00      0.000E+00      0.000E+00     -0.990E+02     -0.990E+02
      0.132E+02      0.000E+00      0.000E+00      0.000E+00     -0.990E+02     -0.990E+02
      0.135E+02      0.000E+00      0.000E+00      0.000E+00     -0.990E+02     -0.990E+02
      0.138E+02      0.000E+00      0.000E+00      0.000E+00     -0.990E+02     -0.990E+02
      0.140E+02      0.000E+00      0.000E+00      0.000E+00     -0.990E+02     -0.990E+02
      0.142E+02      0.000E+00      0.000E+00      0.000E+00     -0.990E+02     -0.990E+02
      0.145E+02      0.000E+00      0.000E+00      0.000E+00     -0.990E+02     -0.990E+02
      0.148E+02      0.000E+00      0.000E+00      0.000E+00     -0.990E+02     -0.990E+02
      0.150E+02      0.000E+00      0.000E+00      0.000E+00     -0.990E+02     -0.990E+02
      0.152E+02      0.000E+00      0.000E+00      0.000E+00     -0.990E+02     -0.990E+02
      0.155E+02      0.000E+00      0.000E+00      0.000E+00     -0.990E+02     -0.990E+02
      0.158E+02      0.000E+00      0.000E+00      0.000E+00     -0.990E+02     -0.990E+02
      0.160E+02      0.000E+00      0.000E+00      0.000E+00     -0.990E+02     -0.990E+02
      0.162E+02      0.000E+00      0.000E+00      0.000E+00     -0.990E+02     -0.990E+02
      0.165E+02      0.000E+00      0.000E+00      0.000E+00     -0.990E+02     -0.990E+02
      0.168E+02      0.000E+00      0.000E+00      0.000E+00     -0.990E+02     -0.990E+02
      0.170E+02      0.000E+00      0.000E+00      0.000E+00     -0.990E+02     -0.990E+02
      0.172E+02      0.000E+00      0.000E+00      0.000E+00     -0.990E+02     -0.990E+02
      0.175E+02      0.000E+00      0.000E+00      0.000E+00     -0.990E+02     -0.990E+02
      0.178E+02      0.000E+00      0.000E+00      0.000E+00     -0.990E+02     -0.990E+02
      0.180E+02      0.000E+00      0.000E+00      0.000E+00     -0.990E+02     -0.990E+02
      0.182E+02      0.000E+00      0.000E+00      0.000E+00     -0.990E+02     -0.990E+02
      0.185E+02      0.000E+00      0.000E+00      0.000E+00     -0.990E+02     -0.990E+02
      0.188E+02      0.000E+00      0.000E+00      0.000E+00     -0.990E+02     -0.990E+02
      0.190E+02      0.000E+00      0.000E+00      0.000E+00     -0.990E+02     -0.990E+02
      0.192E+02      0.000E+00      0.000E+00      0.000E+00     -0.990E+02     -0.990E+02
      0.195E+02      0.000E+00      0.000E+00      0.000E+00     -0.990E+02     -0.990E+02
      0.198E+02      0.000E+00      0.000E+00      0.000E+00     -0.990E+02     -0.990E+02
      0.200E+02      0.000E+00      0.000E+00      0.000E+00     -0.990E+02     -0.990E+02
