      0.000E+00      0.175E+00      0.536E-01      0.100E+09     -0.990E+02     -0.990E+02
      0.100E-03      0.175E+00      0.536E-01      0.100E+09     -0.990E+02     -0.990E+02
      0.140E-03      0.175E+00      0.536E-01      0.100E+09     -0.990E+02     -0.990E+02
      0.160E-03      0.175E+00      0.536E-01      0.100E+09     -0.990E+02     -0.990E+02
      0.180E-03      0.175E+00      0.536E-01      0.100E+09     -0.990E+02     -0.990E+02
      0.200E-03      0.175E+00      0.536E-01      0.100E+09     -0.990E+02     -0.990E+02
      0.220E-03      0.175E+00      0.536E-01      0.100E+09     -0.990E+02     -0.990E+02
      0.250E-03      0.175E+00      0.536E-01      0.100E+09     -0.990E+02     -0.990E+02
      0.280E-03      0.175E+00      0.536E-01      0.100E+09     -0.990E+02     -0.990E+02
      0.320E-03      0.175E+00      0.536E-01      0.100E+09     -0.990E+02     -0.990E+02
      0.350E-03      0.175E+00      0.536E-01      0.100E+09     -0.990E+02     -0.990E+02
      0.400E-03      0.175E+00      0.536E-01      0.100E+09     -0.990E+02     -0.990E+02
      0.450E-03      0.175E+00      0.536E-01      0.100E+09     -0.990E+02     -0.990E+02
      0.500E-03      0.175E+00      0.536E-01      0.100E+09     -0.990E+02     -0.990E+02
      0.560E-03      0.175E+00      0.536E-01      0.100E+09     -0.990E+02     -0.990E+02
      0.630E-03      0.175E+00      0.536E-01      0.100E+09     -0.990E+02     -0.990E+02
      0.710E-03      0.175E+00      0.536E-01      0.100E+09     -0.990E+02     -0.990E+02
      0.790E-03      0.175E+00      0.536E-01      0.100E+09     -0.990E+02     -0.990E+02
      0.890E-03      0.175E+00      0.536E-01      0.100E+09     -0.990E+02     -0.990E+02
      0.100E-02      0.175E+00      0.536E-01      0.100E+09     -0.990E+02     -0.990E+02
      0.105E-02      0.175E+00      0.536E-01      0.100E+09     -0.990E+02     -0.990E+02
      0.110E-02      0.175E+00      0.536E-01      0.100E+09     -0.990E+02     -0.990E+02
      0.115E-02      0.175E+00      0.536E-01      0.100E+09     -0.990E+02     -0.990E+02
      0.120E-02      0.175E+00      0.536E-01      0.100E+09     -0.990E+02     -0.990E+02
      0.126E-02      0.175E+00      0.536E-01      0.100E+09     -0.990E+02     -0.990E+02
      0.132E-02      0.175E+00      0.536E-01      0.100E+09     -0.990E+02     -0.990E+02
      0.138E-02      0.175E+00      0.536E-01      0.100E+09     -0.990E+02     -0.990E+02
      0.145E-02      0.175E+00      0.536E-01      0.100E+09     -0.990E+02     -0.990E+02
      0.151E-02      0.175E+00      0.536E-01      0.100E+09     -0.990E+02     -0.990E+02
      0.158E-02      0.175E+00      0.536E-01      0.100E+09     -0.990E+02     -0.990E+02
      0.166E-02      0.175E+00      0.536E-01      0.100E+09     -0.990E+02     -0.990E+02
      0.174E-02      0.175E+00      0.536E-01      0.100E+09     -0.990E+02     -0.990E+02
      0.182E-02      0.175E+00      0.536E-01      0.100E+09     -0.990E+02     -0.990E+02
      0.191E-02      0.175E+00      0.536E-01      0.100E+09     -0.990E+02     -0.990E+02
      0.200E-02      0.175E+00      0.536E-01      0.100E+09     -0.990E+02     -0.990E+02
      0.209E-02      0.175E+00      0.536E-01      0.100E+09     -0.990E+02     -0.990E+02
      0.219E-02      0.175E+00      0.536E-01      0.100E+09     -0.990E+02     -0.990E+02
      0.229E-02      0.175E+00      0.536E-01      0.100E+09     -0.990E+02     -0.990E+02
      0.240E-02      0.175E+00      0.536E-01      0.100E+09     -0.990E+02     -0.990E+02
      0.251E-02      0.175E+00      0.536E-01      0.100E+09     -0.990E+02     -0.990E+02
      0.263E-02      0.175E+00      0.536E-01      0.100E+09     -0.990E+02     -0.990E+02
      0.275E-02      0.175E+00      0.536E-01      0.100E+09     -0.990E+02     -0.990E+02
      0.288E-02      0.175E+00      0.536E-01      0.100E+09     -0.990E+02     -0.990E+02
      0.302E-02      0.175E+00      0.536E-01      0.100E+09     -0.990E+02     -0.990E+02
      0.316E-02      0.175E+00      0.536E-01      0.100E+09     -0.990E+02     -0.990E+02
      0.331E-02      0.175E+00      0.536E-01      0.100E+09     -0.990E+02     -0.990E+02
      0.347E-02      0.175E+00      0.536E-01      0.100E+09     -0.990E+02     -0.990E+02
      0.363E-02      0.175E+00      0.536E-01      0.100E+09     -0.990E+02     -0.990E+02
      0.380E-02      0.175E+00      0.536E-01      0.100E+09     -0.990E+02     -0.990E+02
      0.398E-02      0.175E+00      0.536E-01      0.100E+09     -0.990E+02     -0.990E+02
      0.417E-02      0.175E+00      0.536E-01      0.100E+09     -0.990E+02     -0.990E+02
      0.437E-02      0.175E+00      0.536E-01      0.100E+09     -0.990E+02     -0.990E+02
      0.457E-02      0.175E+00      0.536E-01      0.100E+09     -0.990E+02     -0.990E+02
      0.479E-02      0.175E+00      0.536E-01      0.100E+09     -0.990E+02     -0.990E+02
      0.501E-02      0.175E+00      0.536E-01      0.100E+09     -0.990E+02     -0.990E+02
      0.525E-02      0.175E+00      0.536E-01      0.100E+09     -0.990E+02     -0.990E+02
      0.550E-02      0.175E+00      0.536E-01      0.100E+09     -0.990E+02     -0.990E+02
      0.575E-02      0.175E+00      0.536E-01      0.100E+09     -0.990E+02     -0.990E+02
      0.603E-02      0.175E+00      0.536E-01      0.100E+09     -0.990E+02     -0.990E+02
      0.631E-02      0.175E+00      0.536E-01      0.100E+09     -0.990E+02     -0.990E+02
      0.661E-02      0.175E+00      0.536E-01      0.100E+09     -0.990E+02     -0.990E+02
      0.692E-02      0.175E+00      0.536E-01      0.100E+09     -0.990E+02     -0.990E+02
      0.724E-02      0.175E+00      0.536E-01      0.100E+09     -0.990E+02     -0.990E+02
      0.759E-02      0.175E+00      0.536E-01      0.100E+09     -0.990E+02     -0.990E+02
      0.794E-02      0.175E+00      0.536E-01      0.100E+09     -0.990E+02     -0.990E+02
      0.832E-02      0.175E+00      0.536E-01      0.100E+09     -0.990E+02     -0.990E+02
      0.871E-02      0.175E+00      0.536E-01      0.100E+09     -0.990E+02     -0.990E+02
      0.912E-02      0.175E+00      0.536E-01      0.100E+09     -0.990E+02     -0.990E+02
      0.955E-02      0.175E+00      0.536E-01      0.100E+09     -0.990E+02     -0.990E+02
      0.100E-01      0.175E+00      0.536E-01      0.100E+09     -0.183E+00      0.346E+00
      0.105E-01      0.220E-01      0.216E-01      0.982E+08     -0.183E+00      0.346E+00
      0.110E-01      0.220E-01      0.215E-01      0.982E+08     -0.183E+00      0.346E+00
      0.115E-01      0.219E-01      0.214E-01      0.982E+08     -0.184E+00      0.347E+00
      0.120E-01      0.219E-01      0.214E-01      0.982E+08     -0.184E+00      0.347E+00
      0.126E-01      0.219E-01      0.215E-01      0.982E+08     -0.184E+00      0.347E+00
      0.132E-01      0.220E-01      0.216E-01      0.982E+08     -0.184E+00      0.347E+00
      0.138E-01      0.220E-01      0.215E-01      0.982E+08     -0.184E+00      0.347E+00
      0.144E-01      0.218E-01      0.213E-01      0.982E+08     -0.185E+00      0.348E+00
      0.151E-01      0.219E-01      0.214E-01      0.982E+08     -0.185E+00      0.348E+00
      0.159E-01      0.220E-01      0.214E-01      0.981E+08     -0.185E+00      0.348E+00
      0.166E-01      0.220E-01      0.214E-01      0.981E+08     -0.185E+00      0.348E+00
      0.174E-01      0.220E-01      0.215E-01      0.981E+08     -0.186E+00      0.349E+00
      0.182E-01      0.221E-01      0.215E-01      0.981E+08     -0.186E+00      0.349E+00
      0.191E-01      0.221E-01      0.215E-01      0.981E+08     -0.186E+00      0.349E+00
      0.200E-01      0.220E-01      0.214E-01      0.981E+08     -0.186E+00      0.350E+00
      0.209E-01      0.220E-01      0.214E-01      0.980E+08     -0.187E+00      0.350E+00
      0.219E-01      0.220E-01      0.213E-01      0.980E+08     -0.187E+00      0.351E+00
      0.229E-01      0.220E-01      0.214E-01      0.980E+08     -0.187E+00      0.351E+00
      0.240E-01      0.220E-01      0.214E-01      0.980E+08     -0.188E+00      0.351E+00
      0.251E-01      0.221E-01      0.214E-01      0.980E+08     -0.188E+00      0.352E+00
      0.263E-01      0.221E-01      0.214E-01      0.979E+08     -0.189E+00      0.352E+00
      0.275E-01      0.220E-01      0.213E-01      0.979E+08     -0.189E+00      0.353E+00
      0.290E-01      0.221E-01      0.214E-01      0.979E+08     -0.189E+00      0.353E+00
      0.300E-01      0.221E-01      0.214E-01      0.979E+08     -0.190E+00      0.354E+00
      0.310E-01      0.221E-01      0.214E-01      0.979E+08     -0.190E+00      0.354E+00
      0.320E-01      0.221E-01      0.213E-01      0.978E+08     -0.191E+00      0.354E+00
      0.330E-01      0.221E-01      0.213E-01      0.978E+08     -0.191E+00      0.355E+00
      0.340E-01      0.221E-01      0.213E-01      0.978E+08     -0.191E+00      0.355E+00
      0.350E-01      0.221E-01      0.213E-01      0.978E+08     -0.192E+00      0.356E+00
      0.360E-01      0.221E-01      0.213E-01      0.978E+08     -0.192E+00      0.356E+00
      0.370E-01      0.221E-01      0.213E-01      0.978E+08     -0.192E+00      0.356E+00
      0.380E-01      0.221E-01      0.213E-01      0.977E+08     -0.193E+00      0.356E+00
      0.390E-01      0.221E-01      0.213E-01      0.977E+08     -0.193E+00      0.357E+00
      0.400E-01      0.221E-01      0.213E-01      0.977E+08     -0.193E+00      0.357E+00
      0.425E-01      0.221E-01      0.212E-01      0.977E+08     -0.194E+00      0.358E+00
      0.450E-01      0.221E-01      0.212E-01      0.976E+08     -0.195E+00      0.358E+00
      0.475E-01      0.222E-01      0.211E-01      0.976E+08     -0.195E+00      0.359E+00
      0.500E-01      0.222E-01      0.211E-01      0.975E+08     -0.196E+00      0.360E+00
      0.525E-01      0.222E-01      0.211E-01      0.975E+08     -0.197E+00      0.360E+00
      0.550E-01      0.222E-01      0.210E-01      0.974E+08     -0.198E+00      0.361E+00
      0.571E-01      0.222E-01      0.210E-01      0.974E+08     -0.198E+00      0.362E+00
      0.640E-01      0.222E-01      0.210E-01      0.973E+08     -0.200E+00      0.365E+00
      0.719E-01      0.222E-01      0.209E-01      0.972E+08     -0.203E+00      0.366E+00
      0.806E-01      0.222E-01      0.208E-01      0.971E+08     -0.205E+00      0.369E+00
      0.905E-01      0.221E-01      0.206E-01      0.969E+08     -0.208E+00      0.373E+00
      0.102E+00      0.219E-01      0.205E-01      0.967E+08     -0.210E+00      0.377E+00
      0.114E+00      0.216E-01      0.202E-01      0.965E+08     -0.213E+00      0.381E+00
      0.128E+00      0.214E-01      0.201E-01      0.963E+08     -0.216E+00      0.385E+00
      0.143E+00      0.211E-01      0.200E-01      0.961E+08     -0.219E+00      0.391E+00
      0.161E+00      0.207E-01      0.200E-01      0.958E+08     -0.223E+00      0.400E+00
      0.181E+00      0.204E-01      0.200E-01      0.955E+08     -0.227E+00      0.410E+00
      0.203E+00      0.201E-01      0.196E-01      0.952E+08     -0.230E+00      0.416E+00
      0.227E+00      0.198E-01      0.191E-01      0.949E+08     -0.233E+00      0.426E+00
      0.255E+00      0.194E-01      0.187E-01      0.945E+08     -0.237E+00      0.440E+00
      0.286E+00      0.189E-01      0.183E-01      0.941E+08     -0.242E+00      0.459E+00
      0.321E+00      0.185E-01      0.178E-01      0.936E+08     -0.249E+00      0.477E+00
      0.360E+00      0.183E-01      0.174E-01      0.932E+08     -0.256E+00      0.492E+00
      0.404E+00      0.182E-01      0.169E-01      0.926E+08     -0.265E+00      0.494E+00
      0.453E+00      0.187E-01      0.165E-01      0.920E+08     -0.262E+00      0.465E+00
      0.509E+00      0.199E-01      0.181E-01      0.914E+08     -0.249E+00      0.434E+00
      0.571E+00      0.214E-01      0.219E-01      0.906E+08     -0.239E+00      0.420E+00
      0.641E+00      0.230E-01      0.276E-01      0.896E+08     -0.227E+00      0.414E+00
      0.719E+00      0.223E-01      0.263E-01      0.884E+08     -0.244E+00      0.424E+00
      0.806E+00      0.191E-01      0.183E-01      0.872E+08     -0.298E+00      0.455E+00
      0.905E+00      0.155E-01      0.120E-01      0.860E+08     -0.389E+00      0.532E+00
      0.102E+01      0.149E-01      0.116E-01      0.850E+08     -0.416E+00      0.562E+00
      0.114E+01      0.150E-01      0.120E-01      0.838E+08     -0.404E+00      0.560E+00
      0.128E+01      0.146E-01      0.122E-01      0.825E+08     -0.374E+00      0.570E+00
      0.143E+01      0.153E-01      0.117E-01      0.812E+08     -0.381E+00      0.544E+00
      0.161E+01      0.161E-01      0.129E-01      0.796E+08     -0.413E+00      0.657E+00
      0.168E+01      0.162E-01      0.130E-01      0.783E+08     -0.411E+00      0.656E+00
      0.170E+01      0.162E-01      0.130E-01      0.779E+08     -0.409E+00      0.661E+00
      0.180E+01      0.168E-01      0.142E-01      0.772E+08     -0.406E+00      0.706E+00
      0.190E+01      0.175E-01      0.140E-01      0.762E+08     -0.407E+00      0.602E+00
      0.200E+01      0.180E-01      0.140E-01      0.751E+08     -0.406E+00      0.542E+00
      0.210E+01      0.184E-01      0.137E-01      0.740E+08     -0.414E+00      0.506E+00
      0.220E+01      0.188E-01      0.144E-01      0.729E+08     -0.429E+00      0.558E+00
      0.230E+01      0.188E-01      0.143E-01      0.717E+08     -0.447E+00      0.579E+00
      0.240E+01      0.191E-01      0.142E-01      0.706E+08     -0.472E+00      0.578E+00
      0.250E+01      0.196E-01      0.148E-01      0.694E+08     -0.500E+00      0.652E+00
      0.260E+01      0.203E-01      0.154E-01      0.683E+08     -0.530E+00      0.707E+00
      0.275E+01      0.209E-01      0.160E-01      0.667E+08     -0.558E+00      0.749E+00
      0.300E+01      0.179E-01      0.125E-01      0.642E+08     -0.499E+00      0.559E+00
      0.325E+01      0.176E-01      0.127E-01      0.616E+08     -0.476E+00      0.545E+00
      0.350E+01      0.196E-01      0.123E-01      0.590E+08     -0.488E+00      0.499E+00
      0.375E+01      0.192E-01      0.138E-01      0.561E+08     -0.486E+00      0.567E+00
      0.400E+01      0.163E-01      0.123E-01      0.533E+08     -0.533E+00      0.662E+00
      0.425E+01      0.184E-01      0.134E-01      0.509E+08     -0.527E+00      0.619E+00
      0.450E+01      0.185E-01      0.123E-01      0.482E+08     -0.531E+00      0.542E+00
      0.475E+01      0.197E-01      0.143E-01      0.456E+08     -0.575E+00      0.677E+00
      0.500E+01      0.218E-01      0.150E-01      0.427E+08     -0.618E+00      0.691E+00
      0.525E+01      0.222E-01      0.134E-01      0.396E+08     -0.625E+00      0.583E+00
      0.550E+01      0.222E-01      0.141E-01      0.364E+08     -0.629E+00      0.611E+00
      0.575E+01      0.203E-01      0.136E-01      0.333E+08     -0.667E+00      0.671E+00
      0.600E+01      0.202E-01      0.139E-01      0.304E+08     -0.707E+00      0.748E+00
      0.625E+01      0.184E-01      0.129E-01      0.275E+08     -0.714E+00      0.779E+00
      0.650E+01      0.187E-01      0.127E-01      0.249E+08     -0.699E+00      0.741E+00
      0.675E+01      0.201E-01      0.128E-01      0.223E+08     -0.689E+00      0.662E+00
      0.700E+01      0.216E-01      0.132E-01      0.195E+08     -0.706E+00      0.639E+00
      0.725E+01      0.199E-01      0.125E-01      0.165E+08     -0.749E+00      0.684E+00
      0.750E+01      0.186E-01      0.127E-01      0.137E+08     -0.785E+00      0.791E+00
      0.775E+01      0.165E-01      0.111E-01      0.111E+08     -0.799E+00      0.788E+00
      0.800E+01      0.156E-01      0.107E-01      0.880E+07     -0.837E+00      0.822E+00
      0.825E+01      0.138E-01      0.958E-02      0.663E+07     -0.877E+00      0.873E+00
      0.850E+01      0.133E-01      0.988E-02      0.471E+07     -0.826E+00      0.857E+00
      0.875E+01      0.980E-02      0.968E-02      0.287E+07     -0.738E+00      0.102E+01
      0.900E+01      0.573E-02      0.596E-02      0.150E+07     -0.715E+00      0.102E+01
      0.925E+01      0.348E-02      0.423E-02      0.697E+06     -0.565E+00      0.911E+00
      0.950E+01      0.146E-02      0.203E-02      0.211E+06     -0.602E+00      0.114E+01
      0.975E+01      0.531E-04      0.532E-03      0.757E+04     -0.612E+00      0.762E+01
      0.100E+02      0.115E-05      0.219E-04      0.159E+03     -0.167E+01      0.416E+02
      0.102E+02      0.811E-09      0.561E-06      0.112E+00     -0.112E+01      0.964E+03
      0.105E+02      0.682E-26      0.213E-14      0.936E-18     -0.127E+01       Infinity
      0.108E+02      0.000E+00      0.000E+00      0.000E+00     -0.990E+02     -0.990E+02
      0.110E+02      0.000E+00      0.000E+00      0.000E+00     -0.990E+02     -0.990E+02
      0.112E+02      0.000E+00      0.000E+00      0.000E+00     -0.990E+02     -0.990E+02
      0.115E+02      0.000E+00      0.000E+00      0.000E+00     -0.990E+02     -0.990E+02
      0.118E+02      0.000E+00      0.000E+00      0.000E+00     -0.990E+02     -0.990E+02
      0.120E+02      0.000E+00      0.000E+00      0.000E+00     -0.990E+02     -0.990E+02
      0.122E+02      0.000E+00      0.000E+00      0.000E+00     -0.990E+02     -0.990E+02
      0.125E+02      0.000E+00      0.000E+00      0.000E+00     -0.990E+02     -0.990E+02
      0.128E+02      0.000E+00      0.000E+00      0.000E+00     -0.990E+02     -0.990E+02
      0.130E+02      0.000E+00      0.000E+00      0.000E+00     -0.990E+02     -0.990E+02
      0.132E+02      0.000E+00      0.000E+00      0.000E+00     -0.990E+02     -0.990E+02
      0.135E+02      0.000E+00      0.000E+00      0.000E+00     -0.990E+02     -0.990E+02
      0.138E+02      0.000E+00      0.000E+00      0.000E+00     -0.990E+02     -0.990E+02
      0.140E+02      0.000E+00      0.000E+00      0.000E+00     -0.990E+02     -0.990E+02
      0.142E+02      0.000E+00      0.000E+00      0.000E+00     -0.990E+02     -0.990E+02
      0.145E+02      0.000E+00      0.000E+00      0.000E+00     -0.990E+02     -0.990E+02
      0.148E+02      0.000E+00      0.000E+00      0.000E+00     -0.990E+02     -0.990E+02
      0.150E+02      0.000E+00      0.000E+00      0.000E+00     -0.990E+02     -0.990E+02
      0.152E+02      0.000E+00      0.000E+00      0.000E+00     -0.990E+02     -0.990E+02
      0.155E+02      0.000E+00      0.000E+00      0.000E+00     -0.990E+02     -0.990E+02
      0.158E+02      0.000E+00      0.000E+00      0.000E+00     -0.990E+02     -0.990E+02
      0.160E+02      0.000E+00      0.000E+00      0.000E+00     -0.990E+02     -0.990E+02
      0.162E+02      0.000E+00      0.000E+00      0.000E+00     -0.990E+02     -0.990E+02
      0.165E+02      0.000E+00      0.000E+00      0.000E+00     -0.990E+02     -0.990E+02
      0.168E+02      0.000E+00      0.000E+00      0.000E+00     -0.990E+02     -0.990E+02
      0.170E+02      0.000E+00      0.000E+00      0.000E+00     -0.990E+02     -0.990E+02
      0.172E+02      0.000E+00      0.000E+00      0.000E+00     -0.990E+02     -0.990E+02
      0.175E+02      0.000E+00      0.000E+00      0.000E+00     -0.990E+02     -0.990E+02
      0.178E+02      0.000E+00      0.000E+00      0.000E+00     -0.990E+02     -0.990E+02
      0.180E+02      0.000E+00      0.000E+00      0.000E+00     -0.990E+02     -0.990E+02
      0.182E+02      0.000E+00      0.000E+00      0.000E+00     -0.990E+02     -0.990E+02
      0.185E+02      0.000E+00      0.000E+00      0.000E+00     -0.990E+02     -0.990E+02
      0.188E+02      0.000E+00      0.000E+00      0.000E+00     -0.990E+02     -0.990E+02
      0.190E+02      0.000E+00      0.000E+00      0.000E+00     -0.990E+02     -0.990E+02
      0.192E+02      0.000E+00      0.000E+00      0.000E+00     -0.990E+02     -0.990E+02
      0.195E+02      0.000E+00      0.000E+00      0.000E+00     -0.990E+02     -0.990E+02
      0.198E+02      0.000E+00      0.000E+00      0.000E+00     -0.990E+02     -0.990E+02
      0.200E+02      0.000E+00      0.000E+00      0.000E+00     -0.990E+02     -0.990E+02
