      0.000E+00      0.237E+01      0.741E-01      0.992E+09     -0.990E+02     -0.990E+02
      0.100E-03      0.237E+01      0.741E-01      0.992E+09     -0.990E+02     -0.990E+02
      0.140E-03      0.237E+01      0.741E-01      0.992E+09     -0.990E+02     -0.990E+02
      0.160E-03      0.237E+01      0.741E-01      0.992E+09     -0.990E+02     -0.990E+02
      0.180E-03      0.237E+01      0.741E-01      0.992E+09     -0.990E+02     -0.990E+02
      0.200E-03      0.237E+01      0.741E-01      0.992E+09     -0.990E+02     -0.990E+02
      0.220E-03      0.237E+01      0.741E-01      0.992E+09     -0.990E+02     -0.990E+02
      0.250E-03      0.237E+01      0.741E-01      0.992E+09     -0.990E+02     -0.990E+02
      0.280E-03      0.237E+01      0.741E-01      0.992E+09     -0.990E+02     -0.990E+02
      0.320E-03      0.237E+01      0.741E-01      0.992E+09     -0.990E+02     -0.990E+02
      0.350E-03      0.237E+01      0.741E-01      0.992E+09     -0.990E+02     -0.990E+02
      0.400E-03      0.237E+01      0.741E-01      0.992E+09     -0.990E+02     -0.990E+02
      0.450E-03      0.237E+01      0.741E-01      0.992E+09     -0.990E+02     -0.990E+02
      0.500E-03      0.237E+01      0.741E-01      0.992E+09     -0.990E+02     -0.990E+02
      0.560E-03      0.237E+01      0.741E-01      0.992E+09     -0.990E+02     -0.990E+02
      0.630E-03      0.237E+01      0.741E-01      0.992E+09     -0.990E+02     -0.990E+02
      0.710E-03      0.237E+01      0.741E-01      0.992E+09     -0.990E+02     -0.990E+02
      0.790E-03      0.237E+01      0.741E-01      0.992E+09     -0.990E+02     -0.990E+02
      0.890E-03      0.237E+01      0.741E-01      0.992E+09     -0.990E+02     -0.990E+02
      0.100E-02      0.237E+01      0.741E-01      0.992E+09     -0.990E+02     -0.990E+02
      0.105E-02      0.237E+01      0.741E-01      0.992E+09     -0.990E+02     -0.990E+02
      0.110E-02      0.237E+01      0.741E-01      0.992E+09     -0.990E+02     -0.990E+02
      0.115E-02      0.237E+01      0.741E-01      0.992E+09     -0.990E+02     -0.990E+02
      0.120E-02      0.237E+01      0.741E-01      0.992E+09     -0.990E+02     -0.990E+02
      0.126E-02      0.237E+01      0.741E-01      0.992E+09     -0.990E+02     -0.990E+02
      0.132E-02      0.237E+01      0.741E-01      0.992E+09     -0.990E+02     -0.990E+02
      0.138E-02      0.237E+01      0.741E-01      0.992E+09     -0.990E+02     -0.990E+02
      0.145E-02      0.237E+01      0.741E-01      0.992E+09     -0.990E+02     -0.990E+02
      0.151E-02      0.237E+01      0.741E-01      0.992E+09     -0.990E+02     -0.990E+02
      0.158E-02      0.237E+01      0.741E-01      0.992E+09     -0.990E+02     -0.990E+02
      0.166E-02      0.237E+01      0.741E-01      0.992E+09     -0.990E+02     -0.990E+02
      0.174E-02      0.237E+01      0.741E-01      0.992E+09     -0.990E+02     -0.990E+02
      0.182E-02      0.237E+01      0.741E-01      0.992E+09     -0.990E+02     -0.990E+02
      0.191E-02      0.237E+01      0.741E-01      0.992E+09     -0.990E+02     -0.990E+02
      0.200E-02      0.237E+01      0.741E-01      0.992E+09     -0.990E+02     -0.990E+02
      0.209E-02      0.237E+01      0.741E-01      0.992E+09     -0.990E+02     -0.990E+02
      0.219E-02      0.237E+01      0.741E-01      0.992E+09     -0.990E+02     -0.990E+02
      0.229E-02      0.237E+01      0.741E-01      0.992E+09     -0.990E+02     -0.990E+02
      0.240E-02      0.237E+01      0.741E-01      0.992E+09     -0.990E+02     -0.990E+02
      0.251E-02      0.237E+01      0.741E-01      0.992E+09     -0.990E+02     -0.990E+02
      0.263E-02      0.237E+01      0.741E-01      0.992E+09     -0.990E+02     -0.990E+02
      0.275E-02      0.237E+01      0.741E-01      0.992E+09     -0.990E+02     -0.990E+02
      0.288E-02      0.237E+01      0.741E-01      0.992E+09     -0.990E+02     -0.990E+02
      0.302E-02      0.237E+01      0.741E-01      0.992E+09     -0.990E+02     -0.990E+02
      0.316E-02      0.237E+01      0.741E-01      0.992E+09     -0.990E+02     -0.990E+02
      0.331E-02      0.237E+01      0.741E-01      0.992E+09     -0.990E+02     -0.990E+02
      0.347E-02      0.237E+01      0.741E-01      0.992E+09     -0.990E+02     -0.990E+02
      0.363E-02      0.237E+01      0.741E-01      0.992E+09     -0.990E+02     -0.990E+02
      0.380E-02      0.237E+01      0.741E-01      0.992E+09     -0.990E+02     -0.990E+02
      0.398E-02      0.237E+01      0.741E-01      0.992E+09     -0.990E+02     -0.990E+02
      0.417E-02      0.237E+01      0.741E-01      0.992E+09     -0.990E+02     -0.990E+02
      0.437E-02      0.237E+01      0.741E-01      0.992E+09     -0.990E+02     -0.990E+02
      0.457E-02      0.237E+01      0.741E-01      0.992E+09     -0.990E+02     -0.990E+02
      0.479E-02      0.237E+01      0.741E-01      0.992E+09     -0.990E+02     -0.990E+02
      0.501E-02      0.237E+01      0.741E-01      0.992E+09     -0.990E+02     -0.990E+02
      0.525E-02      0.237E+01      0.741E-01      0.992E+09     -0.990E+02     -0.990E+02
      0.550E-02      0.237E+01      0.741E-01      0.992E+09     -0.990E+02     -0.990E+02
      0.575E-02      0.237E+01      0.741E-01      0.992E+09     -0.990E+02     -0.990E+02
      0.603E-02      0.237E+01      0.741E-01      0.992E+09     -0.990E+02     -0.990E+02
      0.631E-02      0.237E+01      0.741E-01      0.992E+09     -0.990E+02     -0.990E+02
      0.661E-02      0.237E+01      0.741E-01      0.992E+09     -0.990E+02     -0.990E+02
      0.692E-02      0.237E+01      0.741E-01      0.992E+09     -0.990E+02     -0.990E+02
      0.724E-02      0.237E+01      0.741E-01      0.992E+09     -0.990E+02     -0.990E+02
      0.759E-02      0.237E+01      0.741E-01      0.992E+09     -0.990E+02     -0.990E+02
      0.794E-02      0.237E+01      0.741E-01      0.992E+09     -0.990E+02     -0.990E+02
      0.832E-02      0.237E+01      0.741E-01      0.992E+09     -0.990E+02     -0.990E+02
      0.871E-02      0.237E+01      0.741E-01      0.992E+09     -0.990E+02     -0.990E+02
      0.912E-02      0.237E+01      0.741E-01      0.992E+09     -0.990E+02     -0.990E+02
      0.955E-02      0.237E+01      0.741E-01      0.992E+09     -0.990E+02     -0.990E+02
      0.100E-01      0.237E+01      0.741E-01      0.992E+09     -0.104E+01      0.642E+00
      0.105E-01      0.950E+00      0.394E+00      0.968E+09     -0.104E+01      0.643E+00
      0.110E-01      0.948E+00      0.393E+00      0.968E+09     -0.104E+01      0.642E+00
      0.115E-01      0.943E+00      0.390E+00      0.967E+09     -0.104E+01      0.642E+00
      0.120E-01      0.943E+00      0.390E+00      0.967E+09     -0.104E+01      0.642E+00
      0.126E-01      0.945E+00      0.391E+00      0.966E+09     -0.104E+01      0.642E+00
      0.132E-01      0.947E+00      0.393E+00      0.966E+09     -0.104E+01      0.643E+00
      0.138E-01      0.944E+00      0.391E+00      0.966E+09     -0.104E+01      0.643E+00
      0.144E-01      0.939E+00      0.389E+00      0.965E+09     -0.104E+01      0.643E+00
      0.151E-01      0.938E+00      0.389E+00      0.964E+09     -0.104E+01      0.644E+00
      0.159E-01      0.942E+00      0.390E+00      0.964E+09     -0.104E+01      0.644E+00
      0.166E-01      0.940E+00      0.390E+00      0.963E+09     -0.104E+01      0.644E+00
      0.174E-01      0.942E+00      0.391E+00      0.963E+09     -0.104E+01      0.644E+00
      0.182E-01      0.944E+00      0.392E+00      0.962E+09     -0.104E+01      0.645E+00
      0.191E-01      0.943E+00      0.391E+00      0.961E+09     -0.104E+01      0.645E+00
      0.200E-01      0.937E+00      0.389E+00      0.961E+09     -0.104E+01      0.645E+00
      0.209E-01      0.936E+00      0.388E+00      0.960E+09     -0.104E+01      0.646E+00
      0.219E-01      0.935E+00      0.388E+00      0.959E+09     -0.104E+01      0.646E+00
      0.229E-01      0.936E+00      0.389E+00      0.958E+09     -0.104E+01      0.646E+00
      0.240E-01      0.935E+00      0.388E+00      0.958E+09     -0.104E+01      0.647E+00
      0.251E-01      0.936E+00      0.389E+00      0.957E+09     -0.104E+01      0.648E+00
      0.263E-01      0.934E+00      0.388E+00      0.956E+09     -0.104E+01      0.648E+00
      0.275E-01      0.932E+00      0.387E+00      0.955E+09     -0.105E+01      0.648E+00
      0.290E-01      0.930E+00      0.387E+00      0.954E+09     -0.105E+01      0.649E+00
      0.300E-01      0.931E+00      0.387E+00      0.953E+09     -0.105E+01      0.650E+00
      0.310E-01      0.929E+00      0.387E+00      0.952E+09     -0.105E+01      0.650E+00
      0.320E-01      0.928E+00      0.386E+00      0.951E+09     -0.105E+01      0.650E+00
      0.330E-01      0.927E+00      0.386E+00      0.951E+09     -0.105E+01      0.651E+00
      0.340E-01      0.927E+00      0.386E+00      0.950E+09     -0.105E+01      0.651E+00
      0.350E-01      0.926E+00      0.386E+00      0.949E+09     -0.105E+01      0.652E+00
      0.360E-01      0.925E+00      0.386E+00      0.948E+09     -0.105E+01      0.653E+00
      0.370E-01      0.924E+00      0.385E+00      0.947E+09     -0.105E+01      0.652E+00
      0.380E-01      0.924E+00      0.385E+00      0.947E+09     -0.105E+01      0.653E+00
      0.390E-01      0.923E+00      0.385E+00      0.946E+09     -0.105E+01      0.653E+00
      0.400E-01      0.922E+00      0.385E+00      0.945E+09     -0.105E+01      0.654E+00
      0.425E-01      0.922E+00      0.385E+00      0.944E+09     -0.105E+01      0.655E+00
      0.450E-01      0.919E+00      0.384E+00      0.942E+09     -0.105E+01      0.656E+00
      0.475E-01      0.917E+00      0.383E+00      0.940E+09     -0.105E+01      0.656E+00
      0.500E-01      0.916E+00      0.384E+00      0.938E+09     -0.105E+01      0.659E+00
      0.525E-01      0.913E+00      0.383E+00      0.937E+09     -0.105E+01      0.660E+00
      0.550E-01      0.911E+00      0.383E+00      0.935E+09     -0.105E+01      0.662E+00
      0.571E-01      0.910E+00      0.382E+00      0.933E+09     -0.105E+01      0.662E+00
      0.640E-01      0.904E+00      0.382E+00      0.930E+09     -0.105E+01      0.666E+00
      0.719E-01      0.898E+00      0.381E+00      0.925E+09     -0.105E+01      0.671E+00
      0.806E-01      0.891E+00      0.381E+00      0.919E+09     -0.105E+01      0.677E+00
      0.905E-01      0.883E+00      0.381E+00      0.912E+09     -0.106E+01      0.685E+00
      0.102E+00      0.875E+00      0.382E+00      0.905E+09     -0.106E+01      0.695E+00
      0.114E+00      0.866E+00      0.383E+00      0.898E+09     -0.106E+01      0.707E+00
      0.128E+00      0.855E+00      0.385E+00      0.889E+09     -0.106E+01      0.721E+00
      0.143E+00      0.844E+00      0.387E+00      0.880E+09     -0.107E+01      0.734E+00
      0.161E+00      0.831E+00      0.389E+00      0.869E+09     -0.107E+01      0.751E+00
      0.181E+00      0.815E+00      0.393E+00      0.858E+09     -0.107E+01      0.771E+00
      0.203E+00      0.796E+00      0.382E+00      0.846E+09     -0.107E+01      0.765E+00
      0.227E+00      0.774E+00      0.365E+00      0.832E+09     -0.107E+01      0.746E+00
      0.255E+00      0.750E+00      0.346E+00      0.818E+09     -0.107E+01      0.726E+00
      0.286E+00      0.725E+00      0.325E+00      0.802E+09     -0.108E+01      0.696E+00
      0.321E+00      0.696E+00      0.300E+00      0.786E+09     -0.108E+01      0.666E+00
      0.360E+00      0.661E+00      0.278E+00      0.768E+09     -0.108E+01      0.643E+00
      0.404E+00      0.627E+00      0.262E+00      0.749E+09     -0.109E+01      0.634E+00
      0.453E+00      0.592E+00      0.253E+00      0.729E+09     -0.109E+01      0.640E+00
      0.509E+00      0.558E+00      0.244E+00      0.707E+09     -0.106E+01      0.632E+00
      0.571E+00      0.503E+00      0.207E+00      0.685E+09     -0.103E+01      0.571E+00
      0.641E+00      0.444E+00      0.170E+00      0.663E+09     -0.992E+00      0.505E+00
      0.719E+00      0.409E+00      0.144E+00      0.641E+09     -0.971E+00      0.457E+00
      0.806E+00      0.408E+00      0.135E+00      0.619E+09     -0.988E+00      0.439E+00
      0.905E+00      0.396E+00      0.125E+00      0.594E+09     -0.100E+01      0.434E+00
      0.102E+01      0.353E+00      0.105E+00      0.567E+09     -0.101E+01      0.429E+00
      0.114E+01      0.320E+00      0.994E-01      0.540E+09     -0.103E+01      0.476E+00
      0.128E+01      0.303E+00      0.102E+00      0.514E+09     -0.103E+01      0.492E+00
      0.143E+01      0.283E+00      0.965E-01      0.485E+09     -0.104E+01      0.491E+00
      0.161E+01      0.241E+00      0.871E-01      0.456E+09     -0.102E+01      0.493E+00
      0.168E+01      0.220E+00      0.861E-01      0.438E+09     -0.101E+01      0.528E+00
      0.170E+01      0.214E+00      0.867E-01      0.432E+09     -0.101E+01      0.548E+00
      0.180E+01      0.181E+00      0.902E-01      0.424E+09     -0.101E+01      0.678E+00
      0.190E+01      0.159E+00      0.895E-01      0.413E+09     -0.101E+01      0.779E+00
      0.200E+01      0.170E+00      0.883E-01      0.403E+09     -0.102E+01      0.729E+00
      0.210E+01      0.181E+00      0.827E-01      0.393E+09     -0.102E+01      0.645E+00
      0.220E+01      0.180E+00      0.778E-01      0.382E+09     -0.102E+01      0.611E+00
      0.230E+01      0.175E+00      0.762E-01      0.371E+09     -0.101E+01      0.605E+00
      0.240E+01      0.176E+00      0.810E-01      0.361E+09     -0.999E+00      0.620E+00
      0.250E+01      0.185E+00      0.925E-01      0.350E+09     -0.998E+00      0.671E+00
      0.260E+01      0.190E+00      0.952E-01      0.339E+09     -0.101E+01      0.697E+00
      0.275E+01      0.194E+00      0.959E-01      0.325E+09     -0.103E+01      0.705E+00
      0.300E+01      0.191E+00      0.925E-01      0.302E+09     -0.107E+01      0.704E+00
      0.325E+01      0.193E+00      0.809E-01      0.274E+09     -0.107E+01      0.612E+00
      0.350E+01      0.230E+00      0.874E-01      0.246E+09     -0.113E+01      0.597E+00
      0.375E+01      0.198E+00      0.827E-01      0.213E+09     -0.116E+01      0.668E+00
      0.400E+01      0.151E+00      0.661E-01      0.184E+09     -0.118E+01      0.738E+00
      0.425E+01      0.107E+00      0.449E-01      0.163E+09     -0.115E+01      0.740E+00
      0.450E+01      0.137E+00      0.379E-01      0.147E+09     -0.102E+01      0.410E+00
      0.475E+01      0.192E+00      0.495E-01      0.128E+09     -0.967E+00      0.351E+00
      0.500E+01      0.245E+00      0.824E-01      0.100E+09     -0.101E+01      0.469E+00
      0.525E+01      0.246E+00      0.765E-01      0.656E+08     -0.129E+01      0.565E+00
      0.550E+01      0.156E+00      0.473E-01      0.306E+08     -0.152E+01      0.628E+00
      0.575E+01      0.596E-01      0.385E-01      0.841E+07     -0.157E+01      0.133E+01
      0.600E+01      0.962E-05      0.474E-03      0.139E+04     -0.139E+01      0.930E+02
      0.625E+01      0.223E-06      0.542E-04      0.315E+02     -0.151E+01      0.486E+03
      0.650E+01      0.563E-14      0.118E-08      0.783E-06     -0.402E+01      0.122E+07
      0.675E+01      0.000E+00      0.000E+00      0.000E+00     -0.990E+02     -0.990E+02
      0.700E+01      0.000E+00      0.000E+00      0.000E+00     -0.990E+02     -0.990E+02
      0.725E+01      0.000E+00      0.000E+00      0.000E+00     -0.990E+02     -0.990E+02
      0.750E+01      0.000E+00      0.000E+00      0.000E+00     -0.990E+02     -0.990E+02
      0.775E+01      0.000E+00      0.000E+00      0.000E+00     -0.990E+02     -0.990E+02
      0.800E+01      0.000E+00      0.000E+00      0.000E+00     -0.990E+02     -0.990E+02
      0.825E+01      0.000E+00      0.000E+00      0.000E+00     -0.990E+02     -0.990E+02
      0.850E+01      0.000E+00      0.000E+00      0.000E+00     -0.990E+02     -0.990E+02
      0.875E+01      0.000E+00      0.000E+00      0.000E+00     -0.990E+02     -0.990E+02
      0.900E+01      0.000E+00      0.000E+00      0.000E+00     -0.990E+02     -0.990E+02
      0.925E+01      0.000E+00      0.000E+00      0.000E+00     -0.990E+02     -0.990E+02
      0.950E+01      0.000E+00      0.000E+00      0.000E+00     -0.990E+02     -0.990E+02
      0.975E+01      0.000E+00      0.000E+00      0.000E+00     -0.990E+02     -0.990E+02
      0.100E+02      0.000E+00      0.000E+00      0.000E+00     -0.990E+02     -0.990E+02
      0.102E+02      0.000E+00      0.000E+00      0.000E+00     -0.990E+02     -0.990E+02
      0.105E+02      0.000E+00      0.000E+00      0.000E+00     -0.990E+02     -0.990E+02
      0.108E+02      0.000E+00      0.000E+00      0.000E+00     -0.990E+02     -0.990E+02
      0.110E+02      0.000E+00      0.000E+00      0.000E+00     -0.990E+02     -0.990E+02
      0.112E+02      0.000E+00      0.000E+00      0.000E+00     -0.990E+02     -0.990E+02
      0.115E+02      0.000E+00      0.000E+00      0.000E+00     -0.990E+02     -0.990E+02
      0.118E+02      0.000E+00      0.000E+00      0.000E+00     -0.990E+02     -0.990E+02
      0.120E+02      0.000E+00      0.000E+00      0.000E+00     -0.990E+02     -0.990E+02
      0.122E+02      0.000E+00      0.000E+00      0.000E+00     -0.990E+02     -0.990E+02
      0.125E+02      0.000E+00      0.000E+00      0.000E+00     -0.990E+02     -0.990E+02
      0.128E+02      0.000E+00      0.000E+00      0.000E+00     -0.990E+02     -0.990E+02
      0.130E+02      0.000E+00      0.000E+00      0.000E+00     -0.990E+02     -0.990E+02
      0.132E+02      0.000E+00      0.000E+00      0.000E+00     -0.990E+02     -0.990E+02
      0.135E+02      0.000E+00      0.000E+00      0.000E+00     -0.990E+02     -0.990E+02
      0.138E+02      0.000E+00      0.000E+00      0.000E+00     -0.990E+02     -0.990E+02
      0.140E+02      0.000E+00      0.000E+00      0.000E+00     -0.990E+02     -0.990E+02
      0.142E+02      0.000E+00      0.000E+00      0.000E+00     -0.990E+02     -0.990E+02
      0.145E+02      0.000E+00      0.000E+00      0.000E+00     -0.990E+02     -0.990E+02
      0.148E+02      0.000E+00      0.000E+00      0.000E+00     -0.990E+02     -0.990E+02
      0.150E+02      0.000E+00      0.000E+00      0.000E+00     -0.990E+02     -0.990E+02
      0.152E+02      0.000E+00      0.000E+00      0.000E+00     -0.990E+02     -0.990E+02
      0.155E+02      0.000E+00      0.000E+00      0.000E+00     -0.990E+02     -0.990E+02
      0.158E+02      0.000E+00      0.000E+00      0.000E+00     -0.990E+02     -0.990E+02
      0.160E+02      0.000E+00      0.000E+00      0.000E+00     -0.990E+02     -0.990E+02
      0.162E+02      0.000E+00      0.000E+00      0.000E+00     -0.990E+02     -0.990E+02
      0.165E+02      0.000E+00      0.000E+00      0.000E+00     -0.990E+02     -0.990E+02
      0.168E+02      0.000E+00      0.000E+00      0.000E+00     -0.990E+02     -0.990E+02
      0.170E+02      0.000E+00      0.000E+00      0.000E+00     -0.990E+02     -0.990E+02
      0.172E+02      0.000E+00      0.000E+00      0.000E+00     -0.990E+02     -0.990E+02
      0.175E+02      0.000E+00      0.000E+00      0.000E+00     -0.990E+02     -0.990E+02
      0.178E+02      0.000E+00      0.000E+00      0.000E+00     -0.990E+02     -0.990E+02
      0.180E+02      0.000E+00      0.000E+00      0.000E+00     -0.990E+02     -0.990E+02
      0.182E+02      0.000E+00      0.000E+00      0.000E+00     -0.990E+02     -0.990E+02
      0.185E+02      0.000E+00      0.000E+00      0.000E+00     -0.990E+02     -0.990E+02
      0.188E+02      0.000E+00      0.000E+00      0.000E+00     -0.990E+02     -0.990E+02
      0.190E+02      0.000E+00      0.000E+00      0.000E+00     -0.990E+02     -0.990E+02
      0.192E+02      0.000E+00      0.000E+00      0.000E+00     -0.990E+02     -0.990E+02
      0.195E+02      0.000E+00      0.000E+00      0.000E+00     -0.990E+02     -0.990E+02
      0.198E+02      0.000E+00      0.000E+00      0.000E+00     -0.990E+02     -0.990E+02
      0.200E+02      0.000E+00      0.000E+00      0.000E+00     -0.990E+02     -0.990E+02
