      0.000E+00      0.421E+01      0.123E+00      0.966E+09     -0.990E+02     -0.990E+02
      0.100E-03      0.421E+01      0.123E+00      0.966E+09     -0.990E+02     -0.990E+02
      0.140E-03      0.421E+01      0.123E+00      0.966E+09     -0.990E+02     -0.990E+02
      0.160E-03      0.421E+01      0.123E+00      0.966E+09     -0.990E+02     -0.990E+02
      0.180E-03      0.421E+01      0.123E+00      0.966E+09     -0.990E+02     -0.990E+02
      0.200E-03      0.421E+01      0.123E+00      0.966E+09     -0.990E+02     -0.990E+02
      0.220E-03      0.421E+01      0.123E+00      0.966E+09     -0.990E+02     -0.990E+02
      0.250E-03      0.421E+01      0.123E+00      0.966E+09     -0.990E+02     -0.990E+02
      0.280E-03      0.421E+01      0.123E+00      0.966E+09     -0.990E+02     -0.990E+02
      0.320E-03      0.421E+01      0.123E+00      0.966E+09     -0.990E+02     -0.990E+02
      0.350E-03      0.421E+01      0.123E+00      0.966E+09     -0.990E+02     -0.990E+02
      0.400E-03      0.421E+01      0.123E+00      0.966E+09     -0.990E+02     -0.990E+02
      0.450E-03      0.421E+01      0.123E+00      0.966E+09     -0.990E+02     -0.990E+02
      0.500E-03      0.421E+01      0.123E+00      0.966E+09     -0.990E+02     -0.990E+02
      0.560E-03      0.421E+01      0.123E+00      0.966E+09     -0.990E+02     -0.990E+02
      0.630E-03      0.421E+01      0.123E+00      0.966E+09     -0.990E+02     -0.990E+02
      0.710E-03      0.421E+01      0.123E+00      0.966E+09     -0.990E+02     -0.990E+02
      0.790E-03      0.421E+01      0.123E+00      0.966E+09     -0.990E+02     -0.990E+02
      0.890E-03      0.421E+01      0.123E+00      0.966E+09     -0.990E+02     -0.990E+02
      0.100E-02      0.421E+01      0.123E+00      0.966E+09     -0.990E+02     -0.990E+02
      0.105E-02      0.421E+01      0.123E+00      0.966E+09     -0.990E+02     -0.990E+02
      0.110E-02      0.421E+01      0.123E+00      0.966E+09     -0.990E+02     -0.990E+02
      0.115E-02      0.421E+01      0.123E+00      0.966E+09     -0.990E+02     -0.990E+02
      0.120E-02      0.421E+01      0.123E+00      0.966E+09     -0.990E+02     -0.990E+02
      0.126E-02      0.421E+01      0.123E+00      0.966E+09     -0.990E+02     -0.990E+02
      0.132E-02      0.421E+01      0.123E+00      0.966E+09     -0.990E+02     -0.990E+02
      0.138E-02      0.421E+01      0.123E+00      0.966E+09     -0.990E+02     -0.990E+02
      0.145E-02      0.421E+01      0.123E+00      0.966E+09     -0.990E+02     -0.990E+02
      0.151E-02      0.421E+01      0.123E+00      0.966E+09     -0.990E+02     -0.990E+02
      0.158E-02      0.421E+01      0.123E+00      0.966E+09     -0.990E+02     -0.990E+02
      0.166E-02      0.421E+01      0.123E+00      0.966E+09     -0.990E+02     -0.990E+02
      0.174E-02      0.421E+01      0.123E+00      0.966E+09     -0.990E+02     -0.990E+02
      0.182E-02      0.421E+01      0.123E+00      0.966E+09     -0.990E+02     -0.990E+02
      0.191E-02      0.421E+01      0.123E+00      0.966E+09     -0.990E+02     -0.990E+02
      0.200E-02      0.421E+01      0.123E+00      0.966E+09     -0.990E+02     -0.990E+02
      0.209E-02      0.421E+01      0.123E+00      0.966E+09     -0.990E+02     -0.990E+02
      0.219E-02      0.421E+01      0.123E+00      0.966E+09     -0.990E+02     -0.990E+02
      0.229E-02      0.421E+01      0.123E+00      0.966E+09     -0.990E+02     -0.990E+02
      0.240E-02      0.421E+01      0.123E+00      0.966E+09     -0.990E+02     -0.990E+02
      0.251E-02      0.421E+01      0.123E+00      0.966E+09     -0.990E+02     -0.990E+02
      0.263E-02      0.421E+01      0.123E+00      0.966E+09     -0.990E+02     -0.990E+02
      0.275E-02      0.421E+01      0.123E+00      0.966E+09     -0.990E+02     -0.990E+02
      0.288E-02      0.421E+01      0.123E+00      0.966E+09     -0.990E+02     -0.990E+02
      0.302E-02      0.421E+01      0.123E+00      0.966E+09     -0.990E+02     -0.990E+02
      0.316E-02      0.421E+01      0.123E+00      0.966E+09     -0.990E+02     -0.990E+02
      0.331E-02      0.421E+01      0.123E+00      0.966E+09     -0.990E+02     -0.990E+02
      0.347E-02      0.421E+01      0.123E+00      0.966E+09     -0.990E+02     -0.990E+02
      0.363E-02      0.421E+01      0.123E+00      0.966E+09     -0.990E+02     -0.990E+02
      0.380E-02      0.421E+01      0.123E+00      0.966E+09     -0.990E+02     -0.990E+02
      0.398E-02      0.421E+01      0.123E+00      0.966E+09     -0.990E+02     -0.990E+02
      0.417E-02      0.421E+01      0.123E+00      0.966E+09     -0.990E+02     -0.990E+02
      0.437E-02      0.421E+01      0.123E+00      0.966E+09     -0.990E+02     -0.990E+02
      0.457E-02      0.421E+01      0.123E+00      0.966E+09     -0.990E+02     -0.990E+02
      0.479E-02      0.421E+01      0.123E+00      0.966E+09     -0.990E+02     -0.990E+02
      0.501E-02      0.421E+01      0.123E+00      0.966E+09     -0.990E+02     -0.990E+02
      0.525E-02      0.421E+01      0.123E+00      0.966E+09     -0.990E+02     -0.990E+02
      0.550E-02      0.421E+01      0.123E+00      0.966E+09     -0.990E+02     -0.990E+02
      0.575E-02      0.421E+01      0.123E+00      0.966E+09     -0.990E+02     -0.990E+02
      0.603E-02      0.421E+01      0.123E+00      0.966E+09     -0.990E+02     -0.990E+02
      0.631E-02      0.421E+01      0.123E+00      0.966E+09     -0.990E+02     -0.990E+02
      0.661E-02      0.421E+01      0.123E+00      0.966E+09     -0.990E+02     -0.990E+02
      0.692E-02      0.421E+01      0.123E+00      0.966E+09     -0.990E+02     -0.990E+02
      0.724E-02      0.421E+01      0.123E+00      0.966E+09     -0.990E+02     -0.990E+02
      0.759E-02      0.421E+01      0.123E+00      0.966E+09     -0.990E+02     -0.990E+02
      0.794E-02      0.421E+01      0.123E+00      0.966E+09     -0.990E+02     -0.990E+02
      0.832E-02      0.421E+01      0.123E+00      0.966E+09     -0.990E+02     -0.990E+02
      0.871E-02      0.421E+01      0.123E+00      0.966E+09     -0.990E+02     -0.990E+02
      0.912E-02      0.421E+01      0.123E+00      0.966E+09     -0.990E+02     -0.990E+02
      0.955E-02      0.421E+01      0.123E+00      0.966E+09     -0.990E+02     -0.990E+02
      0.100E-01      0.421E+01      0.123E+00      0.966E+09      0.218E-01      0.678E-01
      0.105E-01      0.897E+00      0.208E+00      0.923E+09      0.218E-01      0.676E-01
      0.110E-01      0.893E+00      0.207E+00      0.923E+09      0.219E-01      0.676E-01
      0.115E-01      0.893E+00      0.206E+00      0.923E+09      0.220E-01      0.674E-01
      0.120E-01      0.894E+00      0.206E+00      0.922E+09      0.220E-01      0.673E-01
      0.126E-01      0.896E+00      0.207E+00      0.922E+09      0.219E-01      0.672E-01
      0.132E-01      0.902E+00      0.208E+00      0.921E+09      0.220E-01      0.670E-01
      0.138E-01      0.901E+00      0.207E+00      0.921E+09      0.220E-01      0.669E-01
      0.144E-01      0.896E+00      0.205E+00      0.920E+09      0.220E-01      0.666E-01
      0.151E-01      0.900E+00      0.205E+00      0.920E+09      0.221E-01      0.664E-01
      0.159E-01      0.905E+00      0.206E+00      0.919E+09      0.220E-01      0.663E-01
      0.166E-01      0.906E+00      0.206E+00      0.919E+09      0.221E-01      0.661E-01
      0.174E-01      0.909E+00      0.206E+00      0.918E+09      0.222E-01      0.659E-01
      0.182E-01      0.914E+00      0.206E+00      0.917E+09      0.223E-01      0.656E-01
      0.191E-01      0.916E+00      0.206E+00      0.917E+09      0.223E-01      0.653E-01
      0.200E-01      0.914E+00      0.205E+00      0.916E+09      0.222E-01      0.651E-01
      0.209E-01      0.914E+00      0.205E+00      0.915E+09      0.222E-01      0.649E-01
      0.219E-01      0.917E+00      0.205E+00      0.915E+09      0.223E-01      0.646E-01
      0.229E-01      0.921E+00      0.205E+00      0.914E+09      0.223E-01      0.644E-01
      0.240E-01      0.924E+00      0.205E+00      0.913E+09      0.224E-01      0.641E-01
      0.251E-01      0.929E+00      0.205E+00      0.912E+09      0.224E-01      0.637E-01
      0.263E-01      0.931E+00      0.205E+00      0.911E+09      0.225E-01      0.635E-01
      0.275E-01      0.931E+00      0.204E+00      0.910E+09      0.226E-01      0.632E-01
      0.290E-01      0.936E+00      0.204E+00      0.909E+09      0.224E-01      0.627E-01
      0.300E-01      0.938E+00      0.204E+00      0.908E+09      0.226E-01      0.625E-01
      0.310E-01      0.941E+00      0.204E+00      0.908E+09      0.226E-01      0.622E-01
      0.320E-01      0.944E+00      0.204E+00      0.907E+09      0.227E-01      0.621E-01
      0.330E-01      0.946E+00      0.203E+00      0.906E+09      0.226E-01      0.618E-01
      0.340E-01      0.948E+00      0.203E+00      0.905E+09      0.227E-01      0.616E-01
      0.350E-01      0.951E+00      0.203E+00      0.905E+09      0.228E-01      0.613E-01
      0.360E-01      0.953E+00      0.203E+00      0.904E+09      0.227E-01      0.611E-01
      0.370E-01      0.956E+00      0.203E+00      0.903E+09      0.228E-01      0.608E-01
      0.380E-01      0.958E+00      0.203E+00      0.902E+09      0.229E-01      0.606E-01
      0.390E-01      0.960E+00      0.203E+00      0.901E+09      0.229E-01      0.604E-01
      0.400E-01      0.963E+00      0.203E+00      0.901E+09      0.230E-01      0.601E-01
      0.425E-01      0.969E+00      0.203E+00      0.899E+09      0.229E-01      0.595E-01
      0.450E-01      0.975E+00      0.202E+00      0.897E+09      0.231E-01      0.589E-01
      0.475E-01      0.981E+00      0.202E+00      0.895E+09      0.232E-01      0.584E-01
      0.500E-01      0.988E+00      0.202E+00      0.893E+09      0.232E-01      0.578E-01
      0.525E-01      0.992E+00      0.202E+00      0.891E+09      0.233E-01      0.574E-01
      0.550E-01      0.999E+00      0.202E+00      0.889E+09      0.235E-01      0.568E-01
      0.571E-01      0.100E+01      0.201E+00      0.888E+09      0.235E-01      0.564E-01
      0.640E-01      0.102E+01      0.202E+00      0.884E+09      0.237E-01      0.550E-01
      0.719E-01      0.104E+01      0.202E+00      0.878E+09      0.204E-01      0.536E-01
      0.806E-01      0.106E+01      0.203E+00      0.871E+09      0.113E-01      0.520E-01
      0.905E-01      0.108E+01      0.205E+00      0.864E+09      0.130E-02      0.506E-01
      0.102E+00      0.111E+01      0.206E+00      0.855E+09     -0.947E-02      0.491E-01
      0.114E+00      0.114E+01      0.207E+00      0.845E+09     -0.208E-01      0.478E-01
      0.128E+00      0.117E+01      0.209E+00      0.834E+09     -0.330E-01      0.468E-01
      0.143E+00      0.120E+01      0.211E+00      0.821E+09     -0.461E-01      0.461E-01
      0.161E+00      0.124E+01      0.205E+00      0.806E+09     -0.599E-01      0.458E-01
      0.181E+00      0.128E+01      0.194E+00      0.789E+09     -0.740E-01      0.457E-01
      0.203E+00      0.133E+01      0.183E+00      0.769E+09     -0.891E-01      0.460E-01
      0.227E+00      0.138E+01      0.174E+00      0.746E+09     -0.105E+00      0.469E-01
      0.255E+00      0.144E+01      0.169E+00      0.720E+09     -0.121E+00      0.484E-01
      0.286E+00      0.151E+01      0.169E+00      0.689E+09     -0.138E+00      0.499E-01
      0.321E+00      0.157E+01      0.176E+00      0.654E+09     -0.154E+00      0.517E-01
      0.360E+00      0.147E+01      0.171E+00      0.612E+09     -0.158E+00      0.562E-01
      0.404E+00      0.135E+01      0.169E+00      0.570E+09     -0.163E+00      0.611E-01
      0.453E+00      0.122E+01      0.160E+00      0.526E+09     -0.169E+00      0.674E-01
      0.509E+00      0.108E+01      0.154E+00      0.481E+09     -0.177E+00      0.790E-01
      0.571E+00      0.927E+00      0.152E+00      0.438E+09     -0.189E+00      0.999E-01
      0.641E+00      0.868E+00      0.142E+00      0.396E+09     -0.171E+00      0.108E+00
      0.719E+00      0.799E+00      0.112E+00      0.352E+09     -0.145E+00      0.896E-01
      0.806E+00      0.722E+00      0.885E-01      0.308E+09     -0.109E+00      0.745E-01
      0.905E+00      0.724E+00      0.884E-01      0.263E+09     -0.123E+00      0.735E-01
      0.102E+01      0.746E+00      0.845E-01      0.213E+09     -0.148E+00      0.598E-01
      0.114E+01      0.668E+00      0.846E-01      0.155E+09     -0.200E+00      0.634E-01
      0.128E+01      0.496E+00      0.852E-01      0.983E+08     -0.324E+00      0.847E-01
      0.143E+01      0.301E+00      0.957E-01      0.512E+08     -0.432E+00      0.159E+00
      0.161E+01      0.109E+00      0.667E-01      0.195E+08     -0.690E+00      0.508E+00
      0.168E+01      0.798E-01      0.651E-01      0.112E+08     -0.657E+00      0.671E+00
      0.170E+01      0.718E-01      0.620E-01      0.890E+07     -0.637E+00      0.690E+00
      0.180E+01      0.310E-01      0.527E-01      0.622E+07     -0.372E+00      0.885E+00
      0.190E+01      0.199E-01      0.551E-01      0.428E+07     -0.172E+00      0.781E+00
      0.200E+01      0.152E-01      0.432E-01      0.304E+07     -0.147E+00      0.698E+00
      0.210E+01      0.101E-01      0.323E-01      0.209E+07     -0.919E-01      0.588E+00
      0.220E+01      0.687E-02      0.259E-01      0.146E+07     -0.374E-01      0.668E+00
      0.230E+01      0.591E-02      0.194E-01      0.104E+07     -0.424E-01      0.754E+00
      0.240E+01      0.497E-02      0.183E-01      0.674E+06     -0.523E-01      0.983E+00
      0.250E+01      0.334E-02      0.125E-01      0.369E+06     -0.648E-01      0.980E+00
      0.260E+01      0.161E-02      0.575E-02      0.165E+06     -0.101E+00      0.887E+00
      0.275E+01      0.354E-03      0.182E-02      0.429E+05     -0.230E+00      0.157E+01
      0.300E+01      0.497E-07      0.924E-05      0.736E+01     -0.930E+00      0.198E+03
      0.325E+01      0.158E-10      0.197E-06      0.237E-02     -0.209E+00      0.311E+04
      0.350E+01      0.777E-35      0.315E-19      0.112E-26     -0.406E+01            NaN
      0.375E+01      0.000E+00      0.000E+00      0.000E+00     -0.990E+02     -0.990E+02
      0.400E+01      0.000E+00      0.000E+00      0.000E+00     -0.990E+02     -0.990E+02
      0.425E+01      0.000E+00      0.000E+00      0.000E+00     -0.990E+02     -0.990E+02
      0.450E+01      0.000E+00      0.000E+00      0.000E+00     -0.990E+02     -0.990E+02
      0.475E+01      0.000E+00      0.000E+00      0.000E+00     -0.990E+02     -0.990E+02
      0.500E+01      0.000E+00      0.000E+00      0.000E+00     -0.990E+02     -0.990E+02
      0.525E+01      0.000E+00      0.000E+00      0.000E+00     -0.990E+02     -0.990E+02
      0.550E+01      0.000E+00      0.000E+00      0.000E+00     -0.990E+02     -0.990E+02
      0.575E+01      0.000E+00      0.000E+00      0.000E+00     -0.990E+02     -0.990E+02
      0.600E+01      0.000E+00      0.000E+00      0.000E+00     -0.990E+02     -0.990E+02
      0.625E+01      0.000E+00      0.000E+00      0.000E+00     -0.990E+02     -0.990E+02
      0.650E+01      0.000E+00      0.000E+00      0.000E+00     -0.990E+02     -0.990E+02
      0.675E+01      0.000E+00      0.000E+00      0.000E+00     -0.990E+02     -0.990E+02
      0.700E+01      0.000E+00      0.000E+00      0.000E+00     -0.990E+02     -0.990E+02
      0.725E+01      0.000E+00      0.000E+00      0.000E+00     -0.990E+02     -0.990E+02
      0.750E+01      0.000E+00      0.000E+00      0.000E+00     -0.990E+02     -0.990E+02
      0.775E+01      0.000E+00      0.000E+00      0.000E+00     -0.990E+02     -0.990E+02
      0.800E+01      0.000E+00      0.000E+00      0.000E+00     -0.990E+02     -0.990E+02
      0.825E+01      0.000E+00      0.000E+00      0.000E+00     -0.990E+02     -0.990E+02
      0.850E+01      0.000E+00      0.000E+00      0.000E+00     -0.990E+02     -0.990E+02
      0.875E+01      0.000E+00      0.000E+00      0.000E+00     -0.990E+02     -0.990E+02
      0.900E+01      0.000E+00      0.000E+00      0.000E+00     -0.990E+02     -0.990E+02
      0.925E+01      0.000E+00      0.000E+00      0.000E+00     -0.990E+02     -0.990E+02
      0.950E+01      0.000E+00      0.000E+00      0.000E+00     -0.990E+02     -0.990E+02
      0.975E+01      0.000E+00      0.000E+00      0.000E+00     -0.990E+02     -0.990E+02
      0.100E+02      0.000E+00      0.000E+00      0.000E+00     -0.990E+02     -0.990E+02
      0.102E+02      0.000E+00      0.000E+00      0.000E+00     -0.990E+02     -0.990E+02
      0.105E+02      0.000E+00      0.000E+00      0.000E+00     -0.990E+02     -0.990E+02
      0.108E+02      0.000E+00      0.000E+00      0.000E+00     -0.990E+02     -0.990E+02
      0.110E+02      0.000E+00      0.000E+00      0.000E+00     -0.990E+02     -0.990E+02
      0.112E+02      0.000E+00      0.000E+00      0.000E+00     -0.990E+02     -0.990E+02
      0.115E+02      0.000E+00      0.000E+00      0.000E+00     -0.990E+02     -0.990E+02
      0.118E+02      0.000E+00      0.000E+00      0.000E+00     -0.990E+02     -0.990E+02
      0.120E+02      0.000E+00      0.000E+00      0.000E+00     -0.990E+02     -0.990E+02
      0.122E+02      0.000E+00      0.000E+00      0.000E+00     -0.990E+02     -0.990E+02
      0.125E+02      0.000E+00      0.000E+00      0.000E+00     -0.990E+02     -0.990E+02
      0.128E+02      0.000E+00      0.000E+00      0.000E+00     -0.990E+02     -0.990E+02
      0.130E+02      0.000E+00      0.000E+00      0.000E+00     -0.990E+02     -0.990E+02
      0.132E+02      0.000E+00      0.000E+00      0.000E+00     -0.990E+02     -0.990E+02
      0.135E+02      0.000E+00      0.000E+00      0.000E+00     -0.990E+02     -0.990E+02
      0.138E+02      0.000E+00      0.000E+00      0.000E+00     -0.990E+02     -0.990E+02
      0.140E+02      0.000E+00      0.000E+00      0.000E+00     -0.990E+02     -0.990E+02
      0.142E+02      0.000E+00      0.000E+00      0.000E+00     -0.990E+02     -0.990E+02
      0.145E+02      0.000E+00      0.000E+00      0.000E+00     -0.990E+02     -0.990E+02
      0.148E+02      0.000E+00      0.000E+00      0.000E+00     -0.990E+02     -0.990E+02
      0.150E+02      0.000E+00      0.000E+00      0.000E+00     -0.990E+02     -0.990E+02
      0.152E+02      0.000E+00      0.000E+00      0.000E+00     -0.990E+02     -0.990E+02
      0.155E+02      0.000E+00      0.000E+00      0.000E+00     -0.990E+02     -0.990E+02
      0.158E+02      0.000E+00      0.000E+00      0.000E+00     -0.990E+02     -0.990E+02
      0.160E+02      0.000E+00      0.000E+00      0.000E+00     -0.990E+02     -0.990E+02
      0.162E+02      0.000E+00      0.000E+00      0.000E+00     -0.990E+02     -0.990E+02
      0.165E+02      0.000E+00      0.000E+00      0.000E+00     -0.990E+02     -0.990E+02
      0.168E+02      0.000E+00      0.000E+00      0.000E+00     -0.990E+02     -0.990E+02
      0.170E+02      0.000E+00      0.000E+00      0.000E+00     -0.990E+02     -0.990E+02
      0.172E+02      0.000E+00      0.000E+00      0.000E+00     -0.990E+02     -0.990E+02
      0.175E+02      0.000E+00      0.000E+00      0.000E+00     -0.990E+02     -0.990E+02
      0.178E+02      0.000E+00      0.000E+00      0.000E+00     -0.990E+02     -0.990E+02
      0.180E+02      0.000E+00      0.000E+00      0.000E+00     -0.990E+02     -0.990E+02
      0.182E+02      0.000E+00      0.000E+00      0.000E+00     -0.990E+02     -0.990E+02
      0.185E+02      0.000E+00      0.000E+00      0.000E+00     -0.990E+02     -0.990E+02
      0.188E+02      0.000E+00      0.000E+00      0.000E+00     -0.990E+02     -0.990E+02
      0.190E+02      0.000E+00      0.000E+00      0.000E+00     -0.990E+02     -0.990E+02
      0.192E+02      0.000E+00      0.000E+00      0.000E+00     -0.990E+02     -0.990E+02
      0.195E+02      0.000E+00      0.000E+00      0.000E+00     -0.990E+02     -0.990E+02
      0.198E+02      0.000E+00      0.000E+00      0.000E+00     -0.990E+02     -0.990E+02
      0.200E+02      0.000E+00      0.000E+00      0.000E+00     -0.990E+02     -0.990E+02
