      0.000E+00      0.239E+01      0.704E-01      0.111E+10     -0.990E+02     -0.990E+02
      0.100E-03      0.239E+01      0.704E-01      0.111E+10     -0.990E+02     -0.990E+02
      0.140E-03      0.239E+01      0.704E-01      0.111E+10     -0.990E+02     -0.990E+02
      0.160E-03      0.239E+01      0.704E-01      0.111E+10     -0.990E+02     -0.990E+02
      0.180E-03      0.239E+01      0.704E-01      0.111E+10     -0.990E+02     -0.990E+02
      0.200E-03      0.239E+01      0.704E-01      0.111E+10     -0.990E+02     -0.990E+02
      0.220E-03      0.239E+01      0.704E-01      0.111E+10     -0.990E+02     -0.990E+02
      0.250E-03      0.239E+01      0.704E-01      0.111E+10     -0.990E+02     -0.990E+02
      0.280E-03      0.239E+01      0.704E-01      0.111E+10     -0.990E+02     -0.990E+02
      0.320E-03      0.239E+01      0.704E-01      0.111E+10     -0.990E+02     -0.990E+02
      0.350E-03      0.239E+01      0.704E-01      0.111E+10     -0.990E+02     -0.990E+02
      0.400E-03      0.239E+01      0.704E-01      0.111E+10     -0.990E+02     -0.990E+02
      0.450E-03      0.239E+01      0.704E-01      0.111E+10     -0.990E+02     -0.990E+02
      0.500E-03      0.239E+01      0.704E-01      0.111E+10     -0.990E+02     -0.990E+02
      0.560E-03      0.239E+01      0.704E-01      0.111E+10     -0.990E+02     -0.990E+02
      0.630E-03      0.239E+01      0.704E-01      0.111E+10     -0.990E+02     -0.990E+02
      0.710E-03      0.239E+01      0.704E-01      0.111E+10     -0.990E+02     -0.990E+02
      0.790E-03      0.239E+01      0.704E-01      0.111E+10     -0.990E+02     -0.990E+02
      0.890E-03      0.239E+01      0.704E-01      0.111E+10     -0.990E+02     -0.990E+02
      0.100E-02      0.239E+01      0.704E-01      0.111E+10     -0.990E+02     -0.990E+02
      0.105E-02      0.239E+01      0.704E-01      0.111E+10     -0.990E+02     -0.990E+02
      0.110E-02      0.239E+01      0.704E-01      0.111E+10     -0.990E+02     -0.990E+02
      0.115E-02      0.239E+01      0.704E-01      0.111E+10     -0.990E+02     -0.990E+02
      0.120E-02      0.239E+01      0.704E-01      0.111E+10     -0.990E+02     -0.990E+02
      0.126E-02      0.239E+01      0.704E-01      0.111E+10     -0.990E+02     -0.990E+02
      0.132E-02      0.239E+01      0.704E-01      0.111E+10     -0.990E+02     -0.990E+02
      0.138E-02      0.239E+01      0.704E-01      0.111E+10     -0.990E+02     -0.990E+02
      0.145E-02      0.239E+01      0.704E-01      0.111E+10     -0.990E+02     -0.990E+02
      0.151E-02      0.239E+01      0.704E-01      0.111E+10     -0.990E+02     -0.990E+02
      0.158E-02      0.239E+01      0.704E-01      0.111E+10     -0.990E+02     -0.990E+02
      0.166E-02      0.239E+01      0.704E-01      0.111E+10     -0.990E+02     -0.990E+02
      0.174E-02      0.239E+01      0.704E-01      0.111E+10     -0.990E+02     -0.990E+02
      0.182E-02      0.239E+01      0.704E-01      0.111E+10     -0.990E+02     -0.990E+02
      0.191E-02      0.239E+01      0.704E-01      0.111E+10     -0.990E+02     -0.990E+02
      0.200E-02      0.239E+01      0.704E-01      0.111E+10     -0.990E+02     -0.990E+02
      0.209E-02      0.239E+01      0.704E-01      0.111E+10     -0.990E+02     -0.990E+02
      0.219E-02      0.239E+01      0.704E-01      0.111E+10     -0.990E+02     -0.990E+02
      0.229E-02      0.239E+01      0.704E-01      0.111E+10     -0.990E+02     -0.990E+02
      0.240E-02      0.239E+01      0.704E-01      0.111E+10     -0.990E+02     -0.990E+02
      0.251E-02      0.239E+01      0.704E-01      0.111E+10     -0.990E+02     -0.990E+02
      0.263E-02      0.239E+01      0.704E-01      0.111E+10     -0.990E+02     -0.990E+02
      0.275E-02      0.239E+01      0.704E-01      0.111E+10     -0.990E+02     -0.990E+02
      0.288E-02      0.239E+01      0.704E-01      0.111E+10     -0.990E+02     -0.990E+02
      0.302E-02      0.239E+01      0.704E-01      0.111E+10     -0.990E+02     -0.990E+02
      0.316E-02      0.239E+01      0.704E-01      0.111E+10     -0.990E+02     -0.990E+02
      0.331E-02      0.239E+01      0.704E-01      0.111E+10     -0.990E+02     -0.990E+02
      0.347E-02      0.239E+01      0.704E-01      0.111E+10     -0.990E+02     -0.990E+02
      0.363E-02      0.239E+01      0.704E-01      0.111E+10     -0.990E+02     -0.990E+02
      0.380E-02      0.239E+01      0.704E-01      0.111E+10     -0.990E+02     -0.990E+02
      0.398E-02      0.239E+01      0.704E-01      0.111E+10     -0.990E+02     -0.990E+02
      0.417E-02      0.239E+01      0.704E-01      0.111E+10     -0.990E+02     -0.990E+02
      0.437E-02      0.239E+01      0.704E-01      0.111E+10     -0.990E+02     -0.990E+02
      0.457E-02      0.239E+01      0.704E-01      0.111E+10     -0.990E+02     -0.990E+02
      0.479E-02      0.239E+01      0.704E-01      0.111E+10     -0.990E+02     -0.990E+02
      0.501E-02      0.239E+01      0.704E-01      0.111E+10     -0.990E+02     -0.990E+02
      0.525E-02      0.239E+01      0.704E-01      0.111E+10     -0.990E+02     -0.990E+02
      0.550E-02      0.239E+01      0.704E-01      0.111E+10     -0.990E+02     -0.990E+02
      0.575E-02      0.239E+01      0.704E-01      0.111E+10     -0.990E+02     -0.990E+02
      0.603E-02      0.239E+01      0.704E-01      0.111E+10     -0.990E+02     -0.990E+02
      0.631E-02      0.239E+01      0.704E-01      0.111E+10     -0.990E+02     -0.990E+02
      0.661E-02      0.239E+01      0.704E-01      0.111E+10     -0.990E+02     -0.990E+02
      0.692E-02      0.239E+01      0.704E-01      0.111E+10     -0.990E+02     -0.990E+02
      0.724E-02      0.239E+01      0.704E-01      0.111E+10     -0.990E+02     -0.990E+02
      0.759E-02      0.239E+01      0.704E-01      0.111E+10     -0.990E+02     -0.990E+02
      0.794E-02      0.239E+01      0.704E-01      0.111E+10     -0.990E+02     -0.990E+02
      0.832E-02      0.239E+01      0.704E-01      0.111E+10     -0.990E+02     -0.990E+02
      0.871E-02      0.239E+01      0.704E-01      0.111E+10     -0.990E+02     -0.990E+02
      0.912E-02      0.239E+01      0.704E-01      0.111E+10     -0.990E+02     -0.990E+02
      0.955E-02      0.239E+01      0.704E-01      0.111E+10     -0.990E+02     -0.990E+02
      0.100E-01      0.239E+01      0.704E-01      0.111E+10     -0.139E+01      0.120E+00
      0.105E-01      0.429E+01      0.258E+00      0.109E+10     -0.139E+01      0.120E+00
      0.110E-01      0.427E+01      0.257E+00      0.108E+10     -0.139E+01      0.120E+00
      0.115E-01      0.425E+01      0.255E+00      0.108E+10     -0.140E+01      0.120E+00
      0.120E-01      0.424E+01      0.254E+00      0.108E+10     -0.140E+01      0.120E+00
      0.126E-01      0.424E+01      0.253E+00      0.108E+10     -0.140E+01      0.120E+00
      0.132E-01      0.426E+01      0.254E+00      0.108E+10     -0.140E+01      0.119E+00
      0.138E-01      0.424E+01      0.252E+00      0.107E+10     -0.140E+01      0.119E+00
      0.144E-01      0.420E+01      0.249E+00      0.107E+10     -0.140E+01      0.119E+00
      0.151E-01      0.420E+01      0.248E+00      0.107E+10     -0.140E+01      0.118E+00
      0.159E-01      0.421E+01      0.248E+00      0.107E+10     -0.140E+01      0.118E+00
      0.166E-01      0.420E+01      0.247E+00      0.106E+10     -0.140E+01      0.118E+00
      0.174E-01      0.419E+01      0.246E+00      0.106E+10     -0.140E+01      0.118E+00
      0.182E-01      0.420E+01      0.245E+00      0.106E+10     -0.140E+01      0.117E+00
      0.191E-01      0.419E+01      0.244E+00      0.106E+10     -0.140E+01      0.117E+00
      0.200E-01      0.416E+01      0.241E+00      0.105E+10     -0.140E+01      0.117E+00
      0.209E-01      0.414E+01      0.240E+00      0.105E+10     -0.140E+01      0.116E+00
      0.219E-01      0.414E+01      0.238E+00      0.105E+10     -0.140E+01      0.116E+00
      0.229E-01      0.413E+01      0.237E+00      0.104E+10     -0.140E+01      0.116E+00
      0.240E-01      0.412E+01      0.236E+00      0.104E+10     -0.140E+01      0.115E+00
      0.251E-01      0.412E+01      0.234E+00      0.103E+10     -0.140E+01      0.115E+00
      0.263E-01      0.410E+01      0.232E+00      0.103E+10     -0.140E+01      0.114E+00
      0.275E-01      0.408E+01      0.230E+00      0.103E+10     -0.140E+01      0.114E+00
      0.290E-01      0.406E+01      0.228E+00      0.102E+10     -0.141E+01      0.114E+00
      0.300E-01      0.405E+01      0.227E+00      0.102E+10     -0.141E+01      0.113E+00
      0.310E-01      0.404E+01      0.226E+00      0.101E+10     -0.141E+01      0.113E+00
      0.320E-01      0.403E+01      0.224E+00      0.101E+10     -0.141E+01      0.113E+00
      0.330E-01      0.402E+01      0.223E+00      0.101E+10     -0.141E+01      0.112E+00
      0.340E-01      0.402E+01      0.222E+00      0.100E+10     -0.141E+01      0.112E+00
      0.350E-01      0.401E+01      0.220E+00      0.100E+10     -0.141E+01      0.111E+00
      0.360E-01      0.401E+01      0.219E+00      0.998E+09     -0.141E+01      0.111E+00
      0.370E-01      0.400E+01      0.218E+00      0.995E+09     -0.141E+01      0.111E+00
      0.380E-01      0.400E+01      0.217E+00      0.991E+09     -0.142E+01      0.110E+00
      0.390E-01      0.399E+01      0.216E+00      0.988E+09     -0.142E+01      0.110E+00
      0.400E-01      0.399E+01      0.215E+00      0.985E+09     -0.142E+01      0.110E+00
      0.425E-01      0.398E+01      0.214E+00      0.979E+09     -0.142E+01      0.109E+00
      0.450E-01      0.397E+01      0.212E+00      0.971E+09     -0.143E+01      0.109E+00
      0.475E-01      0.395E+01      0.210E+00      0.963E+09     -0.143E+01      0.109E+00
      0.500E-01      0.393E+01      0.209E+00      0.956E+09     -0.144E+01      0.109E+00
      0.525E-01      0.393E+01      0.208E+00      0.948E+09     -0.144E+01      0.109E+00
      0.550E-01      0.391E+01      0.206E+00      0.940E+09     -0.144E+01      0.108E+00
      0.571E-01      0.391E+01      0.205E+00      0.933E+09     -0.145E+01      0.108E+00
      0.640E-01      0.387E+01      0.201E+00      0.919E+09     -0.146E+01      0.107E+00
      0.719E-01      0.383E+01      0.196E+00      0.897E+09     -0.147E+01      0.107E+00
      0.806E-01      0.380E+01      0.191E+00      0.872E+09     -0.149E+01      0.106E+00
      0.905E-01      0.375E+01      0.186E+00      0.844E+09     -0.150E+01      0.105E+00
      0.102E+00      0.370E+01      0.180E+00      0.814E+09     -0.152E+01      0.104E+00
      0.114E+00      0.364E+01      0.173E+00      0.781E+09     -0.154E+01      0.103E+00
      0.128E+00      0.358E+01      0.166E+00      0.745E+09     -0.157E+01      0.102E+00
      0.143E+00      0.350E+01      0.159E+00      0.705E+09     -0.160E+01      0.101E+00
      0.161E+00      0.342E+01      0.152E+00      0.662E+09     -0.164E+01      0.101E+00
      0.181E+00      0.333E+01      0.144E+00      0.615E+09     -0.168E+01      0.101E+00
      0.203E+00      0.322E+01      0.137E+00      0.564E+09     -0.173E+01      0.102E+00
      0.227E+00      0.310E+01      0.131E+00      0.509E+09     -0.179E+01      0.105E+00
      0.255E+00      0.297E+01      0.127E+00      0.451E+09     -0.187E+01      0.111E+00
      0.286E+00      0.281E+01      0.126E+00      0.388E+09     -0.195E+01      0.121E+00
      0.321E+00      0.246E+01      0.109E+00      0.323E+09     -0.198E+01      0.121E+00
      0.360E+00      0.207E+01      0.898E-01      0.259E+09     -0.203E+01      0.121E+00
      0.404E+00      0.162E+01      0.688E-01      0.199E+09     -0.212E+01      0.123E+00
      0.453E+00      0.113E+01      0.466E-01      0.146E+09     -0.229E+01      0.130E+00
      0.509E+00      0.590E+00      0.293E-01      0.106E+09     -0.279E+01      0.190E+00
      0.571E+00      0.315E+00      0.308E-01      0.825E+08     -0.335E+01      0.385E+00
      0.641E+00      0.237E+00      0.377E-01      0.687E+08     -0.301E+01      0.512E+00
      0.719E+00      0.138E+00      0.391E-01      0.572E+08     -0.236E+01      0.684E+00
      0.806E+00      0.450E-01      0.316E-01      0.496E+08     -0.166E+00      0.179E+00
      0.905E+00      0.339E-01      0.238E-01      0.468E+08     -0.150E+00      0.163E+00
      0.102E+01      0.251E-01      0.172E-01      0.445E+08     -0.127E+00      0.143E+00
      0.114E+01      0.163E-01      0.125E-01      0.426E+08     -0.800E-01      0.125E+00
      0.128E+01      0.198E-01      0.141E-01      0.412E+08     -0.762E-01      0.138E+00
      0.143E+01      0.303E-01      0.216E-01      0.393E+08     -0.980E-01      0.136E+00
      0.161E+01      0.542E-01      0.425E-01      0.361E+08     -0.231E+00      0.270E+00
      0.168E+01      0.640E-01      0.547E-01      0.319E+08     -0.257E+00      0.314E+00
      0.170E+01      0.637E-01      0.535E-01      0.300E+08     -0.267E+00      0.316E+00
      0.180E+01      0.617E-01      0.471E-01      0.276E+08     -0.321E+00      0.339E+00
      0.190E+01      0.597E-01      0.427E-01      0.238E+08     -0.379E+00      0.387E+00
      0.200E+01      0.551E-01      0.382E-01      0.201E+08     -0.421E+00      0.425E+00
      0.210E+01      0.491E-01      0.334E-01      0.167E+08     -0.459E+00      0.462E+00
      0.220E+01      0.431E-01      0.290E-01      0.137E+08     -0.499E+00      0.500E+00
      0.230E+01      0.365E-01      0.217E-01      0.111E+08     -0.502E+00      0.436E+00
      0.240E+01      0.300E-01      0.155E-01      0.884E+07     -0.506E+00      0.377E+00
      0.250E+01      0.252E-01      0.131E-01      0.703E+07     -0.463E+00      0.342E+00
      0.260E+01      0.213E-01      0.124E-01      0.551E+07     -0.379E+00      0.315E+00
      0.275E+01      0.177E-01      0.100E-01      0.390E+07     -0.505E+00      0.378E+00
      0.300E+01      0.120E-01      0.590E-02      0.177E+07     -0.115E+01      0.744E+00
      0.325E+01      0.588E-06      0.658E-04      0.870E+02     -0.204E+01      0.312E+03
      0.350E+01      0.202E-13      0.105E-08      0.294E-05     -0.122E+01      0.898E+05
      0.375E+01      0.000E+00      0.000E+00      0.000E+00     -0.990E+02     -0.990E+02
      0.400E+01      0.000E+00      0.000E+00      0.000E+00     -0.990E+02     -0.990E+02
      0.425E+01      0.000E+00      0.000E+00      0.000E+00     -0.990E+02     -0.990E+02
      0.450E+01      0.000E+00      0.000E+00      0.000E+00     -0.990E+02     -0.990E+02
      0.475E+01      0.000E+00      0.000E+00      0.000E+00     -0.990E+02     -0.990E+02
      0.500E+01      0.000E+00      0.000E+00      0.000E+00     -0.990E+02     -0.990E+02
      0.525E+01      0.000E+00      0.000E+00      0.000E+00     -0.990E+02     -0.990E+02
      0.550E+01      0.000E+00      0.000E+00      0.000E+00     -0.990E+02     -0.990E+02
      0.575E+01      0.000E+00      0.000E+00      0.000E+00     -0.990E+02     -0.990E+02
      0.600E+01      0.000E+00      0.000E+00      0.000E+00     -0.990E+02     -0.990E+02
      0.625E+01      0.000E+00      0.000E+00      0.000E+00     -0.990E+02     -0.990E+02
      0.650E+01      0.000E+00      0.000E+00      0.000E+00     -0.990E+02     -0.990E+02
      0.675E+01      0.000E+00      0.000E+00      0.000E+00     -0.990E+02     -0.990E+02
      0.700E+01      0.000E+00      0.000E+00      0.000E+00     -0.990E+02     -0.990E+02
      0.725E+01      0.000E+00      0.000E+00      0.000E+00     -0.990E+02     -0.990E+02
      0.750E+01      0.000E+00      0.000E+00      0.000E+00     -0.990E+02     -0.990E+02
      0.775E+01      0.000E+00      0.000E+00      0.000E+00     -0.990E+02     -0.990E+02
      0.800E+01      0.000E+00      0.000E+00      0.000E+00     -0.990E+02     -0.990E+02
      0.825E+01      0.000E+00      0.000E+00      0.000E+00     -0.990E+02     -0.990E+02
      0.850E+01      0.000E+00      0.000E+00      0.000E+00     -0.990E+02     -0.990E+02
      0.875E+01      0.000E+00      0.000E+00      0.000E+00     -0.990E+02     -0.990E+02
      0.900E+01      0.000E+00      0.000E+00      0.000E+00     -0.990E+02     -0.990E+02
      0.925E+01      0.000E+00      0.000E+00      0.000E+00     -0.990E+02     -0.990E+02
      0.950E+01      0.000E+00      0.000E+00      0.000E+00     -0.990E+02     -0.990E+02
      0.975E+01      0.000E+00      0.000E+00      0.000E+00     -0.990E+02     -0.990E+02
      0.100E+02      0.000E+00      0.000E+00      0.000E+00     -0.990E+02     -0.990E+02
      0.102E+02      0.000E+00      0.000E+00      0.000E+00     -0.990E+02     -0.990E+02
      0.105E+02      0.000E+00      0.000E+00      0.000E+00     -0.990E+02     -0.990E+02
      0.108E+02      0.000E+00      0.000E+00      0.000E+00     -0.990E+02     -0.990E+02
      0.110E+02      0.000E+00      0.000E+00      0.000E+00     -0.990E+02     -0.990E+02
      0.112E+02      0.000E+00      0.000E+00      0.000E+00     -0.990E+02     -0.990E+02
      0.115E+02      0.000E+00      0.000E+00      0.000E+00     -0.990E+02     -0.990E+02
      0.118E+02      0.000E+00      0.000E+00      0.000E+00     -0.990E+02     -0.990E+02
      0.120E+02      0.000E+00      0.000E+00      0.000E+00     -0.990E+02     -0.990E+02
      0.122E+02      0.000E+00      0.000E+00      0.000E+00     -0.990E+02     -0.990E+02
      0.125E+02      0.000E+00      0.000E+00      0.000E+00     -0.990E+02     -0.990E+02
      0.128E+02      0.000E+00      0.000E+00      0.000E+00     -0.990E+02     -0.990E+02
      0.130E+02      0.000E+00      0.000E+00      0.000E+00     -0.990E+02     -0.990E+02
      0.132E+02      0.000E+00      0.000E+00      0.000E+00     -0.990E+02     -0.990E+02
      0.135E+02      0.000E+00      0.000E+00      0.000E+00     -0.990E+02     -0.990E+02
      0.138E+02      0.000E+00      0.000E+00      0.000E+00     -0.990E+02     -0.990E+02
      0.140E+02      0.000E+00      0.000E+00      0.000E+00     -0.990E+02     -0.990E+02
      0.142E+02      0.000E+00      0.000E+00      0.000E+00     -0.990E+02     -0.990E+02
      0.145E+02      0.000E+00      0.000E+00      0.000E+00     -0.990E+02     -0.990E+02
      0.148E+02      0.000E+00      0.000E+00      0.000E+00     -0.990E+02     -0.990E+02
      0.150E+02      0.000E+00      0.000E+00      0.000E+00     -0.990E+02     -0.990E+02
      0.152E+02      0.000E+00      0.000E+00      0.000E+00     -0.990E+02     -0.990E+02
      0.155E+02      0.000E+00      0.000E+00      0.000E+00     -0.990E+02     -0.990E+02
      0.158E+02      0.000E+00      0.000E+00      0.000E+00     -0.990E+02     -0.990E+02
      0.160E+02      0.000E+00      0.000E+00      0.000E+00     -0.990E+02     -0.990E+02
      0.162E+02      0.000E+00      0.000E+00      0.000E+00     -0.990E+02     -0.990E+02
      0.165E+02      0.000E+00      0.000E+00      0.000E+00     -0.990E+02     -0.990E+02
      0.168E+02      0.000E+00      0.000E+00      0.000E+00     -0.990E+02     -0.990E+02
      0.170E+02      0.000E+00      0.000E+00      0.000E+00     -0.990E+02     -0.990E+02
      0.172E+02      0.000E+00      0.000E+00      0.000E+00     -0.990E+02     -0.990E+02
      0.175E+02      0.000E+00      0.000E+00      0.000E+00     -0.990E+02     -0.990E+02
      0.178E+02      0.000E+00      0.000E+00      0.000E+00     -0.990E+02     -0.990E+02
      0.180E+02      0.000E+00      0.000E+00      0.000E+00     -0.990E+02     -0.990E+02
      0.182E+02      0.000E+00      0.000E+00      0.000E+00     -0.990E+02     -0.990E+02
      0.185E+02      0.000E+00      0.000E+00      0.000E+00     -0.990E+02     -0.990E+02
      0.188E+02      0.000E+00      0.000E+00      0.000E+00     -0.990E+02     -0.990E+02
      0.190E+02      0.000E+00      0.000E+00      0.000E+00     -0.990E+02     -0.990E+02
      0.192E+02      0.000E+00      0.000E+00      0.000E+00     -0.990E+02     -0.990E+02
      0.195E+02      0.000E+00      0.000E+00      0.000E+00     -0.990E+02     -0.990E+02
      0.198E+02      0.000E+00      0.000E+00      0.000E+00     -0.990E+02     -0.990E+02
      0.200E+02      0.000E+00      0.000E+00      0.000E+00     -0.990E+02     -0.990E+02
