      0.000E+00      0.359E+00      0.486E-01      0.161E+09     -0.990E+02     -0.990E+02
      0.100E-03      0.359E+00      0.486E-01      0.161E+09     -0.990E+02     -0.990E+02
      0.140E-03      0.359E+00      0.486E-01      0.161E+09     -0.990E+02     -0.990E+02
      0.160E-03      0.359E+00      0.486E-01      0.161E+09     -0.990E+02     -0.990E+02
      0.180E-03      0.359E+00      0.486E-01      0.161E+09     -0.990E+02     -0.990E+02
      0.200E-03      0.359E+00      0.486E-01      0.161E+09     -0.990E+02     -0.990E+02
      0.220E-03      0.359E+00      0.486E-01      0.161E+09     -0.990E+02     -0.990E+02
      0.250E-03      0.359E+00      0.486E-01      0.161E+09     -0.990E+02     -0.990E+02
      0.280E-03      0.359E+00      0.486E-01      0.161E+09     -0.990E+02     -0.990E+02
      0.320E-03      0.359E+00      0.486E-01      0.161E+09     -0.990E+02     -0.990E+02
      0.350E-03      0.359E+00      0.486E-01      0.161E+09     -0.990E+02     -0.990E+02
      0.400E-03      0.359E+00      0.486E-01      0.161E+09     -0.990E+02     -0.990E+02
      0.450E-03      0.359E+00      0.486E-01      0.161E+09     -0.990E+02     -0.990E+02
      0.500E-03      0.359E+00      0.486E-01      0.161E+09     -0.990E+02     -0.990E+02
      0.560E-03      0.359E+00      0.486E-01      0.161E+09     -0.990E+02     -0.990E+02
      0.630E-03      0.359E+00      0.486E-01      0.161E+09     -0.990E+02     -0.990E+02
      0.710E-03      0.359E+00      0.486E-01      0.161E+09     -0.990E+02     -0.990E+02
      0.790E-03      0.359E+00      0.486E-01      0.161E+09     -0.990E+02     -0.990E+02
      0.890E-03      0.359E+00      0.486E-01      0.161E+09     -0.990E+02     -0.990E+02
      0.100E-02      0.359E+00      0.486E-01      0.161E+09     -0.990E+02     -0.990E+02
      0.105E-02      0.359E+00      0.486E-01      0.161E+09     -0.990E+02     -0.990E+02
      0.110E-02      0.359E+00      0.486E-01      0.161E+09     -0.990E+02     -0.990E+02
      0.115E-02      0.359E+00      0.486E-01      0.161E+09     -0.990E+02     -0.990E+02
      0.120E-02      0.359E+00      0.486E-01      0.161E+09     -0.990E+02     -0.990E+02
      0.126E-02      0.359E+00      0.486E-01      0.161E+09     -0.990E+02     -0.990E+02
      0.132E-02      0.359E+00      0.486E-01      0.161E+09     -0.990E+02     -0.990E+02
      0.138E-02      0.359E+00      0.486E-01      0.161E+09     -0.990E+02     -0.990E+02
      0.145E-02      0.359E+00      0.486E-01      0.161E+09     -0.990E+02     -0.990E+02
      0.151E-02      0.359E+00      0.486E-01      0.161E+09     -0.990E+02     -0.990E+02
      0.158E-02      0.359E+00      0.486E-01      0.161E+09     -0.990E+02     -0.990E+02
      0.166E-02      0.359E+00      0.486E-01      0.161E+09     -0.990E+02     -0.990E+02
      0.174E-02      0.359E+00      0.486E-01      0.161E+09     -0.990E+02     -0.990E+02
      0.182E-02      0.359E+00      0.486E-01      0.161E+09     -0.990E+02     -0.990E+02
      0.191E-02      0.359E+00      0.486E-01      0.161E+09     -0.990E+02     -0.990E+02
      0.200E-02      0.359E+00      0.486E-01      0.161E+09     -0.990E+02     -0.990E+02
      0.209E-02      0.359E+00      0.486E-01      0.161E+09     -0.990E+02     -0.990E+02
      0.219E-02      0.359E+00      0.486E-01      0.161E+09     -0.990E+02     -0.990E+02
      0.229E-02      0.359E+00      0.486E-01      0.161E+09     -0.990E+02     -0.990E+02
      0.240E-02      0.359E+00      0.486E-01      0.161E+09     -0.990E+02     -0.990E+02
      0.251E-02      0.359E+00      0.486E-01      0.161E+09     -0.990E+02     -0.990E+02
      0.263E-02      0.359E+00      0.486E-01      0.161E+09     -0.990E+02     -0.990E+02
      0.275E-02      0.359E+00      0.486E-01      0.161E+09     -0.990E+02     -0.990E+02
      0.288E-02      0.359E+00      0.486E-01      0.161E+09     -0.990E+02     -0.990E+02
      0.302E-02      0.359E+00      0.486E-01      0.161E+09     -0.990E+02     -0.990E+02
      0.316E-02      0.359E+00      0.486E-01      0.161E+09     -0.990E+02     -0.990E+02
      0.331E-02      0.359E+00      0.486E-01      0.161E+09     -0.990E+02     -0.990E+02
      0.347E-02      0.359E+00      0.486E-01      0.161E+09     -0.990E+02     -0.990E+02
      0.363E-02      0.359E+00      0.486E-01      0.161E+09     -0.990E+02     -0.990E+02
      0.380E-02      0.359E+00      0.486E-01      0.161E+09     -0.990E+02     -0.990E+02
      0.398E-02      0.359E+00      0.486E-01      0.161E+09     -0.990E+02     -0.990E+02
      0.417E-02      0.359E+00      0.486E-01      0.161E+09     -0.990E+02     -0.990E+02
      0.437E-02      0.359E+00      0.486E-01      0.161E+09     -0.990E+02     -0.990E+02
      0.457E-02      0.359E+00      0.486E-01      0.161E+09     -0.990E+02     -0.990E+02
      0.479E-02      0.359E+00      0.486E-01      0.161E+09     -0.990E+02     -0.990E+02
      0.501E-02      0.359E+00      0.486E-01      0.161E+09     -0.990E+02     -0.990E+02
      0.525E-02      0.359E+00      0.486E-01      0.161E+09     -0.990E+02     -0.990E+02
      0.550E-02      0.359E+00      0.486E-01      0.161E+09     -0.990E+02     -0.990E+02
      0.575E-02      0.359E+00      0.486E-01      0.161E+09     -0.990E+02     -0.990E+02
      0.603E-02      0.359E+00      0.486E-01      0.161E+09     -0.990E+02     -0.990E+02
      0.631E-02      0.359E+00      0.486E-01      0.161E+09     -0.990E+02     -0.990E+02
      0.661E-02      0.359E+00      0.486E-01      0.161E+09     -0.990E+02     -0.990E+02
      0.692E-02      0.359E+00      0.486E-01      0.161E+09     -0.990E+02     -0.990E+02
      0.724E-02      0.359E+00      0.486E-01      0.161E+09     -0.990E+02     -0.990E+02
      0.759E-02      0.359E+00      0.486E-01      0.161E+09     -0.990E+02     -0.990E+02
      0.794E-02      0.359E+00      0.486E-01      0.161E+09     -0.990E+02     -0.990E+02
      0.832E-02      0.359E+00      0.486E-01      0.161E+09     -0.990E+02     -0.990E+02
      0.871E-02      0.359E+00      0.486E-01      0.161E+09     -0.990E+02     -0.990E+02
      0.912E-02      0.359E+00      0.486E-01      0.161E+09     -0.990E+02     -0.990E+02
      0.955E-02      0.359E+00      0.486E-01      0.161E+09     -0.990E+02     -0.990E+02
      0.100E-01      0.359E+00      0.486E-01      0.161E+09     -0.565E+00      0.648E+00
      0.105E-01      0.283E-01      0.235E-01      0.158E+09     -0.565E+00      0.649E+00
      0.110E-01      0.282E-01      0.234E-01      0.158E+09     -0.565E+00      0.649E+00
      0.115E-01      0.281E-01      0.233E-01      0.158E+09     -0.565E+00      0.649E+00
      0.120E-01      0.281E-01      0.233E-01      0.158E+09     -0.565E+00      0.649E+00
      0.126E-01      0.282E-01      0.234E-01      0.158E+09     -0.565E+00      0.650E+00
      0.132E-01      0.283E-01      0.235E-01      0.158E+09     -0.565E+00      0.650E+00
      0.138E-01      0.282E-01      0.235E-01      0.158E+09     -0.565E+00      0.651E+00
      0.144E-01      0.281E-01      0.233E-01      0.158E+09     -0.565E+00      0.651E+00
      0.151E-01      0.281E-01      0.234E-01      0.157E+09     -0.566E+00      0.651E+00
      0.159E-01      0.282E-01      0.235E-01      0.157E+09     -0.565E+00      0.652E+00
      0.166E-01      0.282E-01      0.235E-01      0.157E+09     -0.566E+00      0.652E+00
      0.174E-01      0.283E-01      0.236E-01      0.157E+09     -0.566E+00      0.653E+00
      0.182E-01      0.284E-01      0.237E-01      0.157E+09     -0.566E+00      0.654E+00
      0.191E-01      0.284E-01      0.237E-01      0.157E+09     -0.566E+00      0.654E+00
      0.200E-01      0.283E-01      0.236E-01      0.157E+09     -0.566E+00      0.655E+00
      0.209E-01      0.282E-01      0.236E-01      0.157E+09     -0.566E+00      0.655E+00
      0.219E-01      0.283E-01      0.236E-01      0.157E+09     -0.567E+00      0.656E+00
      0.229E-01      0.283E-01      0.237E-01      0.157E+09     -0.567E+00      0.657E+00
      0.240E-01      0.284E-01      0.238E-01      0.157E+09     -0.567E+00      0.658E+00
      0.251E-01      0.284E-01      0.239E-01      0.157E+09     -0.567E+00      0.659E+00
      0.263E-01      0.284E-01      0.239E-01      0.157E+09     -0.568E+00      0.660E+00
      0.275E-01      0.284E-01      0.238E-01      0.157E+09     -0.568E+00      0.660E+00
      0.290E-01      0.284E-01      0.239E-01      0.157E+09     -0.568E+00      0.661E+00
      0.300E-01      0.285E-01      0.240E-01      0.157E+09     -0.568E+00      0.662E+00
      0.310E-01      0.285E-01      0.240E-01      0.157E+09     -0.568E+00      0.663E+00
      0.320E-01      0.285E-01      0.240E-01      0.157E+09     -0.569E+00      0.664E+00
      0.330E-01      0.285E-01      0.241E-01      0.157E+09     -0.569E+00      0.664E+00
      0.340E-01      0.285E-01      0.241E-01      0.157E+09     -0.569E+00      0.665E+00
      0.350E-01      0.285E-01      0.241E-01      0.157E+09     -0.569E+00      0.667E+00
      0.360E-01      0.285E-01      0.242E-01      0.157E+09     -0.569E+00      0.667E+00
      0.370E-01      0.286E-01      0.242E-01      0.157E+09     -0.570E+00      0.668E+00
      0.380E-01      0.286E-01      0.243E-01      0.157E+09     -0.570E+00      0.669E+00
      0.390E-01      0.286E-01      0.243E-01      0.157E+09     -0.570E+00      0.670E+00
      0.400E-01      0.286E-01      0.244E-01      0.157E+09     -0.570E+00      0.671E+00
      0.425E-01      0.287E-01      0.245E-01      0.157E+09     -0.571E+00      0.673E+00
      0.450E-01      0.287E-01      0.246E-01      0.157E+09     -0.571E+00      0.676E+00
      0.475E-01      0.287E-01      0.247E-01      0.157E+09     -0.572E+00      0.678E+00
      0.500E-01      0.288E-01      0.248E-01      0.157E+09     -0.572E+00      0.680E+00
      0.525E-01      0.288E-01      0.249E-01      0.157E+09     -0.572E+00      0.682E+00
      0.550E-01      0.288E-01      0.250E-01      0.157E+09     -0.573E+00      0.685E+00
      0.571E-01      0.289E-01      0.251E-01      0.157E+09     -0.573E+00      0.689E+00
      0.640E-01      0.289E-01      0.254E-01      0.156E+09     -0.574E+00      0.698E+00
      0.719E-01      0.289E-01      0.258E-01      0.156E+09     -0.575E+00      0.709E+00
      0.806E-01      0.289E-01      0.263E-01      0.156E+09     -0.576E+00      0.721E+00
      0.905E-01      0.289E-01      0.269E-01      0.156E+09     -0.577E+00      0.737E+00
      0.102E+00      0.290E-01      0.275E-01      0.156E+09     -0.578E+00      0.755E+00
      0.114E+00      0.290E-01      0.283E-01      0.155E+09     -0.580E+00      0.777E+00
      0.128E+00      0.290E-01      0.286E-01      0.155E+09     -0.581E+00      0.784E+00
      0.143E+00      0.289E-01      0.289E-01      0.155E+09     -0.582E+00      0.787E+00
      0.161E+00      0.287E-01      0.283E-01      0.154E+09     -0.585E+00      0.777E+00
      0.181E+00      0.282E-01      0.267E-01      0.154E+09     -0.589E+00      0.749E+00
      0.203E+00      0.276E-01      0.250E-01      0.154E+09     -0.593E+00      0.716E+00
      0.227E+00      0.270E-01      0.232E-01      0.153E+09     -0.598E+00      0.680E+00
      0.255E+00      0.263E-01      0.213E-01      0.153E+09     -0.605E+00      0.643E+00
      0.286E+00      0.257E-01      0.194E-01      0.152E+09     -0.613E+00      0.606E+00
      0.321E+00      0.251E-01      0.176E-01      0.151E+09     -0.620E+00      0.566E+00
      0.360E+00      0.244E-01      0.157E-01      0.151E+09     -0.627E+00      0.526E+00
      0.404E+00      0.237E-01      0.144E-01      0.150E+09     -0.636E+00      0.509E+00
      0.453E+00      0.236E-01      0.140E-01      0.149E+09     -0.641E+00      0.506E+00
      0.509E+00      0.235E-01      0.139E-01      0.148E+09     -0.645E+00      0.510E+00
      0.571E+00      0.233E-01      0.138E-01      0.148E+09     -0.647E+00      0.513E+00
      0.641E+00      0.228E-01      0.132E-01      0.147E+09     -0.636E+00      0.490E+00
      0.719E+00      0.225E-01      0.129E-01      0.145E+09     -0.623E+00      0.478E+00
      0.806E+00      0.221E-01      0.133E-01      0.144E+09     -0.609E+00      0.502E+00
      0.905E+00      0.219E-01      0.145E-01      0.143E+09     -0.597E+00      0.557E+00
      0.102E+01      0.215E-01      0.153E-01      0.141E+09     -0.581E+00      0.571E+00
      0.114E+01      0.219E-01      0.155E-01      0.140E+09     -0.559E+00      0.557E+00
      0.128E+01      0.229E-01      0.171E-01      0.138E+09     -0.534E+00      0.568E+00
      0.143E+01      0.231E-01      0.164E-01      0.136E+09     -0.528E+00      0.573E+00
      0.161E+01      0.236E-01      0.162E-01      0.133E+09     -0.521E+00      0.582E+00
      0.168E+01      0.238E-01      0.161E-01      0.131E+09     -0.518E+00      0.579E+00
      0.170E+01      0.238E-01      0.160E-01      0.131E+09     -0.517E+00      0.578E+00
      0.180E+01      0.240E-01      0.160E-01      0.130E+09     -0.518E+00      0.578E+00
      0.190E+01      0.267E-01      0.162E-01      0.128E+09     -0.533E+00      0.523E+00
      0.200E+01      0.296E-01      0.171E-01      0.127E+09     -0.546E+00      0.482E+00
      0.210E+01      0.313E-01      0.169E-01      0.125E+09     -0.568E+00      0.451E+00
      0.220E+01      0.321E-01      0.155E-01      0.123E+09     -0.597E+00      0.416E+00
      0.230E+01      0.329E-01      0.150E-01      0.121E+09     -0.622E+00      0.404E+00
      0.240E+01      0.361E-01      0.149E-01      0.119E+09     -0.686E+00      0.403E+00
      0.250E+01      0.395E-01      0.174E-01      0.117E+09     -0.742E+00      0.477E+00
      0.260E+01      0.402E-01      0.189E-01      0.115E+09     -0.760E+00      0.524E+00
      0.275E+01      0.359E-01      0.168E-01      0.112E+09     -0.727E+00      0.500E+00
      0.300E+01      0.365E-01      0.148E-01      0.107E+09     -0.579E+00      0.343E+00
      0.325E+01      0.428E-01      0.159E-01      0.102E+09     -0.555E+00      0.283E+00
      0.350E+01      0.436E-01      0.173E-01      0.955E+08     -0.611E+00      0.331E+00
      0.375E+01      0.809E-01      0.303E-01      0.892E+08     -0.765E+00      0.426E+00
      0.400E+01      0.746E-01      0.301E-01      0.774E+08     -0.819E+00      0.476E+00
      0.425E+01      0.766E-01      0.295E-01      0.667E+08     -0.875E+00      0.467E+00
      0.450E+01      0.705E-01      0.269E-01      0.557E+08     -0.888E+00      0.463E+00
      0.475E+01      0.579E-01      0.204E-01      0.456E+08     -0.917E+00      0.437E+00
      0.500E+01      0.549E-01      0.187E-01      0.374E+08     -0.899E+00      0.408E+00
      0.525E+01      0.627E-01      0.224E-01      0.296E+08     -0.978E+00      0.504E+00
      0.550E+01      0.586E-01      0.223E-01      0.207E+08     -0.103E+01      0.552E+00
      0.575E+01      0.382E-01      0.147E-01      0.124E+08     -0.106E+01      0.570E+00
      0.600E+01      0.285E-01      0.977E-02      0.706E+07     -0.108E+01      0.513E+00
      0.625E+01      0.159E-01      0.588E-02      0.307E+07     -0.110E+01      0.552E+00
      0.650E+01      0.527E-02      0.184E-02      0.843E+06     -0.152E+01      0.706E+00
      0.675E+01      0.716E-03      0.528E-03      0.103E+06     -0.195E+01      0.185E+01
      0.700E+01      0.126E-04      0.250E-03      0.215E+04     -0.208E+01      0.551E+02
      0.725E+01      0.228E-05      0.124E-03      0.368E+03     -0.124E+01      0.861E+02
      0.750E+01      0.354E-06      0.250E-04      0.499E+02     -0.189E+01      0.186E+03
      0.775E+01      0.819E-12      0.153E-07      0.114E-03     -0.982E+00      0.242E+05
      0.800E+01      0.000E+00      0.000E+00      0.000E+00     -0.990E+02     -0.990E+02
      0.825E+01      0.000E+00      0.000E+00      0.000E+00     -0.990E+02     -0.990E+02
      0.850E+01      0.000E+00      0.000E+00      0.000E+00     -0.990E+02     -0.990E+02
      0.875E+01      0.000E+00      0.000E+00      0.000E+00     -0.990E+02     -0.990E+02
      0.900E+01      0.000E+00      0.000E+00      0.000E+00     -0.990E+02     -0.990E+02
      0.925E+01      0.000E+00      0.000E+00      0.000E+00     -0.990E+02     -0.990E+02
      0.950E+01      0.000E+00      0.000E+00      0.000E+00     -0.990E+02     -0.990E+02
      0.975E+01      0.000E+00      0.000E+00      0.000E+00     -0.990E+02     -0.990E+02
      0.100E+02      0.000E+00      0.000E+00      0.000E+00     -0.990E+02     -0.990E+02
      0.102E+02      0.000E+00      0.000E+00      0.000E+00     -0.990E+02     -0.990E+02
      0.105E+02      0.000E+00      0.000E+00      0.000E+00     -0.990E+02     -0.990E+02
      0.108E+02      0.000E+00      0.000E+00      0.000E+00     -0.990E+02     -0.990E+02
      0.110E+02      0.000E+00      0.000E+00      0.000E+00     -0.990E+02     -0.990E+02
      0.112E+02      0.000E+00      0.000E+00      0.000E+00     -0.990E+02     -0.990E+02
      0.115E+02      0.000E+00      0.000E+00      0.000E+00     -0.990E+02     -0.990E+02
      0.118E+02      0.000E+00      0.000E+00      0.000E+00     -0.990E+02     -0.990E+02
      0.120E+02      0.000E+00      0.000E+00      0.000E+00     -0.990E+02     -0.990E+02
      0.122E+02      0.000E+00      0.000E+00      0.000E+00     -0.990E+02     -0.990E+02
      0.125E+02      0.000E+00      0.000E+00      0.000E+00     -0.990E+02     -0.990E+02
      0.128E+02      0.000E+00      0.000E+00      0.000E+00     -0.990E+02     -0.990E+02
      0.130E+02      0.000E+00      0.000E+00      0.000E+00     -0.990E+02     -0.990E+02
      0.132E+02      0.000E+00      0.000E+00      0.000E+00     -0.990E+02     -0.990E+02
      0.135E+02      0.000E+00      0.000E+00      0.000E+00     -0.990E+02     -0.990E+02
      0.138E+02      0.000E+00      0.000E+00      0.000E+00     -0.990E+02     -0.990E+02
      0.140E+02      0.000E+00      0.000E+00      0.000E+00     -0.990E+02     -0.990E+02
      0.142E+02      0.000E+00      0.000E+00      0.000E+00     -0.990E+02     -0.990E+02
      0.145E+02      0.000E+00      0.000E+00      0.000E+00     -0.990E+02     -0.990E+02
      0.148E+02      0.000E+00      0.000E+00      0.000E+00     -0.990E+02     -0.990E+02
      0.150E+02      0.000E+00      0.000E+00      0.000E+00     -0.990E+02     -0.990E+02
      0.152E+02      0.000E+00      0.000E+00      0.000E+00     -0.990E+02     -0.990E+02
      0.155E+02      0.000E+00      0.000E+00      0.000E+00     -0.990E+02     -0.990E+02
      0.158E+02      0.000E+00      0.000E+00      0.000E+00     -0.990E+02     -0.990E+02
      0.160E+02      0.000E+00      0.000E+00      0.000E+00     -0.990E+02     -0.990E+02
      0.162E+02      0.000E+00      0.000E+00      0.000E+00     -0.990E+02     -0.990E+02
      0.165E+02      0.000E+00      0.000E+00      0.000E+00     -0.990E+02     -0.990E+02
      0.168E+02      0.000E+00      0.000E+00      0.000E+00     -0.990E+02     -0.990E+02
      0.170E+02      0.000E+00      0.000E+00      0.000E+00     -0.990E+02     -0.990E+02
      0.172E+02      0.000E+00      0.000E+00      0.000E+00     -0.990E+02     -0.990E+02
      0.175E+02      0.000E+00      0.000E+00      0.000E+00     -0.990E+02     -0.990E+02
      0.178E+02      0.000E+00      0.000E+00      0.000E+00     -0.990E+02     -0.990E+02
      0.180E+02      0.000E+00      0.000E+00      0.000E+00     -0.990E+02     -0.990E+02
      0.182E+02      0.000E+00      0.000E+00      0.000E+00     -0.990E+02     -0.990E+02
      0.185E+02      0.000E+00      0.000E+00      0.000E+00     -0.990E+02     -0.990E+02
      0.188E+02      0.000E+00      0.000E+00      0.000E+00     -0.990E+02     -0.990E+02
      0.190E+02      0.000E+00      0.000E+00      0.000E+00     -0.990E+02     -0.990E+02
      0.192E+02      0.000E+00      0.000E+00      0.000E+00     -0.990E+02     -0.990E+02
      0.195E+02      0.000E+00      0.000E+00      0.000E+00     -0.990E+02     -0.990E+02
      0.198E+02      0.000E+00      0.000E+00      0.000E+00     -0.990E+02     -0.990E+02
      0.200E+02      0.000E+00      0.000E+00      0.000E+00     -0.990E+02     -0.990E+02
