      0.000E+00      0.392E+01      0.389E+00      0.585E+09     -0.990E+02     -0.990E+02
      0.100E-03      0.392E+01      0.389E+00      0.585E+09     -0.990E+02     -0.990E+02
      0.140E-03      0.392E+01      0.389E+00      0.585E+09     -0.990E+02     -0.990E+02
      0.160E-03      0.392E+01      0.389E+00      0.585E+09     -0.990E+02     -0.990E+02
      0.180E-03      0.392E+01      0.389E+00      0.585E+09     -0.990E+02     -0.990E+02
      0.200E-03      0.392E+01      0.389E+00      0.585E+09     -0.990E+02     -0.990E+02
      0.220E-03      0.392E+01      0.389E+00      0.585E+09     -0.990E+02     -0.990E+02
      0.250E-03      0.392E+01      0.389E+00      0.585E+09     -0.990E+02     -0.990E+02
      0.280E-03      0.392E+01      0.389E+00      0.585E+09     -0.990E+02     -0.990E+02
      0.320E-03      0.392E+01      0.389E+00      0.585E+09     -0.990E+02     -0.990E+02
      0.350E-03      0.392E+01      0.389E+00      0.585E+09     -0.990E+02     -0.990E+02
      0.400E-03      0.392E+01      0.389E+00      0.585E+09     -0.990E+02     -0.990E+02
      0.450E-03      0.392E+01      0.389E+00      0.585E+09     -0.990E+02     -0.990E+02
      0.500E-03      0.392E+01      0.389E+00      0.585E+09     -0.990E+02     -0.990E+02
      0.560E-03      0.392E+01      0.389E+00      0.585E+09     -0.990E+02     -0.990E+02
      0.630E-03      0.392E+01      0.389E+00      0.585E+09     -0.990E+02     -0.990E+02
      0.710E-03      0.392E+01      0.389E+00      0.585E+09     -0.990E+02     -0.990E+02
      0.790E-03      0.392E+01      0.389E+00      0.585E+09     -0.990E+02     -0.990E+02
      0.890E-03      0.392E+01      0.389E+00      0.585E+09     -0.990E+02     -0.990E+02
      0.100E-02      0.392E+01      0.389E+00      0.585E+09     -0.990E+02     -0.990E+02
      0.105E-02      0.392E+01      0.389E+00      0.585E+09     -0.990E+02     -0.990E+02
      0.110E-02      0.392E+01      0.389E+00      0.585E+09     -0.990E+02     -0.990E+02
      0.115E-02      0.392E+01      0.389E+00      0.585E+09     -0.990E+02     -0.990E+02
      0.120E-02      0.392E+01      0.389E+00      0.585E+09     -0.990E+02     -0.990E+02
      0.126E-02      0.392E+01      0.389E+00      0.585E+09     -0.990E+02     -0.990E+02
      0.132E-02      0.392E+01      0.389E+00      0.585E+09     -0.990E+02     -0.990E+02
      0.138E-02      0.392E+01      0.389E+00      0.585E+09     -0.990E+02     -0.990E+02
      0.145E-02      0.392E+01      0.389E+00      0.585E+09     -0.990E+02     -0.990E+02
      0.151E-02      0.392E+01      0.389E+00      0.585E+09     -0.990E+02     -0.990E+02
      0.158E-02      0.392E+01      0.389E+00      0.585E+09     -0.990E+02     -0.990E+02
      0.166E-02      0.392E+01      0.389E+00      0.585E+09     -0.990E+02     -0.990E+02
      0.174E-02      0.392E+01      0.389E+00      0.585E+09     -0.990E+02     -0.990E+02
      0.182E-02      0.392E+01      0.389E+00      0.585E+09     -0.990E+02     -0.990E+02
      0.191E-02      0.392E+01      0.389E+00      0.585E+09     -0.990E+02     -0.990E+02
      0.200E-02      0.392E+01      0.389E+00      0.585E+09     -0.990E+02     -0.990E+02
      0.209E-02      0.392E+01      0.389E+00      0.585E+09     -0.990E+02     -0.990E+02
      0.219E-02      0.392E+01      0.389E+00      0.585E+09     -0.990E+02     -0.990E+02
      0.229E-02      0.392E+01      0.389E+00      0.585E+09     -0.990E+02     -0.990E+02
      0.240E-02      0.392E+01      0.389E+00      0.585E+09     -0.990E+02     -0.990E+02
      0.251E-02      0.392E+01      0.389E+00      0.585E+09     -0.990E+02     -0.990E+02
      0.263E-02      0.392E+01      0.389E+00      0.585E+09     -0.990E+02     -0.990E+02
      0.275E-02      0.392E+01      0.389E+00      0.585E+09     -0.990E+02     -0.990E+02
      0.288E-02      0.392E+01      0.389E+00      0.585E+09     -0.990E+02     -0.990E+02
      0.302E-02      0.392E+01      0.389E+00      0.585E+09     -0.990E+02     -0.990E+02
      0.316E-02      0.392E+01      0.389E+00      0.585E+09     -0.990E+02     -0.990E+02
      0.331E-02      0.392E+01      0.389E+00      0.585E+09     -0.990E+02     -0.990E+02
      0.347E-02      0.392E+01      0.389E+00      0.585E+09     -0.990E+02     -0.990E+02
      0.363E-02      0.392E+01      0.389E+00      0.585E+09     -0.990E+02     -0.990E+02
      0.380E-02      0.392E+01      0.389E+00      0.585E+09     -0.990E+02     -0.990E+02
      0.398E-02      0.392E+01      0.389E+00      0.585E+09     -0.990E+02     -0.990E+02
      0.417E-02      0.392E+01      0.389E+00      0.585E+09     -0.990E+02     -0.990E+02
      0.437E-02      0.392E+01      0.389E+00      0.585E+09     -0.990E+02     -0.990E+02
      0.457E-02      0.392E+01      0.389E+00      0.585E+09     -0.990E+02     -0.990E+02
      0.479E-02      0.392E+01      0.389E+00      0.585E+09     -0.990E+02     -0.990E+02
      0.501E-02      0.392E+01      0.389E+00      0.585E+09     -0.990E+02     -0.990E+02
      0.525E-02      0.392E+01      0.389E+00      0.585E+09     -0.990E+02     -0.990E+02
      0.550E-02      0.392E+01      0.389E+00      0.585E+09     -0.990E+02     -0.990E+02
      0.575E-02      0.392E+01      0.389E+00      0.585E+09     -0.990E+02     -0.990E+02
      0.603E-02      0.392E+01      0.389E+00      0.585E+09     -0.990E+02     -0.990E+02
      0.631E-02      0.392E+01      0.389E+00      0.585E+09     -0.990E+02     -0.990E+02
      0.661E-02      0.392E+01      0.389E+00      0.585E+09     -0.990E+02     -0.990E+02
      0.692E-02      0.392E+01      0.389E+00      0.585E+09     -0.990E+02     -0.990E+02
      0.724E-02      0.392E+01      0.389E+00      0.585E+09     -0.990E+02     -0.990E+02
      0.759E-02      0.392E+01      0.389E+00      0.585E+09     -0.990E+02     -0.990E+02
      0.794E-02      0.392E+01      0.389E+00      0.585E+09     -0.990E+02     -0.990E+02
      0.832E-02      0.392E+01      0.389E+00      0.585E+09     -0.990E+02     -0.990E+02
      0.871E-02      0.392E+01      0.389E+00      0.585E+09     -0.990E+02     -0.990E+02
      0.912E-02      0.392E+01      0.389E+00      0.585E+09     -0.990E+02     -0.990E+02
      0.955E-02      0.392E+01      0.389E+00      0.585E+09     -0.990E+02     -0.990E+02
      0.100E-01      0.392E+01      0.389E+00      0.585E+09     -0.129E+00      0.934E-01
      0.105E-01      0.572E+00      0.215E+00      0.545E+09     -0.129E+00      0.928E-01
      0.110E-01      0.571E+00      0.214E+00      0.545E+09     -0.129E+00      0.925E-01
      0.115E-01      0.570E+00      0.213E+00      0.545E+09     -0.129E+00      0.922E-01
      0.120E-01      0.571E+00      0.214E+00      0.545E+09     -0.129E+00      0.921E-01
      0.126E-01      0.573E+00      0.213E+00      0.544E+09     -0.129E+00      0.915E-01
      0.132E-01      0.578E+00      0.215E+00      0.544E+09     -0.129E+00      0.914E-01
      0.138E-01      0.578E+00      0.214E+00      0.544E+09     -0.129E+00      0.909E-01
      0.144E-01      0.575E+00      0.212E+00      0.544E+09     -0.129E+00      0.904E-01
      0.151E-01      0.578E+00      0.213E+00      0.543E+09     -0.129E+00      0.902E-01
      0.159E-01      0.581E+00      0.213E+00      0.543E+09     -0.129E+00      0.898E-01
      0.166E-01      0.584E+00      0.213E+00      0.542E+09     -0.128E+00      0.892E-01
      0.174E-01      0.585E+00      0.213E+00      0.542E+09     -0.129E+00      0.889E-01
      0.182E-01      0.589E+00      0.213E+00      0.542E+09     -0.128E+00      0.883E-01
      0.191E-01      0.592E+00      0.213E+00      0.541E+09     -0.128E+00      0.876E-01
      0.200E-01      0.590E+00      0.212E+00      0.541E+09     -0.128E+00      0.873E-01
      0.209E-01      0.593E+00      0.212E+00      0.540E+09     -0.128E+00      0.865E-01
      0.219E-01      0.595E+00      0.212E+00      0.540E+09     -0.128E+00      0.861E-01
      0.229E-01      0.599E+00      0.212E+00      0.539E+09     -0.128E+00      0.856E-01
      0.240E-01      0.601E+00      0.212E+00      0.539E+09     -0.128E+00      0.851E-01
      0.251E-01      0.605E+00      0.212E+00      0.538E+09     -0.128E+00      0.844E-01
      0.263E-01      0.608E+00      0.212E+00      0.538E+09     -0.128E+00      0.837E-01
      0.275E-01      0.610E+00      0.212E+00      0.537E+09     -0.128E+00      0.832E-01
      0.290E-01      0.613E+00      0.212E+00      0.536E+09     -0.128E+00      0.823E-01
      0.300E-01      0.618E+00      0.212E+00      0.536E+09     -0.128E+00      0.818E-01
      0.310E-01      0.619E+00      0.212E+00      0.535E+09     -0.127E+00      0.813E-01
      0.320E-01      0.622E+00      0.212E+00      0.535E+09     -0.127E+00      0.808E-01
      0.330E-01      0.623E+00      0.212E+00      0.534E+09     -0.128E+00      0.804E-01
      0.340E-01      0.625E+00      0.212E+00      0.534E+09     -0.127E+00      0.801E-01
      0.350E-01      0.627E+00      0.212E+00      0.533E+09     -0.127E+00      0.795E-01
      0.360E-01      0.631E+00      0.212E+00      0.533E+09     -0.127E+00      0.791E-01
      0.370E-01      0.632E+00      0.212E+00      0.532E+09     -0.127E+00      0.786E-01
      0.380E-01      0.635E+00      0.212E+00      0.532E+09     -0.127E+00      0.782E-01
      0.390E-01      0.636E+00      0.212E+00      0.531E+09     -0.127E+00      0.777E-01
      0.400E-01      0.639E+00      0.212E+00      0.531E+09     -0.127E+00      0.773E-01
      0.425E-01      0.646E+00      0.212E+00      0.530E+09     -0.127E+00      0.762E-01
      0.450E-01      0.653E+00      0.213E+00      0.528E+09     -0.127E+00      0.752E-01
      0.475E-01      0.658E+00      0.213E+00      0.527E+09     -0.127E+00      0.743E-01
      0.500E-01      0.664E+00      0.213E+00      0.526E+09     -0.126E+00      0.733E-01
      0.525E-01      0.670E+00      0.214E+00      0.525E+09     -0.126E+00      0.724E-01
      0.550E-01      0.676E+00      0.214E+00      0.523E+09     -0.126E+00      0.714E-01
      0.571E-01      0.682E+00      0.215E+00      0.522E+09     -0.126E+00      0.709E-01
      0.640E-01      0.697E+00      0.216E+00      0.520E+09     -0.126E+00      0.686E-01
      0.719E-01      0.716E+00      0.219E+00      0.515E+09     -0.125E+00      0.665E-01
      0.806E-01      0.738E+00      0.223E+00      0.511E+09     -0.125E+00      0.642E-01
      0.905E-01      0.760E+00      0.227E+00      0.506E+09     -0.124E+00      0.623E-01
      0.102E+00      0.788E+00      0.233E+00      0.499E+09     -0.124E+00      0.606E-01
      0.114E+00      0.818E+00      0.241E+00      0.492E+09     -0.123E+00      0.590E-01
      0.128E+00      0.841E+00      0.248E+00      0.484E+09     -0.123E+00      0.582E-01
      0.143E+00      0.813E+00      0.239E+00      0.475E+09     -0.125E+00      0.592E-01
      0.161E+00      0.781E+00      0.228E+00      0.465E+09     -0.127E+00      0.604E-01
      0.181E+00      0.746E+00      0.218E+00      0.454E+09     -0.130E+00      0.621E-01
      0.203E+00      0.706E+00      0.206E+00      0.442E+09     -0.133E+00      0.642E-01
      0.227E+00      0.661E+00      0.193E+00      0.430E+09     -0.137E+00      0.669E-01
      0.255E+00      0.611E+00      0.181E+00      0.418E+09     -0.142E+00      0.708E-01
      0.286E+00      0.555E+00      0.168E+00      0.405E+09     -0.148E+00      0.763E-01
      0.321E+00      0.491E+00      0.157E+00      0.392E+09     -0.158E+00      0.849E-01
      0.360E+00      0.421E+00      0.150E+00      0.379E+09     -0.172E+00      0.992E-01
      0.404E+00      0.390E+00      0.148E+00      0.367E+09     -0.184E+00      0.108E+00
      0.453E+00      0.385E+00      0.146E+00      0.354E+09     -0.194E+00      0.112E+00
      0.509E+00      0.379E+00      0.146E+00      0.340E+09     -0.205E+00      0.116E+00
      0.571E+00      0.372E+00      0.147E+00      0.325E+09     -0.218E+00      0.124E+00
      0.641E+00      0.367E+00      0.147E+00      0.308E+09     -0.231E+00      0.132E+00
      0.719E+00      0.369E+00      0.143E+00      0.290E+09     -0.242E+00      0.133E+00
      0.806E+00      0.371E+00      0.141E+00      0.269E+09     -0.254E+00      0.137E+00
      0.905E+00      0.363E+00      0.137E+00      0.246E+09     -0.257E+00      0.137E+00
      0.102E+01      0.323E+00      0.121E+00      0.221E+09     -0.229E+00      0.124E+00
      0.114E+01      0.281E+00      0.112E+00      0.196E+09     -0.193E+00      0.116E+00
      0.128E+01      0.263E+00      0.962E-01      0.172E+09     -0.195E+00      0.947E-01
      0.143E+01      0.265E+00      0.943E-01      0.147E+09     -0.334E+00      0.141E+00
      0.161E+01      0.309E+00      0.952E-01      0.119E+09     -0.663E+00      0.264E+00
      0.168E+01      0.275E+00      0.901E-01      0.957E+08     -0.669E+00      0.279E+00
      0.170E+01      0.261E+00      0.874E-01      0.880E+08     -0.659E+00      0.280E+00
      0.180E+01      0.191E+00      0.771E-01      0.782E+08     -0.597E+00      0.294E+00
      0.190E+01      0.136E+00      0.708E-01      0.664E+08     -0.496E+00      0.305E+00
      0.200E+01      0.124E+00      0.657E-01      0.580E+08     -0.439E+00      0.264E+00
      0.210E+01      0.112E+00      0.721E-01      0.503E+08     -0.370E+00      0.269E+00
      0.220E+01      0.103E+00      0.680E-01      0.434E+08     -0.300E+00      0.230E+00
      0.230E+01      0.935E-01      0.724E-01      0.371E+08     -0.224E+00      0.209E+00
      0.240E+01      0.864E-01      0.846E-01      0.313E+08     -0.179E+00      0.231E+00
      0.250E+01      0.857E-01      0.866E-01      0.260E+08     -0.278E+00      0.334E+00
      0.260E+01      0.850E-01      0.948E-01      0.208E+08     -0.378E+00      0.501E+00
      0.275E+01      0.602E-01      0.746E-01      0.144E+08     -0.364E+00      0.520E+00
      0.300E+01      0.289E-01      0.450E-01      0.710E+07     -0.293E+00      0.563E+00
      0.325E+01      0.148E-01      0.233E-01      0.277E+07     -0.344E+00      0.684E+00
      0.350E+01      0.373E-02      0.884E-02      0.568E+06     -0.387E+00      0.116E+01
      0.375E+01      0.114E-03      0.307E-03      0.166E+05     -0.968E+00      0.352E+01
      0.400E+01      0.471E-08      0.706E-05      0.681E+00     -0.117E+01      0.220E+04
      0.425E+01      0.597E-12      0.127E-07      0.863E-04     -0.145E+01      0.365E+05
      0.450E+01      0.175E-31      0.183E-18      0.257E-23     -0.194E+01       Infinity
      0.475E+01      0.000E+00      0.000E+00      0.000E+00     -0.990E+02     -0.990E+02
      0.500E+01      0.000E+00      0.000E+00      0.000E+00     -0.990E+02     -0.990E+02
      0.525E+01      0.000E+00      0.000E+00      0.000E+00     -0.990E+02     -0.990E+02
      0.550E+01      0.000E+00      0.000E+00      0.000E+00     -0.990E+02     -0.990E+02
      0.575E+01      0.000E+00      0.000E+00      0.000E+00     -0.990E+02     -0.990E+02
      0.600E+01      0.000E+00      0.000E+00      0.000E+00     -0.990E+02     -0.990E+02
      0.625E+01      0.000E+00      0.000E+00      0.000E+00     -0.990E+02     -0.990E+02
      0.650E+01      0.000E+00      0.000E+00      0.000E+00     -0.990E+02     -0.990E+02
      0.675E+01      0.000E+00      0.000E+00      0.000E+00     -0.990E+02     -0.990E+02
      0.700E+01      0.000E+00      0.000E+00      0.000E+00     -0.990E+02     -0.990E+02
      0.725E+01      0.000E+00      0.000E+00      0.000E+00     -0.990E+02     -0.990E+02
      0.750E+01      0.000E+00      0.000E+00      0.000E+00     -0.990E+02     -0.990E+02
      0.775E+01      0.000E+00      0.000E+00      0.000E+00     -0.990E+02     -0.990E+02
      0.800E+01      0.000E+00      0.000E+00      0.000E+00     -0.990E+02     -0.990E+02
      0.825E+01      0.000E+00      0.000E+00      0.000E+00     -0.990E+02     -0.990E+02
      0.850E+01      0.000E+00      0.000E+00      0.000E+00     -0.990E+02     -0.990E+02
      0.875E+01      0.000E+00      0.000E+00      0.000E+00     -0.990E+02     -0.990E+02
      0.900E+01      0.000E+00      0.000E+00      0.000E+00     -0.990E+02     -0.990E+02
      0.925E+01      0.000E+00      0.000E+00      0.000E+00     -0.990E+02     -0.990E+02
      0.950E+01      0.000E+00      0.000E+00      0.000E+00     -0.990E+02     -0.990E+02
      0.975E+01      0.000E+00      0.000E+00      0.000E+00     -0.990E+02     -0.990E+02
      0.100E+02      0.000E+00      0.000E+00      0.000E+00     -0.990E+02     -0.990E+02
      0.102E+02      0.000E+00      0.000E+00      0.000E+00     -0.990E+02     -0.990E+02
      0.105E+02      0.000E+00      0.000E+00      0.000E+00     -0.990E+02     -0.990E+02
      0.108E+02      0.000E+00      0.000E+00      0.000E+00     -0.990E+02     -0.990E+02
      0.110E+02      0.000E+00      0.000E+00      0.000E+00     -0.990E+02     -0.990E+02
      0.112E+02      0.000E+00      0.000E+00      0.000E+00     -0.990E+02     -0.990E+02
      0.115E+02      0.000E+00      0.000E+00      0.000E+00     -0.990E+02     -0.990E+02
      0.118E+02      0.000E+00      0.000E+00      0.000E+00     -0.990E+02     -0.990E+02
      0.120E+02      0.000E+00      0.000E+00      0.000E+00     -0.990E+02     -0.990E+02
      0.122E+02      0.000E+00      0.000E+00      0.000E+00     -0.990E+02     -0.990E+02
      0.125E+02      0.000E+00      0.000E+00      0.000E+00     -0.990E+02     -0.990E+02
      0.128E+02      0.000E+00      0.000E+00      0.000E+00     -0.990E+02     -0.990E+02
      0.130E+02      0.000E+00      0.000E+00      0.000E+00     -0.990E+02     -0.990E+02
      0.132E+02      0.000E+00      0.000E+00      0.000E+00     -0.990E+02     -0.990E+02
      0.135E+02      0.000E+00      0.000E+00      0.000E+00     -0.990E+02     -0.990E+02
      0.138E+02      0.000E+00      0.000E+00      0.000E+00     -0.990E+02     -0.990E+02
      0.140E+02      0.000E+00      0.000E+00      0.000E+00     -0.990E+02     -0.990E+02
      0.142E+02      0.000E+00      0.000E+00      0.000E+00     -0.990E+02     -0.990E+02
      0.145E+02      0.000E+00      0.000E+00      0.000E+00     -0.990E+02     -0.990E+02
      0.148E+02      0.000E+00      0.000E+00      0.000E+00     -0.990E+02     -0.990E+02
      0.150E+02      0.000E+00      0.000E+00      0.000E+00     -0.990E+02     -0.990E+02
      0.152E+02      0.000E+00      0.000E+00      0.000E+00     -0.990E+02     -0.990E+02
      0.155E+02      0.000E+00      0.000E+00      0.000E+00     -0.990E+02     -0.990E+02
      0.158E+02      0.000E+00      0.000E+00      0.000E+00     -0.990E+02     -0.990E+02
      0.160E+02      0.000E+00      0.000E+00      0.000E+00     -0.990E+02     -0.990E+02
      0.162E+02      0.000E+00      0.000E+00      0.000E+00     -0.990E+02     -0.990E+02
      0.165E+02      0.000E+00      0.000E+00      0.000E+00     -0.990E+02     -0.990E+02
      0.168E+02      0.000E+00      0.000E+00      0.000E+00     -0.990E+02     -0.990E+02
      0.170E+02      0.000E+00      0.000E+00      0.000E+00     -0.990E+02     -0.990E+02
      0.172E+02      0.000E+00      0.000E+00      0.000E+00     -0.990E+02     -0.990E+02
      0.175E+02      0.000E+00      0.000E+00      0.000E+00     -0.990E+02     -0.990E+02
      0.178E+02      0.000E+00      0.000E+00      0.000E+00     -0.990E+02     -0.990E+02
      0.180E+02      0.000E+00      0.000E+00      0.000E+00     -0.990E+02     -0.990E+02
      0.182E+02      0.000E+00      0.000E+00      0.000E+00     -0.990E+02     -0.990E+02
      0.185E+02      0.000E+00      0.000E+00      0.000E+00     -0.990E+02     -0.990E+02
      0.188E+02      0.000E+00      0.000E+00      0.000E+00     -0.990E+02     -0.990E+02
      0.190E+02      0.000E+00      0.000E+00      0.000E+00     -0.990E+02     -0.990E+02
      0.192E+02      0.000E+00      0.000E+00      0.000E+00     -0.990E+02     -0.990E+02
      0.195E+02      0.000E+00      0.000E+00      0.000E+00     -0.990E+02     -0.990E+02
      0.198E+02      0.000E+00      0.000E+00      0.000E+00     -0.990E+02     -0.990E+02
      0.200E+02      0.000E+00      0.000E+00      0.000E+00     -0.990E+02     -0.990E+02
