      0.000E+00      0.776E-01      0.118E-01      0.267E+09     -0.990E+02     -0.990E+02
      0.100E-03      0.776E-01      0.118E-01      0.267E+09     -0.990E+02     -0.990E+02
      0.140E-03      0.776E-01      0.118E-01      0.267E+09     -0.990E+02     -0.990E+02
      0.160E-03      0.776E-01      0.118E-01      0.267E+09     -0.990E+02     -0.990E+02
      0.180E-03      0.776E-01      0.118E-01      0.267E+09     -0.990E+02     -0.990E+02
      0.200E-03      0.776E-01      0.118E-01      0.267E+09     -0.990E+02     -0.990E+02
      0.220E-03      0.776E-01      0.118E-01      0.267E+09     -0.990E+02     -0.990E+02
      0.250E-03      0.776E-01      0.118E-01      0.267E+09     -0.990E+02     -0.990E+02
      0.280E-03      0.776E-01      0.118E-01      0.267E+09     -0.990E+02     -0.990E+02
      0.320E-03      0.776E-01      0.118E-01      0.267E+09     -0.990E+02     -0.990E+02
      0.350E-03      0.776E-01      0.118E-01      0.267E+09     -0.990E+02     -0.990E+02
      0.400E-03      0.776E-01      0.118E-01      0.267E+09     -0.990E+02     -0.990E+02
      0.450E-03      0.776E-01      0.118E-01      0.267E+09     -0.990E+02     -0.990E+02
      0.500E-03      0.776E-01      0.118E-01      0.267E+09     -0.990E+02     -0.990E+02
      0.560E-03      0.776E-01      0.118E-01      0.267E+09     -0.990E+02     -0.990E+02
      0.630E-03      0.776E-01      0.118E-01      0.267E+09     -0.990E+02     -0.990E+02
      0.710E-03      0.776E-01      0.118E-01      0.267E+09     -0.990E+02     -0.990E+02
      0.790E-03      0.776E-01      0.118E-01      0.267E+09     -0.990E+02     -0.990E+02
      0.890E-03      0.776E-01      0.118E-01      0.267E+09     -0.990E+02     -0.990E+02
      0.100E-02      0.776E-01      0.118E-01      0.267E+09     -0.990E+02     -0.990E+02
      0.105E-02      0.776E-01      0.118E-01      0.267E+09     -0.990E+02     -0.990E+02
      0.110E-02      0.776E-01      0.118E-01      0.267E+09     -0.990E+02     -0.990E+02
      0.115E-02      0.776E-01      0.118E-01      0.267E+09     -0.990E+02     -0.990E+02
      0.120E-02      0.776E-01      0.118E-01      0.267E+09     -0.990E+02     -0.990E+02
      0.126E-02      0.776E-01      0.118E-01      0.267E+09     -0.990E+02     -0.990E+02
      0.132E-02      0.776E-01      0.118E-01      0.267E+09     -0.990E+02     -0.990E+02
      0.138E-02      0.776E-01      0.118E-01      0.267E+09     -0.990E+02     -0.990E+02
      0.145E-02      0.776E-01      0.118E-01      0.267E+09     -0.990E+02     -0.990E+02
      0.151E-02      0.776E-01      0.118E-01      0.267E+09     -0.990E+02     -0.990E+02
      0.158E-02      0.776E-01      0.118E-01      0.267E+09     -0.990E+02     -0.990E+02
      0.166E-02      0.776E-01      0.118E-01      0.267E+09     -0.990E+02     -0.990E+02
      0.174E-02      0.776E-01      0.118E-01      0.267E+09     -0.990E+02     -0.990E+02
      0.182E-02      0.776E-01      0.118E-01      0.267E+09     -0.990E+02     -0.990E+02
      0.191E-02      0.776E-01      0.118E-01      0.267E+09     -0.990E+02     -0.990E+02
      0.200E-02      0.776E-01      0.118E-01      0.267E+09     -0.990E+02     -0.990E+02
      0.209E-02      0.776E-01      0.118E-01      0.267E+09     -0.990E+02     -0.990E+02
      0.219E-02      0.776E-01      0.118E-01      0.267E+09     -0.990E+02     -0.990E+02
      0.229E-02      0.776E-01      0.118E-01      0.267E+09     -0.990E+02     -0.990E+02
      0.240E-02      0.776E-01      0.118E-01      0.267E+09     -0.990E+02     -0.990E+02
      0.251E-02      0.776E-01      0.118E-01      0.267E+09     -0.990E+02     -0.990E+02
      0.263E-02      0.776E-01      0.118E-01      0.267E+09     -0.990E+02     -0.990E+02
      0.275E-02      0.776E-01      0.118E-01      0.267E+09     -0.990E+02     -0.990E+02
      0.288E-02      0.776E-01      0.118E-01      0.267E+09     -0.990E+02     -0.990E+02
      0.302E-02      0.776E-01      0.118E-01      0.267E+09     -0.990E+02     -0.990E+02
      0.316E-02      0.776E-01      0.118E-01      0.267E+09     -0.990E+02     -0.990E+02
      0.331E-02      0.776E-01      0.118E-01      0.267E+09     -0.990E+02     -0.990E+02
      0.347E-02      0.776E-01      0.118E-01      0.267E+09     -0.990E+02     -0.990E+02
      0.363E-02      0.776E-01      0.118E-01      0.267E+09     -0.990E+02     -0.990E+02
      0.380E-02      0.776E-01      0.118E-01      0.267E+09     -0.990E+02     -0.990E+02
      0.398E-02      0.776E-01      0.118E-01      0.267E+09     -0.990E+02     -0.990E+02
      0.417E-02      0.776E-01      0.118E-01      0.267E+09     -0.990E+02     -0.990E+02
      0.437E-02      0.776E-01      0.118E-01      0.267E+09     -0.990E+02     -0.990E+02
      0.457E-02      0.776E-01      0.118E-01      0.267E+09     -0.990E+02     -0.990E+02
      0.479E-02      0.776E-01      0.118E-01      0.267E+09     -0.990E+02     -0.990E+02
      0.501E-02      0.776E-01      0.118E-01      0.267E+09     -0.990E+02     -0.990E+02
      0.525E-02      0.776E-01      0.118E-01      0.267E+09     -0.990E+02     -0.990E+02
      0.550E-02      0.776E-01      0.118E-01      0.267E+09     -0.990E+02     -0.990E+02
      0.575E-02      0.776E-01      0.118E-01      0.267E+09     -0.990E+02     -0.990E+02
      0.603E-02      0.776E-01      0.118E-01      0.267E+09     -0.990E+02     -0.990E+02
      0.631E-02      0.776E-01      0.118E-01      0.267E+09     -0.990E+02     -0.990E+02
      0.661E-02      0.776E-01      0.118E-01      0.267E+09     -0.990E+02     -0.990E+02
      0.692E-02      0.776E-01      0.118E-01      0.267E+09     -0.990E+02     -0.990E+02
      0.724E-02      0.776E-01      0.118E-01      0.267E+09     -0.990E+02     -0.990E+02
      0.759E-02      0.776E-01      0.118E-01      0.267E+09     -0.990E+02     -0.990E+02
      0.794E-02      0.776E-01      0.118E-01      0.267E+09     -0.990E+02     -0.990E+02
      0.832E-02      0.776E-01      0.118E-01      0.267E+09     -0.990E+02     -0.990E+02
      0.871E-02      0.776E-01      0.118E-01      0.267E+09     -0.990E+02     -0.990E+02
      0.912E-02      0.776E-01      0.118E-01      0.267E+09     -0.990E+02     -0.990E+02
      0.955E-02      0.776E-01      0.118E-01      0.267E+09     -0.990E+02     -0.990E+02
      0.100E-01      0.776E-01      0.118E-01      0.267E+09     -0.923E+00      0.469E+00
      0.105E-01      0.518E-01      0.192E-01      0.266E+09     -0.922E+00      0.469E+00
      0.110E-01      0.516E-01      0.191E-01      0.266E+09     -0.922E+00      0.469E+00
      0.115E-01      0.514E-01      0.191E-01      0.266E+09     -0.922E+00      0.469E+00
      0.120E-01      0.513E-01      0.191E-01      0.266E+09     -0.922E+00      0.469E+00
      0.126E-01      0.514E-01      0.191E-01      0.266E+09     -0.922E+00      0.470E+00
      0.132E-01      0.517E-01      0.192E-01      0.266E+09     -0.922E+00      0.470E+00
      0.138E-01      0.515E-01      0.192E-01      0.266E+09     -0.922E+00      0.470E+00
      0.144E-01      0.512E-01      0.190E-01      0.266E+09     -0.922E+00      0.470E+00
      0.151E-01      0.513E-01      0.191E-01      0.266E+09     -0.922E+00      0.470E+00
      0.159E-01      0.514E-01      0.192E-01      0.266E+09     -0.922E+00      0.470E+00
      0.166E-01      0.514E-01      0.192E-01      0.266E+09     -0.922E+00      0.470E+00
      0.174E-01      0.515E-01      0.192E-01      0.266E+09     -0.922E+00      0.470E+00
      0.182E-01      0.516E-01      0.192E-01      0.266E+09     -0.922E+00      0.471E+00
      0.191E-01      0.516E-01      0.193E-01      0.266E+09     -0.922E+00      0.471E+00
      0.200E-01      0.513E-01      0.192E-01      0.266E+09     -0.922E+00      0.471E+00
      0.209E-01      0.513E-01      0.192E-01      0.265E+09     -0.922E+00      0.471E+00
      0.219E-01      0.512E-01      0.192E-01      0.265E+09     -0.921E+00      0.472E+00
      0.229E-01      0.513E-01      0.192E-01      0.265E+09     -0.921E+00      0.472E+00
      0.240E-01      0.514E-01      0.193E-01      0.265E+09     -0.921E+00      0.472E+00
      0.251E-01      0.515E-01      0.193E-01      0.265E+09     -0.921E+00      0.472E+00
      0.263E-01      0.514E-01      0.193E-01      0.265E+09     -0.921E+00      0.473E+00
      0.275E-01      0.512E-01      0.192E-01      0.265E+09     -0.921E+00      0.473E+00
      0.290E-01      0.513E-01      0.193E-01      0.265E+09     -0.921E+00      0.473E+00
      0.300E-01      0.513E-01      0.193E-01      0.265E+09     -0.921E+00      0.474E+00
      0.310E-01      0.513E-01      0.193E-01      0.265E+09     -0.921E+00      0.474E+00
      0.320E-01      0.513E-01      0.194E-01      0.265E+09     -0.921E+00      0.474E+00
      0.330E-01      0.513E-01      0.194E-01      0.265E+09     -0.921E+00      0.474E+00
      0.340E-01      0.513E-01      0.194E-01      0.265E+09     -0.920E+00      0.475E+00
      0.350E-01      0.511E-01      0.193E-01      0.265E+09     -0.920E+00      0.475E+00
      0.360E-01      0.511E-01      0.193E-01      0.265E+09     -0.920E+00      0.475E+00
      0.370E-01      0.511E-01      0.193E-01      0.265E+09     -0.920E+00      0.475E+00
      0.380E-01      0.511E-01      0.194E-01      0.265E+09     -0.920E+00      0.476E+00
      0.390E-01      0.511E-01      0.194E-01      0.265E+09     -0.920E+00      0.476E+00
      0.400E-01      0.511E-01      0.194E-01      0.265E+09     -0.920E+00      0.476E+00
      0.425E-01      0.511E-01      0.195E-01      0.265E+09     -0.920E+00      0.477E+00
      0.450E-01      0.511E-01      0.195E-01      0.264E+09     -0.920E+00      0.478E+00
      0.475E-01      0.510E-01      0.195E-01      0.264E+09     -0.919E+00      0.478E+00
      0.500E-01      0.510E-01      0.195E-01      0.264E+09     -0.919E+00      0.479E+00
      0.525E-01      0.510E-01      0.196E-01      0.264E+09     -0.919E+00      0.480E+00
      0.550E-01      0.510E-01      0.196E-01      0.264E+09     -0.919E+00      0.481E+00
      0.571E-01      0.510E-01      0.197E-01      0.264E+09     -0.919E+00      0.481E+00
      0.640E-01      0.508E-01      0.196E-01      0.264E+09     -0.918E+00      0.482E+00
      0.719E-01      0.506E-01      0.195E-01      0.264E+09     -0.918E+00      0.480E+00
      0.806E-01      0.503E-01      0.193E-01      0.263E+09     -0.918E+00      0.479E+00
      0.905E-01      0.501E-01      0.192E-01      0.263E+09     -0.918E+00      0.478E+00
      0.102E+00      0.500E-01      0.191E-01      0.262E+09     -0.918E+00      0.476E+00
      0.114E+00      0.496E-01      0.189E-01      0.262E+09     -0.918E+00      0.475E+00
      0.128E+00      0.495E-01      0.188E-01      0.261E+09     -0.918E+00      0.474E+00
      0.143E+00      0.491E-01      0.186E-01      0.261E+09     -0.918E+00      0.473E+00
      0.161E+00      0.486E-01      0.184E-01      0.260E+09     -0.918E+00      0.471E+00
      0.181E+00      0.484E-01      0.182E-01      0.260E+09     -0.918E+00      0.466E+00
      0.203E+00      0.481E-01      0.179E-01      0.259E+09     -0.917E+00      0.461E+00
      0.227E+00      0.480E-01      0.177E-01      0.258E+09     -0.916E+00      0.455E+00
      0.255E+00      0.478E-01      0.175E-01      0.257E+09     -0.915E+00      0.450E+00
      0.286E+00      0.475E-01      0.174E-01      0.256E+09     -0.913E+00      0.447E+00
      0.321E+00      0.472E-01      0.172E-01      0.255E+09     -0.912E+00      0.443E+00
      0.360E+00      0.467E-01      0.170E-01      0.254E+09     -0.909E+00      0.438E+00
      0.404E+00      0.460E-01      0.170E-01      0.253E+09     -0.905E+00      0.438E+00
      0.453E+00      0.449E-01      0.160E-01      0.251E+09     -0.905E+00      0.424E+00
      0.509E+00      0.436E-01      0.151E-01      0.250E+09     -0.906E+00      0.419E+00
      0.571E+00      0.426E-01      0.155E-01      0.248E+09     -0.908E+00      0.455E+00
      0.641E+00      0.439E-01      0.190E-01      0.246E+09     -0.915E+00      0.557E+00
      0.719E+00      0.451E-01      0.245E-01      0.244E+09     -0.921E+00      0.716E+00
      0.806E+00      0.458E-01      0.293E-01      0.241E+09     -0.927E+00      0.854E+00
      0.905E+00      0.421E-01      0.228E-01      0.238E+09     -0.918E+00      0.715E+00
      0.102E+01      0.467E-01      0.230E-01      0.236E+09     -0.913E+00      0.637E+00
      0.114E+01      0.534E-01      0.311E-01      0.232E+09     -0.920E+00      0.759E+00
      0.128E+01      0.420E-01      0.232E-01      0.228E+09     -0.917E+00      0.718E+00
      0.143E+01      0.247E-01      0.120E-01      0.224E+09     -0.892E+00      0.615E+00
      0.161E+01      0.165E+00      0.700E-01      0.221E+09     -0.105E+01      0.643E+00
      0.168E+01      0.228E+00      0.102E+00      0.209E+09     -0.106E+01      0.680E+00
      0.170E+01      0.244E+00      0.110E+00      0.202E+09     -0.106E+01      0.686E+00
      0.180E+01      0.170E+00      0.716E-01      0.193E+09     -0.106E+01      0.643E+00
      0.190E+01      0.955E-01      0.360E-01      0.183E+09     -0.105E+01      0.578E+00
      0.200E+01      0.599E-01      0.246E-01      0.177E+09     -0.105E+01      0.619E+00
      0.210E+01      0.602E-01      0.260E-01      0.173E+09     -0.107E+01      0.663E+00
      0.220E+01      0.626E-01      0.268E-01      0.170E+09     -0.108E+01      0.662E+00
      0.230E+01      0.745E-01      0.295E-01      0.166E+09     -0.108E+01      0.594E+00
      0.240E+01      0.878E-01      0.378E-01      0.162E+09     -0.107E+01      0.632E+00
      0.250E+01      0.777E-01      0.336E-01      0.156E+09     -0.108E+01      0.637E+00
      0.260E+01      0.569E-01      0.254E-01      0.152E+09     -0.110E+01      0.669E+00
      0.275E+01      0.367E-01      0.211E-01      0.148E+09     -0.112E+01      0.860E+00
      0.300E+01      0.290E-01      0.175E-01      0.143E+09     -0.107E+01      0.874E+00
      0.325E+01      0.229E-01      0.176E-01      0.139E+09     -0.100E+01      0.107E+01
      0.350E+01      0.208E-01      0.199E-01      0.136E+09     -0.982E+00      0.134E+01
      0.375E+01      0.367E-01      0.308E-01      0.133E+09     -0.916E+00      0.109E+01
      0.400E+01      0.716E-01      0.233E-01      0.127E+09     -0.926E+00      0.404E+00
      0.425E+01      0.125E+00      0.405E-01      0.117E+09     -0.107E+01      0.508E+00
      0.450E+01      0.130E+00      0.353E-01      0.991E+08     -0.117E+01      0.449E+00
      0.475E+01      0.772E-01      0.256E-01      0.806E+08     -0.126E+01      0.591E+00
      0.500E+01      0.713E-01      0.246E-01      0.696E+08     -0.116E+01      0.556E+00
      0.525E+01      0.325E-01      0.157E-01      0.595E+08     -0.117E+01      0.782E+00
      0.550E+01      0.346E-01      0.180E-01      0.549E+08     -0.121E+01      0.868E+00
      0.575E+01      0.342E-01      0.159E-01      0.500E+08     -0.125E+01      0.771E+00
      0.600E+01      0.435E-01      0.205E-01      0.452E+08     -0.118E+01      0.770E+00
      0.625E+01      0.745E-01      0.456E-01      0.391E+08     -0.118E+01      0.104E+01
      0.650E+01      0.588E-01      0.198E-01      0.286E+08     -0.131E+01      0.597E+00
      0.675E+01      0.657E-01      0.292E-01      0.204E+08     -0.146E+01      0.933E+00
      0.700E+01      0.383E-01      0.212E-01      0.111E+08     -0.166E+01      0.120E+01
      0.725E+01      0.988E-02      0.124E-01      0.570E+07     -0.136E+01      0.224E+01
      0.750E+01      0.103E-01      0.881E-02      0.432E+07     -0.142E+01      0.169E+01
      0.775E+01      0.958E-02      0.834E-02      0.287E+07     -0.156E+01      0.194E+01
      0.800E+01      0.801E-02      0.598E-02      0.152E+07     -0.178E+01      0.181E+01
      0.825E+01      0.264E-02      0.201E-02      0.392E+06     -0.309E+01      0.344E+01
      0.850E+01      0.171E-03      0.375E-03      0.235E+05     -0.390E+01      0.989E+01
      0.875E+01      0.290E-06      0.544E-04      0.470E+02     -0.182E+01      0.449E+03
      0.900E+01      0.437E-07      0.164E-04      0.681E+01     -0.139E+01      0.718E+03
      0.925E+01      0.529E-08      0.159E-05      0.742E+00     -0.223E+01      0.928E+03
      0.950E+01      0.000E+00      0.000E+00      0.000E+00     -0.990E+02     -0.990E+02
      0.975E+01      0.000E+00      0.000E+00      0.000E+00     -0.990E+02     -0.990E+02
      0.100E+02      0.000E+00      0.000E+00      0.000E+00     -0.990E+02     -0.990E+02
      0.102E+02      0.000E+00      0.000E+00      0.000E+00     -0.990E+02     -0.990E+02
      0.105E+02      0.000E+00      0.000E+00      0.000E+00     -0.990E+02     -0.990E+02
      0.108E+02      0.000E+00      0.000E+00      0.000E+00     -0.990E+02     -0.990E+02
      0.110E+02      0.000E+00      0.000E+00      0.000E+00     -0.990E+02     -0.990E+02
      0.112E+02      0.000E+00      0.000E+00      0.000E+00     -0.990E+02     -0.990E+02
      0.115E+02      0.000E+00      0.000E+00      0.000E+00     -0.990E+02     -0.990E+02
      0.118E+02      0.000E+00      0.000E+00      0.000E+00     -0.990E+02     -0.990E+02
      0.120E+02      0.000E+00      0.000E+00      0.000E+00     -0.990E+02     -0.990E+02
      0.122E+02      0.000E+00      0.000E+00      0.000E+00     -0.990E+02     -0.990E+02
      0.125E+02      0.000E+00      0.000E+00      0.000E+00     -0.990E+02     -0.990E+02
      0.128E+02      0.000E+00      0.000E+00      0.000E+00     -0.990E+02     -0.990E+02
      0.130E+02      0.000E+00      0.000E+00      0.000E+00     -0.990E+02     -0.990E+02
      0.132E+02      0.000E+00      0.000E+00      0.000E+00     -0.990E+02     -0.990E+02
      0.135E+02      0.000E+00      0.000E+00      0.000E+00     -0.990E+02     -0.990E+02
      0.138E+02      0.000E+00      0.000E+00      0.000E+00     -0.990E+02     -0.990E+02
      0.140E+02      0.000E+00      0.000E+00      0.000E+00     -0.990E+02     -0.990E+02
      0.142E+02      0.000E+00      0.000E+00      0.000E+00     -0.990E+02     -0.990E+02
      0.145E+02      0.000E+00      0.000E+00      0.000E+00     -0.990E+02     -0.990E+02
      0.148E+02      0.000E+00      0.000E+00      0.000E+00     -0.990E+02     -0.990E+02
      0.150E+02      0.000E+00      0.000E+00      0.000E+00     -0.990E+02     -0.990E+02
      0.152E+02      0.000E+00      0.000E+00      0.000E+00     -0.990E+02     -0.990E+02
      0.155E+02      0.000E+00      0.000E+00      0.000E+00     -0.990E+02     -0.990E+02
      0.158E+02      0.000E+00      0.000E+00      0.000E+00     -0.990E+02     -0.990E+02
      0.160E+02      0.000E+00      0.000E+00      0.000E+00     -0.990E+02     -0.990E+02
      0.162E+02      0.000E+00      0.000E+00      0.000E+00     -0.990E+02     -0.990E+02
      0.165E+02      0.000E+00      0.000E+00      0.000E+00     -0.990E+02     -0.990E+02
      0.168E+02      0.000E+00      0.000E+00      0.000E+00     -0.990E+02     -0.990E+02
      0.170E+02      0.000E+00      0.000E+00      0.000E+00     -0.990E+02     -0.990E+02
      0.172E+02      0.000E+00      0.000E+00      0.000E+00     -0.990E+02     -0.990E+02
      0.175E+02      0.000E+00      0.000E+00      0.000E+00     -0.990E+02     -0.990E+02
      0.178E+02      0.000E+00      0.000E+00      0.000E+00     -0.990E+02     -0.990E+02
      0.180E+02      0.000E+00      0.000E+00      0.000E+00     -0.990E+02     -0.990E+02
      0.182E+02      0.000E+00      0.000E+00      0.000E+00     -0.990E+02     -0.990E+02
      0.185E+02      0.000E+00      0.000E+00      0.000E+00     -0.990E+02     -0.990E+02
      0.188E+02      0.000E+00      0.000E+00      0.000E+00     -0.990E+02     -0.990E+02
      0.190E+02      0.000E+00      0.000E+00      0.000E+00     -0.990E+02     -0.990E+02
      0.192E+02      0.000E+00      0.000E+00      0.000E+00     -0.990E+02     -0.990E+02
      0.195E+02      0.000E+00      0.000E+00      0.000E+00     -0.990E+02     -0.990E+02
      0.198E+02      0.000E+00      0.000E+00      0.000E+00     -0.990E+02     -0.990E+02
      0.200E+02      0.000E+00      0.000E+00      0.000E+00     -0.990E+02     -0.990E+02
