      0.000E+00      0.444E+02      0.664E+01      0.517E+10     -0.990E+02     -0.990E+02
      0.100E-03      0.444E+02      0.664E+01      0.517E+10     -0.990E+02     -0.990E+02
      0.140E-03      0.444E+02      0.664E+01      0.517E+10     -0.990E+02     -0.990E+02
      0.160E-03      0.444E+02      0.664E+01      0.517E+10     -0.990E+02     -0.990E+02
      0.180E-03      0.444E+02      0.664E+01      0.517E+10     -0.990E+02     -0.990E+02
      0.200E-03      0.444E+02      0.664E+01      0.517E+10     -0.990E+02     -0.990E+02
      0.220E-03      0.444E+02      0.664E+01      0.517E+10     -0.990E+02     -0.990E+02
      0.250E-03      0.444E+02      0.664E+01      0.517E+10     -0.990E+02     -0.990E+02
      0.280E-03      0.444E+02      0.664E+01      0.517E+10     -0.990E+02     -0.990E+02
      0.320E-03      0.444E+02      0.664E+01      0.517E+10     -0.990E+02     -0.990E+02
      0.350E-03      0.444E+02      0.664E+01      0.517E+10     -0.990E+02     -0.990E+02
      0.400E-03      0.444E+02      0.664E+01      0.517E+10     -0.990E+02     -0.990E+02
      0.450E-03      0.444E+02      0.664E+01      0.517E+10     -0.990E+02     -0.990E+02
      0.500E-03      0.444E+02      0.664E+01      0.517E+10     -0.990E+02     -0.990E+02
      0.560E-03      0.444E+02      0.664E+01      0.517E+10     -0.990E+02     -0.990E+02
      0.630E-03      0.444E+02      0.664E+01      0.517E+10     -0.990E+02     -0.990E+02
      0.710E-03      0.444E+02      0.664E+01      0.517E+10     -0.990E+02     -0.990E+02
      0.790E-03      0.444E+02      0.664E+01      0.517E+10     -0.990E+02     -0.990E+02
      0.890E-03      0.444E+02      0.664E+01      0.517E+10     -0.990E+02     -0.990E+02
      0.100E-02      0.444E+02      0.664E+01      0.517E+10     -0.990E+02     -0.990E+02
      0.105E-02      0.444E+02      0.664E+01      0.517E+10     -0.990E+02     -0.990E+02
      0.110E-02      0.444E+02      0.664E+01      0.517E+10     -0.990E+02     -0.990E+02
      0.115E-02      0.444E+02      0.664E+01      0.517E+10     -0.990E+02     -0.990E+02
      0.120E-02      0.444E+02      0.664E+01      0.517E+10     -0.990E+02     -0.990E+02
      0.126E-02      0.444E+02      0.664E+01      0.517E+10     -0.990E+02     -0.990E+02
      0.132E-02      0.444E+02      0.664E+01      0.517E+10     -0.990E+02     -0.990E+02
      0.138E-02      0.444E+02      0.664E+01      0.517E+10     -0.990E+02     -0.990E+02
      0.145E-02      0.444E+02      0.664E+01      0.517E+10     -0.990E+02     -0.990E+02
      0.151E-02      0.444E+02      0.664E+01      0.517E+10     -0.990E+02     -0.990E+02
      0.158E-02      0.444E+02      0.664E+01      0.517E+10     -0.990E+02     -0.990E+02
      0.166E-02      0.444E+02      0.664E+01      0.517E+10     -0.990E+02     -0.990E+02
      0.174E-02      0.444E+02      0.664E+01      0.517E+10     -0.990E+02     -0.990E+02
      0.182E-02      0.444E+02      0.664E+01      0.517E+10     -0.990E+02     -0.990E+02
      0.191E-02      0.444E+02      0.664E+01      0.517E+10     -0.990E+02     -0.990E+02
      0.200E-02      0.444E+02      0.664E+01      0.517E+10     -0.990E+02     -0.990E+02
      0.209E-02      0.444E+02      0.664E+01      0.517E+10     -0.990E+02     -0.990E+02
      0.219E-02      0.444E+02      0.664E+01      0.517E+10     -0.990E+02     -0.990E+02
      0.229E-02      0.444E+02      0.664E+01      0.517E+10     -0.990E+02     -0.990E+02
      0.240E-02      0.444E+02      0.664E+01      0.517E+10     -0.990E+02     -0.990E+02
      0.251E-02      0.444E+02      0.664E+01      0.517E+10     -0.990E+02     -0.990E+02
      0.263E-02      0.444E+02      0.664E+01      0.517E+10     -0.990E+02     -0.990E+02
      0.275E-02      0.444E+02      0.664E+01      0.517E+10     -0.990E+02     -0.990E+02
      0.288E-02      0.444E+02      0.664E+01      0.517E+10     -0.990E+02     -0.990E+02
      0.302E-02      0.444E+02      0.664E+01      0.517E+10     -0.990E+02     -0.990E+02
      0.316E-02      0.444E+02      0.664E+01      0.517E+10     -0.990E+02     -0.990E+02
      0.331E-02      0.444E+02      0.664E+01      0.517E+10     -0.990E+02     -0.990E+02
      0.347E-02      0.444E+02      0.664E+01      0.517E+10     -0.990E+02     -0.990E+02
      0.363E-02      0.444E+02      0.664E+01      0.517E+10     -0.990E+02     -0.990E+02
      0.380E-02      0.444E+02      0.664E+01      0.517E+10     -0.990E+02     -0.990E+02
      0.398E-02      0.444E+02      0.664E+01      0.517E+10     -0.990E+02     -0.990E+02
      0.417E-02      0.444E+02      0.664E+01      0.517E+10     -0.990E+02     -0.990E+02
      0.437E-02      0.444E+02      0.664E+01      0.517E+10     -0.990E+02     -0.990E+02
      0.457E-02      0.444E+02      0.664E+01      0.517E+10     -0.990E+02     -0.990E+02
      0.479E-02      0.444E+02      0.664E+01      0.517E+10     -0.990E+02     -0.990E+02
      0.501E-02      0.444E+02      0.664E+01      0.517E+10     -0.990E+02     -0.990E+02
      0.525E-02      0.444E+02      0.664E+01      0.517E+10     -0.990E+02     -0.990E+02
      0.550E-02      0.444E+02      0.664E+01      0.517E+10     -0.990E+02     -0.990E+02
      0.575E-02      0.444E+02      0.664E+01      0.517E+10     -0.990E+02     -0.990E+02
      0.603E-02      0.444E+02      0.664E+01      0.517E+10     -0.990E+02     -0.990E+02
      0.631E-02      0.444E+02      0.664E+01      0.517E+10     -0.990E+02     -0.990E+02
      0.661E-02      0.444E+02      0.664E+01      0.517E+10     -0.990E+02     -0.990E+02
      0.692E-02      0.444E+02      0.664E+01      0.517E+10     -0.990E+02     -0.990E+02
      0.724E-02      0.444E+02      0.664E+01      0.517E+10     -0.990E+02     -0.990E+02
      0.759E-02      0.444E+02      0.664E+01      0.517E+10     -0.990E+02     -0.990E+02
      0.794E-02      0.444E+02      0.664E+01      0.517E+10     -0.990E+02     -0.990E+02
      0.832E-02      0.444E+02      0.664E+01      0.517E+10     -0.990E+02     -0.990E+02
      0.871E-02      0.444E+02      0.664E+01      0.517E+10     -0.990E+02     -0.990E+02
      0.912E-02      0.444E+02      0.664E+01      0.517E+10     -0.990E+02     -0.990E+02
      0.955E-02      0.444E+02      0.664E+01      0.517E+10     -0.990E+02     -0.990E+02
      0.100E-01      0.444E+02      0.664E+01      0.517E+10     -0.758E+00      0.393E+00
      0.105E-01      0.761E+01      0.307E+01      0.472E+10     -0.758E+00      0.393E+00
      0.110E-01      0.757E+01      0.306E+01      0.472E+10     -0.758E+00      0.393E+00
      0.115E-01      0.756E+01      0.305E+01      0.472E+10     -0.758E+00      0.393E+00
      0.120E-01      0.755E+01      0.305E+01      0.471E+10     -0.759E+00      0.393E+00
      0.126E-01      0.756E+01      0.305E+01      0.471E+10     -0.759E+00      0.393E+00
      0.132E-01      0.760E+01      0.306E+01      0.471E+10     -0.759E+00      0.392E+00
      0.138E-01      0.757E+01      0.305E+01      0.470E+10     -0.759E+00      0.392E+00
      0.144E-01      0.752E+01      0.303E+01      0.470E+10     -0.760E+00      0.392E+00
      0.151E-01      0.753E+01      0.303E+01      0.469E+10     -0.760E+00      0.392E+00
      0.159E-01      0.756E+01      0.304E+01      0.469E+10     -0.760E+00      0.392E+00
      0.166E-01      0.755E+01      0.304E+01      0.468E+10     -0.761E+00      0.392E+00
      0.174E-01      0.756E+01      0.304E+01      0.468E+10     -0.761E+00      0.392E+00
      0.182E-01      0.759E+01      0.305E+01      0.467E+10     -0.761E+00      0.391E+00
      0.191E-01      0.758E+01      0.304E+01      0.467E+10     -0.762E+00      0.391E+00
      0.200E-01      0.755E+01      0.303E+01      0.466E+10     -0.762E+00      0.391E+00
      0.209E-01      0.754E+01      0.302E+01      0.466E+10     -0.762E+00      0.391E+00
      0.219E-01      0.754E+01      0.302E+01      0.465E+10     -0.763E+00      0.391E+00
      0.229E-01      0.755E+01      0.302E+01      0.464E+10     -0.763E+00      0.391E+00
      0.240E-01      0.756E+01      0.302E+01      0.464E+10     -0.764E+00      0.390E+00
      0.251E-01      0.758E+01      0.303E+01      0.463E+10     -0.764E+00      0.390E+00
      0.263E-01      0.756E+01      0.302E+01      0.462E+10     -0.764E+00      0.390E+00
      0.275E-01      0.755E+01      0.301E+01      0.462E+10     -0.765E+00      0.390E+00
      0.290E-01      0.755E+01      0.301E+01      0.461E+10     -0.766E+00      0.390E+00
      0.300E-01      0.756E+01      0.301E+01      0.460E+10     -0.766E+00      0.389E+00
      0.310E-01      0.755E+01      0.300E+01      0.459E+10     -0.766E+00      0.389E+00
      0.320E-01      0.755E+01      0.300E+01      0.459E+10     -0.767E+00      0.389E+00
      0.330E-01      0.755E+01      0.300E+01      0.458E+10     -0.767E+00      0.389E+00
      0.340E-01      0.755E+01      0.300E+01      0.457E+10     -0.767E+00      0.389E+00
      0.350E-01      0.754E+01      0.300E+01      0.457E+10     -0.768E+00      0.389E+00
      0.360E-01      0.755E+01      0.300E+01      0.456E+10     -0.768E+00      0.389E+00
      0.370E-01      0.755E+01      0.299E+01      0.456E+10     -0.769E+00      0.389E+00
      0.380E-01      0.755E+01      0.299E+01      0.455E+10     -0.769E+00      0.388E+00
      0.390E-01      0.755E+01      0.299E+01      0.454E+10     -0.769E+00      0.388E+00
      0.400E-01      0.755E+01      0.299E+01      0.454E+10     -0.770E+00      0.388E+00
      0.425E-01      0.755E+01      0.298E+01      0.453E+10     -0.771E+00      0.388E+00
      0.450E-01      0.755E+01      0.298E+01      0.451E+10     -0.772E+00      0.388E+00
      0.475E-01      0.754E+01      0.297E+01      0.450E+10     -0.773E+00      0.387E+00
      0.500E-01      0.754E+01      0.297E+01      0.448E+10     -0.774E+00      0.388E+00
      0.525E-01      0.754E+01      0.296E+01      0.447E+10     -0.775E+00      0.387E+00
      0.550E-01      0.753E+01      0.296E+01      0.445E+10     -0.776E+00      0.387E+00
      0.571E-01      0.754E+01      0.296E+01      0.444E+10     -0.777E+00      0.387E+00
      0.640E-01      0.753E+01      0.295E+01      0.441E+10     -0.780E+00      0.387E+00
      0.719E-01      0.753E+01      0.293E+01      0.437E+10     -0.783E+00      0.386E+00
      0.806E-01      0.750E+01      0.287E+01      0.432E+10     -0.787E+00      0.382E+00
      0.905E-01      0.749E+01      0.281E+01      0.427E+10     -0.792E+00      0.378E+00
      0.102E+00      0.746E+01      0.275E+01      0.421E+10     -0.798E+00      0.373E+00
      0.114E+00      0.744E+01      0.268E+01      0.414E+10     -0.804E+00      0.368E+00
      0.128E+00      0.741E+01      0.260E+01      0.407E+10     -0.811E+00      0.363E+00
      0.143E+00      0.737E+01      0.252E+01      0.398E+10     -0.819E+00      0.358E+00
      0.161E+00      0.734E+01      0.243E+01      0.389E+10     -0.828E+00      0.352E+00
      0.181E+00      0.730E+01      0.235E+01      0.379E+10     -0.838E+00      0.347E+00
      0.203E+00      0.726E+01      0.227E+01      0.368E+10     -0.849E+00      0.343E+00
      0.227E+00      0.722E+01      0.219E+01      0.356E+10     -0.861E+00      0.339E+00
      0.255E+00      0.715E+01      0.212E+01      0.342E+10     -0.875E+00      0.338E+00
      0.286E+00      0.702E+01      0.198E+01      0.328E+10     -0.877E+00      0.322E+00
      0.321E+00      0.684E+01      0.184E+01      0.311E+10     -0.877E+00      0.307E+00
      0.360E+00      0.667E+01      0.172E+01      0.294E+10     -0.872E+00      0.292E+00
      0.404E+00      0.651E+01      0.161E+01      0.274E+10     -0.867E+00      0.281E+00
      0.453E+00      0.632E+01      0.153E+01      0.254E+10     -0.861E+00      0.275E+00
      0.509E+00      0.611E+01      0.148E+01      0.231E+10     -0.857E+00      0.278E+00
      0.571E+00      0.613E+01      0.143E+01      0.207E+10     -0.951E+00      0.304E+00
      0.641E+00      0.614E+01      0.150E+01      0.180E+10     -0.106E+01      0.375E+00
      0.719E+00      0.616E+01      0.182E+01      0.149E+10     -0.118E+01      0.511E+00
      0.806E+00      0.578E+01      0.160E+01      0.115E+10     -0.129E+01      0.498E+00
      0.905E+00      0.494E+01      0.117E+01      0.800E+09     -0.145E+01      0.461E+00
      0.102E+01      0.392E+01      0.168E+01      0.463E+09     -0.169E+01      0.968E+00
      0.114E+01      0.191E+01      0.840E+00      0.167E+09     -0.169E+01      0.983E+00
      0.128E+01      0.341E-01      0.178E+00      0.697E+07     -0.352E+00      0.264E+01
      0.143E+01      0.178E-01      0.113E+00      0.373E+07     -0.332E+00      0.314E+01
      0.161E+01      0.908E-02      0.825E-01      0.186E+07     -0.311E+00      0.496E+01
      0.168E+01      0.653E-02      0.625E-01      0.115E+07     -0.323E+00      0.512E+01
      0.170E+01      0.606E-02      0.572E-01      0.962E+06     -0.325E+00      0.501E+01
      0.180E+01      0.443E-02      0.305E-01      0.734E+06     -0.316E+00      0.416E+01
      0.190E+01      0.357E-02      0.153E-01      0.456E+06     -0.312E+00      0.315E+01
      0.200E+01      0.252E-02      0.785E-02      0.234E+06     -0.290E+00      0.205E+01
      0.210E+01      0.117E-02      0.439E-02      0.780E+05     -0.264E+00      0.183E+01
      0.220E+01      0.526E-04      0.261E-02      0.584E+04     -0.929E+00      0.527E+02
      0.230E+01      0.290E-04      0.282E-02      0.265E+04     -0.102E+01      0.118E+03
      0.240E+01      0.125E-04      0.173E-02      0.903E+03     -0.935E+00      0.159E+03
      0.250E+01      0.250E-05      0.601E-03      0.150E+03     -0.729E+00      0.237E+03
      0.260E+01      0.109E-09      0.445E-05      0.950E-02     -0.174E+01      0.723E+05
      0.275E+01      0.117E-10      0.171E-06      0.137E-02     -0.346E+01      0.523E+05
      0.300E+01      0.000E+00      0.368E-27      0.000E+00     -0.380E+01            NaN
      0.325E+01      0.000E+00      0.000E+00      0.000E+00     -0.990E+02     -0.990E+02
      0.350E+01      0.000E+00      0.000E+00      0.000E+00     -0.990E+02     -0.990E+02
      0.375E+01      0.000E+00      0.000E+00      0.000E+00     -0.990E+02     -0.990E+02
      0.400E+01      0.000E+00      0.000E+00      0.000E+00     -0.990E+02     -0.990E+02
      0.425E+01      0.000E+00      0.000E+00      0.000E+00     -0.990E+02     -0.990E+02
      0.450E+01      0.000E+00      0.000E+00      0.000E+00     -0.990E+02     -0.990E+02
      0.475E+01      0.000E+00      0.000E+00      0.000E+00     -0.990E+02     -0.990E+02
      0.500E+01      0.000E+00      0.000E+00      0.000E+00     -0.990E+02     -0.990E+02
      0.525E+01      0.000E+00      0.000E+00      0.000E+00     -0.990E+02     -0.990E+02
      0.550E+01      0.000E+00      0.000E+00      0.000E+00     -0.990E+02     -0.990E+02
      0.575E+01      0.000E+00      0.000E+00      0.000E+00     -0.990E+02     -0.990E+02
      0.600E+01      0.000E+00      0.000E+00      0.000E+00     -0.990E+02     -0.990E+02
      0.625E+01      0.000E+00      0.000E+00      0.000E+00     -0.990E+02     -0.990E+02
      0.650E+01      0.000E+00      0.000E+00      0.000E+00     -0.990E+02     -0.990E+02
      0.675E+01      0.000E+00      0.000E+00      0.000E+00     -0.990E+02     -0.990E+02
      0.700E+01      0.000E+00      0.000E+00      0.000E+00     -0.990E+02     -0.990E+02
      0.725E+01      0.000E+00      0.000E+00      0.000E+00     -0.990E+02     -0.990E+02
      0.750E+01      0.000E+00      0.000E+00      0.000E+00     -0.990E+02     -0.990E+02
      0.775E+01      0.000E+00      0.000E+00      0.000E+00     -0.990E+02     -0.990E+02
      0.800E+01      0.000E+00      0.000E+00      0.000E+00     -0.990E+02     -0.990E+02
      0.825E+01      0.000E+00      0.000E+00      0.000E+00     -0.990E+02     -0.990E+02
      0.850E+01      0.000E+00      0.000E+00      0.000E+00     -0.990E+02     -0.990E+02
      0.875E+01      0.000E+00      0.000E+00      0.000E+00     -0.990E+02     -0.990E+02
      0.900E+01      0.000E+00      0.000E+00      0.000E+00     -0.990E+02     -0.990E+02
      0.925E+01      0.000E+00      0.000E+00      0.000E+00     -0.990E+02     -0.990E+02
      0.950E+01      0.000E+00      0.000E+00      0.000E+00     -0.990E+02     -0.990E+02
      0.975E+01      0.000E+00      0.000E+00      0.000E+00     -0.990E+02     -0.990E+02
      0.100E+02      0.000E+00      0.000E+00      0.000E+00     -0.990E+02     -0.990E+02
      0.102E+02      0.000E+00      0.000E+00      0.000E+00     -0.990E+02     -0.990E+02
      0.105E+02      0.000E+00      0.000E+00      0.000E+00     -0.990E+02     -0.990E+02
      0.108E+02      0.000E+00      0.000E+00      0.000E+00     -0.990E+02     -0.990E+02
      0.110E+02      0.000E+00      0.000E+00      0.000E+00     -0.990E+02     -0.990E+02
      0.112E+02      0.000E+00      0.000E+00      0.000E+00     -0.990E+02     -0.990E+02
      0.115E+02      0.000E+00      0.000E+00      0.000E+00     -0.990E+02     -0.990E+02
      0.118E+02      0.000E+00      0.000E+00      0.000E+00     -0.990E+02     -0.990E+02
      0.120E+02      0.000E+00      0.000E+00      0.000E+00     -0.990E+02     -0.990E+02
      0.122E+02      0.000E+00      0.000E+00      0.000E+00     -0.990E+02     -0.990E+02
      0.125E+02      0.000E+00      0.000E+00      0.000E+00     -0.990E+02     -0.990E+02
      0.128E+02      0.000E+00      0.000E+00      0.000E+00     -0.990E+02     -0.990E+02
      0.130E+02      0.000E+00      0.000E+00      0.000E+00     -0.990E+02     -0.990E+02
      0.132E+02      0.000E+00      0.000E+00      0.000E+00     -0.990E+02     -0.990E+02
      0.135E+02      0.000E+00      0.000E+00      0.000E+00     -0.990E+02     -0.990E+02
      0.138E+02      0.000E+00      0.000E+00      0.000E+00     -0.990E+02     -0.990E+02
      0.140E+02      0.000E+00      0.000E+00      0.000E+00     -0.990E+02     -0.990E+02
      0.142E+02      0.000E+00      0.000E+00      0.000E+00     -0.990E+02     -0.990E+02
      0.145E+02      0.000E+00      0.000E+00      0.000E+00     -0.990E+02     -0.990E+02
      0.148E+02      0.000E+00      0.000E+00      0.000E+00     -0.990E+02     -0.990E+02
      0.150E+02      0.000E+00      0.000E+00      0.000E+00     -0.990E+02     -0.990E+02
      0.152E+02      0.000E+00      0.000E+00      0.000E+00     -0.990E+02     -0.990E+02
      0.155E+02      0.000E+00      0.000E+00      0.000E+00     -0.990E+02     -0.990E+02
      0.158E+02      0.000E+00      0.000E+00      0.000E+00     -0.990E+02     -0.990E+02
      0.160E+02      0.000E+00      0.000E+00      0.000E+00     -0.990E+02     -0.990E+02
      0.162E+02      0.000E+00      0.000E+00      0.000E+00     -0.990E+02     -0.990E+02
      0.165E+02      0.000E+00      0.000E+00      0.000E+00     -0.990E+02     -0.990E+02
      0.168E+02      0.000E+00      0.000E+00      0.000E+00     -0.990E+02     -0.990E+02
      0.170E+02      0.000E+00      0.000E+00      0.000E+00     -0.990E+02     -0.990E+02
      0.172E+02      0.000E+00      0.000E+00      0.000E+00     -0.990E+02     -0.990E+02
      0.175E+02      0.000E+00      0.000E+00      0.000E+00     -0.990E+02     -0.990E+02
      0.178E+02      0.000E+00      0.000E+00      0.000E+00     -0.990E+02     -0.990E+02
      0.180E+02      0.000E+00      0.000E+00      0.000E+00     -0.990E+02     -0.990E+02
      0.182E+02      0.000E+00      0.000E+00      0.000E+00     -0.990E+02     -0.990E+02
      0.185E+02      0.000E+00      0.000E+00      0.000E+00     -0.990E+02     -0.990E+02
      0.188E+02      0.000E+00      0.000E+00      0.000E+00     -0.990E+02     -0.990E+02
      0.190E+02      0.000E+00      0.000E+00      0.000E+00     -0.990E+02     -0.990E+02
      0.192E+02      0.000E+00      0.000E+00      0.000E+00     -0.990E+02     -0.990E+02
      0.195E+02      0.000E+00      0.000E+00      0.000E+00     -0.990E+02     -0.990E+02
      0.198E+02      0.000E+00      0.000E+00      0.000E+00     -0.990E+02     -0.990E+02
      0.200E+02      0.000E+00      0.000E+00      0.000E+00     -0.990E+02     -0.990E+02
