      0.000E+00      0.621E-01      0.187E-02      0.439E+09     -0.990E+02     -0.990E+02
      0.100E-03      0.621E-01      0.187E-02      0.439E+09     -0.990E+02     -0.990E+02
      0.140E-03      0.621E-01      0.187E-02      0.439E+09     -0.990E+02     -0.990E+02
      0.160E-03      0.621E-01      0.187E-02      0.439E+09     -0.990E+02     -0.990E+02
      0.180E-03      0.621E-01      0.187E-02      0.439E+09     -0.990E+02     -0.990E+02
      0.200E-03      0.621E-01      0.187E-02      0.439E+09     -0.990E+02     -0.990E+02
      0.220E-03      0.621E-01      0.187E-02      0.439E+09     -0.990E+02     -0.990E+02
      0.250E-03      0.621E-01      0.187E-02      0.439E+09     -0.990E+02     -0.990E+02
      0.280E-03      0.621E-01      0.187E-02      0.439E+09     -0.990E+02     -0.990E+02
      0.320E-03      0.621E-01      0.187E-02      0.439E+09     -0.990E+02     -0.990E+02
      0.350E-03      0.621E-01      0.187E-02      0.439E+09     -0.990E+02     -0.990E+02
      0.400E-03      0.621E-01      0.187E-02      0.439E+09     -0.990E+02     -0.990E+02
      0.450E-03      0.621E-01      0.187E-02      0.439E+09     -0.990E+02     -0.990E+02
      0.500E-03      0.621E-01      0.187E-02      0.439E+09     -0.990E+02     -0.990E+02
      0.560E-03      0.621E-01      0.187E-02      0.439E+09     -0.990E+02     -0.990E+02
      0.630E-03      0.621E-01      0.187E-02      0.439E+09     -0.990E+02     -0.990E+02
      0.710E-03      0.621E-01      0.187E-02      0.439E+09     -0.990E+02     -0.990E+02
      0.790E-03      0.621E-01      0.187E-02      0.439E+09     -0.990E+02     -0.990E+02
      0.890E-03      0.621E-01      0.187E-02      0.439E+09     -0.990E+02     -0.990E+02
      0.100E-02      0.621E-01      0.187E-02      0.439E+09     -0.990E+02     -0.990E+02
      0.105E-02      0.621E-01      0.187E-02      0.439E+09     -0.990E+02     -0.990E+02
      0.110E-02      0.621E-01      0.187E-02      0.439E+09     -0.990E+02     -0.990E+02
      0.115E-02      0.621E-01      0.187E-02      0.439E+09     -0.990E+02     -0.990E+02
      0.120E-02      0.621E-01      0.187E-02      0.439E+09     -0.990E+02     -0.990E+02
      0.126E-02      0.621E-01      0.187E-02      0.439E+09     -0.990E+02     -0.990E+02
      0.132E-02      0.621E-01      0.187E-02      0.439E+09     -0.990E+02     -0.990E+02
      0.138E-02      0.621E-01      0.187E-02      0.439E+09     -0.990E+02     -0.990E+02
      0.145E-02      0.621E-01      0.187E-02      0.439E+09     -0.990E+02     -0.990E+02
      0.151E-02      0.621E-01      0.187E-02      0.439E+09     -0.990E+02     -0.990E+02
      0.158E-02      0.621E-01      0.187E-02      0.439E+09     -0.990E+02     -0.990E+02
      0.166E-02      0.621E-01      0.187E-02      0.439E+09     -0.990E+02     -0.990E+02
      0.174E-02      0.621E-01      0.187E-02      0.439E+09     -0.990E+02     -0.990E+02
      0.182E-02      0.621E-01      0.187E-02      0.439E+09     -0.990E+02     -0.990E+02
      0.191E-02      0.621E-01      0.187E-02      0.439E+09     -0.990E+02     -0.990E+02
      0.200E-02      0.621E-01      0.187E-02      0.439E+09     -0.990E+02     -0.990E+02
      0.209E-02      0.621E-01      0.187E-02      0.439E+09     -0.990E+02     -0.990E+02
      0.219E-02      0.621E-01      0.187E-02      0.439E+09     -0.990E+02     -0.990E+02
      0.229E-02      0.621E-01      0.187E-02      0.439E+09     -0.990E+02     -0.990E+02
      0.240E-02      0.621E-01      0.187E-02      0.439E+09     -0.990E+02     -0.990E+02
      0.251E-02      0.621E-01      0.187E-02      0.439E+09     -0.990E+02     -0.990E+02
      0.263E-02      0.621E-01      0.187E-02      0.439E+09     -0.990E+02     -0.990E+02
      0.275E-02      0.621E-01      0.187E-02      0.439E+09     -0.990E+02     -0.990E+02
      0.288E-02      0.621E-01      0.187E-02      0.439E+09     -0.990E+02     -0.990E+02
      0.302E-02      0.621E-01      0.187E-02      0.439E+09     -0.990E+02     -0.990E+02
      0.316E-02      0.621E-01      0.187E-02      0.439E+09     -0.990E+02     -0.990E+02
      0.331E-02      0.621E-01      0.187E-02      0.439E+09     -0.990E+02     -0.990E+02
      0.347E-02      0.621E-01      0.187E-02      0.439E+09     -0.990E+02     -0.990E+02
      0.363E-02      0.621E-01      0.187E-02      0.439E+09     -0.990E+02     -0.990E+02
      0.380E-02      0.621E-01      0.187E-02      0.439E+09     -0.990E+02     -0.990E+02
      0.398E-02      0.621E-01      0.187E-02      0.439E+09     -0.990E+02     -0.990E+02
      0.417E-02      0.621E-01      0.187E-02      0.439E+09     -0.990E+02     -0.990E+02
      0.437E-02      0.621E-01      0.187E-02      0.439E+09     -0.990E+02     -0.990E+02
      0.457E-02      0.621E-01      0.187E-02      0.439E+09     -0.990E+02     -0.990E+02
      0.479E-02      0.621E-01      0.187E-02      0.439E+09     -0.990E+02     -0.990E+02
      0.501E-02      0.621E-01      0.187E-02      0.439E+09     -0.990E+02     -0.990E+02
      0.525E-02      0.621E-01      0.187E-02      0.439E+09     -0.990E+02     -0.990E+02
      0.550E-02      0.621E-01      0.187E-02      0.439E+09     -0.990E+02     -0.990E+02
      0.575E-02      0.621E-01      0.187E-02      0.439E+09     -0.990E+02     -0.990E+02
      0.603E-02      0.621E-01      0.187E-02      0.439E+09     -0.990E+02     -0.990E+02
      0.631E-02      0.621E-01      0.187E-02      0.439E+09     -0.990E+02     -0.990E+02
      0.661E-02      0.621E-01      0.187E-02      0.439E+09     -0.990E+02     -0.990E+02
      0.692E-02      0.621E-01      0.187E-02      0.439E+09     -0.990E+02     -0.990E+02
      0.724E-02      0.621E-01      0.187E-02      0.439E+09     -0.990E+02     -0.990E+02
      0.759E-02      0.621E-01      0.187E-02      0.439E+09     -0.990E+02     -0.990E+02
      0.794E-02      0.621E-01      0.187E-02      0.439E+09     -0.990E+02     -0.990E+02
      0.832E-02      0.621E-01      0.187E-02      0.439E+09     -0.990E+02     -0.990E+02
      0.871E-02      0.621E-01      0.187E-02      0.439E+09     -0.990E+02     -0.990E+02
      0.912E-02      0.621E-01      0.187E-02      0.439E+09     -0.990E+02     -0.990E+02
      0.955E-02      0.621E-01      0.187E-02      0.439E+09     -0.990E+02     -0.990E+02
      0.100E-01      0.621E-01      0.187E-02      0.439E+09      0.726E-01      0.412E-01
      0.105E-01      0.458E+00      0.662E-01      0.438E+09      0.725E-01      0.411E-01
      0.110E-01      0.457E+00      0.660E-01      0.438E+09      0.723E-01      0.410E-01
      0.115E-01      0.456E+00      0.659E-01      0.438E+09      0.720E-01      0.411E-01
      0.120E-01      0.455E+00      0.658E-01      0.437E+09      0.718E-01      0.411E-01
      0.126E-01      0.457E+00      0.659E-01      0.437E+09      0.715E-01      0.411E-01
      0.132E-01      0.459E+00      0.663E-01      0.437E+09      0.713E-01      0.411E-01
      0.138E-01      0.459E+00      0.662E-01      0.437E+09      0.710E-01      0.410E-01
      0.144E-01      0.456E+00      0.657E-01      0.436E+09      0.707E-01      0.411E-01
      0.151E-01      0.457E+00      0.658E-01      0.436E+09      0.704E-01      0.411E-01
      0.159E-01      0.460E+00      0.661E-01      0.436E+09      0.701E-01      0.411E-01
      0.166E-01      0.459E+00      0.661E-01      0.436E+09      0.698E-01      0.412E-01
      0.174E-01      0.461E+00      0.662E-01      0.435E+09      0.694E-01      0.412E-01
      0.182E-01      0.463E+00      0.664E-01      0.435E+09      0.691E-01      0.411E-01
      0.191E-01      0.464E+00      0.665E-01      0.435E+09      0.687E-01      0.412E-01
      0.200E-01      0.463E+00      0.662E-01      0.434E+09      0.684E-01      0.411E-01
      0.209E-01      0.462E+00      0.661E-01      0.434E+09      0.680E-01      0.411E-01
      0.219E-01      0.463E+00      0.663E-01      0.434E+09      0.675E-01      0.412E-01
      0.229E-01      0.465E+00      0.664E-01      0.433E+09      0.671E-01      0.411E-01
      0.240E-01      0.466E+00      0.665E-01      0.433E+09      0.666E-01      0.412E-01
      0.251E-01      0.468E+00      0.665E-01      0.432E+09      0.664E-01      0.410E-01
      0.263E-01      0.469E+00      0.663E-01      0.432E+09      0.660E-01      0.408E-01
      0.275E-01      0.468E+00      0.660E-01      0.431E+09      0.653E-01      0.406E-01
      0.290E-01      0.469E+00      0.660E-01      0.431E+09      0.648E-01      0.404E-01
      0.300E-01      0.471E+00      0.659E-01      0.430E+09      0.645E-01      0.402E-01
      0.310E-01      0.471E+00      0.658E-01      0.430E+09      0.642E-01      0.401E-01
      0.320E-01      0.472E+00      0.658E-01      0.430E+09      0.638E-01      0.399E-01
      0.330E-01      0.474E+00      0.656E-01      0.429E+09      0.635E-01      0.397E-01
      0.340E-01      0.474E+00      0.656E-01      0.429E+09      0.631E-01      0.397E-01
      0.350E-01      0.475E+00      0.655E-01      0.428E+09      0.628E-01      0.395E-01
      0.360E-01      0.475E+00      0.654E-01      0.428E+09      0.624E-01      0.393E-01
      0.370E-01      0.476E+00      0.653E-01      0.428E+09      0.620E-01      0.391E-01
      0.380E-01      0.477E+00      0.652E-01      0.427E+09      0.617E-01      0.390E-01
      0.390E-01      0.477E+00      0.651E-01      0.427E+09      0.614E-01      0.389E-01
      0.400E-01      0.479E+00      0.651E-01      0.427E+09      0.612E-01      0.387E-01
      0.425E-01      0.480E+00      0.649E-01      0.426E+09      0.602E-01      0.384E-01
      0.450E-01      0.483E+00      0.647E-01      0.425E+09      0.593E-01      0.380E-01
      0.475E-01      0.484E+00      0.645E-01      0.424E+09      0.584E-01      0.377E-01
      0.500E-01      0.486E+00      0.642E-01      0.423E+09      0.577E-01      0.373E-01
      0.525E-01      0.488E+00      0.639E-01      0.422E+09      0.568E-01      0.369E-01
      0.550E-01      0.490E+00      0.636E-01      0.421E+09      0.560E-01      0.365E-01
      0.571E-01      0.492E+00      0.634E-01      0.420E+09      0.554E-01      0.362E-01
      0.640E-01      0.498E+00      0.625E-01      0.418E+09      0.532E-01      0.350E-01
      0.719E-01      0.503E+00      0.614E-01      0.415E+09      0.508E-01      0.337E-01
      0.806E-01      0.509E+00      0.602E-01      0.412E+09      0.482E-01      0.322E-01
      0.905E-01      0.517E+00      0.590E-01      0.409E+09      0.452E-01      0.306E-01
      0.102E+00      0.525E+00      0.576E-01      0.404E+09      0.422E-01      0.289E-01
      0.114E+00      0.535E+00      0.563E-01      0.400E+09      0.387E-01      0.271E-01
      0.128E+00      0.545E+00      0.548E-01      0.394E+09      0.351E-01      0.252E-01
      0.143E+00      0.557E+00      0.534E-01      0.388E+09      0.312E-01      0.232E-01
      0.161E+00      0.570E+00      0.521E-01      0.381E+09      0.270E-01      0.211E-01
      0.181E+00      0.585E+00      0.509E-01      0.373E+09      0.224E-01      0.190E-01
      0.203E+00      0.546E+00      0.473E-01      0.364E+09      0.221E-01      0.185E-01
      0.227E+00      0.502E+00      0.434E-01      0.355E+09      0.217E-01      0.181E-01
      0.255E+00      0.452E+00      0.391E-01      0.345E+09      0.212E-01      0.182E-01
      0.286E+00      0.397E+00      0.349E-01      0.336E+09      0.201E-01      0.194E-01
      0.321E+00      0.335E+00      0.310E-01      0.326E+09      0.175E-01      0.218E-01
      0.360E+00      0.267E+00      0.277E-01      0.318E+09      0.132E-01      0.266E-01
      0.404E+00      0.191E+00      0.251E-01      0.310E+09      0.490E-02      0.364E-01
      0.453E+00      0.135E+00      0.239E-01      0.304E+09     -0.325E-02      0.495E-01
      0.509E+00      0.113E+00      0.230E-01      0.299E+09      0.396E-03      0.479E-01
      0.571E+00      0.889E-01      0.220E-01      0.294E+09      0.641E-02      0.470E-01
      0.641E+00      0.613E-01      0.197E-01      0.290E+09      0.181E-01      0.519E-01
      0.719E+00      0.453E-01      0.179E-01      0.287E+09      0.325E-01      0.588E-01
      0.806E+00      0.455E-01      0.169E-01      0.284E+09      0.349E-01      0.519E-01
      0.905E+00      0.462E-01      0.177E-01      0.282E+09      0.370E-01      0.546E-01
      0.102E+01      0.555E-01      0.200E-01      0.278E+09      0.423E-01      0.583E-01
      0.114E+01      0.698E-01      0.215E-01      0.274E+09      0.434E-01      0.529E-01
      0.128E+01      0.587E-01      0.265E-01      0.268E+09      0.330E-01      0.773E-01
      0.143E+01      0.346E-01      0.305E-01      0.262E+09     -0.111E-01      0.178E+00
      0.161E+01      0.837E-01      0.282E-01      0.259E+09     -0.611E-02      0.956E-01
      0.168E+01      0.103E+00      0.285E-01      0.252E+09     -0.537E-02      0.913E-01
      0.170E+01      0.105E+00      0.289E-01      0.249E+09     -0.491E-02      0.941E-01
      0.180E+01      0.113E+00      0.310E-01      0.245E+09     -0.442E-02      0.104E+00
      0.190E+01      0.119E+00      0.302E-01      0.238E+09     -0.324E-02      0.986E-01
      0.200E+01      0.117E+00      0.320E-01      0.231E+09      0.311E-02      0.101E+00
      0.210E+01      0.112E+00      0.298E-01      0.223E+09      0.170E-01      0.102E+00
      0.220E+01      0.106E+00      0.287E-01      0.216E+09      0.303E-01      0.101E+00
      0.230E+01      0.105E+00      0.291E-01      0.210E+09      0.310E-01      0.977E-01
      0.240E+01      0.106E+00      0.274E-01      0.203E+09      0.299E-01      0.937E-01
      0.250E+01      0.134E+00      0.268E-01      0.197E+09      0.200E-01      0.713E-01
      0.260E+01      0.176E+00      0.248E-01      0.188E+09      0.118E-01      0.464E-01
      0.275E+01      0.189E+00      0.234E-01      0.175E+09      0.445E-02      0.303E-01
      0.300E+01      0.132E+00      0.320E-01      0.152E+09      0.883E-03      0.483E-01
      0.325E+01      0.113E+00      0.230E-01      0.132E+09      0.308E-01      0.406E-01
      0.350E+01      0.119E+00      0.193E-01      0.115E+09      0.306E-01      0.409E-01
      0.375E+01      0.128E+00      0.146E-01      0.971E+08      0.103E-01      0.213E-01
      0.400E+01      0.130E+00      0.184E-01      0.780E+08     -0.155E-01      0.191E-01
      0.425E+01      0.973E-01      0.165E-01      0.587E+08     -0.586E-01      0.420E-01
      0.450E+01      0.121E+00      0.181E-01      0.443E+08     -0.108E+00      0.812E-01
      0.475E+01      0.160E+00      0.114E-01      0.266E+08     -0.161E+00      0.303E-01
      0.500E+01      0.199E-01      0.482E-02      0.328E+07     -0.104E+01      0.264E+00
      0.525E+01      0.135E-02      0.450E-02      0.447E+06     -0.396E+00      0.171E+01
      0.550E+01      0.159E-02      0.473E-02      0.253E+06     -0.114E+01      0.468E+01
      0.575E+01      0.188E-03      0.791E-03      0.270E+05     -0.109E+01      0.559E+01
      0.600E+01      0.225E-05      0.116E-03      0.320E+03     -0.575E+00      0.395E+02
      0.625E+01      0.774E-09      0.201E-05      0.113E+00     -0.518E+00      0.242E+04
      0.650E+01      0.211E-10      0.325E-06      0.310E-02     -0.126E+01      0.260E+05
      0.675E+01      0.980E-12      0.184E-07      0.138E-03     -0.141E+01      0.358E+05
      0.700E+01      0.000E+00      0.000E+00      0.000E+00     -0.990E+02     -0.990E+02
      0.725E+01      0.000E+00      0.000E+00      0.000E+00     -0.990E+02     -0.990E+02
      0.750E+01      0.000E+00      0.000E+00      0.000E+00     -0.990E+02     -0.990E+02
      0.775E+01      0.000E+00      0.000E+00      0.000E+00     -0.990E+02     -0.990E+02
      0.800E+01      0.000E+00      0.000E+00      0.000E+00     -0.990E+02     -0.990E+02
      0.825E+01      0.000E+00      0.000E+00      0.000E+00     -0.990E+02     -0.990E+02
      0.850E+01      0.000E+00      0.000E+00      0.000E+00     -0.990E+02     -0.990E+02
      0.875E+01      0.000E+00      0.000E+00      0.000E+00     -0.990E+02     -0.990E+02
      0.900E+01      0.000E+00      0.000E+00      0.000E+00     -0.990E+02     -0.990E+02
      0.925E+01      0.000E+00      0.000E+00      0.000E+00     -0.990E+02     -0.990E+02
      0.950E+01      0.000E+00      0.000E+00      0.000E+00     -0.990E+02     -0.990E+02
      0.975E+01      0.000E+00      0.000E+00      0.000E+00     -0.990E+02     -0.990E+02
      0.100E+02      0.000E+00      0.000E+00      0.000E+00     -0.990E+02     -0.990E+02
      0.102E+02      0.000E+00      0.000E+00      0.000E+00     -0.990E+02     -0.990E+02
      0.105E+02      0.000E+00      0.000E+00      0.000E+00     -0.990E+02     -0.990E+02
      0.108E+02      0.000E+00      0.000E+00      0.000E+00     -0.990E+02     -0.990E+02
      0.110E+02      0.000E+00      0.000E+00      0.000E+00     -0.990E+02     -0.990E+02
      0.112E+02      0.000E+00      0.000E+00      0.000E+00     -0.990E+02     -0.990E+02
      0.115E+02      0.000E+00      0.000E+00      0.000E+00     -0.990E+02     -0.990E+02
      0.118E+02      0.000E+00      0.000E+00      0.000E+00     -0.990E+02     -0.990E+02
      0.120E+02      0.000E+00      0.000E+00      0.000E+00     -0.990E+02     -0.990E+02
      0.122E+02      0.000E+00      0.000E+00      0.000E+00     -0.990E+02     -0.990E+02
      0.125E+02      0.000E+00      0.000E+00      0.000E+00     -0.990E+02     -0.990E+02
      0.128E+02      0.000E+00      0.000E+00      0.000E+00     -0.990E+02     -0.990E+02
      0.130E+02      0.000E+00      0.000E+00      0.000E+00     -0.990E+02     -0.990E+02
      0.132E+02      0.000E+00      0.000E+00      0.000E+00     -0.990E+02     -0.990E+02
      0.135E+02      0.000E+00      0.000E+00      0.000E+00     -0.990E+02     -0.990E+02
      0.138E+02      0.000E+00      0.000E+00      0.000E+00     -0.990E+02     -0.990E+02
      0.140E+02      0.000E+00      0.000E+00      0.000E+00     -0.990E+02     -0.990E+02
      0.142E+02      0.000E+00      0.000E+00      0.000E+00     -0.990E+02     -0.990E+02
      0.145E+02      0.000E+00      0.000E+00      0.000E+00     -0.990E+02     -0.990E+02
      0.148E+02      0.000E+00      0.000E+00      0.000E+00     -0.990E+02     -0.990E+02
      0.150E+02      0.000E+00      0.000E+00      0.000E+00     -0.990E+02     -0.990E+02
      0.152E+02      0.000E+00      0.000E+00      0.000E+00     -0.990E+02     -0.990E+02
      0.155E+02      0.000E+00      0.000E+00      0.000E+00     -0.990E+02     -0.990E+02
      0.158E+02      0.000E+00      0.000E+00      0.000E+00     -0.990E+02     -0.990E+02
      0.160E+02      0.000E+00      0.000E+00      0.000E+00     -0.990E+02     -0.990E+02
      0.162E+02      0.000E+00      0.000E+00      0.000E+00     -0.990E+02     -0.990E+02
      0.165E+02      0.000E+00      0.000E+00      0.000E+00     -0.990E+02     -0.990E+02
      0.168E+02      0.000E+00      0.000E+00      0.000E+00     -0.990E+02     -0.990E+02
      0.170E+02      0.000E+00      0.000E+00      0.000E+00     -0.990E+02     -0.990E+02
      0.172E+02      0.000E+00      0.000E+00      0.000E+00     -0.990E+02     -0.990E+02
      0.175E+02      0.000E+00      0.000E+00      0.000E+00     -0.990E+02     -0.990E+02
      0.178E+02      0.000E+00      0.000E+00      0.000E+00     -0.990E+02     -0.990E+02
      0.180E+02      0.000E+00      0.000E+00      0.000E+00     -0.990E+02     -0.990E+02
      0.182E+02      0.000E+00      0.000E+00      0.000E+00     -0.990E+02     -0.990E+02
      0.185E+02      0.000E+00      0.000E+00      0.000E+00     -0.990E+02     -0.990E+02
      0.188E+02      0.000E+00      0.000E+00      0.000E+00     -0.990E+02     -0.990E+02
      0.190E+02      0.000E+00      0.000E+00      0.000E+00     -0.990E+02     -0.990E+02
      0.192E+02      0.000E+00      0.000E+00      0.000E+00     -0.990E+02     -0.990E+02
      0.195E+02      0.000E+00      0.000E+00      0.000E+00     -0.990E+02     -0.990E+02
      0.198E+02      0.000E+00      0.000E+00      0.000E+00     -0.990E+02     -0.990E+02
      0.200E+02      0.000E+00      0.000E+00      0.000E+00     -0.990E+02     -0.990E+02
