      0.000E+00      0.636E+00      0.296E+00      0.755E+09     -0.990E+02     -0.990E+02
      0.100E-03      0.636E+00      0.296E+00      0.755E+09     -0.990E+02     -0.990E+02
      0.140E-03      0.636E+00      0.296E+00      0.755E+09     -0.990E+02     -0.990E+02
      0.160E-03      0.636E+00      0.296E+00      0.755E+09     -0.990E+02     -0.990E+02
      0.180E-03      0.636E+00      0.296E+00      0.755E+09     -0.990E+02     -0.990E+02
      0.200E-03      0.636E+00      0.296E+00      0.755E+09     -0.990E+02     -0.990E+02
      0.220E-03      0.636E+00      0.296E+00      0.755E+09     -0.990E+02     -0.990E+02
      0.250E-03      0.636E+00      0.296E+00      0.755E+09     -0.990E+02     -0.990E+02
      0.280E-03      0.636E+00      0.296E+00      0.755E+09     -0.990E+02     -0.990E+02
      0.320E-03      0.636E+00      0.296E+00      0.755E+09     -0.990E+02     -0.990E+02
      0.350E-03      0.636E+00      0.296E+00      0.755E+09     -0.990E+02     -0.990E+02
      0.400E-03      0.636E+00      0.296E+00      0.755E+09     -0.990E+02     -0.990E+02
      0.450E-03      0.636E+00      0.296E+00      0.755E+09     -0.990E+02     -0.990E+02
      0.500E-03      0.636E+00      0.296E+00      0.755E+09     -0.990E+02     -0.990E+02
      0.560E-03      0.636E+00      0.296E+00      0.755E+09     -0.990E+02     -0.990E+02
      0.630E-03      0.636E+00      0.296E+00      0.755E+09     -0.990E+02     -0.990E+02
      0.710E-03      0.636E+00      0.296E+00      0.755E+09     -0.990E+02     -0.990E+02
      0.790E-03      0.636E+00      0.296E+00      0.755E+09     -0.990E+02     -0.990E+02
      0.890E-03      0.636E+00      0.296E+00      0.755E+09     -0.990E+02     -0.990E+02
      0.100E-02      0.636E+00      0.296E+00      0.755E+09     -0.990E+02     -0.990E+02
      0.105E-02      0.636E+00      0.296E+00      0.755E+09     -0.990E+02     -0.990E+02
      0.110E-02      0.636E+00      0.296E+00      0.755E+09     -0.990E+02     -0.990E+02
      0.115E-02      0.636E+00      0.296E+00      0.755E+09     -0.990E+02     -0.990E+02
      0.120E-02      0.636E+00      0.296E+00      0.755E+09     -0.990E+02     -0.990E+02
      0.126E-02      0.636E+00      0.296E+00      0.755E+09     -0.990E+02     -0.990E+02
      0.132E-02      0.636E+00      0.296E+00      0.755E+09     -0.990E+02     -0.990E+02
      0.138E-02      0.636E+00      0.296E+00      0.755E+09     -0.990E+02     -0.990E+02
      0.145E-02      0.636E+00      0.296E+00      0.755E+09     -0.990E+02     -0.990E+02
      0.151E-02      0.636E+00      0.296E+00      0.755E+09     -0.990E+02     -0.990E+02
      0.158E-02      0.636E+00      0.296E+00      0.755E+09     -0.990E+02     -0.990E+02
      0.166E-02      0.636E+00      0.296E+00      0.755E+09     -0.990E+02     -0.990E+02
      0.174E-02      0.636E+00      0.296E+00      0.755E+09     -0.990E+02     -0.990E+02
      0.182E-02      0.636E+00      0.296E+00      0.755E+09     -0.990E+02     -0.990E+02
      0.191E-02      0.636E+00      0.296E+00      0.755E+09     -0.990E+02     -0.990E+02
      0.200E-02      0.636E+00      0.296E+00      0.755E+09     -0.990E+02     -0.990E+02
      0.209E-02      0.636E+00      0.296E+00      0.755E+09     -0.990E+02     -0.990E+02
      0.219E-02      0.636E+00      0.296E+00      0.755E+09     -0.990E+02     -0.990E+02
      0.229E-02      0.636E+00      0.296E+00      0.755E+09     -0.990E+02     -0.990E+02
      0.240E-02      0.636E+00      0.296E+00      0.755E+09     -0.990E+02     -0.990E+02
      0.251E-02      0.636E+00      0.296E+00      0.755E+09     -0.990E+02     -0.990E+02
      0.263E-02      0.636E+00      0.296E+00      0.755E+09     -0.990E+02     -0.990E+02
      0.275E-02      0.636E+00      0.296E+00      0.755E+09     -0.990E+02     -0.990E+02
      0.288E-02      0.636E+00      0.296E+00      0.755E+09     -0.990E+02     -0.990E+02
      0.302E-02      0.636E+00      0.296E+00      0.755E+09     -0.990E+02     -0.990E+02
      0.316E-02      0.636E+00      0.296E+00      0.755E+09     -0.990E+02     -0.990E+02
      0.331E-02      0.636E+00      0.296E+00      0.755E+09     -0.990E+02     -0.990E+02
      0.347E-02      0.636E+00      0.296E+00      0.755E+09     -0.990E+02     -0.990E+02
      0.363E-02      0.636E+00      0.296E+00      0.755E+09     -0.990E+02     -0.990E+02
      0.380E-02      0.636E+00      0.296E+00      0.755E+09     -0.990E+02     -0.990E+02
      0.398E-02      0.636E+00      0.296E+00      0.755E+09     -0.990E+02     -0.990E+02
      0.417E-02      0.636E+00      0.296E+00      0.755E+09     -0.990E+02     -0.990E+02
      0.437E-02      0.636E+00      0.296E+00      0.755E+09     -0.990E+02     -0.990E+02
      0.457E-02      0.636E+00      0.296E+00      0.755E+09     -0.990E+02     -0.990E+02
      0.479E-02      0.636E+00      0.296E+00      0.755E+09     -0.990E+02     -0.990E+02
      0.501E-02      0.636E+00      0.296E+00      0.755E+09     -0.990E+02     -0.990E+02
      0.525E-02      0.636E+00      0.296E+00      0.755E+09     -0.990E+02     -0.990E+02
      0.550E-02      0.636E+00      0.296E+00      0.755E+09     -0.990E+02     -0.990E+02
      0.575E-02      0.636E+00      0.296E+00      0.755E+09     -0.990E+02     -0.990E+02
      0.603E-02      0.636E+00      0.296E+00      0.755E+09     -0.990E+02     -0.990E+02
      0.631E-02      0.636E+00      0.296E+00      0.755E+09     -0.990E+02     -0.990E+02
      0.661E-02      0.636E+00      0.296E+00      0.755E+09     -0.990E+02     -0.990E+02
      0.692E-02      0.636E+00      0.296E+00      0.755E+09     -0.990E+02     -0.990E+02
      0.724E-02      0.636E+00      0.296E+00      0.755E+09     -0.990E+02     -0.990E+02
      0.759E-02      0.636E+00      0.296E+00      0.755E+09     -0.990E+02     -0.990E+02
      0.794E-02      0.636E+00      0.296E+00      0.755E+09     -0.990E+02     -0.990E+02
      0.832E-02      0.636E+00      0.296E+00      0.755E+09     -0.990E+02     -0.990E+02
      0.871E-02      0.636E+00      0.296E+00      0.755E+09     -0.990E+02     -0.990E+02
      0.912E-02      0.636E+00      0.296E+00      0.755E+09     -0.990E+02     -0.990E+02
      0.955E-02      0.636E+00      0.296E+00      0.755E+09     -0.990E+02     -0.990E+02
      0.100E-01      0.636E+00      0.296E+00      0.755E+09     -0.852E+00      0.536E+00
      0.105E-01      0.561E+00      0.247E+00      0.749E+09     -0.852E+00      0.536E+00
      0.110E-01      0.559E+00      0.246E+00      0.749E+09     -0.852E+00      0.536E+00
      0.115E-01      0.557E+00      0.245E+00      0.748E+09     -0.852E+00      0.536E+00
      0.120E-01      0.557E+00      0.245E+00      0.748E+09     -0.853E+00      0.537E+00
      0.126E-01      0.559E+00      0.246E+00      0.748E+09     -0.853E+00      0.537E+00
      0.132E-01      0.562E+00      0.248E+00      0.747E+09     -0.853E+00      0.537E+00
      0.138E-01      0.561E+00      0.247E+00      0.747E+09     -0.853E+00      0.538E+00
      0.144E-01      0.557E+00      0.245E+00      0.747E+09     -0.853E+00      0.537E+00
      0.151E-01      0.558E+00      0.245E+00      0.747E+09     -0.853E+00      0.537E+00
      0.159E-01      0.561E+00      0.247E+00      0.746E+09     -0.854E+00      0.538E+00
      0.166E-01      0.561E+00      0.247E+00      0.746E+09     -0.854E+00      0.537E+00
      0.174E-01      0.562E+00      0.247E+00      0.745E+09     -0.854E+00      0.538E+00
      0.182E-01      0.564E+00      0.248E+00      0.745E+09     -0.855E+00      0.538E+00
      0.191E-01      0.564E+00      0.248E+00      0.745E+09     -0.855E+00      0.538E+00
      0.200E-01      0.562E+00      0.247E+00      0.744E+09     -0.855E+00      0.538E+00
      0.209E-01      0.561E+00      0.247E+00      0.744E+09     -0.855E+00      0.538E+00
      0.219E-01      0.563E+00      0.248E+00      0.743E+09     -0.856E+00      0.538E+00
      0.229E-01      0.565E+00      0.248E+00      0.743E+09     -0.856E+00      0.538E+00
      0.240E-01      0.565E+00      0.249E+00      0.742E+09     -0.856E+00      0.539E+00
      0.251E-01      0.567E+00      0.249E+00      0.742E+09     -0.857E+00      0.539E+00
      0.263E-01      0.567E+00      0.249E+00      0.741E+09     -0.857E+00      0.539E+00
      0.275E-01      0.566E+00      0.249E+00      0.741E+09     -0.858E+00      0.540E+00
      0.290E-01      0.567E+00      0.249E+00      0.740E+09     -0.858E+00      0.539E+00
      0.300E-01      0.568E+00      0.250E+00      0.740E+09     -0.858E+00      0.540E+00
      0.310E-01      0.568E+00      0.250E+00      0.739E+09     -0.859E+00      0.540E+00
      0.320E-01      0.569E+00      0.250E+00      0.739E+09     -0.859E+00      0.540E+00
      0.330E-01      0.569E+00      0.250E+00      0.738E+09     -0.859E+00      0.540E+00
      0.340E-01      0.570E+00      0.250E+00      0.738E+09     -0.860E+00      0.541E+00
      0.350E-01      0.570E+00      0.251E+00      0.737E+09     -0.860E+00      0.541E+00
      0.360E-01      0.571E+00      0.251E+00      0.737E+09     -0.860E+00      0.540E+00
      0.370E-01      0.571E+00      0.251E+00      0.736E+09     -0.861E+00      0.540E+00
      0.380E-01      0.572E+00      0.251E+00      0.736E+09     -0.861E+00      0.542E+00
      0.390E-01      0.572E+00      0.251E+00      0.735E+09     -0.861E+00      0.541E+00
      0.400E-01      0.573E+00      0.252E+00      0.735E+09     -0.862E+00      0.542E+00
      0.425E-01      0.574E+00      0.252E+00      0.734E+09     -0.862E+00      0.542E+00
      0.450E-01      0.575E+00      0.253E+00      0.733E+09     -0.863E+00      0.543E+00
      0.475E-01      0.577E+00      0.253E+00      0.732E+09     -0.864E+00      0.543E+00
      0.500E-01      0.578E+00      0.254E+00      0.731E+09     -0.865E+00      0.544E+00
      0.525E-01      0.579E+00      0.254E+00      0.729E+09     -0.866E+00      0.544E+00
      0.550E-01      0.580E+00      0.255E+00      0.728E+09     -0.866E+00      0.544E+00
      0.571E-01      0.581E+00      0.255E+00      0.727E+09     -0.867E+00      0.544E+00
      0.640E-01      0.585E+00      0.257E+00      0.725E+09     -0.869E+00      0.546E+00
      0.719E-01      0.588E+00      0.258E+00      0.722E+09     -0.872E+00      0.547E+00
      0.806E-01      0.593E+00      0.261E+00      0.718E+09     -0.874E+00      0.550E+00
      0.905E-01      0.598E+00      0.263E+00      0.714E+09     -0.877E+00      0.551E+00
      0.102E+00      0.603E+00      0.265E+00      0.709E+09     -0.880E+00      0.554E+00
      0.114E+00      0.607E+00      0.268E+00      0.704E+09     -0.884E+00      0.557E+00
      0.128E+00      0.610E+00      0.267E+00      0.698E+09     -0.889E+00      0.557E+00
      0.143E+00      0.606E+00      0.259E+00      0.691E+09     -0.895E+00      0.548E+00
      0.161E+00      0.602E+00      0.251E+00      0.683E+09     -0.902E+00      0.540E+00
      0.181E+00      0.597E+00      0.243E+00      0.675E+09     -0.910E+00      0.531E+00
      0.203E+00      0.591E+00      0.234E+00      0.666E+09     -0.919E+00      0.523E+00
      0.227E+00      0.585E+00      0.225E+00      0.656E+09     -0.930E+00      0.518E+00
      0.255E+00      0.579E+00      0.217E+00      0.645E+09     -0.942E+00      0.515E+00
      0.286E+00      0.571E+00      0.210E+00      0.633E+09     -0.956E+00      0.518E+00
      0.321E+00      0.562E+00      0.206E+00      0.620E+09     -0.971E+00      0.530E+00
      0.360E+00      0.555E+00      0.205E+00      0.606E+09     -0.989E+00      0.551E+00
      0.404E+00      0.542E+00      0.193E+00      0.590E+09     -0.996E+00      0.542E+00
      0.453E+00      0.516E+00      0.177E+00      0.572E+09     -0.100E+01      0.530E+00
      0.509E+00      0.487E+00      0.166E+00      0.554E+09     -0.101E+01      0.528E+00
      0.571E+00      0.456E+00      0.163E+00      0.535E+09     -0.101E+01      0.556E+00
      0.641E+00      0.418E+00      0.158E+00      0.514E+09     -0.102E+01      0.579E+00
      0.719E+00      0.372E+00      0.126E+00      0.494E+09     -0.101E+01      0.502E+00
      0.806E+00      0.320E+00      0.102E+00      0.474E+09     -0.995E+00      0.443E+00
      0.905E+00      0.266E+00      0.894E-01      0.454E+09     -0.975E+00      0.451E+00
      0.102E+01      0.229E+00      0.760E-01      0.436E+09     -0.973E+00      0.443E+00
      0.114E+01      0.205E+00      0.559E-01      0.419E+09     -0.969E+00      0.353E+00
      0.128E+01      0.305E+00      0.869E-01      0.402E+09     -0.991E+00      0.413E+00
      0.143E+01      0.332E+00      0.137E+00      0.373E+09     -0.992E+00      0.604E+00
      0.161E+01      0.218E+00      0.107E+00      0.339E+09     -0.963E+00      0.717E+00
      0.168E+01      0.271E+00      0.102E+00      0.322E+09     -0.974E+00      0.563E+00
      0.170E+01      0.289E+00      0.106E+00      0.315E+09     -0.977E+00      0.549E+00
      0.180E+01      0.375E+00      0.149E+00      0.304E+09     -0.988E+00      0.574E+00
      0.190E+01      0.417E+00      0.169E+00      0.281E+09     -0.102E+01      0.583E+00
      0.200E+01      0.411E+00      0.145E+00      0.256E+09     -0.109E+01      0.531E+00
      0.210E+01      0.404E+00      0.136E+00      0.231E+09     -0.116E+01      0.547E+00
      0.220E+01      0.323E+00      0.109E+00      0.206E+09     -0.115E+01      0.543E+00
      0.230E+01      0.233E+00      0.837E-01      0.187E+09     -0.111E+01      0.551E+00
      0.240E+01      0.185E+00      0.736E-01      0.173E+09     -0.106E+01      0.585E+00
      0.250E+01      0.196E+00      0.764E-01      0.162E+09     -0.110E+01      0.591E+00
      0.260E+01      0.207E+00      0.876E-01      0.150E+09     -0.114E+01      0.668E+00
      0.275E+01      0.230E+00      0.975E-01      0.135E+09     -0.121E+01      0.674E+00
      0.300E+01      0.203E+00      0.992E-01      0.108E+09     -0.114E+01      0.733E+00
      0.325E+01      0.174E+00      0.972E-01      0.778E+08     -0.103E+01      0.792E+00
      0.350E+01      0.203E+00      0.105E+00      0.524E+08     -0.131E+01      0.894E+00
      0.375E+01      0.104E+00      0.504E-01      0.229E+08     -0.161E+01      0.101E+01
      0.400E+01      0.351E-01      0.357E-01      0.771E+07     -0.187E+01      0.237E+01
      0.425E+01      0.175E-01      0.230E-01      0.265E+07     -0.154E+01      0.279E+01
      0.450E+01      0.402E-03      0.622E-02      0.130E+06     -0.563E+00      0.123E+02
      0.475E+01      0.155E-03      0.189E-02      0.718E+05     -0.785E+00      0.139E+02
      0.500E+01      0.774E-04      0.131E-02      0.495E+05     -0.775E+00      0.181E+02
      0.525E+01      0.134E-03      0.286E-02      0.383E+05     -0.317E+00      0.898E+01
      0.550E+01      0.130E-03      0.169E-02      0.191E+05     -0.880E+00      0.160E+02
      0.575E+01      0.364E-05      0.473E-04      0.518E+03     -0.897E+00      0.163E+02
      0.600E+01      0.174E-11      0.589E-07      0.248E-03     -0.671E+00      0.300E+05
      0.625E+01      0.131E-14      0.590E-10      0.186E-06     -0.329E+01      0.216E+06
      0.650E+01      0.000E+00      0.000E+00      0.000E+00     -0.990E+02     -0.990E+02
      0.675E+01      0.000E+00      0.000E+00      0.000E+00     -0.990E+02     -0.990E+02
      0.700E+01      0.000E+00      0.000E+00      0.000E+00     -0.990E+02     -0.990E+02
      0.725E+01      0.000E+00      0.000E+00      0.000E+00     -0.990E+02     -0.990E+02
      0.750E+01      0.000E+00      0.000E+00      0.000E+00     -0.990E+02     -0.990E+02
      0.775E+01      0.000E+00      0.000E+00      0.000E+00     -0.990E+02     -0.990E+02
      0.800E+01      0.000E+00      0.000E+00      0.000E+00     -0.990E+02     -0.990E+02
      0.825E+01      0.000E+00      0.000E+00      0.000E+00     -0.990E+02     -0.990E+02
      0.850E+01      0.000E+00      0.000E+00      0.000E+00     -0.990E+02     -0.990E+02
      0.875E+01      0.000E+00      0.000E+00      0.000E+00     -0.990E+02     -0.990E+02
      0.900E+01      0.000E+00      0.000E+00      0.000E+00     -0.990E+02     -0.990E+02
      0.925E+01      0.000E+00      0.000E+00      0.000E+00     -0.990E+02     -0.990E+02
      0.950E+01      0.000E+00      0.000E+00      0.000E+00     -0.990E+02     -0.990E+02
      0.975E+01      0.000E+00      0.000E+00      0.000E+00     -0.990E+02     -0.990E+02
      0.100E+02      0.000E+00      0.000E+00      0.000E+00     -0.990E+02     -0.990E+02
      0.102E+02      0.000E+00      0.000E+00      0.000E+00     -0.990E+02     -0.990E+02
      0.105E+02      0.000E+00      0.000E+00      0.000E+00     -0.990E+02     -0.990E+02
      0.108E+02      0.000E+00      0.000E+00      0.000E+00     -0.990E+02     -0.990E+02
      0.110E+02      0.000E+00      0.000E+00      0.000E+00     -0.990E+02     -0.990E+02
      0.112E+02      0.000E+00      0.000E+00      0.000E+00     -0.990E+02     -0.990E+02
      0.115E+02      0.000E+00      0.000E+00      0.000E+00     -0.990E+02     -0.990E+02
      0.118E+02      0.000E+00      0.000E+00      0.000E+00     -0.990E+02     -0.990E+02
      0.120E+02      0.000E+00      0.000E+00      0.000E+00     -0.990E+02     -0.990E+02
      0.122E+02      0.000E+00      0.000E+00      0.000E+00     -0.990E+02     -0.990E+02
      0.125E+02      0.000E+00      0.000E+00      0.000E+00     -0.990E+02     -0.990E+02
      0.128E+02      0.000E+00      0.000E+00      0.000E+00     -0.990E+02     -0.990E+02
      0.130E+02      0.000E+00      0.000E+00      0.000E+00     -0.990E+02     -0.990E+02
      0.132E+02      0.000E+00      0.000E+00      0.000E+00     -0.990E+02     -0.990E+02
      0.135E+02      0.000E+00      0.000E+00      0.000E+00     -0.990E+02     -0.990E+02
      0.138E+02      0.000E+00      0.000E+00      0.000E+00     -0.990E+02     -0.990E+02
      0.140E+02      0.000E+00      0.000E+00      0.000E+00     -0.990E+02     -0.990E+02
      0.142E+02      0.000E+00      0.000E+00      0.000E+00     -0.990E+02     -0.990E+02
      0.145E+02      0.000E+00      0.000E+00      0.000E+00     -0.990E+02     -0.990E+02
      0.148E+02      0.000E+00      0.000E+00      0.000E+00     -0.990E+02     -0.990E+02
      0.150E+02      0.000E+00      0.000E+00      0.000E+00     -0.990E+02     -0.990E+02
      0.152E+02      0.000E+00      0.000E+00      0.000E+00     -0.990E+02     -0.990E+02
      0.155E+02      0.000E+00      0.000E+00      0.000E+00     -0.990E+02     -0.990E+02
      0.158E+02      0.000E+00      0.000E+00      0.000E+00     -0.990E+02     -0.990E+02
      0.160E+02      0.000E+00      0.000E+00      0.000E+00     -0.990E+02     -0.990E+02
      0.162E+02      0.000E+00      0.000E+00      0.000E+00     -0.990E+02     -0.990E+02
      0.165E+02      0.000E+00      0.000E+00      0.000E+00     -0.990E+02     -0.990E+02
      0.168E+02      0.000E+00      0.000E+00      0.000E+00     -0.990E+02     -0.990E+02
      0.170E+02      0.000E+00      0.000E+00      0.000E+00     -0.990E+02     -0.990E+02
      0.172E+02      0.000E+00      0.000E+00      0.000E+00     -0.990E+02     -0.990E+02
      0.175E+02      0.000E+00      0.000E+00      0.000E+00     -0.990E+02     -0.990E+02
      0.178E+02      0.000E+00      0.000E+00      0.000E+00     -0.990E+02     -0.990E+02
      0.180E+02      0.000E+00      0.000E+00      0.000E+00     -0.990E+02     -0.990E+02
      0.182E+02      0.000E+00      0.000E+00      0.000E+00     -0.990E+02     -0.990E+02
      0.185E+02      0.000E+00      0.000E+00      0.000E+00     -0.990E+02     -0.990E+02
      0.188E+02      0.000E+00      0.000E+00      0.000E+00     -0.990E+02     -0.990E+02
      0.190E+02      0.000E+00      0.000E+00      0.000E+00     -0.990E+02     -0.990E+02
      0.192E+02      0.000E+00      0.000E+00      0.000E+00     -0.990E+02     -0.990E+02
      0.195E+02      0.000E+00      0.000E+00      0.000E+00     -0.990E+02     -0.990E+02
      0.198E+02      0.000E+00      0.000E+00      0.000E+00     -0.990E+02     -0.990E+02
      0.200E+02      0.000E+00      0.000E+00      0.000E+00     -0.990E+02     -0.990E+02
