      0.000E+00      0.494E-01      0.169E-01      0.125E+09     -0.990E+02     -0.990E+02
      0.100E-03      0.494E-01      0.169E-01      0.125E+09     -0.990E+02     -0.990E+02
      0.140E-03      0.494E-01      0.169E-01      0.125E+09     -0.990E+02     -0.990E+02
      0.160E-03      0.494E-01      0.169E-01      0.125E+09     -0.990E+02     -0.990E+02
      0.180E-03      0.494E-01      0.169E-01      0.125E+09     -0.990E+02     -0.990E+02
      0.200E-03      0.494E-01      0.169E-01      0.125E+09     -0.990E+02     -0.990E+02
      0.220E-03      0.494E-01      0.169E-01      0.125E+09     -0.990E+02     -0.990E+02
      0.250E-03      0.494E-01      0.169E-01      0.125E+09     -0.990E+02     -0.990E+02
      0.280E-03      0.494E-01      0.169E-01      0.125E+09     -0.990E+02     -0.990E+02
      0.320E-03      0.494E-01      0.169E-01      0.125E+09     -0.990E+02     -0.990E+02
      0.350E-03      0.494E-01      0.169E-01      0.125E+09     -0.990E+02     -0.990E+02
      0.400E-03      0.494E-01      0.169E-01      0.125E+09     -0.990E+02     -0.990E+02
      0.450E-03      0.494E-01      0.169E-01      0.125E+09     -0.990E+02     -0.990E+02
      0.500E-03      0.494E-01      0.169E-01      0.125E+09     -0.990E+02     -0.990E+02
      0.560E-03      0.494E-01      0.169E-01      0.125E+09     -0.990E+02     -0.990E+02
      0.630E-03      0.494E-01      0.169E-01      0.125E+09     -0.990E+02     -0.990E+02
      0.710E-03      0.494E-01      0.169E-01      0.125E+09     -0.990E+02     -0.990E+02
      0.790E-03      0.494E-01      0.169E-01      0.125E+09     -0.990E+02     -0.990E+02
      0.890E-03      0.494E-01      0.169E-01      0.125E+09     -0.990E+02     -0.990E+02
      0.100E-02      0.494E-01      0.169E-01      0.125E+09     -0.990E+02     -0.990E+02
      0.105E-02      0.494E-01      0.169E-01      0.125E+09     -0.990E+02     -0.990E+02
      0.110E-02      0.494E-01      0.169E-01      0.125E+09     -0.990E+02     -0.990E+02
      0.115E-02      0.494E-01      0.169E-01      0.125E+09     -0.990E+02     -0.990E+02
      0.120E-02      0.494E-01      0.169E-01      0.125E+09     -0.990E+02     -0.990E+02
      0.126E-02      0.494E-01      0.169E-01      0.125E+09     -0.990E+02     -0.990E+02
      0.132E-02      0.494E-01      0.169E-01      0.125E+09     -0.990E+02     -0.990E+02
      0.138E-02      0.494E-01      0.169E-01      0.125E+09     -0.990E+02     -0.990E+02
      0.145E-02      0.494E-01      0.169E-01      0.125E+09     -0.990E+02     -0.990E+02
      0.151E-02      0.494E-01      0.169E-01      0.125E+09     -0.990E+02     -0.990E+02
      0.158E-02      0.494E-01      0.169E-01      0.125E+09     -0.990E+02     -0.990E+02
      0.166E-02      0.494E-01      0.169E-01      0.125E+09     -0.990E+02     -0.990E+02
      0.174E-02      0.494E-01      0.169E-01      0.125E+09     -0.990E+02     -0.990E+02
      0.182E-02      0.494E-01      0.169E-01      0.125E+09     -0.990E+02     -0.990E+02
      0.191E-02      0.494E-01      0.169E-01      0.125E+09     -0.990E+02     -0.990E+02
      0.200E-02      0.494E-01      0.169E-01      0.125E+09     -0.990E+02     -0.990E+02
      0.209E-02      0.494E-01      0.169E-01      0.125E+09     -0.990E+02     -0.990E+02
      0.219E-02      0.494E-01      0.169E-01      0.125E+09     -0.990E+02     -0.990E+02
      0.229E-02      0.494E-01      0.169E-01      0.125E+09     -0.990E+02     -0.990E+02
      0.240E-02      0.494E-01      0.169E-01      0.125E+09     -0.990E+02     -0.990E+02
      0.251E-02      0.494E-01      0.169E-01      0.125E+09     -0.990E+02     -0.990E+02
      0.263E-02      0.494E-01      0.169E-01      0.125E+09     -0.990E+02     -0.990E+02
      0.275E-02      0.494E-01      0.169E-01      0.125E+09     -0.990E+02     -0.990E+02
      0.288E-02      0.494E-01      0.169E-01      0.125E+09     -0.990E+02     -0.990E+02
      0.302E-02      0.494E-01      0.169E-01      0.125E+09     -0.990E+02     -0.990E+02
      0.316E-02      0.494E-01      0.169E-01      0.125E+09     -0.990E+02     -0.990E+02
      0.331E-02      0.494E-01      0.169E-01      0.125E+09     -0.990E+02     -0.990E+02
      0.347E-02      0.494E-01      0.169E-01      0.125E+09     -0.990E+02     -0.990E+02
      0.363E-02      0.494E-01      0.169E-01      0.125E+09     -0.990E+02     -0.990E+02
      0.380E-02      0.494E-01      0.169E-01      0.125E+09     -0.990E+02     -0.990E+02
      0.398E-02      0.494E-01      0.169E-01      0.125E+09     -0.990E+02     -0.990E+02
      0.417E-02      0.494E-01      0.169E-01      0.125E+09     -0.990E+02     -0.990E+02
      0.437E-02      0.494E-01      0.169E-01      0.125E+09     -0.990E+02     -0.990E+02
      0.457E-02      0.494E-01      0.169E-01      0.125E+09     -0.990E+02     -0.990E+02
      0.479E-02      0.494E-01      0.169E-01      0.125E+09     -0.990E+02     -0.990E+02
      0.501E-02      0.494E-01      0.169E-01      0.125E+09     -0.990E+02     -0.990E+02
      0.525E-02      0.494E-01      0.169E-01      0.125E+09     -0.990E+02     -0.990E+02
      0.550E-02      0.494E-01      0.169E-01      0.125E+09     -0.990E+02     -0.990E+02
      0.575E-02      0.494E-01      0.169E-01      0.125E+09     -0.990E+02     -0.990E+02
      0.603E-02      0.494E-01      0.169E-01      0.125E+09     -0.990E+02     -0.990E+02
      0.631E-02      0.494E-01      0.169E-01      0.125E+09     -0.990E+02     -0.990E+02
      0.661E-02      0.494E-01      0.169E-01      0.125E+09     -0.990E+02     -0.990E+02
      0.692E-02      0.494E-01      0.169E-01      0.125E+09     -0.990E+02     -0.990E+02
      0.724E-02      0.494E-01      0.169E-01      0.125E+09     -0.990E+02     -0.990E+02
      0.759E-02      0.494E-01      0.169E-01      0.125E+09     -0.990E+02     -0.990E+02
      0.794E-02      0.494E-01      0.169E-01      0.125E+09     -0.990E+02     -0.990E+02
      0.832E-02      0.494E-01      0.169E-01      0.125E+09     -0.990E+02     -0.990E+02
      0.871E-02      0.494E-01      0.169E-01      0.125E+09     -0.990E+02     -0.990E+02
      0.912E-02      0.494E-01      0.169E-01      0.125E+09     -0.990E+02     -0.990E+02
      0.955E-02      0.494E-01      0.169E-01      0.125E+09     -0.990E+02     -0.990E+02
      0.100E-01      0.494E-01      0.169E-01      0.125E+09     -0.184E+00      0.300E+00
      0.105E-01      0.573E-02      0.324E-02      0.125E+09     -0.184E+00      0.300E+00
      0.110E-01      0.571E-02      0.323E-02      0.125E+09     -0.184E+00      0.299E+00
      0.115E-01      0.570E-02      0.322E-02      0.125E+09     -0.184E+00      0.299E+00
      0.120E-01      0.569E-02      0.322E-02      0.125E+09     -0.184E+00      0.300E+00
      0.126E-01      0.571E-02      0.323E-02      0.125E+09     -0.184E+00      0.300E+00
      0.132E-01      0.575E-02      0.324E-02      0.125E+09     -0.184E+00      0.298E+00
      0.138E-01      0.574E-02      0.323E-02      0.125E+09     -0.184E+00      0.299E+00
      0.144E-01      0.570E-02      0.321E-02      0.125E+09     -0.184E+00      0.298E+00
      0.151E-01      0.572E-02      0.322E-02      0.125E+09     -0.184E+00      0.298E+00
      0.159E-01      0.573E-02      0.323E-02      0.125E+09     -0.184E+00      0.299E+00
      0.166E-01      0.575E-02      0.323E-02      0.125E+09     -0.184E+00      0.298E+00
      0.174E-01      0.576E-02      0.323E-02      0.125E+09     -0.184E+00      0.297E+00
      0.182E-01      0.578E-02      0.324E-02      0.125E+09     -0.184E+00      0.298E+00
      0.191E-01      0.579E-02      0.324E-02      0.125E+09     -0.184E+00      0.297E+00
      0.200E-01      0.577E-02      0.324E-02      0.125E+09     -0.184E+00      0.298E+00
      0.209E-01      0.575E-02      0.322E-02      0.125E+09     -0.183E+00      0.296E+00
      0.219E-01      0.577E-02      0.322E-02      0.125E+09     -0.183E+00      0.296E+00
      0.229E-01      0.580E-02      0.324E-02      0.125E+09     -0.183E+00      0.297E+00
      0.240E-01      0.580E-02      0.323E-02      0.125E+09     -0.183E+00      0.296E+00
      0.251E-01      0.582E-02      0.324E-02      0.125E+09     -0.183E+00      0.296E+00
      0.263E-01      0.583E-02      0.324E-02      0.125E+09     -0.183E+00      0.295E+00
      0.275E-01      0.582E-02      0.323E-02      0.125E+09     -0.183E+00      0.295E+00
      0.290E-01      0.583E-02      0.323E-02      0.125E+09     -0.183E+00      0.295E+00
      0.300E-01      0.585E-02      0.324E-02      0.125E+09     -0.183E+00      0.294E+00
      0.310E-01      0.585E-02      0.324E-02      0.125E+09     -0.183E+00      0.294E+00
      0.320E-01      0.586E-02      0.324E-02      0.125E+09     -0.183E+00      0.294E+00
      0.330E-01      0.587E-02      0.324E-02      0.125E+09     -0.183E+00      0.293E+00
      0.340E-01      0.588E-02      0.323E-02      0.125E+09     -0.183E+00      0.293E+00
      0.350E-01      0.588E-02      0.323E-02      0.125E+09     -0.183E+00      0.292E+00
      0.360E-01      0.589E-02      0.324E-02      0.125E+09     -0.182E+00      0.292E+00
      0.370E-01      0.590E-02      0.324E-02      0.125E+09     -0.183E+00      0.291E+00
      0.380E-01      0.591E-02      0.323E-02      0.125E+09     -0.182E+00      0.291E+00
      0.390E-01      0.591E-02      0.323E-02      0.125E+09     -0.182E+00      0.291E+00
      0.400E-01      0.592E-02      0.323E-02      0.125E+09     -0.183E+00      0.291E+00
      0.425E-01      0.594E-02      0.324E-02      0.125E+09     -0.182E+00      0.290E+00
      0.450E-01      0.596E-02      0.324E-02      0.125E+09     -0.182E+00      0.289E+00
      0.475E-01      0.598E-02      0.324E-02      0.124E+09     -0.182E+00      0.289E+00
      0.500E-01      0.600E-02      0.324E-02      0.124E+09     -0.182E+00      0.288E+00
      0.525E-01      0.602E-02      0.324E-02      0.124E+09     -0.182E+00      0.287E+00
      0.550E-01      0.605E-02      0.325E-02      0.124E+09     -0.182E+00      0.287E+00
      0.571E-01      0.606E-02      0.325E-02      0.124E+09     -0.181E+00      0.286E+00
      0.640E-01      0.612E-02      0.325E-02      0.124E+09     -0.181E+00      0.284E+00
      0.719E-01      0.617E-02      0.325E-02      0.124E+09     -0.181E+00      0.282E+00
      0.806E-01      0.624E-02      0.325E-02      0.124E+09     -0.180E+00      0.279E+00
      0.905E-01      0.610E-02      0.326E-02      0.124E+09     -0.181E+00      0.287E+00
      0.102E+00      0.594E-02      0.327E-02      0.124E+09     -0.183E+00      0.296E+00
      0.114E+00      0.576E-02      0.329E-02      0.124E+09     -0.185E+00      0.308E+00
      0.128E+00      0.556E-02      0.330E-02      0.124E+09     -0.188E+00      0.321E+00
      0.143E+00      0.532E-02      0.332E-02      0.124E+09     -0.191E+00      0.338E+00
      0.161E+00      0.508E-02      0.335E-02      0.124E+09     -0.194E+00      0.359E+00
      0.181E+00      0.480E-02      0.338E-02      0.124E+09     -0.198E+00      0.384E+00
      0.203E+00      0.447E-02      0.339E-02      0.124E+09     -0.204E+00      0.414E+00
      0.227E+00      0.410E-02      0.339E-02      0.124E+09     -0.209E+00      0.449E+00
      0.255E+00      0.367E-02      0.338E-02      0.124E+09     -0.217E+00      0.496E+00
      0.286E+00      0.319E-02      0.338E-02      0.124E+09     -0.229E+00      0.568E+00
      0.321E+00      0.265E-02      0.339E-02      0.124E+09     -0.247E+00      0.684E+00
      0.360E+00      0.266E-02      0.341E-02      0.123E+09     -0.249E+00      0.673E+00
      0.404E+00      0.290E-02      0.345E-02      0.123E+09     -0.245E+00      0.607E+00
      0.453E+00      0.348E-02      0.355E-02      0.123E+09     -0.249E+00      0.499E+00
      0.509E+00      0.451E-02      0.437E-02      0.123E+09     -0.257E+00      0.428E+00
      0.571E+00      0.778E-02      0.106E-01      0.123E+09     -0.278E+00      0.536E+00
      0.641E+00      0.108E-01      0.184E-01      0.123E+09     -0.292E+00      0.681E+00
      0.719E+00      0.698E-02      0.966E-02      0.122E+09     -0.297E+00      0.581E+00
      0.806E+00      0.403E-02      0.447E-02      0.122E+09     -0.316E+00      0.599E+00
      0.905E+00      0.402E-02      0.419E-02      0.121E+09     -0.325E+00      0.555E+00
      0.102E+01      0.407E-02      0.419E-02      0.121E+09     -0.335E+00      0.563E+00
      0.114E+01      0.367E-02      0.365E-02      0.121E+09     -0.353E+00      0.619E+00
      0.128E+01      0.300E-02      0.338E-02      0.121E+09     -0.382E+00      0.797E+00
      0.143E+01      0.300E-02      0.366E-02      0.120E+09     -0.400E+00      0.922E+00
      0.161E+01      0.298E-02      0.385E-02      0.120E+09     -0.405E+00      0.998E+00
      0.168E+01      0.295E-02      0.397E-02      0.120E+09     -0.408E+00      0.104E+01
      0.170E+01      0.295E-02      0.401E-02      0.120E+09     -0.409E+00      0.105E+01
      0.180E+01      0.290E-02      0.424E-02      0.120E+09     -0.439E+00      0.122E+01
      0.190E+01      0.277E-02      0.439E-02      0.119E+09     -0.486E+00      0.145E+01
      0.200E+01      0.274E-02      0.453E-02      0.119E+09     -0.518E+00      0.159E+01
      0.210E+01      0.512E-02      0.604E-02      0.119E+09     -0.348E+00      0.855E+00
      0.220E+01      0.750E-02      0.889E-02      0.119E+09     -0.286E+00      0.640E+00
      0.230E+01      0.757E-02      0.902E-02      0.118E+09     -0.279E+00      0.607E+00
      0.240E+01      0.582E-02      0.687E-02      0.118E+09     -0.319E+00      0.719E+00
      0.250E+01      0.416E-02      0.521E-02      0.117E+09     -0.396E+00      0.952E+00
      0.260E+01      0.386E-02      0.499E-02      0.117E+09     -0.396E+00      0.973E+00
      0.275E+01      0.337E-02      0.469E-02      0.117E+09     -0.389E+00      0.994E+00
      0.300E+01      0.267E-02      0.373E-02      0.117E+09     -0.408E+00      0.987E+00
      0.325E+01      0.232E-02      0.328E-02      0.116E+09     -0.373E+00      0.918E+00
      0.350E+01      0.461E-02      0.535E-02      0.116E+09     -0.245E+00      0.495E+00
      0.375E+01      0.640E-02      0.709E-02      0.115E+09     -0.308E+00      0.503E+00
      0.400E+01      0.764E-02      0.974E-02      0.114E+09     -0.409E+00      0.638E+00
      0.425E+01      0.522E-02      0.536E-02      0.113E+09     -0.593E+00      0.944E+00
      0.450E+01      0.632E-02      0.812E-02      0.112E+09     -0.677E+00      0.138E+01
      0.475E+01      0.612E-02      0.730E-02      0.111E+09     -0.706E+00      0.131E+01
      0.500E+01      0.394E-02      0.389E-02      0.110E+09     -0.603E+00      0.869E+00
      0.525E+01      0.361E-02      0.360E-02      0.110E+09     -0.552E+00      0.889E+00
      0.550E+01      0.438E-02      0.489E-02      0.109E+09     -0.529E+00      0.110E+01
      0.575E+01      0.520E-02      0.390E-02      0.109E+09     -0.468E+00      0.589E+00
      0.600E+01      0.119E-01      0.111E-01      0.108E+09     -0.536E+00      0.761E+00
      0.625E+01      0.623E-02      0.538E-02      0.106E+09     -0.455E+00      0.702E+00
      0.650E+01      0.765E-02      0.616E-02      0.105E+09     -0.416E+00      0.619E+00
      0.675E+01      0.866E-02      0.366E-02      0.104E+09     -0.482E+00      0.356E+00
      0.700E+01      0.162E-01      0.492E-02      0.103E+09     -0.543E+00      0.248E+00
      0.725E+01      0.360E-01      0.191E-01      0.101E+09     -0.556E+00      0.385E+00
      0.750E+01      0.271E-01      0.785E-02      0.958E+08     -0.606E+00      0.234E+00
      0.775E+01      0.627E-01      0.131E-01      0.920E+08     -0.741E+00      0.203E+00
      0.800E+01      0.962E-01      0.167E-01      0.833E+08     -0.817E+00      0.208E+00
      0.825E+01      0.930E-01      0.177E-01      0.699E+08     -0.835E+00      0.233E+00
      0.850E+01      0.864E-01      0.168E-01      0.571E+08     -0.850E+00      0.241E+00
      0.875E+01      0.907E-01      0.195E-01      0.451E+08     -0.907E+00      0.279E+00
      0.900E+01      0.107E+00      0.211E-01      0.326E+08     -0.891E+00      0.252E+00
      0.925E+01      0.901E-01      0.139E-01      0.179E+08     -0.100E+01      0.222E+00
      0.950E+01      0.317E-01      0.543E-02      0.548E+07     -0.117E+01      0.280E+00
      0.975E+01      0.499E-02      0.314E-02      0.112E+07     -0.124E+01      0.896E+00
      0.100E+02      0.177E-02      0.383E-02      0.428E+06     -0.887E+00      0.274E+01
      0.102E+02      0.121E-02      0.187E-02      0.185E+06     -0.146E+01      0.309E+01
      0.105E+02      0.131E-03      0.231E-03      0.182E+05     -0.158E+01      0.370E+01
      0.108E+02      0.480E-06      0.433E-04      0.926E+02     -0.737E+00      0.960E+02
      0.110E+02      0.185E-06      0.164E-04      0.265E+02     -0.109E+01      0.127E+03
      0.112E+02      0.857E-08      0.128E-05      0.117E+01     -0.289E+01      0.714E+03
      0.115E+02      0.418E-13      0.165E-07      0.576E-05     -0.512E+00      0.290E+06
      0.118E+02      0.469E-16      0.168E-10      0.654E-08     -0.187E+01      0.921E+06
      0.120E+02      0.000E+00      0.000E+00      0.000E+00     -0.990E+02     -0.990E+02
      0.122E+02      0.000E+00      0.000E+00      0.000E+00     -0.990E+02     -0.990E+02
      0.125E+02      0.000E+00      0.000E+00      0.000E+00     -0.990E+02     -0.990E+02
      0.128E+02      0.000E+00      0.000E+00      0.000E+00     -0.990E+02     -0.990E+02
      0.130E+02      0.000E+00      0.000E+00      0.000E+00     -0.990E+02     -0.990E+02
      0.132E+02      0.000E+00      0.000E+00      0.000E+00     -0.990E+02     -0.990E+02
      0.135E+02      0.000E+00      0.000E+00      0.000E+00     -0.990E+02     -0.990E+02
      0.138E+02      0.000E+00      0.000E+00      0.000E+00     -0.990E+02     -0.990E+02
      0.140E+02      0.000E+00      0.000E+00      0.000E+00     -0.990E+02     -0.990E+02
      0.142E+02      0.000E+00      0.000E+00      0.000E+00     -0.990E+02     -0.990E+02
      0.145E+02      0.000E+00      0.000E+00      0.000E+00     -0.990E+02     -0.990E+02
      0.148E+02      0.000E+00      0.000E+00      0.000E+00     -0.990E+02     -0.990E+02
      0.150E+02      0.000E+00      0.000E+00      0.000E+00     -0.990E+02     -0.990E+02
      0.152E+02      0.000E+00      0.000E+00      0.000E+00     -0.990E+02     -0.990E+02
      0.155E+02      0.000E+00      0.000E+00      0.000E+00     -0.990E+02     -0.990E+02
      0.158E+02      0.000E+00      0.000E+00      0.000E+00     -0.990E+02     -0.990E+02
      0.160E+02      0.000E+00      0.000E+00      0.000E+00     -0.990E+02     -0.990E+02
      0.162E+02      0.000E+00      0.000E+00      0.000E+00     -0.990E+02     -0.990E+02
      0.165E+02      0.000E+00      0.000E+00      0.000E+00     -0.990E+02     -0.990E+02
      0.168E+02      0.000E+00      0.000E+00      0.000E+00     -0.990E+02     -0.990E+02
      0.170E+02      0.000E+00      0.000E+00      0.000E+00     -0.990E+02     -0.990E+02
      0.172E+02      0.000E+00      0.000E+00      0.000E+00     -0.990E+02     -0.990E+02
      0.175E+02      0.000E+00      0.000E+00      0.000E+00     -0.990E+02     -0.990E+02
      0.178E+02      0.000E+00      0.000E+00      0.000E+00     -0.990E+02     -0.990E+02
      0.180E+02      0.000E+00      0.000E+00      0.000E+00     -0.990E+02     -0.990E+02
      0.182E+02      0.000E+00      0.000E+00      0.000E+00     -0.990E+02     -0.990E+02
      0.185E+02      0.000E+00      0.000E+00      0.000E+00     -0.990E+02     -0.990E+02
      0.188E+02      0.000E+00      0.000E+00      0.000E+00     -0.990E+02     -0.990E+02
      0.190E+02      0.000E+00      0.000E+00      0.000E+00     -0.990E+02     -0.990E+02
      0.192E+02      0.000E+00      0.000E+00      0.000E+00     -0.990E+02     -0.990E+02
      0.195E+02      0.000E+00      0.000E+00      0.000E+00     -0.990E+02     -0.990E+02
      0.198E+02      0.000E+00      0.000E+00      0.000E+00     -0.990E+02     -0.990E+02
      0.200E+02      0.000E+00      0.000E+00      0.000E+00     -0.990E+02     -0.990E+02
