      0.000E+00      0.100E-02      0.000E+00      0.168E+10     -0.990E+02     -0.990E+02
      0.100E-03      0.100E-02      0.000E+00      0.168E+10     -0.990E+02     -0.990E+02
      0.140E-03      0.100E-02      0.000E+00      0.168E+10     -0.990E+02     -0.990E+02
      0.160E-03      0.100E-02      0.000E+00      0.168E+10     -0.990E+02     -0.990E+02
      0.180E-03      0.100E-02      0.000E+00      0.168E+10     -0.990E+02     -0.990E+02
      0.200E-03      0.100E-02      0.000E+00      0.168E+10     -0.990E+02     -0.990E+02
      0.220E-03      0.100E-02      0.000E+00      0.168E+10     -0.990E+02     -0.990E+02
      0.250E-03      0.100E-02      0.000E+00      0.168E+10     -0.990E+02     -0.990E+02
      0.280E-03      0.100E-02      0.000E+00      0.168E+10     -0.990E+02     -0.990E+02
      0.320E-03      0.100E-02      0.000E+00      0.168E+10     -0.990E+02     -0.990E+02
      0.350E-03      0.100E-02      0.000E+00      0.168E+10     -0.990E+02     -0.990E+02
      0.400E-03      0.100E-02      0.000E+00      0.168E+10     -0.990E+02     -0.990E+02
      0.450E-03      0.100E-02      0.000E+00      0.168E+10     -0.990E+02     -0.990E+02
      0.500E-03      0.100E-02      0.000E+00      0.168E+10     -0.990E+02     -0.990E+02
      0.560E-03      0.100E-02      0.000E+00      0.168E+10     -0.990E+02     -0.990E+02
      0.630E-03      0.100E-02      0.000E+00      0.168E+10     -0.990E+02     -0.990E+02
      0.710E-03      0.100E-02      0.000E+00      0.168E+10     -0.990E+02     -0.990E+02
      0.790E-03      0.100E-02      0.000E+00      0.168E+10     -0.990E+02     -0.990E+02
      0.890E-03      0.100E-02      0.000E+00      0.168E+10     -0.990E+02     -0.990E+02
      0.100E-02      0.100E-02      0.000E+00      0.168E+10     -0.990E+02     -0.990E+02
      0.105E-02      0.100E-02      0.000E+00      0.168E+10     -0.990E+02     -0.990E+02
      0.110E-02      0.100E-02      0.000E+00      0.168E+10     -0.990E+02     -0.990E+02
      0.115E-02      0.100E-02      0.000E+00      0.168E+10     -0.990E+02     -0.990E+02
      0.120E-02      0.100E-02      0.000E+00      0.168E+10     -0.990E+02     -0.990E+02
      0.126E-02      0.100E-02      0.000E+00      0.168E+10     -0.990E+02     -0.990E+02
      0.132E-02      0.100E-02      0.000E+00      0.168E+10     -0.990E+02     -0.990E+02
      0.138E-02      0.100E-02      0.000E+00      0.168E+10     -0.990E+02     -0.990E+02
      0.145E-02      0.100E-02      0.000E+00      0.168E+10     -0.990E+02     -0.990E+02
      0.151E-02      0.100E-02      0.000E+00      0.168E+10     -0.990E+02     -0.990E+02
      0.158E-02      0.100E-02      0.000E+00      0.168E+10     -0.990E+02     -0.990E+02
      0.166E-02      0.100E-02      0.000E+00      0.168E+10     -0.990E+02     -0.990E+02
      0.174E-02      0.100E-02      0.000E+00      0.168E+10     -0.990E+02     -0.990E+02
      0.182E-02      0.100E-02      0.000E+00      0.168E+10     -0.990E+02     -0.990E+02
      0.191E-02      0.100E-02      0.000E+00      0.168E+10     -0.990E+02     -0.990E+02
      0.200E-02      0.100E-02      0.000E+00      0.168E+10     -0.990E+02     -0.990E+02
      0.209E-02      0.100E-02      0.000E+00      0.168E+10     -0.990E+02     -0.990E+02
      0.219E-02      0.100E-02      0.000E+00      0.168E+10     -0.990E+02     -0.990E+02
      0.229E-02      0.100E-02      0.000E+00      0.168E+10     -0.990E+02     -0.990E+02
      0.240E-02      0.100E-02      0.000E+00      0.168E+10     -0.990E+02     -0.990E+02
      0.251E-02      0.100E-02      0.000E+00      0.168E+10     -0.990E+02     -0.990E+02
      0.263E-02      0.100E-02      0.000E+00      0.168E+10     -0.990E+02     -0.990E+02
      0.275E-02      0.100E-02      0.000E+00      0.168E+10     -0.990E+02     -0.990E+02
      0.288E-02      0.100E-02      0.000E+00      0.168E+10     -0.990E+02     -0.990E+02
      0.302E-02      0.100E-02      0.000E+00      0.168E+10     -0.990E+02     -0.990E+02
      0.316E-02      0.100E-02      0.000E+00      0.168E+10     -0.990E+02     -0.990E+02
      0.331E-02      0.100E-02      0.000E+00      0.168E+10     -0.990E+02     -0.990E+02
      0.347E-02      0.100E-02      0.000E+00      0.168E+10     -0.990E+02     -0.990E+02
      0.363E-02      0.100E-02      0.000E+00      0.168E+10     -0.990E+02     -0.990E+02
      0.380E-02      0.100E-02      0.000E+00      0.168E+10     -0.990E+02     -0.990E+02
      0.398E-02      0.100E-02      0.000E+00      0.168E+10     -0.990E+02     -0.990E+02
      0.417E-02      0.100E-02      0.000E+00      0.168E+10     -0.990E+02     -0.990E+02
      0.437E-02      0.100E-02      0.000E+00      0.168E+10     -0.990E+02     -0.990E+02
      0.457E-02      0.100E-02      0.000E+00      0.168E+10     -0.990E+02     -0.990E+02
      0.479E-02      0.100E-02      0.000E+00      0.168E+10     -0.990E+02     -0.990E+02
      0.501E-02      0.100E-02      0.000E+00      0.168E+10     -0.990E+02     -0.990E+02
      0.525E-02      0.100E-02      0.000E+00      0.168E+10     -0.990E+02     -0.990E+02
      0.550E-02      0.100E-02      0.000E+00      0.168E+10     -0.990E+02     -0.990E+02
      0.575E-02      0.100E-02      0.000E+00      0.168E+10     -0.990E+02     -0.990E+02
      0.603E-02      0.100E-02      0.000E+00      0.168E+10     -0.990E+02     -0.990E+02
      0.631E-02      0.100E-02      0.000E+00      0.168E+10     -0.990E+02     -0.990E+02
      0.661E-02      0.100E-02      0.000E+00      0.168E+10     -0.990E+02     -0.990E+02
      0.692E-02      0.100E-02      0.000E+00      0.168E+10     -0.990E+02     -0.990E+02
      0.724E-02      0.100E-02      0.000E+00      0.168E+10     -0.990E+02     -0.990E+02
      0.759E-02      0.100E-02      0.000E+00      0.168E+10     -0.990E+02     -0.990E+02
      0.794E-02      0.100E-02      0.000E+00      0.168E+10     -0.990E+02     -0.990E+02
      0.832E-02      0.100E-02      0.000E+00      0.168E+10     -0.990E+02     -0.990E+02
      0.871E-02      0.100E-02      0.000E+00      0.168E+10     -0.990E+02     -0.990E+02
      0.912E-02      0.100E-02      0.000E+00      0.168E+10     -0.990E+02     -0.990E+02
      0.955E-02      0.100E-02      0.000E+00      0.168E+10     -0.990E+02     -0.990E+02
      0.100E-01      0.100E-02      0.000E+00      0.168E+10      0.818E-01      0.543E+00
      0.105E-01      0.658E-03      0.161E-02      0.168E+10      0.817E-01      0.543E+00
      0.110E-01      0.655E-03      0.160E-02      0.168E+10      0.817E-01      0.543E+00
      0.115E-01      0.653E-03      0.160E-02      0.168E+10      0.817E-01      0.543E+00
      0.120E-01      0.653E-03      0.159E-02      0.168E+10      0.816E-01      0.543E+00
      0.126E-01      0.654E-03      0.160E-02      0.168E+10      0.815E-01      0.543E+00
      0.132E-01      0.657E-03      0.160E-02      0.168E+10      0.815E-01      0.543E+00
      0.138E-01      0.655E-03      0.160E-02      0.168E+10      0.814E-01      0.543E+00
      0.144E-01      0.650E-03      0.159E-02      0.168E+10      0.813E-01      0.543E+00
      0.151E-01      0.652E-03      0.159E-02      0.168E+10      0.813E-01      0.543E+00
      0.159E-01      0.654E-03      0.160E-02      0.168E+10      0.812E-01      0.543E+00
      0.166E-01      0.653E-03      0.159E-02      0.168E+10      0.811E-01      0.544E+00
      0.174E-01      0.654E-03      0.160E-02      0.168E+10      0.810E-01      0.543E+00
      0.182E-01      0.656E-03      0.160E-02      0.168E+10      0.809E-01      0.544E+00
      0.191E-01      0.656E-03      0.160E-02      0.168E+10      0.808E-01      0.544E+00
      0.200E-01      0.653E-03      0.159E-02      0.168E+10      0.807E-01      0.544E+00
      0.209E-01      0.651E-03      0.159E-02      0.168E+10      0.807E-01      0.545E+00
      0.219E-01      0.652E-03      0.159E-02      0.168E+10      0.804E-01      0.544E+00
      0.229E-01      0.654E-03      0.159E-02      0.168E+10      0.801E-01      0.544E+00
      0.240E-01      0.655E-03      0.159E-02      0.168E+10      0.797E-01      0.544E+00
      0.251E-01      0.657E-03      0.160E-02      0.168E+10      0.794E-01      0.543E+00
      0.263E-01      0.657E-03      0.159E-02      0.168E+10      0.791E-01      0.543E+00
      0.275E-01      0.656E-03      0.159E-02      0.168E+10      0.787E-01      0.543E+00
      0.290E-01      0.656E-03      0.159E-02      0.168E+10      0.782E-01      0.543E+00
      0.300E-01      0.658E-03      0.159E-02      0.168E+10      0.779E-01      0.543E+00
      0.310E-01      0.658E-03      0.159E-02      0.168E+10      0.776E-01      0.543E+00
      0.320E-01      0.659E-03      0.159E-02      0.168E+10      0.774E-01      0.543E+00
      0.330E-01      0.659E-03      0.159E-02      0.168E+10      0.770E-01      0.543E+00
      0.340E-01      0.660E-03      0.159E-02      0.168E+10      0.768E-01      0.543E+00
      0.350E-01      0.660E-03      0.159E-02      0.168E+10      0.765E-01      0.543E+00
      0.360E-01      0.661E-03      0.159E-02      0.168E+10      0.762E-01      0.543E+00
      0.370E-01      0.661E-03      0.160E-02      0.168E+10      0.759E-01      0.543E+00
      0.380E-01      0.662E-03      0.160E-02      0.168E+10      0.756E-01      0.544E+00
      0.390E-01      0.662E-03      0.160E-02      0.168E+10      0.753E-01      0.544E+00
      0.400E-01      0.663E-03      0.160E-02      0.168E+10      0.751E-01      0.544E+00
      0.425E-01      0.664E-03      0.160E-02      0.168E+10      0.744E-01      0.545E+00
      0.450E-01      0.666E-03      0.160E-02      0.168E+10      0.738E-01      0.546E+00
      0.475E-01      0.667E-03      0.160E-02      0.168E+10      0.732E-01      0.547E+00
      0.500E-01      0.669E-03      0.161E-02      0.168E+10      0.726E-01      0.548E+00
      0.525E-01      0.671E-03      0.161E-02      0.168E+10      0.720E-01      0.549E+00
      0.550E-01      0.673E-03      0.161E-02      0.168E+10      0.718E-01      0.550E+00
      0.571E-01      0.675E-03      0.162E-02      0.168E+10      0.715E-01      0.552E+00
      0.640E-01      0.680E-03      0.162E-02      0.168E+10      0.707E-01      0.558E+00
      0.719E-01      0.685E-03      0.164E-02      0.168E+10      0.696E-01      0.566E+00
      0.806E-01      0.691E-03      0.165E-02      0.168E+10      0.685E-01      0.576E+00
      0.905E-01      0.699E-03      0.168E-02      0.168E+10      0.672E-01      0.589E+00
      0.102E+00      0.706E-03      0.170E-02      0.168E+10      0.648E-01      0.604E+00
      0.114E+00      0.713E-03      0.172E-02      0.168E+10      0.628E-01      0.624E+00
      0.128E+00      0.722E-03      0.176E-02      0.168E+10      0.607E-01      0.648E+00
      0.143E+00      0.736E-03      0.181E-02      0.168E+10      0.591E-01      0.677E+00
      0.161E+00      0.758E-03      0.188E-02      0.168E+10      0.579E-01      0.712E+00
      0.181E+00      0.809E-03      0.198E-02      0.168E+10      0.593E-01      0.731E+00
      0.203E+00      0.882E-03      0.213E-02      0.168E+10      0.609E-01      0.746E+00
      0.227E+00      0.979E-03      0.237E-02      0.168E+10      0.639E-01      0.762E+00
      0.255E+00      0.111E-02      0.271E-02      0.168E+10      0.667E-01      0.759E+00
      0.286E+00      0.127E-02      0.308E-02      0.168E+10      0.714E-01      0.728E+00
      0.321E+00      0.146E-02      0.364E-02      0.168E+10      0.771E-01      0.714E+00
      0.360E+00      0.169E-02      0.442E-02      0.168E+10      0.810E-01      0.711E+00
      0.404E+00      0.200E-02      0.534E-02      0.168E+10      0.810E-01      0.678E+00
      0.453E+00      0.228E-02      0.598E-02      0.168E+10      0.791E-01      0.647E+00
      0.509E+00      0.253E-02      0.680E-02      0.168E+10      0.791E-01      0.641E+00
      0.571E+00      0.306E-02      0.685E-02      0.168E+10      0.294E-01      0.557E+00
      0.641E+00      0.388E-02      0.780E-02      0.168E+10     -0.257E-01      0.543E+00
      0.719E+00      0.466E-02      0.943E-02      0.168E+10     -0.665E-01      0.596E+00
      0.806E+00      0.554E-02      0.115E-01      0.168E+10     -0.846E-01      0.588E+00
      0.905E+00      0.589E-02      0.109E-01      0.168E+10     -0.611E-01      0.497E+00
      0.102E+01      0.674E-02      0.135E-01      0.168E+10     -0.303E-01      0.454E+00
      0.114E+01      0.694E-02      0.160E-01      0.168E+10      0.238E-01      0.513E+00
      0.128E+01      0.740E-02      0.178E-01      0.168E+10      0.501E-01      0.734E+00
      0.143E+01      0.182E-01      0.312E-01      0.168E+10     -0.508E-01      0.436E+00
      0.161E+01      0.230E-01      0.402E-01      0.168E+10     -0.386E-01      0.488E+00
      0.168E+01      0.214E-01      0.403E-01      0.168E+10     -0.229E-01      0.525E+00
      0.170E+01      0.208E-01      0.403E-01      0.168E+10     -0.181E-01      0.559E+00
      0.180E+01      0.196E-01      0.460E-01      0.167E+10     -0.506E-02      0.829E+00
      0.190E+01      0.227E-01      0.499E-01      0.167E+10     -0.210E-03      0.808E+00
      0.200E+01      0.269E-01      0.540E-01      0.167E+10      0.862E-02      0.545E+00
      0.210E+01      0.319E-01      0.620E-01      0.167E+10      0.793E-02      0.498E+00
      0.220E+01      0.360E-01      0.687E-01      0.167E+10     -0.160E-02      0.553E+00
      0.230E+01      0.412E-01      0.763E-01      0.167E+10     -0.102E-01      0.470E+00
      0.240E+01      0.457E-01      0.821E-01      0.166E+10     -0.254E-01      0.441E+00
      0.250E+01      0.505E-01      0.885E-01      0.166E+10     -0.508E-01      0.451E+00
      0.260E+01      0.581E-01      0.102E+00      0.166E+10     -0.803E-01      0.509E+00
      0.275E+01      0.734E-01      0.117E+00      0.165E+10     -0.121E+00      0.545E+00
      0.300E+01      0.105E+00      0.151E+00      0.164E+10     -0.145E+00      0.560E+00
      0.325E+01      0.159E+00      0.232E+00      0.163E+10     -0.230E+00      0.780E+00
      0.350E+01      0.208E+00      0.271E+00      0.160E+10     -0.245E+00      0.700E+00
      0.375E+01      0.272E+00      0.286E+00      0.157E+10     -0.239E+00      0.544E+00
      0.400E+01      0.356E+00      0.343E+00      0.153E+10     -0.247E+00      0.511E+00
      0.425E+01      0.510E+00      0.438E+00      0.148E+10     -0.325E+00      0.545E+00
      0.450E+01      0.743E+00      0.554E+00      0.141E+10     -0.428E+00      0.569E+00
      0.475E+01      0.833E+00      0.640E+00      0.130E+10     -0.424E+00      0.565E+00
      0.500E+01      0.887E+00      0.635E+00      0.118E+10     -0.428E+00      0.500E+00
      0.525E+01      0.107E+01      0.721E+00      0.105E+10     -0.488E+00      0.514E+00
      0.550E+01      0.107E+01      0.702E+00      0.898E+09     -0.533E+00      0.546E+00
      0.575E+01      0.105E+01      0.675E+00      0.744E+09     -0.578E+00      0.580E+00
      0.600E+01      0.103E+01      0.677E+00      0.595E+09     -0.557E+00      0.558E+00
      0.625E+01      0.100E+01      0.743E+00      0.450E+09     -0.598E+00      0.647E+00
      0.650E+01      0.833E+00      0.608E+00      0.308E+09     -0.623E+00      0.658E+00
      0.675E+01      0.646E+00      0.487E+00      0.191E+09     -0.673E+00      0.719E+00
      0.700E+01      0.433E+00      0.389E+00      0.998E+08     -0.775E+00      0.960E+00
      0.725E+01      0.206E+00      0.232E+00      0.391E+08     -0.805E+00      0.118E+01
      0.750E+01      0.608E-01      0.104E+00      0.102E+08     -0.864E+00      0.184E+01
      0.775E+01      0.124E-01      0.284E-01      0.173E+07     -0.963E+00      0.276E+01
      0.800E+01      0.809E-05      0.107E-03      0.113E+04     -0.135E+01      0.210E+02
      0.825E+01      0.111E-16      0.731E-10      0.155E-08     -0.204E+01      0.189E+08
      0.850E+01      0.000E+00      0.000E+00      0.000E+00     -0.990E+02     -0.990E+02
      0.875E+01      0.000E+00      0.000E+00      0.000E+00     -0.990E+02     -0.990E+02
      0.900E+01      0.000E+00      0.000E+00      0.000E+00     -0.990E+02     -0.990E+02
      0.925E+01      0.000E+00      0.000E+00      0.000E+00     -0.990E+02     -0.990E+02
      0.950E+01      0.000E+00      0.000E+00      0.000E+00     -0.990E+02     -0.990E+02
      0.975E+01      0.000E+00      0.000E+00      0.000E+00     -0.990E+02     -0.990E+02
      0.100E+02      0.000E+00      0.000E+00      0.000E+00     -0.990E+02     -0.990E+02
      0.102E+02      0.000E+00      0.000E+00      0.000E+00     -0.990E+02     -0.990E+02
      0.105E+02      0.000E+00      0.000E+00      0.000E+00     -0.990E+02     -0.990E+02
      0.108E+02      0.000E+00      0.000E+00      0.000E+00     -0.990E+02     -0.990E+02
      0.110E+02      0.000E+00      0.000E+00      0.000E+00     -0.990E+02     -0.990E+02
      0.112E+02      0.000E+00      0.000E+00      0.000E+00     -0.990E+02     -0.990E+02
      0.115E+02      0.000E+00      0.000E+00      0.000E+00     -0.990E+02     -0.990E+02
      0.118E+02      0.000E+00      0.000E+00      0.000E+00     -0.990E+02     -0.990E+02
      0.120E+02      0.000E+00      0.000E+00      0.000E+00     -0.990E+02     -0.990E+02
      0.122E+02      0.000E+00      0.000E+00      0.000E+00     -0.990E+02     -0.990E+02
      0.125E+02      0.000E+00      0.000E+00      0.000E+00     -0.990E+02     -0.990E+02
      0.128E+02      0.000E+00      0.000E+00      0.000E+00     -0.990E+02     -0.990E+02
      0.130E+02      0.000E+00      0.000E+00      0.000E+00     -0.990E+02     -0.990E+02
      0.132E+02      0.000E+00      0.000E+00      0.000E+00     -0.990E+02     -0.990E+02
      0.135E+02      0.000E+00      0.000E+00      0.000E+00     -0.990E+02     -0.990E+02
      0.138E+02      0.000E+00      0.000E+00      0.000E+00     -0.990E+02     -0.990E+02
      0.140E+02      0.000E+00      0.000E+00      0.000E+00     -0.990E+02     -0.990E+02
      0.142E+02      0.000E+00      0.000E+00      0.000E+00     -0.990E+02     -0.990E+02
      0.145E+02      0.000E+00      0.000E+00      0.000E+00     -0.990E+02     -0.990E+02
      0.148E+02      0.000E+00      0.000E+00      0.000E+00     -0.990E+02     -0.990E+02
      0.150E+02      0.000E+00      0.000E+00      0.000E+00     -0.990E+02     -0.990E+02
      0.152E+02      0.000E+00      0.000E+00      0.000E+00     -0.990E+02     -0.990E+02
      0.155E+02      0.000E+00      0.000E+00      0.000E+00     -0.990E+02     -0.990E+02
      0.158E+02      0.000E+00      0.000E+00      0.000E+00     -0.990E+02     -0.990E+02
      0.160E+02      0.000E+00      0.000E+00      0.000E+00     -0.990E+02     -0.990E+02
      0.162E+02      0.000E+00      0.000E+00      0.000E+00     -0.990E+02     -0.990E+02
      0.165E+02      0.000E+00      0.000E+00      0.000E+00     -0.990E+02     -0.990E+02
      0.168E+02      0.000E+00      0.000E+00      0.000E+00     -0.990E+02     -0.990E+02
      0.170E+02      0.000E+00      0.000E+00      0.000E+00     -0.990E+02     -0.990E+02
      0.172E+02      0.000E+00      0.000E+00      0.000E+00     -0.990E+02     -0.990E+02
      0.175E+02      0.000E+00      0.000E+00      0.000E+00     -0.990E+02     -0.990E+02
      0.178E+02      0.000E+00      0.000E+00      0.000E+00     -0.990E+02     -0.990E+02
      0.180E+02      0.000E+00      0.000E+00      0.000E+00     -0.990E+02     -0.990E+02
      0.182E+02      0.000E+00      0.000E+00      0.000E+00     -0.990E+02     -0.990E+02
      0.185E+02      0.000E+00      0.000E+00      0.000E+00     -0.990E+02     -0.990E+02
      0.188E+02      0.000E+00      0.000E+00      0.000E+00     -0.990E+02     -0.990E+02
      0.190E+02      0.000E+00      0.000E+00      0.000E+00     -0.990E+02     -0.990E+02
      0.192E+02      0.000E+00      0.000E+00      0.000E+00     -0.990E+02     -0.990E+02
      0.195E+02      0.000E+00      0.000E+00      0.000E+00     -0.990E+02     -0.990E+02
      0.198E+02      0.000E+00      0.000E+00      0.000E+00     -0.990E+02     -0.990E+02
      0.200E+02      0.000E+00      0.000E+00      0.000E+00     -0.990E+02     -0.990E+02
