      0.000E+00      0.490E+00      0.422E+00      0.100E+09     -0.990E+02     -0.990E+02
      0.100E-03      0.490E+00      0.422E+00      0.100E+09     -0.990E+02     -0.990E+02
      0.140E-03      0.490E+00      0.422E+00      0.100E+09     -0.990E+02     -0.990E+02
      0.160E-03      0.490E+00      0.422E+00      0.100E+09     -0.990E+02     -0.990E+02
      0.180E-03      0.490E+00      0.422E+00      0.100E+09     -0.990E+02     -0.990E+02
      0.200E-03      0.490E+00      0.422E+00      0.100E+09     -0.990E+02     -0.990E+02
      0.220E-03      0.490E+00      0.422E+00      0.100E+09     -0.990E+02     -0.990E+02
      0.250E-03      0.490E+00      0.422E+00      0.100E+09     -0.990E+02     -0.990E+02
      0.280E-03      0.490E+00      0.422E+00      0.100E+09     -0.990E+02     -0.990E+02
      0.320E-03      0.490E+00      0.422E+00      0.100E+09     -0.990E+02     -0.990E+02
      0.350E-03      0.490E+00      0.422E+00      0.100E+09     -0.990E+02     -0.990E+02
      0.400E-03      0.490E+00      0.422E+00      0.100E+09     -0.990E+02     -0.990E+02
      0.450E-03      0.490E+00      0.422E+00      0.100E+09     -0.990E+02     -0.990E+02
      0.500E-03      0.490E+00      0.422E+00      0.100E+09     -0.990E+02     -0.990E+02
      0.560E-03      0.490E+00      0.422E+00      0.100E+09     -0.990E+02     -0.990E+02
      0.630E-03      0.490E+00      0.422E+00      0.100E+09     -0.990E+02     -0.990E+02
      0.710E-03      0.490E+00      0.422E+00      0.100E+09     -0.990E+02     -0.990E+02
      0.790E-03      0.490E+00      0.422E+00      0.100E+09     -0.990E+02     -0.990E+02
      0.890E-03      0.490E+00      0.422E+00      0.100E+09     -0.990E+02     -0.990E+02
      0.100E-02      0.490E+00      0.422E+00      0.100E+09     -0.990E+02     -0.990E+02
      0.105E-02      0.490E+00      0.422E+00      0.100E+09     -0.990E+02     -0.990E+02
      0.110E-02      0.490E+00      0.422E+00      0.100E+09     -0.990E+02     -0.990E+02
      0.115E-02      0.490E+00      0.422E+00      0.100E+09     -0.990E+02     -0.990E+02
      0.120E-02      0.490E+00      0.422E+00      0.100E+09     -0.990E+02     -0.990E+02
      0.126E-02      0.490E+00      0.422E+00      0.100E+09     -0.990E+02     -0.990E+02
      0.132E-02      0.490E+00      0.422E+00      0.100E+09     -0.990E+02     -0.990E+02
      0.138E-02      0.490E+00      0.422E+00      0.100E+09     -0.990E+02     -0.990E+02
      0.145E-02      0.490E+00      0.422E+00      0.100E+09     -0.990E+02     -0.990E+02
      0.151E-02      0.490E+00      0.422E+00      0.100E+09     -0.990E+02     -0.990E+02
      0.158E-02      0.490E+00      0.422E+00      0.100E+09     -0.990E+02     -0.990E+02
      0.166E-02      0.490E+00      0.422E+00      0.100E+09     -0.990E+02     -0.990E+02
      0.174E-02      0.490E+00      0.422E+00      0.100E+09     -0.990E+02     -0.990E+02
      0.182E-02      0.490E+00      0.422E+00      0.100E+09     -0.990E+02     -0.990E+02
      0.191E-02      0.490E+00      0.422E+00      0.100E+09     -0.990E+02     -0.990E+02
      0.200E-02      0.490E+00      0.422E+00      0.100E+09     -0.990E+02     -0.990E+02
      0.209E-02      0.490E+00      0.422E+00      0.100E+09     -0.990E+02     -0.990E+02
      0.219E-02      0.490E+00      0.422E+00      0.100E+09     -0.990E+02     -0.990E+02
      0.229E-02      0.490E+00      0.422E+00      0.100E+09     -0.990E+02     -0.990E+02
      0.240E-02      0.490E+00      0.422E+00      0.100E+09     -0.990E+02     -0.990E+02
      0.251E-02      0.490E+00      0.422E+00      0.100E+09     -0.990E+02     -0.990E+02
      0.263E-02      0.490E+00      0.422E+00      0.100E+09     -0.990E+02     -0.990E+02
      0.275E-02      0.490E+00      0.422E+00      0.100E+09     -0.990E+02     -0.990E+02
      0.288E-02      0.490E+00      0.422E+00      0.100E+09     -0.990E+02     -0.990E+02
      0.302E-02      0.490E+00      0.422E+00      0.100E+09     -0.990E+02     -0.990E+02
      0.316E-02      0.490E+00      0.422E+00      0.100E+09     -0.990E+02     -0.990E+02
      0.331E-02      0.490E+00      0.422E+00      0.100E+09     -0.990E+02     -0.990E+02
      0.347E-02      0.490E+00      0.422E+00      0.100E+09     -0.990E+02     -0.990E+02
      0.363E-02      0.490E+00      0.422E+00      0.100E+09     -0.990E+02     -0.990E+02
      0.380E-02      0.490E+00      0.422E+00      0.100E+09     -0.990E+02     -0.990E+02
      0.398E-02      0.490E+00      0.422E+00      0.100E+09     -0.990E+02     -0.990E+02
      0.417E-02      0.490E+00      0.422E+00      0.100E+09     -0.990E+02     -0.990E+02
      0.437E-02      0.490E+00      0.422E+00      0.100E+09     -0.990E+02     -0.990E+02
      0.457E-02      0.490E+00      0.422E+00      0.100E+09     -0.990E+02     -0.990E+02
      0.479E-02      0.490E+00      0.422E+00      0.100E+09     -0.990E+02     -0.990E+02
      0.501E-02      0.490E+00      0.422E+00      0.100E+09     -0.990E+02     -0.990E+02
      0.525E-02      0.490E+00      0.422E+00      0.100E+09     -0.990E+02     -0.990E+02
      0.550E-02      0.490E+00      0.422E+00      0.100E+09     -0.990E+02     -0.990E+02
      0.575E-02      0.490E+00      0.422E+00      0.100E+09     -0.990E+02     -0.990E+02
      0.603E-02      0.490E+00      0.422E+00      0.100E+09     -0.990E+02     -0.990E+02
      0.631E-02      0.490E+00      0.422E+00      0.100E+09     -0.990E+02     -0.990E+02
      0.661E-02      0.490E+00      0.422E+00      0.100E+09     -0.990E+02     -0.990E+02
      0.692E-02      0.490E+00      0.422E+00      0.100E+09     -0.990E+02     -0.990E+02
      0.724E-02      0.490E+00      0.422E+00      0.100E+09     -0.990E+02     -0.990E+02
      0.759E-02      0.490E+00      0.422E+00      0.100E+09     -0.990E+02     -0.990E+02
      0.794E-02      0.490E+00      0.422E+00      0.100E+09     -0.990E+02     -0.990E+02
      0.832E-02      0.490E+00      0.422E+00      0.100E+09     -0.990E+02     -0.990E+02
      0.871E-02      0.490E+00      0.422E+00      0.100E+09     -0.990E+02     -0.990E+02
      0.912E-02      0.490E+00      0.422E+00      0.100E+09     -0.990E+02     -0.990E+02
      0.955E-02      0.490E+00      0.422E+00      0.100E+09     -0.990E+02     -0.990E+02
      0.100E-01      0.490E+00      0.422E+00      0.100E+09     -0.263E+00      0.530E+00
      0.105E-01      0.192E-01      0.196E-01      0.951E+08     -0.263E+00      0.530E+00
      0.110E-01      0.191E-01      0.196E-01      0.951E+08     -0.263E+00      0.530E+00
      0.115E-01      0.191E-01      0.195E-01      0.951E+08     -0.263E+00      0.530E+00
      0.120E-01      0.190E-01      0.195E-01      0.951E+08     -0.263E+00      0.529E+00
      0.126E-01      0.191E-01      0.195E-01      0.951E+08     -0.263E+00      0.529E+00
      0.132E-01      0.192E-01      0.196E-01      0.950E+08     -0.263E+00      0.529E+00
      0.138E-01      0.191E-01      0.196E-01      0.950E+08     -0.263E+00      0.529E+00
      0.144E-01      0.190E-01      0.194E-01      0.950E+08     -0.263E+00      0.528E+00
      0.151E-01      0.190E-01      0.195E-01      0.950E+08     -0.263E+00      0.528E+00
      0.159E-01      0.191E-01      0.195E-01      0.950E+08     -0.263E+00      0.528E+00
      0.166E-01      0.191E-01      0.195E-01      0.950E+08     -0.263E+00      0.527E+00
      0.174E-01      0.191E-01      0.195E-01      0.950E+08     -0.263E+00      0.527E+00
      0.182E-01      0.192E-01      0.196E-01      0.950E+08     -0.262E+00      0.527E+00
      0.191E-01      0.192E-01      0.196E-01      0.950E+08     -0.263E+00      0.527E+00
      0.200E-01      0.191E-01      0.195E-01      0.949E+08     -0.263E+00      0.526E+00
      0.209E-01      0.191E-01      0.195E-01      0.949E+08     -0.262E+00      0.526E+00
      0.219E-01      0.191E-01      0.195E-01      0.949E+08     -0.262E+00      0.526E+00
      0.229E-01      0.191E-01      0.195E-01      0.949E+08     -0.262E+00      0.525E+00
      0.240E-01      0.191E-01      0.195E-01      0.949E+08     -0.262E+00      0.525E+00
      0.251E-01      0.192E-01      0.195E-01      0.949E+08     -0.262E+00      0.525E+00
      0.263E-01      0.191E-01      0.195E-01      0.948E+08     -0.262E+00      0.524E+00
      0.275E-01      0.191E-01      0.195E-01      0.948E+08     -0.262E+00      0.523E+00
      0.290E-01      0.191E-01      0.195E-01      0.948E+08     -0.262E+00      0.523E+00
      0.300E-01      0.191E-01      0.195E-01      0.948E+08     -0.262E+00      0.523E+00
      0.310E-01      0.191E-01      0.195E-01      0.948E+08     -0.262E+00      0.523E+00
      0.320E-01      0.191E-01      0.195E-01      0.947E+08     -0.262E+00      0.522E+00
      0.330E-01      0.191E-01      0.195E-01      0.947E+08     -0.262E+00      0.522E+00
      0.340E-01      0.191E-01      0.195E-01      0.947E+08     -0.262E+00      0.522E+00
      0.350E-01      0.191E-01      0.195E-01      0.947E+08     -0.262E+00      0.521E+00
      0.360E-01      0.191E-01      0.195E-01      0.947E+08     -0.262E+00      0.521E+00
      0.370E-01      0.191E-01      0.195E-01      0.947E+08     -0.262E+00      0.521E+00
      0.380E-01      0.191E-01      0.195E-01      0.947E+08     -0.262E+00      0.520E+00
      0.390E-01      0.191E-01      0.194E-01      0.946E+08     -0.262E+00      0.520E+00
      0.400E-01      0.191E-01      0.194E-01      0.946E+08     -0.262E+00      0.520E+00
      0.425E-01      0.191E-01      0.194E-01      0.946E+08     -0.262E+00      0.519E+00
      0.450E-01      0.191E-01      0.194E-01      0.946E+08     -0.262E+00      0.518E+00
      0.475E-01      0.191E-01      0.194E-01      0.945E+08     -0.262E+00      0.518E+00
      0.500E-01      0.191E-01      0.194E-01      0.945E+08     -0.262E+00      0.517E+00
      0.525E-01      0.191E-01      0.194E-01      0.944E+08     -0.262E+00      0.517E+00
      0.550E-01      0.191E-01      0.194E-01      0.944E+08     -0.262E+00      0.517E+00
      0.571E-01      0.191E-01      0.194E-01      0.944E+08     -0.262E+00      0.516E+00
      0.640E-01      0.191E-01      0.193E-01      0.943E+08     -0.262E+00      0.515E+00
      0.719E-01      0.191E-01      0.192E-01      0.942E+08     -0.262E+00      0.514E+00
      0.806E-01      0.191E-01      0.191E-01      0.941E+08     -0.262E+00      0.514E+00
      0.905E-01      0.191E-01      0.191E-01      0.939E+08     -0.262E+00      0.514E+00
      0.102E+00      0.191E-01      0.190E-01      0.938E+08     -0.262E+00      0.515E+00
      0.114E+00      0.190E-01      0.190E-01      0.936E+08     -0.263E+00      0.516E+00
      0.128E+00      0.190E-01      0.189E-01      0.934E+08     -0.263E+00      0.517E+00
      0.143E+00      0.189E-01      0.189E-01      0.932E+08     -0.262E+00      0.519E+00
      0.161E+00      0.188E-01      0.187E-01      0.930E+08     -0.262E+00      0.523E+00
      0.181E+00      0.188E-01      0.185E-01      0.927E+08     -0.262E+00      0.526E+00
      0.203E+00      0.187E-01      0.183E-01      0.924E+08     -0.262E+00      0.533E+00
      0.227E+00      0.187E-01      0.182E-01      0.921E+08     -0.266E+00      0.544E+00
      0.255E+00      0.186E-01      0.179E-01      0.918E+08     -0.268E+00      0.546E+00
      0.286E+00      0.186E-01      0.175E-01      0.914E+08     -0.270E+00      0.548E+00
      0.321E+00      0.185E-01      0.172E-01      0.909E+08     -0.272E+00      0.558E+00
      0.360E+00      0.184E-01      0.170E-01      0.904E+08     -0.275E+00      0.580E+00
      0.404E+00      0.183E-01      0.171E-01      0.899E+08     -0.280E+00      0.619E+00
      0.453E+00      0.180E-01      0.163E-01      0.893E+08     -0.287E+00      0.618E+00
      0.509E+00      0.177E-01      0.156E-01      0.887E+08     -0.294E+00      0.604E+00
      0.571E+00      0.174E-01      0.149E-01      0.879E+08     -0.299E+00      0.586E+00
      0.641E+00      0.172E-01      0.148E-01      0.872E+08     -0.303E+00      0.595E+00
      0.719E+00      0.171E-01      0.147E-01      0.863E+08     -0.301E+00      0.607E+00
      0.806E+00      0.171E-01      0.143E-01      0.854E+08     -0.283E+00      0.557E+00
      0.905E+00      0.173E-01      0.144E-01      0.843E+08     -0.263E+00      0.503E+00
      0.102E+01      0.179E-01      0.145E-01      0.831E+08     -0.253E+00      0.466E+00
      0.114E+01      0.186E-01      0.147E-01      0.817E+08     -0.258E+00      0.454E+00
      0.128E+01      0.192E-01      0.146E-01      0.801E+08     -0.273E+00      0.457E+00
      0.143E+01      0.205E-01      0.155E-01      0.783E+08     -0.292E+00      0.473E+00
      0.161E+01      0.206E-01      0.158E-01      0.762E+08     -0.300E+00      0.476E+00
      0.168E+01      0.206E-01      0.158E-01      0.746E+08     -0.302E+00      0.483E+00
      0.170E+01      0.206E-01      0.159E-01      0.740E+08     -0.303E+00      0.487E+00
      0.180E+01      0.214E-01      0.165E-01      0.732E+08     -0.315E+00      0.495E+00
      0.190E+01      0.225E-01      0.180E-01      0.719E+08     -0.324E+00      0.530E+00
      0.200E+01      0.237E-01      0.180E-01      0.705E+08     -0.323E+00      0.524E+00
      0.210E+01      0.250E-01      0.180E-01      0.690E+08     -0.326E+00      0.500E+00
      0.220E+01      0.262E-01      0.196E-01      0.675E+08     -0.330E+00      0.511E+00
      0.230E+01      0.263E-01      0.192E-01      0.659E+08     -0.371E+00      0.537E+00
      0.240E+01      0.264E-01      0.212E-01      0.642E+08     -0.418E+00      0.677E+00
      0.250E+01      0.262E-01      0.215E-01      0.626E+08     -0.425E+00      0.710E+00
      0.260E+01      0.253E-01      0.194E-01      0.611E+08     -0.387E+00      0.600E+00
      0.275E+01      0.246E-01      0.188E-01      0.592E+08     -0.347E+00      0.555E+00
      0.300E+01      0.255E-01      0.197E-01      0.562E+08     -0.350E+00      0.580E+00
      0.325E+01      0.262E-01      0.201E-01      0.524E+08     -0.349E+00      0.565E+00
      0.350E+01      0.287E-01      0.214E-01      0.485E+08     -0.333E+00      0.493E+00
      0.375E+01      0.321E-01      0.227E-01      0.442E+08     -0.317E+00      0.433E+00
      0.400E+01      0.305E-01      0.226E-01      0.395E+08     -0.372E+00      0.516E+00
      0.425E+01      0.301E-01      0.214E-01      0.350E+08     -0.375E+00      0.500E+00
      0.450E+01      0.297E-01      0.218E-01      0.307E+08     -0.434E+00      0.587E+00
      0.475E+01      0.317E-01      0.223E-01      0.264E+08     -0.438E+00      0.513E+00
      0.500E+01      0.336E-01      0.255E-01      0.218E+08     -0.428E+00      0.494E+00
      0.525E+01      0.288E-01      0.193E-01      0.169E+08     -0.501E+00      0.553E+00
      0.550E+01      0.269E-01      0.222E-01      0.128E+08     -0.560E+00      0.787E+00
      0.575E+01      0.188E-01      0.139E-01      0.896E+07     -0.548E+00      0.641E+00
      0.600E+01      0.145E-01      0.109E-01      0.627E+07     -0.546E+00      0.660E+00
      0.625E+01      0.117E-01      0.111E-01      0.420E+07     -0.686E+00      0.104E+01
      0.650E+01      0.756E-02      0.831E-02      0.255E+07     -0.696E+00      0.116E+01
      0.675E+01      0.542E-02      0.682E-02      0.148E+07     -0.784E+00      0.137E+01
      0.700E+01      0.310E-02      0.487E-02      0.712E+06     -0.859E+00      0.194E+01
      0.725E+01      0.107E-02      0.359E-02      0.276E+06     -0.561E+00      0.214E+01
      0.750E+01      0.864E-03      0.305E-02      0.125E+06     -0.377E+00      0.181E+01
      0.775E+01      0.198E-04      0.151E-03      0.281E+04     -0.102E+01      0.106E+02
      0.800E+01      0.269E-06      0.716E-05      0.374E+02     -0.112E+01      0.418E+02
      0.825E+01      0.106E-15      0.176E-10      0.148E-07     -0.279E+01      0.706E+06
      0.850E+01      0.000E+00      0.000E+00      0.000E+00     -0.990E+02     -0.990E+02
      0.875E+01      0.000E+00      0.000E+00      0.000E+00     -0.990E+02     -0.990E+02
      0.900E+01      0.000E+00      0.000E+00      0.000E+00     -0.990E+02     -0.990E+02
      0.925E+01      0.000E+00      0.000E+00      0.000E+00     -0.990E+02     -0.990E+02
      0.950E+01      0.000E+00      0.000E+00      0.000E+00     -0.990E+02     -0.990E+02
      0.975E+01      0.000E+00      0.000E+00      0.000E+00     -0.990E+02     -0.990E+02
      0.100E+02      0.000E+00      0.000E+00      0.000E+00     -0.990E+02     -0.990E+02
      0.102E+02      0.000E+00      0.000E+00      0.000E+00     -0.990E+02     -0.990E+02
      0.105E+02      0.000E+00      0.000E+00      0.000E+00     -0.990E+02     -0.990E+02
      0.108E+02      0.000E+00      0.000E+00      0.000E+00     -0.990E+02     -0.990E+02
      0.110E+02      0.000E+00      0.000E+00      0.000E+00     -0.990E+02     -0.990E+02
      0.112E+02      0.000E+00      0.000E+00      0.000E+00     -0.990E+02     -0.990E+02
      0.115E+02      0.000E+00      0.000E+00      0.000E+00     -0.990E+02     -0.990E+02
      0.118E+02      0.000E+00      0.000E+00      0.000E+00     -0.990E+02     -0.990E+02
      0.120E+02      0.000E+00      0.000E+00      0.000E+00     -0.990E+02     -0.990E+02
      0.122E+02      0.000E+00      0.000E+00      0.000E+00     -0.990E+02     -0.990E+02
      0.125E+02      0.000E+00      0.000E+00      0.000E+00     -0.990E+02     -0.990E+02
      0.128E+02      0.000E+00      0.000E+00      0.000E+00     -0.990E+02     -0.990E+02
      0.130E+02      0.000E+00      0.000E+00      0.000E+00     -0.990E+02     -0.990E+02
      0.132E+02      0.000E+00      0.000E+00      0.000E+00     -0.990E+02     -0.990E+02
      0.135E+02      0.000E+00      0.000E+00      0.000E+00     -0.990E+02     -0.990E+02
      0.138E+02      0.000E+00      0.000E+00      0.000E+00     -0.990E+02     -0.990E+02
      0.140E+02      0.000E+00      0.000E+00      0.000E+00     -0.990E+02     -0.990E+02
      0.142E+02      0.000E+00      0.000E+00      0.000E+00     -0.990E+02     -0.990E+02
      0.145E+02      0.000E+00      0.000E+00      0.000E+00     -0.990E+02     -0.990E+02
      0.148E+02      0.000E+00      0.000E+00      0.000E+00     -0.990E+02     -0.990E+02
      0.150E+02      0.000E+00      0.000E+00      0.000E+00     -0.990E+02     -0.990E+02
      0.152E+02      0.000E+00      0.000E+00      0.000E+00     -0.990E+02     -0.990E+02
      0.155E+02      0.000E+00      0.000E+00      0.000E+00     -0.990E+02     -0.990E+02
      0.158E+02      0.000E+00      0.000E+00      0.000E+00     -0.990E+02     -0.990E+02
      0.160E+02      0.000E+00      0.000E+00      0.000E+00     -0.990E+02     -0.990E+02
      0.162E+02      0.000E+00      0.000E+00      0.000E+00     -0.990E+02     -0.990E+02
      0.165E+02      0.000E+00      0.000E+00      0.000E+00     -0.990E+02     -0.990E+02
      0.168E+02      0.000E+00      0.000E+00      0.000E+00     -0.990E+02     -0.990E+02
      0.170E+02      0.000E+00      0.000E+00      0.000E+00     -0.990E+02     -0.990E+02
      0.172E+02      0.000E+00      0.000E+00      0.000E+00     -0.990E+02     -0.990E+02
      0.175E+02      0.000E+00      0.000E+00      0.000E+00     -0.990E+02     -0.990E+02
      0.178E+02      0.000E+00      0.000E+00      0.000E+00     -0.990E+02     -0.990E+02
      0.180E+02      0.000E+00      0.000E+00      0.000E+00     -0.990E+02     -0.990E+02
      0.182E+02      0.000E+00      0.000E+00      0.000E+00     -0.990E+02     -0.990E+02
      0.185E+02      0.000E+00      0.000E+00      0.000E+00     -0.990E+02     -0.990E+02
      0.188E+02      0.000E+00      0.000E+00      0.000E+00     -0.990E+02     -0.990E+02
      0.190E+02      0.000E+00      0.000E+00      0.000E+00     -0.990E+02     -0.990E+02
      0.192E+02      0.000E+00      0.000E+00      0.000E+00     -0.990E+02     -0.990E+02
      0.195E+02      0.000E+00      0.000E+00      0.000E+00     -0.990E+02     -0.990E+02
      0.198E+02      0.000E+00      0.000E+00      0.000E+00     -0.990E+02     -0.990E+02
      0.200E+02      0.000E+00      0.000E+00      0.000E+00     -0.990E+02     -0.990E+02
