      0.000E+00      0.222E+03      0.612E+01      0.535E+10     -0.990E+02     -0.990E+02
      0.100E-03      0.222E+03      0.612E+01      0.535E+10     -0.990E+02     -0.990E+02
      0.140E-03      0.222E+03      0.612E+01      0.535E+10     -0.990E+02     -0.990E+02
      0.160E-03      0.222E+03      0.612E+01      0.535E+10     -0.990E+02     -0.990E+02
      0.180E-03      0.222E+03      0.612E+01      0.535E+10     -0.990E+02     -0.990E+02
      0.200E-03      0.222E+03      0.612E+01      0.535E+10     -0.990E+02     -0.990E+02
      0.220E-03      0.222E+03      0.612E+01      0.535E+10     -0.990E+02     -0.990E+02
      0.250E-03      0.222E+03      0.612E+01      0.535E+10     -0.990E+02     -0.990E+02
      0.280E-03      0.222E+03      0.612E+01      0.535E+10     -0.990E+02     -0.990E+02
      0.320E-03      0.222E+03      0.612E+01      0.535E+10     -0.990E+02     -0.990E+02
      0.350E-03      0.222E+03      0.612E+01      0.535E+10     -0.990E+02     -0.990E+02
      0.400E-03      0.222E+03      0.612E+01      0.535E+10     -0.990E+02     -0.990E+02
      0.450E-03      0.222E+03      0.612E+01      0.535E+10     -0.990E+02     -0.990E+02
      0.500E-03      0.222E+03      0.612E+01      0.535E+10     -0.990E+02     -0.990E+02
      0.560E-03      0.222E+03      0.612E+01      0.535E+10     -0.990E+02     -0.990E+02
      0.630E-03      0.222E+03      0.612E+01      0.535E+10     -0.990E+02     -0.990E+02
      0.710E-03      0.222E+03      0.612E+01      0.535E+10     -0.990E+02     -0.990E+02
      0.790E-03      0.222E+03      0.612E+01      0.535E+10     -0.990E+02     -0.990E+02
      0.890E-03      0.222E+03      0.612E+01      0.535E+10     -0.990E+02     -0.990E+02
      0.100E-02      0.222E+03      0.612E+01      0.535E+10     -0.990E+02     -0.990E+02
      0.105E-02      0.222E+03      0.612E+01      0.535E+10     -0.990E+02     -0.990E+02
      0.110E-02      0.222E+03      0.612E+01      0.535E+10     -0.990E+02     -0.990E+02
      0.115E-02      0.222E+03      0.612E+01      0.535E+10     -0.990E+02     -0.990E+02
      0.120E-02      0.222E+03      0.612E+01      0.535E+10     -0.990E+02     -0.990E+02
      0.126E-02      0.222E+03      0.612E+01      0.535E+10     -0.990E+02     -0.990E+02
      0.132E-02      0.222E+03      0.612E+01      0.535E+10     -0.990E+02     -0.990E+02
      0.138E-02      0.222E+03      0.612E+01      0.535E+10     -0.990E+02     -0.990E+02
      0.145E-02      0.222E+03      0.612E+01      0.535E+10     -0.990E+02     -0.990E+02
      0.151E-02      0.222E+03      0.612E+01      0.535E+10     -0.990E+02     -0.990E+02
      0.158E-02      0.222E+03      0.612E+01      0.535E+10     -0.990E+02     -0.990E+02
      0.166E-02      0.222E+03      0.612E+01      0.535E+10     -0.990E+02     -0.990E+02
      0.174E-02      0.222E+03      0.612E+01      0.535E+10     -0.990E+02     -0.990E+02
      0.182E-02      0.222E+03      0.612E+01      0.535E+10     -0.990E+02     -0.990E+02
      0.191E-02      0.222E+03      0.612E+01      0.535E+10     -0.990E+02     -0.990E+02
      0.200E-02      0.222E+03      0.612E+01      0.535E+10     -0.990E+02     -0.990E+02
      0.209E-02      0.222E+03      0.612E+01      0.535E+10     -0.990E+02     -0.990E+02
      0.219E-02      0.222E+03      0.612E+01      0.535E+10     -0.990E+02     -0.990E+02
      0.229E-02      0.222E+03      0.612E+01      0.535E+10     -0.990E+02     -0.990E+02
      0.240E-02      0.222E+03      0.612E+01      0.535E+10     -0.990E+02     -0.990E+02
      0.251E-02      0.222E+03      0.612E+01      0.535E+10     -0.990E+02     -0.990E+02
      0.263E-02      0.222E+03      0.612E+01      0.535E+10     -0.990E+02     -0.990E+02
      0.275E-02      0.222E+03      0.612E+01      0.535E+10     -0.990E+02     -0.990E+02
      0.288E-02      0.222E+03      0.612E+01      0.535E+10     -0.990E+02     -0.990E+02
      0.302E-02      0.222E+03      0.612E+01      0.535E+10     -0.990E+02     -0.990E+02
      0.316E-02      0.222E+03      0.612E+01      0.535E+10     -0.990E+02     -0.990E+02
      0.331E-02      0.222E+03      0.612E+01      0.535E+10     -0.990E+02     -0.990E+02
      0.347E-02      0.222E+03      0.612E+01      0.535E+10     -0.990E+02     -0.990E+02
      0.363E-02      0.222E+03      0.612E+01      0.535E+10     -0.990E+02     -0.990E+02
      0.380E-02      0.222E+03      0.612E+01      0.535E+10     -0.990E+02     -0.990E+02
      0.398E-02      0.222E+03      0.612E+01      0.535E+10     -0.990E+02     -0.990E+02
      0.417E-02      0.222E+03      0.612E+01      0.535E+10     -0.990E+02     -0.990E+02
      0.437E-02      0.222E+03      0.612E+01      0.535E+10     -0.990E+02     -0.990E+02
      0.457E-02      0.222E+03      0.612E+01      0.535E+10     -0.990E+02     -0.990E+02
      0.479E-02      0.222E+03      0.612E+01      0.535E+10     -0.990E+02     -0.990E+02
      0.501E-02      0.222E+03      0.612E+01      0.535E+10     -0.990E+02     -0.990E+02
      0.525E-02      0.222E+03      0.612E+01      0.535E+10     -0.990E+02     -0.990E+02
      0.550E-02      0.222E+03      0.612E+01      0.535E+10     -0.990E+02     -0.990E+02
      0.575E-02      0.222E+03      0.612E+01      0.535E+10     -0.990E+02     -0.990E+02
      0.603E-02      0.222E+03      0.612E+01      0.535E+10     -0.990E+02     -0.990E+02
      0.631E-02      0.222E+03      0.612E+01      0.535E+10     -0.990E+02     -0.990E+02
      0.661E-02      0.222E+03      0.612E+01      0.535E+10     -0.990E+02     -0.990E+02
      0.692E-02      0.222E+03      0.612E+01      0.535E+10     -0.990E+02     -0.990E+02
      0.724E-02      0.222E+03      0.612E+01      0.535E+10     -0.990E+02     -0.990E+02
      0.759E-02      0.222E+03      0.612E+01      0.535E+10     -0.990E+02     -0.990E+02
      0.794E-02      0.222E+03      0.612E+01      0.535E+10     -0.990E+02     -0.990E+02
      0.832E-02      0.222E+03      0.612E+01      0.535E+10     -0.990E+02     -0.990E+02
      0.871E-02      0.222E+03      0.612E+01      0.535E+10     -0.990E+02     -0.990E+02
      0.912E-02      0.222E+03      0.612E+01      0.535E+10     -0.990E+02     -0.990E+02
      0.955E-02      0.222E+03      0.612E+01      0.535E+10     -0.990E+02     -0.990E+02
      0.100E-01      0.222E+03      0.612E+01      0.535E+10     -0.362E+00      0.313E-07
      0.105E-01      0.920E+01      0.647E-06      0.313E+10     -0.363E+00      0.315E-07
      0.110E-01      0.917E+01      0.646E-06      0.312E+10     -0.363E+00      0.317E-07
      0.115E-01      0.915E+01      0.644E-06      0.312E+10     -0.364E+00      0.318E-07
      0.120E-01      0.914E+01      0.645E-06      0.312E+10     -0.364E+00      0.319E-07
      0.126E-01      0.917E+01      0.646E-06      0.311E+10     -0.364E+00      0.320E-07
      0.132E-01      0.922E+01      0.652E-06      0.311E+10     -0.365E+00      0.322E-07
      0.138E-01      0.921E+01      0.648E-06      0.310E+10     -0.365E+00      0.323E-07
      0.144E-01      0.914E+01      0.648E-06      0.310E+10     -0.366E+00      0.326E-07
      0.151E-01      0.918E+01      0.652E-06      0.309E+10     -0.367E+00      0.328E-07
      0.159E-01      0.922E+01      0.656E-06      0.309E+10     -0.367E+00      0.331E-07
      0.166E-01      0.923E+01      0.656E-06      0.308E+10     -0.368E+00      0.333E-07
      0.174E-01      0.925E+01      0.659E-06      0.307E+10     -0.368E+00      0.336E-07
      0.182E-01      0.929E+01      0.664E-06      0.307E+10     -0.369E+00      0.339E-07
      0.191E-01      0.929E+01      0.668E-06      0.306E+10     -0.370E+00      0.342E-07
      0.200E-01      0.926E+01      0.666E-06      0.305E+10     -0.370E+00      0.345E-07
      0.209E-01      0.926E+01      0.667E-06      0.305E+10     -0.371E+00      0.348E-07
      0.219E-01      0.928E+01      0.671E-06      0.304E+10     -0.372E+00      0.350E-07
      0.229E-01      0.931E+01      0.676E-06      0.303E+10     -0.372E+00      0.356E-07
      0.240E-01      0.931E+01      0.673E-06      0.302E+10     -0.374E+00      0.357E-07
      0.251E-01      0.936E+01      0.683E-06      0.301E+10     -0.374E+00      0.363E-07
      0.263E-01      0.938E+01      0.690E-06      0.301E+10     -0.375E+00      0.368E-07
      0.275E-01      0.935E+01      0.688E-06      0.300E+10     -0.376E+00      0.373E-07
      0.290E-01      0.939E+01      0.699E-06      0.299E+10     -0.377E+00      0.379E-07
      0.300E-01      0.941E+01      0.705E-06      0.298E+10     -0.378E+00      0.385E-07
      0.310E-01      0.943E+01      0.707E-06      0.297E+10     -0.378E+00      0.388E-07
      0.320E-01      0.944E+01      0.712E-06      0.296E+10     -0.379E+00      0.393E-07
      0.330E-01      0.945E+01      0.714E-06      0.295E+10     -0.380E+00      0.396E-07
      0.340E-01      0.945E+01      0.718E-06      0.294E+10     -0.381E+00      0.401E-07
      0.350E-01      0.946E+01      0.719E-06      0.294E+10     -0.382E+00      0.404E-07
      0.360E-01      0.947E+01      0.721E-06      0.293E+10     -0.383E+00      0.408E-07
      0.370E-01      0.948E+01      0.726E-06      0.292E+10     -0.383E+00      0.413E-07
      0.380E-01      0.949E+01      0.731E-06      0.291E+10     -0.384E+00      0.418E-07
      0.390E-01      0.950E+01      0.733E-06      0.291E+10     -0.385E+00      0.421E-07
      0.400E-01      0.952E+01      0.741E-06      0.290E+10     -0.385E+00      0.427E-07
      0.425E-01      0.955E+01      0.754E-06      0.288E+10     -0.387E+00      0.439E-07
      0.450E-01      0.957E+01      0.761E-06      0.287E+10     -0.389E+00      0.449E-07
      0.475E-01      0.963E+01      0.780E-06      0.285E+10     -0.391E+00      0.464E-07
      0.500E-01      0.964E+01      0.791E-06      0.283E+10     -0.393E+00      0.475E-07
      0.525E-01      0.968E+01      0.805E-06      0.281E+10     -0.394E+00      0.487E-07
      0.550E-01      0.970E+01      0.816E-06      0.279E+10     -0.396E+00      0.498E-07
      0.571E-01      0.974E+01      0.830E-06      0.277E+10     -0.398E+00      0.510E-07
      0.640E-01      0.983E+01      0.870E-06      0.274E+10     -0.403E+00      0.545E-07
      0.719E-01      0.992E+01      0.920E-06      0.268E+10     -0.408E+00      0.586E-07
      0.806E-01      0.100E+02      0.976E-06      0.262E+10     -0.414E+00      0.633E-07
      0.905E-01      0.975E+01      0.942E-06      0.254E+10     -0.415E+00      0.638E-07
      0.102E+00      0.946E+01      0.911E-06      0.247E+10     -0.416E+00      0.649E-07
      0.114E+00      0.911E+01      0.872E-06      0.238E+10     -0.417E+00      0.658E-07
      0.128E+00      0.873E+01      0.829E-06      0.229E+10     -0.418E+00      0.667E-07
      0.143E+00      0.826E+01      0.784E-06      0.219E+10     -0.420E+00      0.686E-07
      0.161E+00      0.779E+01      0.754E-06      0.209E+10     -0.422E+00      0.716E-07
      0.181E+00      0.723E+01      0.721E-06      0.198E+10     -0.425E+00      0.752E-07
      0.203E+00      0.661E+01      0.634E-06      0.187E+10     -0.429E+00      0.728E-07
      0.227E+00      0.593E+01      0.542E-06      0.176E+10     -0.434E+00      0.698E-07
      0.255E+00      0.513E+01      0.435E-06      0.165E+10     -0.441E+00      0.651E-07
      0.286E+00      0.426E+01      0.330E-06      0.154E+10     -0.453E+00      0.588E-07
      0.321E+00      0.328E+01      0.244E-06      0.144E+10     -0.473E+00      0.513E-07
      0.360E+00      0.283E+01      0.108E-06      0.136E+10     -0.467E+00      0.251E-07
      0.404E+00      0.256E+01      0.749E-07      0.127E+10     -0.444E+00      0.172E-07
      0.453E+00      0.226E+01      0.176E-06      0.119E+10     -0.412E+00      0.479E-07
      0.509E+00      0.193E+01      0.178E-06      0.111E+10     -0.363E+00      0.603E-07
      0.571E+00      0.154E+01      0.194E-06      0.103E+10     -0.283E+00      0.840E-07
      0.641E+00      0.234E+01      0.992E-07      0.964E+09     -0.437E+00      0.391E-07
      0.719E+00      0.348E+01      0.148E-06      0.847E+09     -0.531E+00      0.384E-07
      0.806E+00      0.475E+01      0.340E-06      0.655E+09     -0.584E+00      0.731E-07
      0.905E+00      0.362E+01      0.701E-06      0.362E+09     -0.603E+00      0.222E-06
      0.102E+01      0.140E+01      0.592E-06      0.115E+09     -0.652E+00      0.486E-06
      0.114E+01      0.702E-01      0.175E-06      0.782E+07     -0.178E+01      0.495E-05
      0.128E+01      0.193E-01      0.459E-08      0.182E+07     -0.178E+01      0.573E-06
      0.143E+01      0.268E-14      0.156E-08      0.456E-06     -0.984E+00      0.778E+06
      0.161E+01      0.160E-14      0.101E-08      0.179E-06     -0.119E+01      0.974E+06
      0.168E+01      0.983E-15      0.618E-09      0.573E-07     -0.119E+01      0.974E+06
      0.170E+01      0.808E-15      0.508E-09      0.298E-07     -0.119E+01      0.974E+06
      0.180E+01      0.441E-25      0.774E-13      0.474E-17     -0.974E+00       Infinity
      0.190E+01      0.258E-25      0.454E-13      0.204E-17     -0.974E+00       Infinity
      0.200E+01      0.766E-26      0.134E-13      0.464E-18     -0.974E+00       Infinity
      0.210E+01      0.000E+00      0.498E-20      0.446E-32      0.118E+00            NaN
      0.220E+01      0.000E+00      0.388E-20      0.317E-32      0.976E-01            NaN
      0.230E+01      0.000E+00      0.325E-20      0.222E-32      0.180E-01            NaN
      0.240E+01      0.000E+00      0.268E-20      0.157E-32     -0.221E-01            NaN
      0.250E+01      0.000E+00      0.207E-20      0.107E-32     -0.263E-01            NaN
      0.260E+01      0.000E+00      0.164E-20      0.667E-33     -0.302E-01            NaN
      0.275E+01      0.000E+00      0.646E-21      0.294E-33     -0.116E+00            NaN
      0.300E+01      0.000E+00      0.604E-22      0.351E-34     -0.394E+00            NaN
      0.325E+01      0.000E+00      0.110E-24      0.000E+00     -0.998E+00            NaN
      0.350E+01      0.000E+00      0.000E+00      0.000E+00     -0.990E+02     -0.990E+02
      0.375E+01      0.000E+00      0.000E+00      0.000E+00     -0.990E+02     -0.990E+02
      0.400E+01      0.000E+00      0.000E+00      0.000E+00     -0.990E+02     -0.990E+02
      0.425E+01      0.000E+00      0.000E+00      0.000E+00     -0.990E+02     -0.990E+02
      0.450E+01      0.000E+00      0.000E+00      0.000E+00     -0.990E+02     -0.990E+02
      0.475E+01      0.000E+00      0.000E+00      0.000E+00     -0.990E+02     -0.990E+02
      0.500E+01      0.000E+00      0.000E+00      0.000E+00     -0.990E+02     -0.990E+02
      0.525E+01      0.000E+00      0.000E+00      0.000E+00     -0.990E+02     -0.990E+02
      0.550E+01      0.000E+00      0.000E+00      0.000E+00     -0.990E+02     -0.990E+02
      0.575E+01      0.000E+00      0.000E+00      0.000E+00     -0.990E+02     -0.990E+02
      0.600E+01      0.000E+00      0.000E+00      0.000E+00     -0.990E+02     -0.990E+02
      0.625E+01      0.000E+00      0.000E+00      0.000E+00     -0.990E+02     -0.990E+02
      0.650E+01      0.000E+00      0.000E+00      0.000E+00     -0.990E+02     -0.990E+02
      0.675E+01      0.000E+00      0.000E+00      0.000E+00     -0.990E+02     -0.990E+02
      0.700E+01      0.000E+00      0.000E+00      0.000E+00     -0.990E+02     -0.990E+02
      0.725E+01      0.000E+00      0.000E+00      0.000E+00     -0.990E+02     -0.990E+02
      0.750E+01      0.000E+00      0.000E+00      0.000E+00     -0.990E+02     -0.990E+02
      0.775E+01      0.000E+00      0.000E+00      0.000E+00     -0.990E+02     -0.990E+02
      0.800E+01      0.000E+00      0.000E+00      0.000E+00     -0.990E+02     -0.990E+02
      0.825E+01      0.000E+00      0.000E+00      0.000E+00     -0.990E+02     -0.990E+02
      0.850E+01      0.000E+00      0.000E+00      0.000E+00     -0.990E+02     -0.990E+02
      0.875E+01      0.000E+00      0.000E+00      0.000E+00     -0.990E+02     -0.990E+02
      0.900E+01      0.000E+00      0.000E+00      0.000E+00     -0.990E+02     -0.990E+02
      0.925E+01      0.000E+00      0.000E+00      0.000E+00     -0.990E+02     -0.990E+02
      0.950E+01      0.000E+00      0.000E+00      0.000E+00     -0.990E+02     -0.990E+02
      0.975E+01      0.000E+00      0.000E+00      0.000E+00     -0.990E+02     -0.990E+02
      0.100E+02      0.000E+00      0.000E+00      0.000E+00     -0.990E+02     -0.990E+02
      0.102E+02      0.000E+00      0.000E+00      0.000E+00     -0.990E+02     -0.990E+02
      0.105E+02      0.000E+00      0.000E+00      0.000E+00     -0.990E+02     -0.990E+02
      0.108E+02      0.000E+00      0.000E+00      0.000E+00     -0.990E+02     -0.990E+02
      0.110E+02      0.000E+00      0.000E+00      0.000E+00     -0.990E+02     -0.990E+02
      0.112E+02      0.000E+00      0.000E+00      0.000E+00     -0.990E+02     -0.990E+02
      0.115E+02      0.000E+00      0.000E+00      0.000E+00     -0.990E+02     -0.990E+02
      0.118E+02      0.000E+00      0.000E+00      0.000E+00     -0.990E+02     -0.990E+02
      0.120E+02      0.000E+00      0.000E+00      0.000E+00     -0.990E+02     -0.990E+02
      0.122E+02      0.000E+00      0.000E+00      0.000E+00     -0.990E+02     -0.990E+02
      0.125E+02      0.000E+00      0.000E+00      0.000E+00     -0.990E+02     -0.990E+02
      0.128E+02      0.000E+00      0.000E+00      0.000E+00     -0.990E+02     -0.990E+02
      0.130E+02      0.000E+00      0.000E+00      0.000E+00     -0.990E+02     -0.990E+02
      0.132E+02      0.000E+00      0.000E+00      0.000E+00     -0.990E+02     -0.990E+02
      0.135E+02      0.000E+00      0.000E+00      0.000E+00     -0.990E+02     -0.990E+02
      0.138E+02      0.000E+00      0.000E+00      0.000E+00     -0.990E+02     -0.990E+02
      0.140E+02      0.000E+00      0.000E+00      0.000E+00     -0.990E+02     -0.990E+02
      0.142E+02      0.000E+00      0.000E+00      0.000E+00     -0.990E+02     -0.990E+02
      0.145E+02      0.000E+00      0.000E+00      0.000E+00     -0.990E+02     -0.990E+02
      0.148E+02      0.000E+00      0.000E+00      0.000E+00     -0.990E+02     -0.990E+02
      0.150E+02      0.000E+00      0.000E+00      0.000E+00     -0.990E+02     -0.990E+02
      0.152E+02      0.000E+00      0.000E+00      0.000E+00     -0.990E+02     -0.990E+02
      0.155E+02      0.000E+00      0.000E+00      0.000E+00     -0.990E+02     -0.990E+02
      0.158E+02      0.000E+00      0.000E+00      0.000E+00     -0.990E+02     -0.990E+02
      0.160E+02      0.000E+00      0.000E+00      0.000E+00     -0.990E+02     -0.990E+02
      0.162E+02      0.000E+00      0.000E+00      0.000E+00     -0.990E+02     -0.990E+02
      0.165E+02      0.000E+00      0.000E+00      0.000E+00     -0.990E+02     -0.990E+02
      0.168E+02      0.000E+00      0.000E+00      0.000E+00     -0.990E+02     -0.990E+02
      0.170E+02      0.000E+00      0.000E+00      0.000E+00     -0.990E+02     -0.990E+02
      0.172E+02      0.000E+00      0.000E+00      0.000E+00     -0.990E+02     -0.990E+02
      0.175E+02      0.000E+00      0.000E+00      0.000E+00     -0.990E+02     -0.990E+02
      0.178E+02      0.000E+00      0.000E+00      0.000E+00     -0.990E+02     -0.990E+02
      0.180E+02      0.000E+00      0.000E+00      0.000E+00     -0.990E+02     -0.990E+02
      0.182E+02      0.000E+00      0.000E+00      0.000E+00     -0.990E+02     -0.990E+02
      0.185E+02      0.000E+00      0.000E+00      0.000E+00     -0.990E+02     -0.990E+02
      0.188E+02      0.000E+00      0.000E+00      0.000E+00     -0.990E+02     -0.990E+02
      0.190E+02      0.000E+00      0.000E+00      0.000E+00     -0.990E+02     -0.990E+02
      0.192E+02      0.000E+00      0.000E+00      0.000E+00     -0.990E+02     -0.990E+02
      0.195E+02      0.000E+00      0.000E+00      0.000E+00     -0.990E+02     -0.990E+02
      0.198E+02      0.000E+00      0.000E+00      0.000E+00     -0.990E+02     -0.990E+02
      0.200E+02      0.000E+00      0.000E+00      0.000E+00     -0.990E+02     -0.990E+02
