      0.000E+00      0.771E+00      0.142E+01      0.245E+10     -0.990E+02     -0.990E+02
      0.100E-03      0.771E+00      0.142E+01      0.245E+10     -0.990E+02     -0.990E+02
      0.140E-03      0.771E+00      0.142E+01      0.245E+10     -0.990E+02     -0.990E+02
      0.160E-03      0.771E+00      0.142E+01      0.245E+10     -0.990E+02     -0.990E+02
      0.180E-03      0.771E+00      0.142E+01      0.245E+10     -0.990E+02     -0.990E+02
      0.200E-03      0.771E+00      0.142E+01      0.245E+10     -0.990E+02     -0.990E+02
      0.220E-03      0.771E+00      0.142E+01      0.245E+10     -0.990E+02     -0.990E+02
      0.250E-03      0.771E+00      0.142E+01      0.245E+10     -0.990E+02     -0.990E+02
      0.280E-03      0.771E+00      0.142E+01      0.245E+10     -0.990E+02     -0.990E+02
      0.320E-03      0.771E+00      0.142E+01      0.245E+10     -0.990E+02     -0.990E+02
      0.350E-03      0.771E+00      0.142E+01      0.245E+10     -0.990E+02     -0.990E+02
      0.400E-03      0.771E+00      0.142E+01      0.245E+10     -0.990E+02     -0.990E+02
      0.450E-03      0.771E+00      0.142E+01      0.245E+10     -0.990E+02     -0.990E+02
      0.500E-03      0.771E+00      0.142E+01      0.245E+10     -0.990E+02     -0.990E+02
      0.560E-03      0.771E+00      0.142E+01      0.245E+10     -0.990E+02     -0.990E+02
      0.630E-03      0.771E+00      0.142E+01      0.245E+10     -0.990E+02     -0.990E+02
      0.710E-03      0.771E+00      0.142E+01      0.245E+10     -0.990E+02     -0.990E+02
      0.790E-03      0.771E+00      0.142E+01      0.245E+10     -0.990E+02     -0.990E+02
      0.890E-03      0.771E+00      0.142E+01      0.245E+10     -0.990E+02     -0.990E+02
      0.100E-02      0.771E+00      0.142E+01      0.245E+10     -0.990E+02     -0.990E+02
      0.105E-02      0.771E+00      0.142E+01      0.245E+10     -0.990E+02     -0.990E+02
      0.110E-02      0.771E+00      0.142E+01      0.245E+10     -0.990E+02     -0.990E+02
      0.115E-02      0.771E+00      0.142E+01      0.245E+10     -0.990E+02     -0.990E+02
      0.120E-02      0.771E+00      0.142E+01      0.245E+10     -0.990E+02     -0.990E+02
      0.126E-02      0.771E+00      0.142E+01      0.245E+10     -0.990E+02     -0.990E+02
      0.132E-02      0.771E+00      0.142E+01      0.245E+10     -0.990E+02     -0.990E+02
      0.138E-02      0.771E+00      0.142E+01      0.245E+10     -0.990E+02     -0.990E+02
      0.145E-02      0.771E+00      0.142E+01      0.245E+10     -0.990E+02     -0.990E+02
      0.151E-02      0.771E+00      0.142E+01      0.245E+10     -0.990E+02     -0.990E+02
      0.158E-02      0.771E+00      0.142E+01      0.245E+10     -0.990E+02     -0.990E+02
      0.166E-02      0.771E+00      0.142E+01      0.245E+10     -0.990E+02     -0.990E+02
      0.174E-02      0.771E+00      0.142E+01      0.245E+10     -0.990E+02     -0.990E+02
      0.182E-02      0.771E+00      0.142E+01      0.245E+10     -0.990E+02     -0.990E+02
      0.191E-02      0.771E+00      0.142E+01      0.245E+10     -0.990E+02     -0.990E+02
      0.200E-02      0.771E+00      0.142E+01      0.245E+10     -0.990E+02     -0.990E+02
      0.209E-02      0.771E+00      0.142E+01      0.245E+10     -0.990E+02     -0.990E+02
      0.219E-02      0.771E+00      0.142E+01      0.245E+10     -0.990E+02     -0.990E+02
      0.229E-02      0.771E+00      0.142E+01      0.245E+10     -0.990E+02     -0.990E+02
      0.240E-02      0.771E+00      0.142E+01      0.245E+10     -0.990E+02     -0.990E+02
      0.251E-02      0.771E+00      0.142E+01      0.245E+10     -0.990E+02     -0.990E+02
      0.263E-02      0.771E+00      0.142E+01      0.245E+10     -0.990E+02     -0.990E+02
      0.275E-02      0.771E+00      0.142E+01      0.245E+10     -0.990E+02     -0.990E+02
      0.288E-02      0.771E+00      0.142E+01      0.245E+10     -0.990E+02     -0.990E+02
      0.302E-02      0.771E+00      0.142E+01      0.245E+10     -0.990E+02     -0.990E+02
      0.316E-02      0.771E+00      0.142E+01      0.245E+10     -0.990E+02     -0.990E+02
      0.331E-02      0.771E+00      0.142E+01      0.245E+10     -0.990E+02     -0.990E+02
      0.347E-02      0.771E+00      0.142E+01      0.245E+10     -0.990E+02     -0.990E+02
      0.363E-02      0.771E+00      0.142E+01      0.245E+10     -0.990E+02     -0.990E+02
      0.380E-02      0.771E+00      0.142E+01      0.245E+10     -0.990E+02     -0.990E+02
      0.398E-02      0.771E+00      0.142E+01      0.245E+10     -0.990E+02     -0.990E+02
      0.417E-02      0.771E+00      0.142E+01      0.245E+10     -0.990E+02     -0.990E+02
      0.437E-02      0.771E+00      0.142E+01      0.245E+10     -0.990E+02     -0.990E+02
      0.457E-02      0.771E+00      0.142E+01      0.245E+10     -0.990E+02     -0.990E+02
      0.479E-02      0.771E+00      0.142E+01      0.245E+10     -0.990E+02     -0.990E+02
      0.501E-02      0.771E+00      0.142E+01      0.245E+10     -0.990E+02     -0.990E+02
      0.525E-02      0.771E+00      0.142E+01      0.245E+10     -0.990E+02     -0.990E+02
      0.550E-02      0.771E+00      0.142E+01      0.245E+10     -0.990E+02     -0.990E+02
      0.575E-02      0.771E+00      0.142E+01      0.245E+10     -0.990E+02     -0.990E+02
      0.603E-02      0.771E+00      0.142E+01      0.245E+10     -0.990E+02     -0.990E+02
      0.631E-02      0.771E+00      0.142E+01      0.245E+10     -0.990E+02     -0.990E+02
      0.661E-02      0.771E+00      0.142E+01      0.245E+10     -0.990E+02     -0.990E+02
      0.692E-02      0.771E+00      0.142E+01      0.245E+10     -0.990E+02     -0.990E+02
      0.724E-02      0.771E+00      0.142E+01      0.245E+10     -0.990E+02     -0.990E+02
      0.759E-02      0.771E+00      0.142E+01      0.245E+10     -0.990E+02     -0.990E+02
      0.794E-02      0.771E+00      0.142E+01      0.245E+10     -0.990E+02     -0.990E+02
      0.832E-02      0.771E+00      0.142E+01      0.245E+10     -0.990E+02     -0.990E+02
      0.871E-02      0.771E+00      0.142E+01      0.245E+10     -0.990E+02     -0.990E+02
      0.912E-02      0.771E+00      0.142E+01      0.245E+10     -0.990E+02     -0.990E+02
      0.955E-02      0.771E+00      0.142E+01      0.245E+10     -0.990E+02     -0.990E+02
      0.100E-01      0.771E+00      0.142E+01      0.245E+10     -0.644E+00      0.687E+00
      0.105E-01      0.828E+01      0.528E+01      0.244E+10     -0.645E+00      0.687E+00
      0.110E-01      0.824E+01      0.525E+01      0.244E+10     -0.645E+00      0.687E+00
      0.115E-01      0.822E+01      0.523E+01      0.243E+10     -0.645E+00      0.687E+00
      0.120E-01      0.820E+01      0.522E+01      0.243E+10     -0.645E+00      0.687E+00
      0.126E-01      0.821E+01      0.522E+01      0.243E+10     -0.646E+00      0.687E+00
      0.132E-01      0.825E+01      0.524E+01      0.242E+10     -0.646E+00      0.687E+00
      0.138E-01      0.822E+01      0.522E+01      0.242E+10     -0.646E+00      0.686E+00
      0.144E-01      0.815E+01      0.517E+01      0.241E+10     -0.647E+00      0.686E+00
      0.151E-01      0.816E+01      0.518E+01      0.241E+10     -0.647E+00      0.686E+00
      0.159E-01      0.819E+01      0.519E+01      0.240E+10     -0.647E+00      0.686E+00
      0.166E-01      0.817E+01      0.518E+01      0.240E+10     -0.648E+00      0.686E+00
      0.174E-01      0.818E+01      0.518E+01      0.239E+10     -0.648E+00      0.686E+00
      0.182E-01      0.820E+01      0.518E+01      0.239E+10     -0.649E+00      0.685E+00
      0.191E-01      0.818E+01      0.517E+01      0.238E+10     -0.649E+00      0.685E+00
      0.200E-01      0.814E+01      0.514E+01      0.237E+10     -0.649E+00      0.685E+00
      0.209E-01      0.811E+01      0.512E+01      0.237E+10     -0.650E+00      0.685E+00
      0.219E-01      0.811E+01      0.511E+01      0.236E+10     -0.650E+00      0.685E+00
      0.229E-01      0.812E+01      0.511E+01      0.235E+10     -0.651E+00      0.684E+00
      0.240E-01      0.810E+01      0.510E+01      0.235E+10     -0.652E+00      0.684E+00
      0.251E-01      0.811E+01      0.510E+01      0.234E+10     -0.652E+00      0.684E+00
      0.263E-01      0.809E+01      0.508E+01      0.233E+10     -0.653E+00      0.684E+00
      0.275E-01      0.806E+01      0.505E+01      0.232E+10     -0.654E+00      0.683E+00
      0.290E-01      0.805E+01      0.504E+01      0.232E+10     -0.654E+00      0.683E+00
      0.300E-01      0.804E+01      0.503E+01      0.231E+10     -0.655E+00      0.683E+00
      0.310E-01      0.803E+01      0.502E+01      0.230E+10     -0.655E+00      0.682E+00
      0.320E-01      0.802E+01      0.501E+01      0.229E+10     -0.656E+00      0.682E+00
      0.330E-01      0.801E+01      0.500E+01      0.229E+10     -0.656E+00      0.682E+00
      0.340E-01      0.800E+01      0.499E+01      0.228E+10     -0.657E+00      0.682E+00
      0.350E-01      0.799E+01      0.498E+01      0.227E+10     -0.658E+00      0.682E+00
      0.360E-01      0.798E+01      0.497E+01      0.227E+10     -0.658E+00      0.682E+00
      0.370E-01      0.797E+01      0.495E+01      0.226E+10     -0.659E+00      0.681E+00
      0.380E-01      0.796E+01      0.494E+01      0.225E+10     -0.659E+00      0.681E+00
      0.390E-01      0.795E+01      0.493E+01      0.225E+10     -0.660E+00      0.681E+00
      0.400E-01      0.794E+01      0.492E+01      0.224E+10     -0.660E+00      0.681E+00
      0.425E-01      0.792E+01      0.490E+01      0.223E+10     -0.662E+00      0.681E+00
      0.450E-01      0.789E+01      0.487E+01      0.221E+10     -0.663E+00      0.680E+00
      0.475E-01      0.787E+01      0.484E+01      0.220E+10     -0.664E+00      0.679E+00
      0.500E-01      0.785E+01      0.482E+01      0.218E+10     -0.666E+00      0.679E+00
      0.525E-01      0.782E+01      0.479E+01      0.217E+10     -0.667E+00      0.678E+00
      0.550E-01      0.779E+01      0.476E+01      0.215E+10     -0.669E+00      0.677E+00
      0.571E-01      0.778E+01      0.474E+01      0.214E+10     -0.670E+00      0.677E+00
      0.640E-01      0.771E+01      0.467E+01      0.211E+10     -0.674E+00      0.676E+00
      0.719E-01      0.763E+01      0.458E+01      0.207E+10     -0.679E+00      0.674E+00
      0.806E-01      0.754E+01      0.449E+01      0.202E+10     -0.684E+00      0.672E+00
      0.905E-01      0.745E+01      0.439E+01      0.196E+10     -0.691E+00      0.671E+00
      0.102E+00      0.734E+01      0.428E+01      0.190E+10     -0.698E+00      0.669E+00
      0.114E+00      0.721E+01      0.416E+01      0.184E+10     -0.706E+00      0.666E+00
      0.128E+00      0.707E+01      0.402E+01      0.177E+10     -0.714E+00      0.661E+00
      0.143E+00      0.691E+01      0.388E+01      0.169E+10     -0.723E+00      0.655E+00
      0.161E+00      0.673E+01      0.371E+01      0.160E+10     -0.734E+00      0.649E+00
      0.181E+00      0.652E+01      0.354E+01      0.151E+10     -0.747E+00      0.644E+00
      0.203E+00      0.628E+01      0.335E+01      0.141E+10     -0.762E+00      0.640E+00
      0.227E+00      0.600E+01      0.316E+01      0.130E+10     -0.780E+00      0.642E+00
      0.255E+00      0.568E+01      0.298E+01      0.119E+10     -0.802E+00      0.653E+00
      0.286E+00      0.530E+01      0.279E+01      0.107E+10     -0.825E+00      0.667E+00
      0.321E+00      0.487E+01      0.258E+01      0.948E+09     -0.846E+00      0.681E+00
      0.360E+00      0.438E+01      0.234E+01      0.822E+09     -0.866E+00      0.695E+00
      0.404E+00      0.387E+01      0.208E+01      0.695E+09     -0.886E+00      0.709E+00
      0.453E+00      0.330E+01      0.181E+01      0.571E+09     -0.905E+00      0.732E+00
      0.509E+00      0.270E+01      0.158E+01      0.452E+09     -0.922E+00      0.783E+00
      0.571E+00      0.214E+01      0.137E+01      0.344E+09     -0.939E+00      0.869E+00
      0.641E+00      0.164E+01      0.115E+01      0.249E+09     -0.952E+00      0.948E+00
      0.719E+00      0.118E+01      0.919E+00      0.168E+09     -0.962E+00      0.104E+01
      0.806E+00      0.767E+00      0.711E+00      0.103E+09     -0.979E+00      0.126E+01
      0.905E+00      0.442E+00      0.502E+00      0.563E+08     -0.101E+01      0.160E+01
      0.102E+01      0.219E+00      0.319E+00      0.262E+08     -0.104E+01      0.205E+01
      0.114E+01      0.851E-01      0.181E+00      0.954E+07     -0.103E+01      0.291E+01
      0.128E+01      0.215E-01      0.613E-01      0.236E+07     -0.104E+01      0.406E+01
      0.143E+01      0.330E-02      0.170E-01      0.343E+06     -0.116E+01      0.845E+01
      0.161E+01      0.327E-05      0.146E-03      0.272E+03     -0.149E+01      0.970E+02
      0.168E+01      0.473E-06      0.315E-04      0.243E+02     -0.227E+01      0.257E+03
      0.170E+01      0.289E-06      0.225E-04      0.111E+02     -0.261E+01      0.342E+03
      0.180E+01      0.836E-08      0.191E-05      0.511E+00     -0.227E+01      0.572E+03
      0.190E+01      0.000E+00      0.000E+00      0.000E+00     -0.990E+02     -0.990E+02
      0.200E+01      0.000E+00      0.000E+00      0.000E+00     -0.990E+02     -0.990E+02
      0.210E+01      0.000E+00      0.000E+00      0.000E+00     -0.990E+02     -0.990E+02
      0.220E+01      0.000E+00      0.000E+00      0.000E+00     -0.990E+02     -0.990E+02
      0.230E+01      0.000E+00      0.000E+00      0.000E+00     -0.990E+02     -0.990E+02
      0.240E+01      0.000E+00      0.000E+00      0.000E+00     -0.990E+02     -0.990E+02
      0.250E+01      0.000E+00      0.000E+00      0.000E+00     -0.990E+02     -0.990E+02
      0.260E+01      0.000E+00      0.000E+00      0.000E+00     -0.990E+02     -0.990E+02
      0.275E+01      0.000E+00      0.000E+00      0.000E+00     -0.990E+02     -0.990E+02
      0.300E+01      0.000E+00      0.000E+00      0.000E+00     -0.990E+02     -0.990E+02
      0.325E+01      0.000E+00      0.000E+00      0.000E+00     -0.990E+02     -0.990E+02
      0.350E+01      0.000E+00      0.000E+00      0.000E+00     -0.990E+02     -0.990E+02
      0.375E+01      0.000E+00      0.000E+00      0.000E+00     -0.990E+02     -0.990E+02
      0.400E+01      0.000E+00      0.000E+00      0.000E+00     -0.990E+02     -0.990E+02
      0.425E+01      0.000E+00      0.000E+00      0.000E+00     -0.990E+02     -0.990E+02
      0.450E+01      0.000E+00      0.000E+00      0.000E+00     -0.990E+02     -0.990E+02
      0.475E+01      0.000E+00      0.000E+00      0.000E+00     -0.990E+02     -0.990E+02
      0.500E+01      0.000E+00      0.000E+00      0.000E+00     -0.990E+02     -0.990E+02
      0.525E+01      0.000E+00      0.000E+00      0.000E+00     -0.990E+02     -0.990E+02
      0.550E+01      0.000E+00      0.000E+00      0.000E+00     -0.990E+02     -0.990E+02
      0.575E+01      0.000E+00      0.000E+00      0.000E+00     -0.990E+02     -0.990E+02
      0.600E+01      0.000E+00      0.000E+00      0.000E+00     -0.990E+02     -0.990E+02
      0.625E+01      0.000E+00      0.000E+00      0.000E+00     -0.990E+02     -0.990E+02
      0.650E+01      0.000E+00      0.000E+00      0.000E+00     -0.990E+02     -0.990E+02
      0.675E+01      0.000E+00      0.000E+00      0.000E+00     -0.990E+02     -0.990E+02
      0.700E+01      0.000E+00      0.000E+00      0.000E+00     -0.990E+02     -0.990E+02
      0.725E+01      0.000E+00      0.000E+00      0.000E+00     -0.990E+02     -0.990E+02
      0.750E+01      0.000E+00      0.000E+00      0.000E+00     -0.990E+02     -0.990E+02
      0.775E+01      0.000E+00      0.000E+00      0.000E+00     -0.990E+02     -0.990E+02
      0.800E+01      0.000E+00      0.000E+00      0.000E+00     -0.990E+02     -0.990E+02
      0.825E+01      0.000E+00      0.000E+00      0.000E+00     -0.990E+02     -0.990E+02
      0.850E+01      0.000E+00      0.000E+00      0.000E+00     -0.990E+02     -0.990E+02
      0.875E+01      0.000E+00      0.000E+00      0.000E+00     -0.990E+02     -0.990E+02
      0.900E+01      0.000E+00      0.000E+00      0.000E+00     -0.990E+02     -0.990E+02
      0.925E+01      0.000E+00      0.000E+00      0.000E+00     -0.990E+02     -0.990E+02
      0.950E+01      0.000E+00      0.000E+00      0.000E+00     -0.990E+02     -0.990E+02
      0.975E+01      0.000E+00      0.000E+00      0.000E+00     -0.990E+02     -0.990E+02
      0.100E+02      0.000E+00      0.000E+00      0.000E+00     -0.990E+02     -0.990E+02
      0.102E+02      0.000E+00      0.000E+00      0.000E+00     -0.990E+02     -0.990E+02
      0.105E+02      0.000E+00      0.000E+00      0.000E+00     -0.990E+02     -0.990E+02
      0.108E+02      0.000E+00      0.000E+00      0.000E+00     -0.990E+02     -0.990E+02
      0.110E+02      0.000E+00      0.000E+00      0.000E+00     -0.990E+02     -0.990E+02
      0.112E+02      0.000E+00      0.000E+00      0.000E+00     -0.990E+02     -0.990E+02
      0.115E+02      0.000E+00      0.000E+00      0.000E+00     -0.990E+02     -0.990E+02
      0.118E+02      0.000E+00      0.000E+00      0.000E+00     -0.990E+02     -0.990E+02
      0.120E+02      0.000E+00      0.000E+00      0.000E+00     -0.990E+02     -0.990E+02
      0.122E+02      0.000E+00      0.000E+00      0.000E+00     -0.990E+02     -0.990E+02
      0.125E+02      0.000E+00      0.000E+00      0.000E+00     -0.990E+02     -0.990E+02
      0.128E+02      0.000E+00      0.000E+00      0.000E+00     -0.990E+02     -0.990E+02
      0.130E+02      0.000E+00      0.000E+00      0.000E+00     -0.990E+02     -0.990E+02
      0.132E+02      0.000E+00      0.000E+00      0.000E+00     -0.990E+02     -0.990E+02
      0.135E+02      0.000E+00      0.000E+00      0.000E+00     -0.990E+02     -0.990E+02
      0.138E+02      0.000E+00      0.000E+00      0.000E+00     -0.990E+02     -0.990E+02
      0.140E+02      0.000E+00      0.000E+00      0.000E+00     -0.990E+02     -0.990E+02
      0.142E+02      0.000E+00      0.000E+00      0.000E+00     -0.990E+02     -0.990E+02
      0.145E+02      0.000E+00      0.000E+00      0.000E+00     -0.990E+02     -0.990E+02
      0.148E+02      0.000E+00      0.000E+00      0.000E+00     -0.990E+02     -0.990E+02
      0.150E+02      0.000E+00      0.000E+00      0.000E+00     -0.990E+02     -0.990E+02
      0.152E+02      0.000E+00      0.000E+00      0.000E+00     -0.990E+02     -0.990E+02
      0.155E+02      0.000E+00      0.000E+00      0.000E+00     -0.990E+02     -0.990E+02
      0.158E+02      0.000E+00      0.000E+00      0.000E+00     -0.990E+02     -0.990E+02
      0.160E+02      0.000E+00      0.000E+00      0.000E+00     -0.990E+02     -0.990E+02
      0.162E+02      0.000E+00      0.000E+00      0.000E+00     -0.990E+02     -0.990E+02
      0.165E+02      0.000E+00      0.000E+00      0.000E+00     -0.990E+02     -0.990E+02
      0.168E+02      0.000E+00      0.000E+00      0.000E+00     -0.990E+02     -0.990E+02
      0.170E+02      0.000E+00      0.000E+00      0.000E+00     -0.990E+02     -0.990E+02
      0.172E+02      0.000E+00      0.000E+00      0.000E+00     -0.990E+02     -0.990E+02
      0.175E+02      0.000E+00      0.000E+00      0.000E+00     -0.990E+02     -0.990E+02
      0.178E+02      0.000E+00      0.000E+00      0.000E+00     -0.990E+02     -0.990E+02
      0.180E+02      0.000E+00      0.000E+00      0.000E+00     -0.990E+02     -0.990E+02
      0.182E+02      0.000E+00      0.000E+00      0.000E+00     -0.990E+02     -0.990E+02
      0.185E+02      0.000E+00      0.000E+00      0.000E+00     -0.990E+02     -0.990E+02
      0.188E+02      0.000E+00      0.000E+00      0.000E+00     -0.990E+02     -0.990E+02
      0.190E+02      0.000E+00      0.000E+00      0.000E+00     -0.990E+02     -0.990E+02
      0.192E+02      0.000E+00      0.000E+00      0.000E+00     -0.990E+02     -0.990E+02
      0.195E+02      0.000E+00      0.000E+00      0.000E+00     -0.990E+02     -0.990E+02
      0.198E+02      0.000E+00      0.000E+00      0.000E+00     -0.990E+02     -0.990E+02
      0.200E+02      0.000E+00      0.000E+00      0.000E+00     -0.990E+02     -0.990E+02
