      0.000E+00      0.546E+00      0.428E+00      0.369E+09     -0.990E+02     -0.990E+02
      0.100E-03      0.546E+00      0.428E+00      0.369E+09     -0.990E+02     -0.990E+02
      0.140E-03      0.546E+00      0.428E+00      0.369E+09     -0.990E+02     -0.990E+02
      0.160E-03      0.546E+00      0.428E+00      0.369E+09     -0.990E+02     -0.990E+02
      0.180E-03      0.546E+00      0.428E+00      0.369E+09     -0.990E+02     -0.990E+02
      0.200E-03      0.546E+00      0.428E+00      0.369E+09     -0.990E+02     -0.990E+02
      0.220E-03      0.546E+00      0.428E+00      0.369E+09     -0.990E+02     -0.990E+02
      0.250E-03      0.546E+00      0.428E+00      0.369E+09     -0.990E+02     -0.990E+02
      0.280E-03      0.546E+00      0.428E+00      0.369E+09     -0.990E+02     -0.990E+02
      0.320E-03      0.546E+00      0.428E+00      0.369E+09     -0.990E+02     -0.990E+02
      0.350E-03      0.546E+00      0.428E+00      0.369E+09     -0.990E+02     -0.990E+02
      0.400E-03      0.546E+00      0.428E+00      0.369E+09     -0.990E+02     -0.990E+02
      0.450E-03      0.546E+00      0.428E+00      0.369E+09     -0.990E+02     -0.990E+02
      0.500E-03      0.546E+00      0.428E+00      0.369E+09     -0.990E+02     -0.990E+02
      0.560E-03      0.546E+00      0.428E+00      0.369E+09     -0.990E+02     -0.990E+02
      0.630E-03      0.546E+00      0.428E+00      0.369E+09     -0.990E+02     -0.990E+02
      0.710E-03      0.546E+00      0.428E+00      0.369E+09     -0.990E+02     -0.990E+02
      0.790E-03      0.546E+00      0.428E+00      0.369E+09     -0.990E+02     -0.990E+02
      0.890E-03      0.546E+00      0.428E+00      0.369E+09     -0.990E+02     -0.990E+02
      0.100E-02      0.546E+00      0.428E+00      0.369E+09     -0.990E+02     -0.990E+02
      0.105E-02      0.546E+00      0.428E+00      0.369E+09     -0.990E+02     -0.990E+02
      0.110E-02      0.546E+00      0.428E+00      0.369E+09     -0.990E+02     -0.990E+02
      0.115E-02      0.546E+00      0.428E+00      0.369E+09     -0.990E+02     -0.990E+02
      0.120E-02      0.546E+00      0.428E+00      0.369E+09     -0.990E+02     -0.990E+02
      0.126E-02      0.546E+00      0.428E+00      0.369E+09     -0.990E+02     -0.990E+02
      0.132E-02      0.546E+00      0.428E+00      0.369E+09     -0.990E+02     -0.990E+02
      0.138E-02      0.546E+00      0.428E+00      0.369E+09     -0.990E+02     -0.990E+02
      0.145E-02      0.546E+00      0.428E+00      0.369E+09     -0.990E+02     -0.990E+02
      0.151E-02      0.546E+00      0.428E+00      0.369E+09     -0.990E+02     -0.990E+02
      0.158E-02      0.546E+00      0.428E+00      0.369E+09     -0.990E+02     -0.990E+02
      0.166E-02      0.546E+00      0.428E+00      0.369E+09     -0.990E+02     -0.990E+02
      0.174E-02      0.546E+00      0.428E+00      0.369E+09     -0.990E+02     -0.990E+02
      0.182E-02      0.546E+00      0.428E+00      0.369E+09     -0.990E+02     -0.990E+02
      0.191E-02      0.546E+00      0.428E+00      0.369E+09     -0.990E+02     -0.990E+02
      0.200E-02      0.546E+00      0.428E+00      0.369E+09     -0.990E+02     -0.990E+02
      0.209E-02      0.546E+00      0.428E+00      0.369E+09     -0.990E+02     -0.990E+02
      0.219E-02      0.546E+00      0.428E+00      0.369E+09     -0.990E+02     -0.990E+02
      0.229E-02      0.546E+00      0.428E+00      0.369E+09     -0.990E+02     -0.990E+02
      0.240E-02      0.546E+00      0.428E+00      0.369E+09     -0.990E+02     -0.990E+02
      0.251E-02      0.546E+00      0.428E+00      0.369E+09     -0.990E+02     -0.990E+02
      0.263E-02      0.546E+00      0.428E+00      0.369E+09     -0.990E+02     -0.990E+02
      0.275E-02      0.546E+00      0.428E+00      0.369E+09     -0.990E+02     -0.990E+02
      0.288E-02      0.546E+00      0.428E+00      0.369E+09     -0.990E+02     -0.990E+02
      0.302E-02      0.546E+00      0.428E+00      0.369E+09     -0.990E+02     -0.990E+02
      0.316E-02      0.546E+00      0.428E+00      0.369E+09     -0.990E+02     -0.990E+02
      0.331E-02      0.546E+00      0.428E+00      0.369E+09     -0.990E+02     -0.990E+02
      0.347E-02      0.546E+00      0.428E+00      0.369E+09     -0.990E+02     -0.990E+02
      0.363E-02      0.546E+00      0.428E+00      0.369E+09     -0.990E+02     -0.990E+02
      0.380E-02      0.546E+00      0.428E+00      0.369E+09     -0.990E+02     -0.990E+02
      0.398E-02      0.546E+00      0.428E+00      0.369E+09     -0.990E+02     -0.990E+02
      0.417E-02      0.546E+00      0.428E+00      0.369E+09     -0.990E+02     -0.990E+02
      0.437E-02      0.546E+00      0.428E+00      0.369E+09     -0.990E+02     -0.990E+02
      0.457E-02      0.546E+00      0.428E+00      0.369E+09     -0.990E+02     -0.990E+02
      0.479E-02      0.546E+00      0.428E+00      0.369E+09     -0.990E+02     -0.990E+02
      0.501E-02      0.546E+00      0.428E+00      0.369E+09     -0.990E+02     -0.990E+02
      0.525E-02      0.546E+00      0.428E+00      0.369E+09     -0.990E+02     -0.990E+02
      0.550E-02      0.546E+00      0.428E+00      0.369E+09     -0.990E+02     -0.990E+02
      0.575E-02      0.546E+00      0.428E+00      0.369E+09     -0.990E+02     -0.990E+02
      0.603E-02      0.546E+00      0.428E+00      0.369E+09     -0.990E+02     -0.990E+02
      0.631E-02      0.546E+00      0.428E+00      0.369E+09     -0.990E+02     -0.990E+02
      0.661E-02      0.546E+00      0.428E+00      0.369E+09     -0.990E+02     -0.990E+02
      0.692E-02      0.546E+00      0.428E+00      0.369E+09     -0.990E+02     -0.990E+02
      0.724E-02      0.546E+00      0.428E+00      0.369E+09     -0.990E+02     -0.990E+02
      0.759E-02      0.546E+00      0.428E+00      0.369E+09     -0.990E+02     -0.990E+02
      0.794E-02      0.546E+00      0.428E+00      0.369E+09     -0.990E+02     -0.990E+02
      0.832E-02      0.546E+00      0.428E+00      0.369E+09     -0.990E+02     -0.990E+02
      0.871E-02      0.546E+00      0.428E+00      0.369E+09     -0.990E+02     -0.990E+02
      0.912E-02      0.546E+00      0.428E+00      0.369E+09     -0.990E+02     -0.990E+02
      0.955E-02      0.546E+00      0.428E+00      0.369E+09     -0.990E+02     -0.990E+02
      0.100E-01      0.546E+00      0.428E+00      0.369E+09     -0.875E+00      0.891E+00
      0.105E-01      0.117E+01      0.754E+00      0.363E+09     -0.875E+00      0.891E+00
      0.110E-01      0.117E+01      0.750E+00      0.363E+09     -0.875E+00      0.891E+00
      0.115E-01      0.116E+01      0.747E+00      0.362E+09     -0.876E+00      0.892E+00
      0.120E-01      0.116E+01      0.746E+00      0.362E+09     -0.876E+00      0.892E+00
      0.126E-01      0.116E+01      0.746E+00      0.361E+09     -0.876E+00      0.892E+00
      0.132E-01      0.116E+01      0.748E+00      0.360E+09     -0.876E+00      0.893E+00
      0.138E-01      0.116E+01      0.744E+00      0.360E+09     -0.876E+00      0.892E+00
      0.144E-01      0.115E+01      0.738E+00      0.359E+09     -0.877E+00      0.893E+00
      0.151E-01      0.115E+01      0.738E+00      0.358E+09     -0.877E+00      0.893E+00
      0.159E-01      0.115E+01      0.739E+00      0.358E+09     -0.877E+00      0.894E+00
      0.166E-01      0.115E+01      0.737E+00      0.357E+09     -0.878E+00      0.894E+00
      0.174E-01      0.115E+01      0.736E+00      0.356E+09     -0.878E+00      0.895E+00
      0.182E-01      0.115E+01      0.737E+00      0.355E+09     -0.878E+00      0.895E+00
      0.191E-01      0.114E+01      0.734E+00      0.355E+09     -0.879E+00      0.896E+00
      0.200E-01      0.114E+01      0.729E+00      0.354E+09     -0.879E+00      0.896E+00
      0.209E-01      0.113E+01      0.726E+00      0.353E+09     -0.879E+00      0.897E+00
      0.219E-01      0.113E+01      0.724E+00      0.352E+09     -0.880E+00      0.898E+00
      0.229E-01      0.113E+01      0.724E+00      0.351E+09     -0.880E+00      0.898E+00
      0.240E-01      0.113E+01      0.721E+00      0.350E+09     -0.881E+00      0.899E+00
      0.251E-01      0.113E+01      0.721E+00      0.349E+09     -0.881E+00      0.900E+00
      0.263E-01      0.112E+01      0.718E+00      0.348E+09     -0.882E+00      0.900E+00
      0.275E-01      0.111E+01      0.713E+00      0.347E+09     -0.882E+00      0.901E+00
      0.290E-01      0.111E+01      0.710E+00      0.346E+09     -0.883E+00      0.902E+00
      0.300E-01      0.111E+01      0.708E+00      0.344E+09     -0.884E+00      0.903E+00
      0.310E-01      0.111E+01      0.706E+00      0.343E+09     -0.884E+00      0.904E+00
      0.320E-01      0.110E+01      0.704E+00      0.343E+09     -0.885E+00      0.904E+00
      0.330E-01      0.110E+01      0.702E+00      0.342E+09     -0.885E+00      0.904E+00
      0.340E-01      0.110E+01      0.699E+00      0.341E+09     -0.885E+00      0.904E+00
      0.350E-01      0.109E+01      0.697E+00      0.340E+09     -0.886E+00      0.904E+00
      0.360E-01      0.109E+01      0.695E+00      0.339E+09     -0.886E+00      0.903E+00
      0.370E-01      0.109E+01      0.692E+00      0.338E+09     -0.887E+00      0.904E+00
      0.380E-01      0.108E+01      0.690E+00      0.337E+09     -0.887E+00      0.903E+00
      0.390E-01      0.108E+01      0.688E+00      0.336E+09     -0.888E+00      0.903E+00
      0.400E-01      0.108E+01      0.685E+00      0.335E+09     -0.888E+00      0.903E+00
      0.425E-01      0.107E+01      0.680E+00      0.334E+09     -0.890E+00      0.902E+00
      0.450E-01      0.107E+01      0.674E+00      0.332E+09     -0.891E+00      0.902E+00
      0.475E-01      0.106E+01      0.669E+00      0.330E+09     -0.892E+00      0.902E+00
      0.500E-01      0.105E+01      0.663E+00      0.328E+09     -0.893E+00      0.902E+00
      0.525E-01      0.104E+01      0.658E+00      0.325E+09     -0.895E+00      0.902E+00
      0.550E-01      0.104E+01      0.652E+00      0.323E+09     -0.896E+00      0.902E+00
      0.571E-01      0.103E+01      0.648E+00      0.321E+09     -0.897E+00      0.902E+00
      0.640E-01      0.101E+01      0.633E+00      0.318E+09     -0.901E+00      0.902E+00
      0.719E-01      0.991E+00      0.616E+00      0.312E+09     -0.905E+00      0.899E+00
      0.806E-01      0.967E+00      0.596E+00      0.306E+09     -0.909E+00      0.894E+00
      0.905E-01      0.941E+00      0.574E+00      0.299E+09     -0.913E+00      0.887E+00
      0.102E+00      0.912E+00      0.550E+00      0.291E+09     -0.917E+00      0.880E+00
      0.114E+00      0.880E+00      0.525E+00      0.283E+09     -0.923E+00      0.874E+00
      0.128E+00      0.847E+00      0.499E+00      0.274E+09     -0.929E+00      0.866E+00
      0.143E+00      0.810E+00      0.472E+00      0.265E+09     -0.936E+00      0.861E+00
      0.161E+00      0.772E+00      0.446E+00      0.255E+09     -0.945E+00      0.858E+00
      0.181E+00      0.737E+00      0.420E+00      0.244E+09     -0.952E+00      0.847E+00
      0.203E+00      0.699E+00      0.396E+00      0.233E+09     -0.961E+00      0.848E+00
      0.227E+00      0.661E+00      0.375E+00      0.221E+09     -0.974E+00      0.853E+00
      0.255E+00      0.627E+00      0.357E+00      0.209E+09     -0.985E+00      0.863E+00
      0.286E+00      0.594E+00      0.341E+00      0.196E+09     -0.997E+00      0.876E+00
      0.321E+00      0.557E+00      0.317E+00      0.182E+09     -0.102E+01      0.881E+00
      0.360E+00      0.521E+00      0.293E+00      0.168E+09     -0.104E+01      0.884E+00
      0.404E+00      0.482E+00      0.274E+00      0.153E+09     -0.106E+01      0.902E+00
      0.453E+00      0.439E+00      0.251E+00      0.137E+09     -0.107E+01      0.925E+00
      0.509E+00      0.391E+00      0.236E+00      0.121E+09     -0.108E+01      0.999E+00
      0.571E+00      0.339E+00      0.216E+00      0.106E+09     -0.107E+01      0.102E+01
      0.641E+00      0.290E+00      0.193E+00      0.908E+08     -0.103E+01      0.995E+00
      0.719E+00      0.243E+00      0.179E+00      0.765E+08     -0.998E+00      0.105E+01
      0.806E+00      0.195E+00      0.153E+00      0.632E+08     -0.969E+00      0.107E+01
      0.905E+00      0.160E+00      0.124E+00      0.512E+08     -0.991E+00      0.107E+01
      0.102E+01      0.128E+00      0.111E+00      0.403E+08     -0.102E+01      0.125E+01
      0.114E+01      0.996E-01      0.946E-01      0.305E+08     -0.934E+00      0.120E+01
      0.128E+01      0.654E-01      0.769E-01      0.221E+08     -0.757E+00      0.124E+01
      0.143E+01      0.477E-01      0.686E-01      0.159E+08     -0.628E+00      0.126E+01
      0.161E+01      0.363E-01      0.576E-01      0.109E+08     -0.518E+00      0.119E+01
      0.168E+01      0.328E-01      0.546E-01      0.811E+07     -0.524E+00      0.125E+01
      0.170E+01      0.316E-01      0.528E-01      0.717E+07     -0.532E+00      0.128E+01
      0.180E+01      0.253E-01      0.418E-01      0.599E+07     -0.565E+00      0.132E+01
      0.190E+01      0.201E-01      0.369E-01      0.442E+07     -0.592E+00      0.150E+01
      0.200E+01      0.150E-01      0.305E-01      0.318E+07     -0.571E+00      0.158E+01
      0.210E+01      0.108E-01      0.245E-01      0.226E+07     -0.573E+00      0.175E+01
      0.220E+01      0.786E-02      0.208E-01      0.159E+07     -0.581E+00      0.210E+01
      0.230E+01      0.611E-02      0.172E-01      0.112E+07     -0.579E+00      0.223E+01
      0.240E+01      0.439E-02      0.138E-01      0.745E+06     -0.621E+00      0.273E+01
      0.250E+01      0.333E-02      0.122E-01      0.480E+06     -0.673E+00      0.346E+01
      0.260E+01      0.224E-02      0.923E-02      0.280E+06     -0.741E+00      0.421E+01
      0.275E+01      0.845E-03      0.385E-02      0.113E+06     -0.108E+01      0.701E+01
      0.300E+01      0.810E-04      0.540E-03      0.122E+05     -0.128E+01      0.112E+02
      0.325E+01      0.161E-05      0.292E-04      0.236E+03     -0.129E+01      0.347E+02
      0.350E+01      0.686E-29      0.588E-17      0.102E-20     -0.223E+01       Infinity
      0.375E+01      0.000E+00      0.000E+00      0.000E+00     -0.990E+02     -0.990E+02
      0.400E+01      0.000E+00      0.000E+00      0.000E+00     -0.990E+02     -0.990E+02
      0.425E+01      0.000E+00      0.000E+00      0.000E+00     -0.990E+02     -0.990E+02
      0.450E+01      0.000E+00      0.000E+00      0.000E+00     -0.990E+02     -0.990E+02
      0.475E+01      0.000E+00      0.000E+00      0.000E+00     -0.990E+02     -0.990E+02
      0.500E+01      0.000E+00      0.000E+00      0.000E+00     -0.990E+02     -0.990E+02
      0.525E+01      0.000E+00      0.000E+00      0.000E+00     -0.990E+02     -0.990E+02
      0.550E+01      0.000E+00      0.000E+00      0.000E+00     -0.990E+02     -0.990E+02
      0.575E+01      0.000E+00      0.000E+00      0.000E+00     -0.990E+02     -0.990E+02
      0.600E+01      0.000E+00      0.000E+00      0.000E+00     -0.990E+02     -0.990E+02
      0.625E+01      0.000E+00      0.000E+00      0.000E+00     -0.990E+02     -0.990E+02
      0.650E+01      0.000E+00      0.000E+00      0.000E+00     -0.990E+02     -0.990E+02
      0.675E+01      0.000E+00      0.000E+00      0.000E+00     -0.990E+02     -0.990E+02
      0.700E+01      0.000E+00      0.000E+00      0.000E+00     -0.990E+02     -0.990E+02
      0.725E+01      0.000E+00      0.000E+00      0.000E+00     -0.990E+02     -0.990E+02
      0.750E+01      0.000E+00      0.000E+00      0.000E+00     -0.990E+02     -0.990E+02
      0.775E+01      0.000E+00      0.000E+00      0.000E+00     -0.990E+02     -0.990E+02
      0.800E+01      0.000E+00      0.000E+00      0.000E+00     -0.990E+02     -0.990E+02
      0.825E+01      0.000E+00      0.000E+00      0.000E+00     -0.990E+02     -0.990E+02
      0.850E+01      0.000E+00      0.000E+00      0.000E+00     -0.990E+02     -0.990E+02
      0.875E+01      0.000E+00      0.000E+00      0.000E+00     -0.990E+02     -0.990E+02
      0.900E+01      0.000E+00      0.000E+00      0.000E+00     -0.990E+02     -0.990E+02
      0.925E+01      0.000E+00      0.000E+00      0.000E+00     -0.990E+02     -0.990E+02
      0.950E+01      0.000E+00      0.000E+00      0.000E+00     -0.990E+02     -0.990E+02
      0.975E+01      0.000E+00      0.000E+00      0.000E+00     -0.990E+02     -0.990E+02
      0.100E+02      0.000E+00      0.000E+00      0.000E+00     -0.990E+02     -0.990E+02
      0.102E+02      0.000E+00      0.000E+00      0.000E+00     -0.990E+02     -0.990E+02
      0.105E+02      0.000E+00      0.000E+00      0.000E+00     -0.990E+02     -0.990E+02
      0.108E+02      0.000E+00      0.000E+00      0.000E+00     -0.990E+02     -0.990E+02
      0.110E+02      0.000E+00      0.000E+00      0.000E+00     -0.990E+02     -0.990E+02
      0.112E+02      0.000E+00      0.000E+00      0.000E+00     -0.990E+02     -0.990E+02
      0.115E+02      0.000E+00      0.000E+00      0.000E+00     -0.990E+02     -0.990E+02
      0.118E+02      0.000E+00      0.000E+00      0.000E+00     -0.990E+02     -0.990E+02
      0.120E+02      0.000E+00      0.000E+00      0.000E+00     -0.990E+02     -0.990E+02
      0.122E+02      0.000E+00      0.000E+00      0.000E+00     -0.990E+02     -0.990E+02
      0.125E+02      0.000E+00      0.000E+00      0.000E+00     -0.990E+02     -0.990E+02
      0.128E+02      0.000E+00      0.000E+00      0.000E+00     -0.990E+02     -0.990E+02
      0.130E+02      0.000E+00      0.000E+00      0.000E+00     -0.990E+02     -0.990E+02
      0.132E+02      0.000E+00      0.000E+00      0.000E+00     -0.990E+02     -0.990E+02
      0.135E+02      0.000E+00      0.000E+00      0.000E+00     -0.990E+02     -0.990E+02
      0.138E+02      0.000E+00      0.000E+00      0.000E+00     -0.990E+02     -0.990E+02
      0.140E+02      0.000E+00      0.000E+00      0.000E+00     -0.990E+02     -0.990E+02
      0.142E+02      0.000E+00      0.000E+00      0.000E+00     -0.990E+02     -0.990E+02
      0.145E+02      0.000E+00      0.000E+00      0.000E+00     -0.990E+02     -0.990E+02
      0.148E+02      0.000E+00      0.000E+00      0.000E+00     -0.990E+02     -0.990E+02
      0.150E+02      0.000E+00      0.000E+00      0.000E+00     -0.990E+02     -0.990E+02
      0.152E+02      0.000E+00      0.000E+00      0.000E+00     -0.990E+02     -0.990E+02
      0.155E+02      0.000E+00      0.000E+00      0.000E+00     -0.990E+02     -0.990E+02
      0.158E+02      0.000E+00      0.000E+00      0.000E+00     -0.990E+02     -0.990E+02
      0.160E+02      0.000E+00      0.000E+00      0.000E+00     -0.990E+02     -0.990E+02
      0.162E+02      0.000E+00      0.000E+00      0.000E+00     -0.990E+02     -0.990E+02
      0.165E+02      0.000E+00      0.000E+00      0.000E+00     -0.990E+02     -0.990E+02
      0.168E+02      0.000E+00      0.000E+00      0.000E+00     -0.990E+02     -0.990E+02
      0.170E+02      0.000E+00      0.000E+00      0.000E+00     -0.990E+02     -0.990E+02
      0.172E+02      0.000E+00      0.000E+00      0.000E+00     -0.990E+02     -0.990E+02
      0.175E+02      0.000E+00      0.000E+00      0.000E+00     -0.990E+02     -0.990E+02
      0.178E+02      0.000E+00      0.000E+00      0.000E+00     -0.990E+02     -0.990E+02
      0.180E+02      0.000E+00      0.000E+00      0.000E+00     -0.990E+02     -0.990E+02
      0.182E+02      0.000E+00      0.000E+00      0.000E+00     -0.990E+02     -0.990E+02
      0.185E+02      0.000E+00      0.000E+00      0.000E+00     -0.990E+02     -0.990E+02
      0.188E+02      0.000E+00      0.000E+00      0.000E+00     -0.990E+02     -0.990E+02
      0.190E+02      0.000E+00      0.000E+00      0.000E+00     -0.990E+02     -0.990E+02
      0.192E+02      0.000E+00      0.000E+00      0.000E+00     -0.990E+02     -0.990E+02
      0.195E+02      0.000E+00      0.000E+00      0.000E+00     -0.990E+02     -0.990E+02
      0.198E+02      0.000E+00      0.000E+00      0.000E+00     -0.990E+02     -0.990E+02
      0.200E+02      0.000E+00      0.000E+00      0.000E+00     -0.990E+02     -0.990E+02
