      0.000E+00      0.431E+00      0.135E+00      0.214E+09     -0.990E+02     -0.990E+02
      0.100E-03      0.431E+00      0.135E+00      0.214E+09     -0.990E+02     -0.990E+02
      0.140E-03      0.431E+00      0.135E+00      0.214E+09     -0.990E+02     -0.990E+02
      0.160E-03      0.431E+00      0.135E+00      0.214E+09     -0.990E+02     -0.990E+02
      0.180E-03      0.431E+00      0.135E+00      0.214E+09     -0.990E+02     -0.990E+02
      0.200E-03      0.431E+00      0.135E+00      0.214E+09     -0.990E+02     -0.990E+02
      0.220E-03      0.431E+00      0.135E+00      0.214E+09     -0.990E+02     -0.990E+02
      0.250E-03      0.431E+00      0.135E+00      0.214E+09     -0.990E+02     -0.990E+02
      0.280E-03      0.431E+00      0.135E+00      0.214E+09     -0.990E+02     -0.990E+02
      0.320E-03      0.431E+00      0.135E+00      0.214E+09     -0.990E+02     -0.990E+02
      0.350E-03      0.431E+00      0.135E+00      0.214E+09     -0.990E+02     -0.990E+02
      0.400E-03      0.431E+00      0.135E+00      0.214E+09     -0.990E+02     -0.990E+02
      0.450E-03      0.431E+00      0.135E+00      0.214E+09     -0.990E+02     -0.990E+02
      0.500E-03      0.431E+00      0.135E+00      0.214E+09     -0.990E+02     -0.990E+02
      0.560E-03      0.431E+00      0.135E+00      0.214E+09     -0.990E+02     -0.990E+02
      0.630E-03      0.431E+00      0.135E+00      0.214E+09     -0.990E+02     -0.990E+02
      0.710E-03      0.431E+00      0.135E+00      0.214E+09     -0.990E+02     -0.990E+02
      0.790E-03      0.431E+00      0.135E+00      0.214E+09     -0.990E+02     -0.990E+02
      0.890E-03      0.431E+00      0.135E+00      0.214E+09     -0.990E+02     -0.990E+02
      0.100E-02      0.431E+00      0.135E+00      0.214E+09     -0.990E+02     -0.990E+02
      0.105E-02      0.431E+00      0.135E+00      0.214E+09     -0.990E+02     -0.990E+02
      0.110E-02      0.431E+00      0.135E+00      0.214E+09     -0.990E+02     -0.990E+02
      0.115E-02      0.431E+00      0.135E+00      0.214E+09     -0.990E+02     -0.990E+02
      0.120E-02      0.431E+00      0.135E+00      0.214E+09     -0.990E+02     -0.990E+02
      0.126E-02      0.431E+00      0.135E+00      0.214E+09     -0.990E+02     -0.990E+02
      0.132E-02      0.431E+00      0.135E+00      0.214E+09     -0.990E+02     -0.990E+02
      0.138E-02      0.431E+00      0.135E+00      0.214E+09     -0.990E+02     -0.990E+02
      0.145E-02      0.431E+00      0.135E+00      0.214E+09     -0.990E+02     -0.990E+02
      0.151E-02      0.431E+00      0.135E+00      0.214E+09     -0.990E+02     -0.990E+02
      0.158E-02      0.431E+00      0.135E+00      0.214E+09     -0.990E+02     -0.990E+02
      0.166E-02      0.431E+00      0.135E+00      0.214E+09     -0.990E+02     -0.990E+02
      0.174E-02      0.431E+00      0.135E+00      0.214E+09     -0.990E+02     -0.990E+02
      0.182E-02      0.431E+00      0.135E+00      0.214E+09     -0.990E+02     -0.990E+02
      0.191E-02      0.431E+00      0.135E+00      0.214E+09     -0.990E+02     -0.990E+02
      0.200E-02      0.431E+00      0.135E+00      0.214E+09     -0.990E+02     -0.990E+02
      0.209E-02      0.431E+00      0.135E+00      0.214E+09     -0.990E+02     -0.990E+02
      0.219E-02      0.431E+00      0.135E+00      0.214E+09     -0.990E+02     -0.990E+02
      0.229E-02      0.431E+00      0.135E+00      0.214E+09     -0.990E+02     -0.990E+02
      0.240E-02      0.431E+00      0.135E+00      0.214E+09     -0.990E+02     -0.990E+02
      0.251E-02      0.431E+00      0.135E+00      0.214E+09     -0.990E+02     -0.990E+02
      0.263E-02      0.431E+00      0.135E+00      0.214E+09     -0.990E+02     -0.990E+02
      0.275E-02      0.431E+00      0.135E+00      0.214E+09     -0.990E+02     -0.990E+02
      0.288E-02      0.431E+00      0.135E+00      0.214E+09     -0.990E+02     -0.990E+02
      0.302E-02      0.431E+00      0.135E+00      0.214E+09     -0.990E+02     -0.990E+02
      0.316E-02      0.431E+00      0.135E+00      0.214E+09     -0.990E+02     -0.990E+02
      0.331E-02      0.431E+00      0.135E+00      0.214E+09     -0.990E+02     -0.990E+02
      0.347E-02      0.431E+00      0.135E+00      0.214E+09     -0.990E+02     -0.990E+02
      0.363E-02      0.431E+00      0.135E+00      0.214E+09     -0.990E+02     -0.990E+02
      0.380E-02      0.431E+00      0.135E+00      0.214E+09     -0.990E+02     -0.990E+02
      0.398E-02      0.431E+00      0.135E+00      0.214E+09     -0.990E+02     -0.990E+02
      0.417E-02      0.431E+00      0.135E+00      0.214E+09     -0.990E+02     -0.990E+02
      0.437E-02      0.431E+00      0.135E+00      0.214E+09     -0.990E+02     -0.990E+02
      0.457E-02      0.431E+00      0.135E+00      0.214E+09     -0.990E+02     -0.990E+02
      0.479E-02      0.431E+00      0.135E+00      0.214E+09     -0.990E+02     -0.990E+02
      0.501E-02      0.431E+00      0.135E+00      0.214E+09     -0.990E+02     -0.990E+02
      0.525E-02      0.431E+00      0.135E+00      0.214E+09     -0.990E+02     -0.990E+02
      0.550E-02      0.431E+00      0.135E+00      0.214E+09     -0.990E+02     -0.990E+02
      0.575E-02      0.431E+00      0.135E+00      0.214E+09     -0.990E+02     -0.990E+02
      0.603E-02      0.431E+00      0.135E+00      0.214E+09     -0.990E+02     -0.990E+02
      0.631E-02      0.431E+00      0.135E+00      0.214E+09     -0.990E+02     -0.990E+02
      0.661E-02      0.431E+00      0.135E+00      0.214E+09     -0.990E+02     -0.990E+02
      0.692E-02      0.431E+00      0.135E+00      0.214E+09     -0.990E+02     -0.990E+02
      0.724E-02      0.431E+00      0.135E+00      0.214E+09     -0.990E+02     -0.990E+02
      0.759E-02      0.431E+00      0.135E+00      0.214E+09     -0.990E+02     -0.990E+02
      0.794E-02      0.431E+00      0.135E+00      0.214E+09     -0.990E+02     -0.990E+02
      0.832E-02      0.431E+00      0.135E+00      0.214E+09     -0.990E+02     -0.990E+02
      0.871E-02      0.431E+00      0.135E+00      0.214E+09     -0.990E+02     -0.990E+02
      0.912E-02      0.431E+00      0.135E+00      0.214E+09     -0.990E+02     -0.990E+02
      0.955E-02      0.431E+00      0.135E+00      0.214E+09     -0.990E+02     -0.990E+02
      0.100E-01      0.431E+00      0.135E+00      0.214E+09     -0.560E+00      0.944E+00
      0.105E-01      0.105E+00      0.101E+00      0.209E+09     -0.560E+00      0.942E+00
      0.110E-01      0.104E+00      0.100E+00      0.209E+09     -0.560E+00      0.941E+00
      0.115E-01      0.104E+00      0.998E-01      0.209E+09     -0.560E+00      0.940E+00
      0.120E-01      0.104E+00      0.996E-01      0.209E+09     -0.560E+00      0.939E+00
      0.126E-01      0.104E+00      0.997E-01      0.209E+09     -0.560E+00      0.938E+00
      0.132E-01      0.104E+00      0.999E-01      0.209E+09     -0.559E+00      0.936E+00
      0.138E-01      0.104E+00      0.997E-01      0.209E+09     -0.559E+00      0.936E+00
      0.144E-01      0.103E+00      0.985E-01      0.209E+09     -0.559E+00      0.932E+00
      0.151E-01      0.103E+00      0.987E-01      0.209E+09     -0.559E+00      0.931E+00
      0.159E-01      0.104E+00      0.990E-01      0.209E+09     -0.558E+00      0.930E+00
      0.166E-01      0.104E+00      0.986E-01      0.209E+09     -0.558E+00      0.928E+00
      0.174E-01      0.104E+00      0.986E-01      0.209E+09     -0.558E+00      0.926E+00
      0.182E-01      0.104E+00      0.987E-01      0.209E+09     -0.558E+00      0.924E+00
      0.191E-01      0.104E+00      0.984E-01      0.209E+09     -0.558E+00      0.922E+00
      0.200E-01      0.103E+00      0.978E-01      0.209E+09     -0.557E+00      0.919E+00
      0.209E-01      0.103E+00      0.974E-01      0.209E+09     -0.557E+00      0.917E+00
      0.219E-01      0.103E+00      0.973E-01      0.208E+09     -0.557E+00      0.915E+00
      0.229E-01      0.103E+00      0.971E-01      0.208E+09     -0.556E+00      0.912E+00
      0.240E-01      0.103E+00      0.969E-01      0.208E+09     -0.556E+00      0.910E+00
      0.251E-01      0.103E+00      0.968E-01      0.208E+09     -0.556E+00      0.907E+00
      0.263E-01      0.103E+00      0.965E-01      0.208E+09     -0.555E+00      0.905E+00
      0.275E-01      0.103E+00      0.960E-01      0.208E+09     -0.555E+00      0.902E+00
      0.290E-01      0.103E+00      0.957E-01      0.208E+09     -0.555E+00      0.899E+00
      0.300E-01      0.103E+00      0.956E-01      0.208E+09     -0.554E+00      0.896E+00
      0.310E-01      0.103E+00      0.953E-01      0.208E+09     -0.554E+00      0.894E+00
      0.320E-01      0.103E+00      0.950E-01      0.208E+09     -0.554E+00      0.891E+00
      0.330E-01      0.103E+00      0.948E-01      0.207E+09     -0.553E+00      0.888E+00
      0.340E-01      0.102E+00      0.947E-01      0.207E+09     -0.553E+00      0.887E+00
      0.350E-01      0.102E+00      0.944E-01      0.207E+09     -0.553E+00      0.884E+00
      0.360E-01      0.102E+00      0.941E-01      0.207E+09     -0.553E+00      0.881E+00
      0.370E-01      0.102E+00      0.939E-01      0.207E+09     -0.552E+00      0.879E+00
      0.380E-01      0.102E+00      0.937E-01      0.207E+09     -0.552E+00      0.878E+00
      0.390E-01      0.102E+00      0.935E-01      0.207E+09     -0.552E+00      0.875E+00
      0.400E-01      0.102E+00      0.932E-01      0.207E+09     -0.551E+00      0.873E+00
      0.425E-01      0.102E+00      0.926E-01      0.207E+09     -0.551E+00      0.867E+00
      0.450E-01      0.102E+00      0.920E-01      0.207E+09     -0.550E+00      0.861E+00
      0.475E-01      0.101E+00      0.915E-01      0.206E+09     -0.549E+00      0.855E+00
      0.500E-01      0.101E+00      0.909E-01      0.206E+09     -0.548E+00      0.850E+00
      0.525E-01      0.101E+00      0.903E-01      0.206E+09     -0.548E+00      0.844E+00
      0.550E-01      0.101E+00      0.896E-01      0.206E+09     -0.547E+00      0.839E+00
      0.571E-01      0.100E+00      0.891E-01      0.206E+09     -0.546E+00      0.835E+00
      0.640E-01      0.997E-01      0.873E-01      0.205E+09     -0.544E+00      0.819E+00
      0.719E-01      0.988E-01      0.853E-01      0.205E+09     -0.542E+00      0.802E+00
      0.806E-01      0.979E-01      0.831E-01      0.204E+09     -0.540E+00      0.783E+00
      0.905E-01      0.970E-01      0.808E-01      0.203E+09     -0.537E+00      0.762E+00
      0.102E+00      0.959E-01      0.784E-01      0.202E+09     -0.533E+00      0.740E+00
      0.114E+00      0.945E-01      0.757E-01      0.202E+09     -0.529E+00      0.716E+00
      0.128E+00      0.931E-01      0.731E-01      0.201E+09     -0.525E+00      0.691E+00
      0.143E+00      0.915E-01      0.703E-01      0.200E+09     -0.520E+00      0.666E+00
      0.161E+00      0.897E-01      0.676E-01      0.199E+09     -0.513E+00      0.642E+00
      0.181E+00      0.876E-01      0.653E-01      0.197E+09     -0.506E+00      0.622E+00
      0.203E+00      0.865E-01      0.640E-01      0.196E+09     -0.505E+00      0.619E+00
      0.227E+00      0.857E-01      0.632E-01      0.195E+09     -0.506E+00      0.620E+00
      0.255E+00      0.846E-01      0.622E-01      0.193E+09     -0.506E+00      0.622E+00
      0.286E+00      0.825E-01      0.605E-01      0.191E+09     -0.502E+00      0.620E+00
      0.321E+00      0.809E-01      0.590E-01      0.189E+09     -0.497E+00      0.616E+00
      0.360E+00      0.813E-01      0.578E-01      0.187E+09     -0.487E+00      0.597E+00
      0.404E+00      0.820E-01      0.578E-01      0.185E+09     -0.476E+00      0.587E+00
      0.453E+00      0.834E-01      0.594E-01      0.182E+09     -0.466E+00      0.586E+00
      0.509E+00      0.863E-01      0.629E-01      0.179E+09     -0.459E+00      0.592E+00
      0.571E+00      0.900E-01      0.660E-01      0.176E+09     -0.449E+00      0.571E+00
      0.641E+00      0.888E-01      0.632E-01      0.172E+09     -0.445E+00      0.562E+00
      0.719E+00      0.866E-01      0.605E-01      0.167E+09     -0.435E+00      0.550E+00
      0.806E+00      0.871E-01      0.587E-01      0.162E+09     -0.440E+00      0.525E+00
      0.905E+00      0.895E-01      0.623E-01      0.157E+09     -0.462E+00      0.555E+00
      0.102E+01      0.911E-01      0.686E-01      0.151E+09     -0.471E+00      0.587E+00
      0.114E+01      0.889E-01      0.633E-01      0.144E+09     -0.463E+00      0.549E+00
      0.128E+01      0.860E-01      0.657E-01      0.136E+09     -0.476E+00      0.644E+00
      0.143E+01      0.805E-01      0.540E-01      0.128E+09     -0.489E+00      0.549E+00
      0.161E+01      0.788E-01      0.523E-01      0.120E+09     -0.477E+00      0.527E+00
      0.168E+01      0.765E-01      0.528E-01      0.114E+09     -0.476E+00      0.558E+00
      0.170E+01      0.760E-01      0.526E-01      0.112E+09     -0.477E+00      0.561E+00
      0.180E+01      0.731E-01      0.497E-01      0.109E+09     -0.499E+00      0.564E+00
      0.190E+01      0.763E-01      0.509E-01      0.104E+09     -0.521E+00      0.572E+00
      0.200E+01      0.793E-01      0.536E-01      0.994E+08     -0.542E+00      0.613E+00
      0.210E+01      0.786E-01      0.506E-01      0.946E+08     -0.541E+00      0.558E+00
      0.220E+01      0.783E-01      0.498E-01      0.898E+08     -0.541E+00      0.546E+00
      0.230E+01      0.786E-01      0.473E-01      0.850E+08     -0.531E+00      0.502E+00
      0.240E+01      0.773E-01      0.459E-01      0.802E+08     -0.522E+00      0.482E+00
      0.250E+01      0.755E-01      0.485E-01      0.756E+08     -0.522E+00      0.527E+00
      0.260E+01      0.754E-01      0.501E-01      0.710E+08     -0.527E+00      0.540E+00
      0.275E+01      0.820E-01      0.551E-01      0.653E+08     -0.513E+00      0.536E+00
      0.300E+01      0.750E-01      0.459E-01      0.555E+08     -0.533E+00      0.482E+00
      0.325E+01      0.739E-01      0.419E-01      0.444E+08     -0.617E+00      0.544E+00
      0.350E+01      0.678E-01      0.428E-01      0.335E+08     -0.707E+00      0.698E+00
      0.375E+01      0.529E-01      0.369E-01      0.236E+08     -0.732E+00      0.758E+00
      0.400E+01      0.398E-01      0.301E-01      0.159E+08     -0.901E+00      0.102E+01
      0.425E+01      0.393E-01      0.360E-01      0.101E+08     -0.116E+01      0.164E+01
      0.450E+01      0.171E-01      0.171E-01      0.444E+07     -0.105E+01      0.145E+01
      0.475E+01      0.935E-02      0.112E-01      0.199E+07     -0.123E+01      0.203E+01
      0.500E+01      0.450E-02      0.554E-02      0.655E+06     -0.174E+01      0.299E+01
      0.525E+01      0.757E-04      0.227E-03      0.108E+05     -0.311E+01      0.137E+02
      0.550E+01      0.816E-07      0.148E-04      0.116E+02     -0.849E+00      0.200E+03
      0.575E+01      0.532E-33      0.215E-18      0.764E-25     -0.228E+01            NaN
      0.600E+01      0.000E+00      0.000E+00      0.000E+00     -0.990E+02     -0.990E+02
      0.625E+01      0.000E+00      0.000E+00      0.000E+00     -0.990E+02     -0.990E+02
      0.650E+01      0.000E+00      0.000E+00      0.000E+00     -0.990E+02     -0.990E+02
      0.675E+01      0.000E+00      0.000E+00      0.000E+00     -0.990E+02     -0.990E+02
      0.700E+01      0.000E+00      0.000E+00      0.000E+00     -0.990E+02     -0.990E+02
      0.725E+01      0.000E+00      0.000E+00      0.000E+00     -0.990E+02     -0.990E+02
      0.750E+01      0.000E+00      0.000E+00      0.000E+00     -0.990E+02     -0.990E+02
      0.775E+01      0.000E+00      0.000E+00      0.000E+00     -0.990E+02     -0.990E+02
      0.800E+01      0.000E+00      0.000E+00      0.000E+00     -0.990E+02     -0.990E+02
      0.825E+01      0.000E+00      0.000E+00      0.000E+00     -0.990E+02     -0.990E+02
      0.850E+01      0.000E+00      0.000E+00      0.000E+00     -0.990E+02     -0.990E+02
      0.875E+01      0.000E+00      0.000E+00      0.000E+00     -0.990E+02     -0.990E+02
      0.900E+01      0.000E+00      0.000E+00      0.000E+00     -0.990E+02     -0.990E+02
      0.925E+01      0.000E+00      0.000E+00      0.000E+00     -0.990E+02     -0.990E+02
      0.950E+01      0.000E+00      0.000E+00      0.000E+00     -0.990E+02     -0.990E+02
      0.975E+01      0.000E+00      0.000E+00      0.000E+00     -0.990E+02     -0.990E+02
      0.100E+02      0.000E+00      0.000E+00      0.000E+00     -0.990E+02     -0.990E+02
      0.102E+02      0.000E+00      0.000E+00      0.000E+00     -0.990E+02     -0.990E+02
      0.105E+02      0.000E+00      0.000E+00      0.000E+00     -0.990E+02     -0.990E+02
      0.108E+02      0.000E+00      0.000E+00      0.000E+00     -0.990E+02     -0.990E+02
      0.110E+02      0.000E+00      0.000E+00      0.000E+00     -0.990E+02     -0.990E+02
      0.112E+02      0.000E+00      0.000E+00      0.000E+00     -0.990E+02     -0.990E+02
      0.115E+02      0.000E+00      0.000E+00      0.000E+00     -0.990E+02     -0.990E+02
      0.118E+02      0.000E+00      0.000E+00      0.000E+00     -0.990E+02     -0.990E+02
      0.120E+02      0.000E+00      0.000E+00      0.000E+00     -0.990E+02     -0.990E+02
      0.122E+02      0.000E+00      0.000E+00      0.000E+00     -0.990E+02     -0.990E+02
      0.125E+02      0.000E+00      0.000E+00      0.000E+00     -0.990E+02     -0.990E+02
      0.128E+02      0.000E+00      0.000E+00      0.000E+00     -0.990E+02     -0.990E+02
      0.130E+02      0.000E+00      0.000E+00      0.000E+00     -0.990E+02     -0.990E+02
      0.132E+02      0.000E+00      0.000E+00      0.000E+00     -0.990E+02     -0.990E+02
      0.135E+02      0.000E+00      0.000E+00      0.000E+00     -0.990E+02     -0.990E+02
      0.138E+02      0.000E+00      0.000E+00      0.000E+00     -0.990E+02     -0.990E+02
      0.140E+02      0.000E+00      0.000E+00      0.000E+00     -0.990E+02     -0.990E+02
      0.142E+02      0.000E+00      0.000E+00      0.000E+00     -0.990E+02     -0.990E+02
      0.145E+02      0.000E+00      0.000E+00      0.000E+00     -0.990E+02     -0.990E+02
      0.148E+02      0.000E+00      0.000E+00      0.000E+00     -0.990E+02     -0.990E+02
      0.150E+02      0.000E+00      0.000E+00      0.000E+00     -0.990E+02     -0.990E+02
      0.152E+02      0.000E+00      0.000E+00      0.000E+00     -0.990E+02     -0.990E+02
      0.155E+02      0.000E+00      0.000E+00      0.000E+00     -0.990E+02     -0.990E+02
      0.158E+02      0.000E+00      0.000E+00      0.000E+00     -0.990E+02     -0.990E+02
      0.160E+02      0.000E+00      0.000E+00      0.000E+00     -0.990E+02     -0.990E+02
      0.162E+02      0.000E+00      0.000E+00      0.000E+00     -0.990E+02     -0.990E+02
      0.165E+02      0.000E+00      0.000E+00      0.000E+00     -0.990E+02     -0.990E+02
      0.168E+02      0.000E+00      0.000E+00      0.000E+00     -0.990E+02     -0.990E+02
      0.170E+02      0.000E+00      0.000E+00      0.000E+00     -0.990E+02     -0.990E+02
      0.172E+02      0.000E+00      0.000E+00      0.000E+00     -0.990E+02     -0.990E+02
      0.175E+02      0.000E+00      0.000E+00      0.000E+00     -0.990E+02     -0.990E+02
      0.178E+02      0.000E+00      0.000E+00      0.000E+00     -0.990E+02     -0.990E+02
      0.180E+02      0.000E+00      0.000E+00      0.000E+00     -0.990E+02     -0.990E+02
      0.182E+02      0.000E+00      0.000E+00      0.000E+00     -0.990E+02     -0.990E+02
      0.185E+02      0.000E+00      0.000E+00      0.000E+00     -0.990E+02     -0.990E+02
      0.188E+02      0.000E+00      0.000E+00      0.000E+00     -0.990E+02     -0.990E+02
      0.190E+02      0.000E+00      0.000E+00      0.000E+00     -0.990E+02     -0.990E+02
      0.192E+02      0.000E+00      0.000E+00      0.000E+00     -0.990E+02     -0.990E+02
      0.195E+02      0.000E+00      0.000E+00      0.000E+00     -0.990E+02     -0.990E+02
      0.198E+02      0.000E+00      0.000E+00      0.000E+00     -0.990E+02     -0.990E+02
      0.200E+02      0.000E+00      0.000E+00      0.000E+00     -0.990E+02     -0.990E+02
