      0.000E+00      0.278E+01      0.136E+01      0.113E+10     -0.990E+02     -0.990E+02
      0.100E-03      0.278E+01      0.136E+01      0.113E+10     -0.990E+02     -0.990E+02
      0.140E-03      0.278E+01      0.136E+01      0.113E+10     -0.990E+02     -0.990E+02
      0.160E-03      0.278E+01      0.136E+01      0.113E+10     -0.990E+02     -0.990E+02
      0.180E-03      0.278E+01      0.136E+01      0.113E+10     -0.990E+02     -0.990E+02
      0.200E-03      0.278E+01      0.136E+01      0.113E+10     -0.990E+02     -0.990E+02
      0.220E-03      0.278E+01      0.136E+01      0.113E+10     -0.990E+02     -0.990E+02
      0.250E-03      0.278E+01      0.136E+01      0.113E+10     -0.990E+02     -0.990E+02
      0.280E-03      0.278E+01      0.136E+01      0.113E+10     -0.990E+02     -0.990E+02
      0.320E-03      0.278E+01      0.136E+01      0.113E+10     -0.990E+02     -0.990E+02
      0.350E-03      0.278E+01      0.136E+01      0.113E+10     -0.990E+02     -0.990E+02
      0.400E-03      0.278E+01      0.136E+01      0.113E+10     -0.990E+02     -0.990E+02
      0.450E-03      0.278E+01      0.136E+01      0.113E+10     -0.990E+02     -0.990E+02
      0.500E-03      0.278E+01      0.136E+01      0.113E+10     -0.990E+02     -0.990E+02
      0.560E-03      0.278E+01      0.136E+01      0.113E+10     -0.990E+02     -0.990E+02
      0.630E-03      0.278E+01      0.136E+01      0.113E+10     -0.990E+02     -0.990E+02
      0.710E-03      0.278E+01      0.136E+01      0.113E+10     -0.990E+02     -0.990E+02
      0.790E-03      0.278E+01      0.136E+01      0.113E+10     -0.990E+02     -0.990E+02
      0.890E-03      0.278E+01      0.136E+01      0.113E+10     -0.990E+02     -0.990E+02
      0.100E-02      0.278E+01      0.136E+01      0.113E+10     -0.990E+02     -0.990E+02
      0.105E-02      0.278E+01      0.136E+01      0.113E+10     -0.990E+02     -0.990E+02
      0.110E-02      0.278E+01      0.136E+01      0.113E+10     -0.990E+02     -0.990E+02
      0.115E-02      0.278E+01      0.136E+01      0.113E+10     -0.990E+02     -0.990E+02
      0.120E-02      0.278E+01      0.136E+01      0.113E+10     -0.990E+02     -0.990E+02
      0.126E-02      0.278E+01      0.136E+01      0.113E+10     -0.990E+02     -0.990E+02
      0.132E-02      0.278E+01      0.136E+01      0.113E+10     -0.990E+02     -0.990E+02
      0.138E-02      0.278E+01      0.136E+01      0.113E+10     -0.990E+02     -0.990E+02
      0.145E-02      0.278E+01      0.136E+01      0.113E+10     -0.990E+02     -0.990E+02
      0.151E-02      0.278E+01      0.136E+01      0.113E+10     -0.990E+02     -0.990E+02
      0.158E-02      0.278E+01      0.136E+01      0.113E+10     -0.990E+02     -0.990E+02
      0.166E-02      0.278E+01      0.136E+01      0.113E+10     -0.990E+02     -0.990E+02
      0.174E-02      0.278E+01      0.136E+01      0.113E+10     -0.990E+02     -0.990E+02
      0.182E-02      0.278E+01      0.136E+01      0.113E+10     -0.990E+02     -0.990E+02
      0.191E-02      0.278E+01      0.136E+01      0.113E+10     -0.990E+02     -0.990E+02
      0.200E-02      0.278E+01      0.136E+01      0.113E+10     -0.990E+02     -0.990E+02
      0.209E-02      0.278E+01      0.136E+01      0.113E+10     -0.990E+02     -0.990E+02
      0.219E-02      0.278E+01      0.136E+01      0.113E+10     -0.990E+02     -0.990E+02
      0.229E-02      0.278E+01      0.136E+01      0.113E+10     -0.990E+02     -0.990E+02
      0.240E-02      0.278E+01      0.136E+01      0.113E+10     -0.990E+02     -0.990E+02
      0.251E-02      0.278E+01      0.136E+01      0.113E+10     -0.990E+02     -0.990E+02
      0.263E-02      0.278E+01      0.136E+01      0.113E+10     -0.990E+02     -0.990E+02
      0.275E-02      0.278E+01      0.136E+01      0.113E+10     -0.990E+02     -0.990E+02
      0.288E-02      0.278E+01      0.136E+01      0.113E+10     -0.990E+02     -0.990E+02
      0.302E-02      0.278E+01      0.136E+01      0.113E+10     -0.990E+02     -0.990E+02
      0.316E-02      0.278E+01      0.136E+01      0.113E+10     -0.990E+02     -0.990E+02
      0.331E-02      0.278E+01      0.136E+01      0.113E+10     -0.990E+02     -0.990E+02
      0.347E-02      0.278E+01      0.136E+01      0.113E+10     -0.990E+02     -0.990E+02
      0.363E-02      0.278E+01      0.136E+01      0.113E+10     -0.990E+02     -0.990E+02
      0.380E-02      0.278E+01      0.136E+01      0.113E+10     -0.990E+02     -0.990E+02
      0.398E-02      0.278E+01      0.136E+01      0.113E+10     -0.990E+02     -0.990E+02
      0.417E-02      0.278E+01      0.136E+01      0.113E+10     -0.990E+02     -0.990E+02
      0.437E-02      0.278E+01      0.136E+01      0.113E+10     -0.990E+02     -0.990E+02
      0.457E-02      0.278E+01      0.136E+01      0.113E+10     -0.990E+02     -0.990E+02
      0.479E-02      0.278E+01      0.136E+01      0.113E+10     -0.990E+02     -0.990E+02
      0.501E-02      0.278E+01      0.136E+01      0.113E+10     -0.990E+02     -0.990E+02
      0.525E-02      0.278E+01      0.136E+01      0.113E+10     -0.990E+02     -0.990E+02
      0.550E-02      0.278E+01      0.136E+01      0.113E+10     -0.990E+02     -0.990E+02
      0.575E-02      0.278E+01      0.136E+01      0.113E+10     -0.990E+02     -0.990E+02
      0.603E-02      0.278E+01      0.136E+01      0.113E+10     -0.990E+02     -0.990E+02
      0.631E-02      0.278E+01      0.136E+01      0.113E+10     -0.990E+02     -0.990E+02
      0.661E-02      0.278E+01      0.136E+01      0.113E+10     -0.990E+02     -0.990E+02
      0.692E-02      0.278E+01      0.136E+01      0.113E+10     -0.990E+02     -0.990E+02
      0.724E-02      0.278E+01      0.136E+01      0.113E+10     -0.990E+02     -0.990E+02
      0.759E-02      0.278E+01      0.136E+01      0.113E+10     -0.990E+02     -0.990E+02
      0.794E-02      0.278E+01      0.136E+01      0.113E+10     -0.990E+02     -0.990E+02
      0.832E-02      0.278E+01      0.136E+01      0.113E+10     -0.990E+02     -0.990E+02
      0.871E-02      0.278E+01      0.136E+01      0.113E+10     -0.990E+02     -0.990E+02
      0.912E-02      0.278E+01      0.136E+01      0.113E+10     -0.990E+02     -0.990E+02
      0.955E-02      0.278E+01      0.136E+01      0.113E+10     -0.990E+02     -0.990E+02
      0.100E-01      0.278E+01      0.136E+01      0.113E+10     -0.728E-01      0.259E+00
      0.105E-01      0.138E+01      0.761E+00      0.111E+10     -0.728E-01      0.259E+00
      0.110E-01      0.138E+01      0.757E+00      0.111E+10     -0.730E-01      0.259E+00
      0.115E-01      0.137E+01      0.754E+00      0.111E+10     -0.729E-01      0.259E+00
      0.120E-01      0.137E+01      0.753E+00      0.110E+10     -0.730E-01      0.259E+00
      0.126E-01      0.137E+01      0.754E+00      0.110E+10     -0.731E-01      0.259E+00
      0.132E-01      0.138E+01      0.757E+00      0.110E+10     -0.730E-01      0.259E+00
      0.138E-01      0.138E+01      0.755E+00      0.110E+10     -0.732E-01      0.259E+00
      0.144E-01      0.137E+01      0.748E+00      0.110E+10     -0.732E-01      0.259E+00
      0.151E-01      0.137E+01      0.750E+00      0.110E+10     -0.733E-01      0.258E+00
      0.159E-01      0.138E+01      0.751E+00      0.110E+10     -0.733E-01      0.259E+00
      0.166E-01      0.138E+01      0.750E+00      0.110E+10     -0.734E-01      0.258E+00
      0.174E-01      0.138E+01      0.751E+00      0.110E+10     -0.734E-01      0.258E+00
      0.182E-01      0.138E+01      0.753E+00      0.110E+10     -0.735E-01      0.258E+00
      0.191E-01      0.138E+01      0.751E+00      0.110E+10     -0.736E-01      0.258E+00
      0.200E-01      0.138E+01      0.747E+00      0.110E+10     -0.736E-01      0.258E+00
      0.209E-01      0.137E+01      0.745E+00      0.109E+10     -0.737E-01      0.258E+00
      0.219E-01      0.137E+01      0.745E+00      0.109E+10     -0.739E-01      0.258E+00
      0.229E-01      0.138E+01      0.745E+00      0.109E+10     -0.739E-01      0.257E+00
      0.240E-01      0.138E+01      0.744E+00      0.109E+10     -0.740E-01      0.257E+00
      0.251E-01      0.138E+01      0.745E+00      0.109E+10     -0.741E-01      0.257E+00
      0.263E-01      0.138E+01      0.743E+00      0.109E+10     -0.742E-01      0.257E+00
      0.275E-01      0.138E+01      0.740E+00      0.109E+10     -0.743E-01      0.257E+00
      0.290E-01      0.138E+01      0.740E+00      0.109E+10     -0.744E-01      0.257E+00
      0.300E-01      0.138E+01      0.740E+00      0.108E+10     -0.745E-01      0.257E+00
      0.310E-01      0.138E+01      0.739E+00      0.108E+10     -0.746E-01      0.257E+00
      0.320E-01      0.138E+01      0.738E+00      0.108E+10     -0.747E-01      0.257E+00
      0.330E-01      0.138E+01      0.737E+00      0.108E+10     -0.747E-01      0.256E+00
      0.340E-01      0.138E+01      0.737E+00      0.108E+10     -0.748E-01      0.256E+00
      0.350E-01      0.138E+01      0.736E+00      0.108E+10     -0.750E-01      0.256E+00
      0.360E-01      0.138E+01      0.735E+00      0.108E+10     -0.750E-01      0.256E+00
      0.370E-01      0.138E+01      0.735E+00      0.108E+10     -0.750E-01      0.256E+00
      0.380E-01      0.138E+01      0.734E+00      0.107E+10     -0.752E-01      0.256E+00
      0.390E-01      0.138E+01      0.733E+00      0.107E+10     -0.752E-01      0.256E+00
      0.400E-01      0.138E+01      0.733E+00      0.107E+10     -0.753E-01      0.256E+00
      0.425E-01      0.138E+01      0.732E+00      0.107E+10     -0.755E-01      0.255E+00
      0.450E-01      0.138E+01      0.730E+00      0.107E+10     -0.757E-01      0.255E+00
      0.475E-01      0.138E+01      0.729E+00      0.106E+10     -0.760E-01      0.255E+00
      0.500E-01      0.139E+01      0.728E+00      0.106E+10     -0.761E-01      0.255E+00
      0.525E-01      0.139E+01      0.727E+00      0.106E+10     -0.763E-01      0.254E+00
      0.550E-01      0.139E+01      0.726E+00      0.106E+10     -0.765E-01      0.254E+00
      0.571E-01      0.139E+01      0.725E+00      0.105E+10     -0.767E-01      0.254E+00
      0.640E-01      0.139E+01      0.723E+00      0.105E+10     -0.773E-01      0.253E+00
      0.719E-01      0.139E+01      0.720E+00      0.104E+10     -0.778E-01      0.252E+00
      0.806E-01      0.139E+01      0.719E+00      0.103E+10     -0.784E-01      0.250E+00
      0.905E-01      0.140E+01      0.717E+00      0.102E+10     -0.791E-01      0.246E+00
      0.102E+00      0.140E+01      0.718E+00      0.101E+10     -0.798E-01      0.243E+00
      0.114E+00      0.139E+01      0.709E+00      0.998E+09     -0.803E-01      0.241E+00
      0.128E+00      0.139E+01      0.700E+00      0.984E+09     -0.808E-01      0.235E+00
      0.143E+00      0.138E+01      0.693E+00      0.969E+09     -0.814E-01      0.229E+00
      0.161E+00      0.137E+01      0.687E+00      0.952E+09     -0.824E-01      0.221E+00
      0.181E+00      0.136E+01      0.683E+00      0.933E+09     -0.830E-01      0.213E+00
      0.203E+00      0.135E+01      0.665E+00      0.912E+09     -0.838E-01      0.204E+00
      0.227E+00      0.133E+01      0.635E+00      0.889E+09     -0.849E-01      0.198E+00
      0.255E+00      0.131E+01      0.605E+00      0.864E+09     -0.863E-01      0.194E+00
      0.286E+00      0.129E+01      0.576E+00      0.836E+09     -0.883E-01      0.195E+00
      0.321E+00      0.126E+01      0.552E+00      0.805E+09     -0.903E-01      0.195E+00
      0.360E+00      0.124E+01      0.524E+00      0.772E+09     -0.934E-01      0.183E+00
      0.404E+00      0.123E+01      0.475E+00      0.736E+09     -0.996E-01      0.168E+00
      0.453E+00      0.122E+01      0.437E+00      0.696E+09     -0.104E+00      0.152E+00
      0.509E+00      0.121E+01      0.422E+00      0.651E+09     -0.106E+00      0.134E+00
      0.571E+00      0.121E+01      0.448E+00      0.602E+09     -0.108E+00      0.117E+00
      0.641E+00      0.116E+01      0.452E+00      0.548E+09     -0.109E+00      0.106E+00
      0.719E+00      0.109E+01      0.414E+00      0.490E+09     -0.112E+00      0.949E-01
      0.806E+00      0.101E+01      0.388E+00      0.429E+09     -0.119E+00      0.957E-01
      0.905E+00      0.992E+00      0.368E+00      0.366E+09     -0.152E+00      0.107E+00
      0.102E+01      0.105E+01      0.373E+00      0.297E+09     -0.220E+00      0.144E+00
      0.114E+01      0.103E+01      0.432E+00      0.217E+09     -0.288E+00      0.195E+00
      0.128E+01      0.688E+00      0.296E+00      0.129E+09     -0.380E+00      0.227E+00
      0.143E+01      0.379E+00      0.228E+00      0.638E+08     -0.492E+00      0.398E+00
      0.161E+01      0.143E+00      0.128E+00      0.239E+08     -0.544E+00      0.686E+00
      0.168E+01      0.101E+00      0.101E+00      0.128E+08     -0.605E+00      0.855E+00
      0.170E+01      0.921E-01      0.947E-01      0.997E+07     -0.610E+00      0.895E+00
      0.180E+01      0.517E-01      0.617E-01      0.653E+07     -0.615E+00      0.109E+01
      0.190E+01      0.202E-01      0.433E-01      0.332E+07     -0.582E+00      0.202E+01
      0.200E+01      0.134E-01      0.308E-01      0.207E+07     -0.651E+00      0.240E+01
      0.210E+01      0.688E-02      0.231E-01      0.125E+07     -0.824E+00      0.398E+01
      0.220E+01      0.468E-02      0.227E-01      0.835E+06     -0.769E+00      0.522E+01
      0.230E+01      0.314E-02      0.172E-01      0.551E+06     -0.899E+00      0.648E+01
      0.240E+01      0.225E-02      0.129E-01      0.362E+06     -0.115E+01      0.879E+01
      0.250E+01      0.175E-02      0.988E-02      0.227E+06     -0.127E+01      0.960E+01
      0.260E+01      0.108E-02      0.630E-02      0.122E+06     -0.122E+01      0.928E+01
      0.275E+01      0.346E-03      0.393E-02      0.415E+05     -0.103E+01      0.156E+02
      0.300E+01      0.201E-05      0.168E-03      0.298E+03     -0.208E+01      0.181E+03
      0.325E+01      0.106E-20      0.133E-11      0.156E-12     -0.281E+01       Infinity
      0.350E+01      0.384E-30      0.690E-16      0.559E-22     -0.146E+01       Infinity
      0.375E+01      0.000E+00      0.000E+00      0.000E+00     -0.990E+02     -0.990E+02
      0.400E+01      0.000E+00      0.000E+00      0.000E+00     -0.990E+02     -0.990E+02
      0.425E+01      0.000E+00      0.000E+00      0.000E+00     -0.990E+02     -0.990E+02
      0.450E+01      0.000E+00      0.000E+00      0.000E+00     -0.990E+02     -0.990E+02
      0.475E+01      0.000E+00      0.000E+00      0.000E+00     -0.990E+02     -0.990E+02
      0.500E+01      0.000E+00      0.000E+00      0.000E+00     -0.990E+02     -0.990E+02
      0.525E+01      0.000E+00      0.000E+00      0.000E+00     -0.990E+02     -0.990E+02
      0.550E+01      0.000E+00      0.000E+00      0.000E+00     -0.990E+02     -0.990E+02
      0.575E+01      0.000E+00      0.000E+00      0.000E+00     -0.990E+02     -0.990E+02
      0.600E+01      0.000E+00      0.000E+00      0.000E+00     -0.990E+02     -0.990E+02
      0.625E+01      0.000E+00      0.000E+00      0.000E+00     -0.990E+02     -0.990E+02
      0.650E+01      0.000E+00      0.000E+00      0.000E+00     -0.990E+02     -0.990E+02
      0.675E+01      0.000E+00      0.000E+00      0.000E+00     -0.990E+02     -0.990E+02
      0.700E+01      0.000E+00      0.000E+00      0.000E+00     -0.990E+02     -0.990E+02
      0.725E+01      0.000E+00      0.000E+00      0.000E+00     -0.990E+02     -0.990E+02
      0.750E+01      0.000E+00      0.000E+00      0.000E+00     -0.990E+02     -0.990E+02
      0.775E+01      0.000E+00      0.000E+00      0.000E+00     -0.990E+02     -0.990E+02
      0.800E+01      0.000E+00      0.000E+00      0.000E+00     -0.990E+02     -0.990E+02
      0.825E+01      0.000E+00      0.000E+00      0.000E+00     -0.990E+02     -0.990E+02
      0.850E+01      0.000E+00      0.000E+00      0.000E+00     -0.990E+02     -0.990E+02
      0.875E+01      0.000E+00      0.000E+00      0.000E+00     -0.990E+02     -0.990E+02
      0.900E+01      0.000E+00      0.000E+00      0.000E+00     -0.990E+02     -0.990E+02
      0.925E+01      0.000E+00      0.000E+00      0.000E+00     -0.990E+02     -0.990E+02
      0.950E+01      0.000E+00      0.000E+00      0.000E+00     -0.990E+02     -0.990E+02
      0.975E+01      0.000E+00      0.000E+00      0.000E+00     -0.990E+02     -0.990E+02
      0.100E+02      0.000E+00      0.000E+00      0.000E+00     -0.990E+02     -0.990E+02
      0.102E+02      0.000E+00      0.000E+00      0.000E+00     -0.990E+02     -0.990E+02
      0.105E+02      0.000E+00      0.000E+00      0.000E+00     -0.990E+02     -0.990E+02
      0.108E+02      0.000E+00      0.000E+00      0.000E+00     -0.990E+02     -0.990E+02
      0.110E+02      0.000E+00      0.000E+00      0.000E+00     -0.990E+02     -0.990E+02
      0.112E+02      0.000E+00      0.000E+00      0.000E+00     -0.990E+02     -0.990E+02
      0.115E+02      0.000E+00      0.000E+00      0.000E+00     -0.990E+02     -0.990E+02
      0.118E+02      0.000E+00      0.000E+00      0.000E+00     -0.990E+02     -0.990E+02
      0.120E+02      0.000E+00      0.000E+00      0.000E+00     -0.990E+02     -0.990E+02
      0.122E+02      0.000E+00      0.000E+00      0.000E+00     -0.990E+02     -0.990E+02
      0.125E+02      0.000E+00      0.000E+00      0.000E+00     -0.990E+02     -0.990E+02
      0.128E+02      0.000E+00      0.000E+00      0.000E+00     -0.990E+02     -0.990E+02
      0.130E+02      0.000E+00      0.000E+00      0.000E+00     -0.990E+02     -0.990E+02
      0.132E+02      0.000E+00      0.000E+00      0.000E+00     -0.990E+02     -0.990E+02
      0.135E+02      0.000E+00      0.000E+00      0.000E+00     -0.990E+02     -0.990E+02
      0.138E+02      0.000E+00      0.000E+00      0.000E+00     -0.990E+02     -0.990E+02
      0.140E+02      0.000E+00      0.000E+00      0.000E+00     -0.990E+02     -0.990E+02
      0.142E+02      0.000E+00      0.000E+00      0.000E+00     -0.990E+02     -0.990E+02
      0.145E+02      0.000E+00      0.000E+00      0.000E+00     -0.990E+02     -0.990E+02
      0.148E+02      0.000E+00      0.000E+00      0.000E+00     -0.990E+02     -0.990E+02
      0.150E+02      0.000E+00      0.000E+00      0.000E+00     -0.990E+02     -0.990E+02
      0.152E+02      0.000E+00      0.000E+00      0.000E+00     -0.990E+02     -0.990E+02
      0.155E+02      0.000E+00      0.000E+00      0.000E+00     -0.990E+02     -0.990E+02
      0.158E+02      0.000E+00      0.000E+00      0.000E+00     -0.990E+02     -0.990E+02
      0.160E+02      0.000E+00      0.000E+00      0.000E+00     -0.990E+02     -0.990E+02
      0.162E+02      0.000E+00      0.000E+00      0.000E+00     -0.990E+02     -0.990E+02
      0.165E+02      0.000E+00      0.000E+00      0.000E+00     -0.990E+02     -0.990E+02
      0.168E+02      0.000E+00      0.000E+00      0.000E+00     -0.990E+02     -0.990E+02
      0.170E+02      0.000E+00      0.000E+00      0.000E+00     -0.990E+02     -0.990E+02
      0.172E+02      0.000E+00      0.000E+00      0.000E+00     -0.990E+02     -0.990E+02
      0.175E+02      0.000E+00      0.000E+00      0.000E+00     -0.990E+02     -0.990E+02
      0.178E+02      0.000E+00      0.000E+00      0.000E+00     -0.990E+02     -0.990E+02
      0.180E+02      0.000E+00      0.000E+00      0.000E+00     -0.990E+02     -0.990E+02
      0.182E+02      0.000E+00      0.000E+00      0.000E+00     -0.990E+02     -0.990E+02
      0.185E+02      0.000E+00      0.000E+00      0.000E+00     -0.990E+02     -0.990E+02
      0.188E+02      0.000E+00      0.000E+00      0.000E+00     -0.990E+02     -0.990E+02
      0.190E+02      0.000E+00      0.000E+00      0.000E+00     -0.990E+02     -0.990E+02
      0.192E+02      0.000E+00      0.000E+00      0.000E+00     -0.990E+02     -0.990E+02
      0.195E+02      0.000E+00      0.000E+00      0.000E+00     -0.990E+02     -0.990E+02
      0.198E+02      0.000E+00      0.000E+00      0.000E+00     -0.990E+02     -0.990E+02
      0.200E+02      0.000E+00      0.000E+00      0.000E+00     -0.990E+02     -0.990E+02
