      0.000E+00      0.250E-01      0.367E-01      0.190E+09     -0.990E+02     -0.990E+02
      0.100E-03      0.250E-01      0.367E-01      0.190E+09     -0.990E+02     -0.990E+02
      0.140E-03      0.250E-01      0.367E-01      0.190E+09     -0.990E+02     -0.990E+02
      0.160E-03      0.250E-01      0.367E-01      0.190E+09     -0.990E+02     -0.990E+02
      0.180E-03      0.250E-01      0.367E-01      0.190E+09     -0.990E+02     -0.990E+02
      0.200E-03      0.250E-01      0.367E-01      0.190E+09     -0.990E+02     -0.990E+02
      0.220E-03      0.250E-01      0.367E-01      0.190E+09     -0.990E+02     -0.990E+02
      0.250E-03      0.250E-01      0.367E-01      0.190E+09     -0.990E+02     -0.990E+02
      0.280E-03      0.250E-01      0.367E-01      0.190E+09     -0.990E+02     -0.990E+02
      0.320E-03      0.250E-01      0.367E-01      0.190E+09     -0.990E+02     -0.990E+02
      0.350E-03      0.250E-01      0.367E-01      0.190E+09     -0.990E+02     -0.990E+02
      0.400E-03      0.250E-01      0.367E-01      0.190E+09     -0.990E+02     -0.990E+02
      0.450E-03      0.250E-01      0.367E-01      0.190E+09     -0.990E+02     -0.990E+02
      0.500E-03      0.250E-01      0.367E-01      0.190E+09     -0.990E+02     -0.990E+02
      0.560E-03      0.250E-01      0.367E-01      0.190E+09     -0.990E+02     -0.990E+02
      0.630E-03      0.250E-01      0.367E-01      0.190E+09     -0.990E+02     -0.990E+02
      0.710E-03      0.250E-01      0.367E-01      0.190E+09     -0.990E+02     -0.990E+02
      0.790E-03      0.250E-01      0.367E-01      0.190E+09     -0.990E+02     -0.990E+02
      0.890E-03      0.250E-01      0.367E-01      0.190E+09     -0.990E+02     -0.990E+02
      0.100E-02      0.250E-01      0.367E-01      0.190E+09     -0.990E+02     -0.990E+02
      0.105E-02      0.250E-01      0.367E-01      0.190E+09     -0.990E+02     -0.990E+02
      0.110E-02      0.250E-01      0.367E-01      0.190E+09     -0.990E+02     -0.990E+02
      0.115E-02      0.250E-01      0.367E-01      0.190E+09     -0.990E+02     -0.990E+02
      0.120E-02      0.250E-01      0.367E-01      0.190E+09     -0.990E+02     -0.990E+02
      0.126E-02      0.250E-01      0.367E-01      0.190E+09     -0.990E+02     -0.990E+02
      0.132E-02      0.250E-01      0.367E-01      0.190E+09     -0.990E+02     -0.990E+02
      0.138E-02      0.250E-01      0.367E-01      0.190E+09     -0.990E+02     -0.990E+02
      0.145E-02      0.250E-01      0.367E-01      0.190E+09     -0.990E+02     -0.990E+02
      0.151E-02      0.250E-01      0.367E-01      0.190E+09     -0.990E+02     -0.990E+02
      0.158E-02      0.250E-01      0.367E-01      0.190E+09     -0.990E+02     -0.990E+02
      0.166E-02      0.250E-01      0.367E-01      0.190E+09     -0.990E+02     -0.990E+02
      0.174E-02      0.250E-01      0.367E-01      0.190E+09     -0.990E+02     -0.990E+02
      0.182E-02      0.250E-01      0.367E-01      0.190E+09     -0.990E+02     -0.990E+02
      0.191E-02      0.250E-01      0.367E-01      0.190E+09     -0.990E+02     -0.990E+02
      0.200E-02      0.250E-01      0.367E-01      0.190E+09     -0.990E+02     -0.990E+02
      0.209E-02      0.250E-01      0.367E-01      0.190E+09     -0.990E+02     -0.990E+02
      0.219E-02      0.250E-01      0.367E-01      0.190E+09     -0.990E+02     -0.990E+02
      0.229E-02      0.250E-01      0.367E-01      0.190E+09     -0.990E+02     -0.990E+02
      0.240E-02      0.250E-01      0.367E-01      0.190E+09     -0.990E+02     -0.990E+02
      0.251E-02      0.250E-01      0.367E-01      0.190E+09     -0.990E+02     -0.990E+02
      0.263E-02      0.250E-01      0.367E-01      0.190E+09     -0.990E+02     -0.990E+02
      0.275E-02      0.250E-01      0.367E-01      0.190E+09     -0.990E+02     -0.990E+02
      0.288E-02      0.250E-01      0.367E-01      0.190E+09     -0.990E+02     -0.990E+02
      0.302E-02      0.250E-01      0.367E-01      0.190E+09     -0.990E+02     -0.990E+02
      0.316E-02      0.250E-01      0.367E-01      0.190E+09     -0.990E+02     -0.990E+02
      0.331E-02      0.250E-01      0.367E-01      0.190E+09     -0.990E+02     -0.990E+02
      0.347E-02      0.250E-01      0.367E-01      0.190E+09     -0.990E+02     -0.990E+02
      0.363E-02      0.250E-01      0.367E-01      0.190E+09     -0.990E+02     -0.990E+02
      0.380E-02      0.250E-01      0.367E-01      0.190E+09     -0.990E+02     -0.990E+02
      0.398E-02      0.250E-01      0.367E-01      0.190E+09     -0.990E+02     -0.990E+02
      0.417E-02      0.250E-01      0.367E-01      0.190E+09     -0.990E+02     -0.990E+02
      0.437E-02      0.250E-01      0.367E-01      0.190E+09     -0.990E+02     -0.990E+02
      0.457E-02      0.250E-01      0.367E-01      0.190E+09     -0.990E+02     -0.990E+02
      0.479E-02      0.250E-01      0.367E-01      0.190E+09     -0.990E+02     -0.990E+02
      0.501E-02      0.250E-01      0.367E-01      0.190E+09     -0.990E+02     -0.990E+02
      0.525E-02      0.250E-01      0.367E-01      0.190E+09     -0.990E+02     -0.990E+02
      0.550E-02      0.250E-01      0.367E-01      0.190E+09     -0.990E+02     -0.990E+02
      0.575E-02      0.250E-01      0.367E-01      0.190E+09     -0.990E+02     -0.990E+02
      0.603E-02      0.250E-01      0.367E-01      0.190E+09     -0.990E+02     -0.990E+02
      0.631E-02      0.250E-01      0.367E-01      0.190E+09     -0.990E+02     -0.990E+02
      0.661E-02      0.250E-01      0.367E-01      0.190E+09     -0.990E+02     -0.990E+02
      0.692E-02      0.250E-01      0.367E-01      0.190E+09     -0.990E+02     -0.990E+02
      0.724E-02      0.250E-01      0.367E-01      0.190E+09     -0.990E+02     -0.990E+02
      0.759E-02      0.250E-01      0.367E-01      0.190E+09     -0.990E+02     -0.990E+02
      0.794E-02      0.250E-01      0.367E-01      0.190E+09     -0.990E+02     -0.990E+02
      0.832E-02      0.250E-01      0.367E-01      0.190E+09     -0.990E+02     -0.990E+02
      0.871E-02      0.250E-01      0.367E-01      0.190E+09     -0.990E+02     -0.990E+02
      0.912E-02      0.250E-01      0.367E-01      0.190E+09     -0.990E+02     -0.990E+02
      0.955E-02      0.250E-01      0.367E-01      0.190E+09     -0.990E+02     -0.990E+02
      0.100E-01      0.250E-01      0.367E-01      0.190E+09     -0.224E+00      0.459E+00
      0.105E-01      0.681E-01      0.577E-01      0.190E+09     -0.224E+00      0.459E+00
      0.110E-01      0.678E-01      0.574E-01      0.190E+09     -0.224E+00      0.458E+00
      0.115E-01      0.676E-01      0.572E-01      0.190E+09     -0.224E+00      0.458E+00
      0.120E-01      0.676E-01      0.572E-01      0.190E+09     -0.224E+00      0.458E+00
      0.126E-01      0.677E-01      0.573E-01      0.190E+09     -0.224E+00      0.458E+00
      0.132E-01      0.681E-01      0.576E-01      0.190E+09     -0.224E+00      0.458E+00
      0.138E-01      0.679E-01      0.574E-01      0.190E+09     -0.224E+00      0.458E+00
      0.144E-01      0.674E-01      0.570E-01      0.190E+09     -0.224E+00      0.458E+00
      0.151E-01      0.676E-01      0.571E-01      0.190E+09     -0.224E+00      0.458E+00
      0.159E-01      0.679E-01      0.573E-01      0.190E+09     -0.224E+00      0.457E+00
      0.166E-01      0.678E-01      0.573E-01      0.190E+09     -0.224E+00      0.457E+00
      0.174E-01      0.679E-01      0.573E-01      0.190E+09     -0.224E+00      0.457E+00
      0.182E-01      0.682E-01      0.576E-01      0.190E+09     -0.224E+00      0.457E+00
      0.191E-01      0.681E-01      0.575E-01      0.190E+09     -0.224E+00      0.457E+00
      0.200E-01      0.679E-01      0.572E-01      0.190E+09     -0.224E+00      0.457E+00
      0.209E-01      0.678E-01      0.571E-01      0.189E+09     -0.224E+00      0.456E+00
      0.219E-01      0.678E-01      0.572E-01      0.189E+09     -0.224E+00      0.456E+00
      0.229E-01      0.680E-01      0.573E-01      0.189E+09     -0.224E+00      0.456E+00
      0.240E-01      0.680E-01      0.573E-01      0.189E+09     -0.224E+00      0.456E+00
      0.251E-01      0.682E-01      0.574E-01      0.189E+09     -0.225E+00      0.456E+00
      0.263E-01      0.681E-01      0.574E-01      0.189E+09     -0.225E+00      0.456E+00
      0.275E-01      0.680E-01      0.572E-01      0.189E+09     -0.225E+00      0.455E+00
      0.290E-01      0.681E-01      0.572E-01      0.189E+09     -0.225E+00      0.455E+00
      0.300E-01      0.681E-01      0.573E-01      0.189E+09     -0.225E+00      0.455E+00
      0.310E-01      0.681E-01      0.573E-01      0.189E+09     -0.225E+00      0.455E+00
      0.320E-01      0.682E-01      0.573E-01      0.189E+09     -0.225E+00      0.455E+00
      0.330E-01      0.682E-01      0.573E-01      0.189E+09     -0.225E+00      0.455E+00
      0.340E-01      0.682E-01      0.573E-01      0.189E+09     -0.225E+00      0.455E+00
      0.350E-01      0.682E-01      0.573E-01      0.189E+09     -0.225E+00      0.454E+00
      0.360E-01      0.682E-01      0.573E-01      0.189E+09     -0.225E+00      0.454E+00
      0.370E-01      0.683E-01      0.573E-01      0.189E+09     -0.225E+00      0.454E+00
      0.380E-01      0.683E-01      0.573E-01      0.189E+09     -0.225E+00      0.454E+00
      0.390E-01      0.683E-01      0.573E-01      0.188E+09     -0.225E+00      0.454E+00
      0.400E-01      0.683E-01      0.573E-01      0.188E+09     -0.225E+00      0.454E+00
      0.425E-01      0.684E-01      0.573E-01      0.188E+09     -0.225E+00      0.453E+00
      0.450E-01      0.684E-01      0.573E-01      0.188E+09     -0.225E+00      0.453E+00
      0.475E-01      0.685E-01      0.573E-01      0.188E+09     -0.226E+00      0.453E+00
      0.500E-01      0.685E-01      0.573E-01      0.188E+09     -0.226E+00      0.452E+00
      0.525E-01      0.686E-01      0.573E-01      0.188E+09     -0.226E+00      0.452E+00
      0.550E-01      0.686E-01      0.573E-01      0.188E+09     -0.226E+00      0.452E+00
      0.571E-01      0.687E-01      0.574E-01      0.187E+09     -0.226E+00      0.451E+00
      0.640E-01      0.689E-01      0.574E-01      0.187E+09     -0.226E+00      0.451E+00
      0.719E-01      0.690E-01      0.575E-01      0.187E+09     -0.227E+00      0.450E+00
      0.806E-01      0.692E-01      0.577E-01      0.186E+09     -0.227E+00      0.450E+00
      0.905E-01      0.695E-01      0.579E-01      0.186E+09     -0.228E+00      0.450E+00
      0.102E+00      0.698E-01      0.581E-01      0.185E+09     -0.229E+00      0.450E+00
      0.114E+00      0.701E-01      0.583E-01      0.185E+09     -0.230E+00      0.451E+00
      0.128E+00      0.704E-01      0.585E-01      0.184E+09     -0.232E+00      0.452E+00
      0.143E+00      0.707E-01      0.587E-01      0.183E+09     -0.234E+00      0.454E+00
      0.161E+00      0.711E-01      0.588E-01      0.182E+09     -0.236E+00      0.457E+00
      0.181E+00      0.715E-01      0.590E-01      0.181E+09     -0.239E+00      0.462E+00
      0.203E+00      0.720E-01      0.593E-01      0.180E+09     -0.242E+00      0.468E+00
      0.227E+00      0.725E-01      0.594E-01      0.179E+09     -0.246E+00      0.475E+00
      0.255E+00      0.729E-01      0.594E-01      0.178E+09     -0.249E+00      0.481E+00
      0.286E+00      0.733E-01      0.596E-01      0.176E+09     -0.253E+00      0.490E+00
      0.321E+00      0.737E-01      0.600E-01      0.174E+09     -0.257E+00      0.501E+00
      0.360E+00      0.740E-01      0.601E-01      0.172E+09     -0.261E+00      0.503E+00
      0.404E+00      0.740E-01      0.598E-01      0.170E+09     -0.265E+00      0.497E+00
      0.453E+00      0.739E-01      0.591E-01      0.168E+09     -0.268E+00      0.485E+00
      0.509E+00      0.736E-01      0.583E-01      0.165E+09     -0.273E+00      0.479E+00
      0.571E+00      0.730E-01      0.576E-01      0.162E+09     -0.278E+00      0.480E+00
      0.641E+00      0.722E-01      0.572E-01      0.159E+09     -0.285E+00      0.487E+00
      0.719E+00      0.711E-01      0.566E-01      0.155E+09     -0.290E+00      0.493E+00
      0.806E+00      0.699E-01      0.555E-01      0.151E+09     -0.293E+00      0.492E+00
      0.905E+00      0.687E-01      0.543E-01      0.147E+09     -0.293E+00      0.487E+00
      0.102E+01      0.684E-01      0.538E-01      0.142E+09     -0.295E+00      0.487E+00
      0.114E+01      0.680E-01      0.528E-01      0.137E+09     -0.299E+00      0.490E+00
      0.128E+01      0.677E-01      0.526E-01      0.131E+09     -0.302E+00      0.498E+00
      0.143E+01      0.683E-01      0.528E-01      0.125E+09     -0.304E+00      0.487E+00
      0.161E+01      0.682E-01      0.520E-01      0.118E+09     -0.308E+00      0.478E+00
      0.168E+01      0.683E-01      0.516E-01      0.112E+09     -0.310E+00      0.473E+00
      0.170E+01      0.683E-01      0.516E-01      0.111E+09     -0.311E+00      0.473E+00
      0.180E+01      0.690E-01      0.518E-01      0.108E+09     -0.314E+00      0.475E+00
      0.190E+01      0.697E-01      0.521E-01      0.104E+09     -0.321E+00      0.479E+00
      0.200E+01      0.703E-01      0.523E-01      0.993E+08     -0.328E+00      0.486E+00
      0.210E+01      0.706E-01      0.521E-01      0.950E+08     -0.335E+00      0.487E+00
      0.220E+01      0.709E-01      0.523E-01      0.906E+08     -0.339E+00      0.482E+00
      0.230E+01      0.710E-01      0.519E-01      0.863E+08     -0.344E+00      0.483E+00
      0.240E+01      0.711E-01      0.517E-01      0.819E+08     -0.351E+00      0.489E+00
      0.250E+01      0.709E-01      0.515E-01      0.776E+08     -0.357E+00      0.492E+00
      0.260E+01      0.703E-01      0.505E-01      0.733E+08     -0.364E+00      0.495E+00
      0.275E+01      0.699E-01      0.506E-01      0.680E+08     -0.379E+00      0.515E+00
      0.300E+01      0.676E-01      0.493E-01      0.596E+08     -0.396E+00      0.541E+00
      0.325E+01      0.644E-01      0.459E-01      0.495E+08     -0.413E+00      0.521E+00
      0.350E+01      0.607E-01      0.431E-01      0.399E+08     -0.439E+00      0.536E+00
      0.375E+01      0.541E-01      0.393E-01      0.310E+08     -0.482E+00      0.580E+00
      0.400E+01      0.458E-01      0.355E-01      0.230E+08     -0.498E+00      0.630E+00
      0.425E+01      0.364E-01      0.313E-01      0.164E+08     -0.515E+00      0.712E+00
      0.450E+01      0.276E-01      0.266E-01      0.111E+08     -0.552E+00      0.832E+00
      0.475E+01      0.199E-01      0.220E-01      0.707E+07     -0.589E+00      0.100E+01
      0.500E+01      0.139E-01      0.182E-01      0.421E+07     -0.624E+00      0.124E+01
      0.525E+01      0.857E-02      0.132E-01      0.221E+07     -0.637E+00      0.147E+01
      0.550E+01      0.461E-02      0.887E-02      0.979E+06     -0.675E+00      0.189E+01
      0.575E+01      0.178E-02      0.496E-02      0.320E+06     -0.719E+00      0.284E+01
      0.600E+01      0.416E-03      0.196E-02      0.661E+05     -0.820E+00      0.531E+01
      0.625E+01      0.475E-04      0.461E-03      0.696E+04     -0.106E+01      0.146E+02
      0.650E+01      0.173E-05      0.581E-04      0.243E+03     -0.129E+01      0.596E+02
      0.675E+01      0.391E-09      0.125E-07      0.549E-01     -0.857E+00      0.378E+02
      0.700E+01      0.000E+00      0.000E+00      0.000E+00     -0.990E+02     -0.990E+02
      0.725E+01      0.000E+00      0.000E+00      0.000E+00     -0.990E+02     -0.990E+02
      0.750E+01      0.000E+00      0.000E+00      0.000E+00     -0.990E+02     -0.990E+02
      0.775E+01      0.000E+00      0.000E+00      0.000E+00     -0.990E+02     -0.990E+02
      0.800E+01      0.000E+00      0.000E+00      0.000E+00     -0.990E+02     -0.990E+02
      0.825E+01      0.000E+00      0.000E+00      0.000E+00     -0.990E+02     -0.990E+02
      0.850E+01      0.000E+00      0.000E+00      0.000E+00     -0.990E+02     -0.990E+02
      0.875E+01      0.000E+00      0.000E+00      0.000E+00     -0.990E+02     -0.990E+02
      0.900E+01      0.000E+00      0.000E+00      0.000E+00     -0.990E+02     -0.990E+02
      0.925E+01      0.000E+00      0.000E+00      0.000E+00     -0.990E+02     -0.990E+02
      0.950E+01      0.000E+00      0.000E+00      0.000E+00     -0.990E+02     -0.990E+02
      0.975E+01      0.000E+00      0.000E+00      0.000E+00     -0.990E+02     -0.990E+02
      0.100E+02      0.000E+00      0.000E+00      0.000E+00     -0.990E+02     -0.990E+02
      0.102E+02      0.000E+00      0.000E+00      0.000E+00     -0.990E+02     -0.990E+02
      0.105E+02      0.000E+00      0.000E+00      0.000E+00     -0.990E+02     -0.990E+02
      0.108E+02      0.000E+00      0.000E+00      0.000E+00     -0.990E+02     -0.990E+02
      0.110E+02      0.000E+00      0.000E+00      0.000E+00     -0.990E+02     -0.990E+02
      0.112E+02      0.000E+00      0.000E+00      0.000E+00     -0.990E+02     -0.990E+02
      0.115E+02      0.000E+00      0.000E+00      0.000E+00     -0.990E+02     -0.990E+02
      0.118E+02      0.000E+00      0.000E+00      0.000E+00     -0.990E+02     -0.990E+02
      0.120E+02      0.000E+00      0.000E+00      0.000E+00     -0.990E+02     -0.990E+02
      0.122E+02      0.000E+00      0.000E+00      0.000E+00     -0.990E+02     -0.990E+02
      0.125E+02      0.000E+00      0.000E+00      0.000E+00     -0.990E+02     -0.990E+02
      0.128E+02      0.000E+00      0.000E+00      0.000E+00     -0.990E+02     -0.990E+02
      0.130E+02      0.000E+00      0.000E+00      0.000E+00     -0.990E+02     -0.990E+02
      0.132E+02      0.000E+00      0.000E+00      0.000E+00     -0.990E+02     -0.990E+02
      0.135E+02      0.000E+00      0.000E+00      0.000E+00     -0.990E+02     -0.990E+02
      0.138E+02      0.000E+00      0.000E+00      0.000E+00     -0.990E+02     -0.990E+02
      0.140E+02      0.000E+00      0.000E+00      0.000E+00     -0.990E+02     -0.990E+02
      0.142E+02      0.000E+00      0.000E+00      0.000E+00     -0.990E+02     -0.990E+02
      0.145E+02      0.000E+00      0.000E+00      0.000E+00     -0.990E+02     -0.990E+02
      0.148E+02      0.000E+00      0.000E+00      0.000E+00     -0.990E+02     -0.990E+02
      0.150E+02      0.000E+00      0.000E+00      0.000E+00     -0.990E+02     -0.990E+02
      0.152E+02      0.000E+00      0.000E+00      0.000E+00     -0.990E+02     -0.990E+02
      0.155E+02      0.000E+00      0.000E+00      0.000E+00     -0.990E+02     -0.990E+02
      0.158E+02      0.000E+00      0.000E+00      0.000E+00     -0.990E+02     -0.990E+02
      0.160E+02      0.000E+00      0.000E+00      0.000E+00     -0.990E+02     -0.990E+02
      0.162E+02      0.000E+00      0.000E+00      0.000E+00     -0.990E+02     -0.990E+02
      0.165E+02      0.000E+00      0.000E+00      0.000E+00     -0.990E+02     -0.990E+02
      0.168E+02      0.000E+00      0.000E+00      0.000E+00     -0.990E+02     -0.990E+02
      0.170E+02      0.000E+00      0.000E+00      0.000E+00     -0.990E+02     -0.990E+02
      0.172E+02      0.000E+00      0.000E+00      0.000E+00     -0.990E+02     -0.990E+02
      0.175E+02      0.000E+00      0.000E+00      0.000E+00     -0.990E+02     -0.990E+02
      0.178E+02      0.000E+00      0.000E+00      0.000E+00     -0.990E+02     -0.990E+02
      0.180E+02      0.000E+00      0.000E+00      0.000E+00     -0.990E+02     -0.990E+02
      0.182E+02      0.000E+00      0.000E+00      0.000E+00     -0.990E+02     -0.990E+02
      0.185E+02      0.000E+00      0.000E+00      0.000E+00     -0.990E+02     -0.990E+02
      0.188E+02      0.000E+00      0.000E+00      0.000E+00     -0.990E+02     -0.990E+02
      0.190E+02      0.000E+00      0.000E+00      0.000E+00     -0.990E+02     -0.990E+02
      0.192E+02      0.000E+00      0.000E+00      0.000E+00     -0.990E+02     -0.990E+02
      0.195E+02      0.000E+00      0.000E+00      0.000E+00     -0.990E+02     -0.990E+02
      0.198E+02      0.000E+00      0.000E+00      0.000E+00     -0.990E+02     -0.990E+02
      0.200E+02      0.000E+00      0.000E+00      0.000E+00     -0.990E+02     -0.990E+02
