      0.000E+00      0.201E-01      0.300E-01      0.100E+09     -0.990E+02     -0.990E+02
      0.100E-03      0.201E-01      0.300E-01      0.100E+09     -0.990E+02     -0.990E+02
      0.140E-03      0.201E-01      0.300E-01      0.100E+09     -0.990E+02     -0.990E+02
      0.160E-03      0.201E-01      0.300E-01      0.100E+09     -0.990E+02     -0.990E+02
      0.180E-03      0.201E-01      0.300E-01      0.100E+09     -0.990E+02     -0.990E+02
      0.200E-03      0.201E-01      0.300E-01      0.100E+09     -0.990E+02     -0.990E+02
      0.220E-03      0.201E-01      0.300E-01      0.100E+09     -0.990E+02     -0.990E+02
      0.250E-03      0.201E-01      0.300E-01      0.100E+09     -0.990E+02     -0.990E+02
      0.280E-03      0.201E-01      0.300E-01      0.100E+09     -0.990E+02     -0.990E+02
      0.320E-03      0.201E-01      0.300E-01      0.100E+09     -0.990E+02     -0.990E+02
      0.350E-03      0.201E-01      0.300E-01      0.100E+09     -0.990E+02     -0.990E+02
      0.400E-03      0.201E-01      0.300E-01      0.100E+09     -0.990E+02     -0.990E+02
      0.450E-03      0.201E-01      0.300E-01      0.100E+09     -0.990E+02     -0.990E+02
      0.500E-03      0.201E-01      0.300E-01      0.100E+09     -0.990E+02     -0.990E+02
      0.560E-03      0.201E-01      0.300E-01      0.100E+09     -0.990E+02     -0.990E+02
      0.630E-03      0.201E-01      0.300E-01      0.100E+09     -0.990E+02     -0.990E+02
      0.710E-03      0.201E-01      0.300E-01      0.100E+09     -0.990E+02     -0.990E+02
      0.790E-03      0.201E-01      0.300E-01      0.100E+09     -0.990E+02     -0.990E+02
      0.890E-03      0.201E-01      0.300E-01      0.100E+09     -0.990E+02     -0.990E+02
      0.100E-02      0.201E-01      0.300E-01      0.100E+09     -0.990E+02     -0.990E+02
      0.105E-02      0.201E-01      0.300E-01      0.100E+09     -0.990E+02     -0.990E+02
      0.110E-02      0.201E-01      0.300E-01      0.100E+09     -0.990E+02     -0.990E+02
      0.115E-02      0.201E-01      0.300E-01      0.100E+09     -0.990E+02     -0.990E+02
      0.120E-02      0.201E-01      0.300E-01      0.100E+09     -0.990E+02     -0.990E+02
      0.126E-02      0.201E-01      0.300E-01      0.100E+09     -0.990E+02     -0.990E+02
      0.132E-02      0.201E-01      0.300E-01      0.100E+09     -0.990E+02     -0.990E+02
      0.138E-02      0.201E-01      0.300E-01      0.100E+09     -0.990E+02     -0.990E+02
      0.145E-02      0.201E-01      0.300E-01      0.100E+09     -0.990E+02     -0.990E+02
      0.151E-02      0.201E-01      0.300E-01      0.100E+09     -0.990E+02     -0.990E+02
      0.158E-02      0.201E-01      0.300E-01      0.100E+09     -0.990E+02     -0.990E+02
      0.166E-02      0.201E-01      0.300E-01      0.100E+09     -0.990E+02     -0.990E+02
      0.174E-02      0.201E-01      0.300E-01      0.100E+09     -0.990E+02     -0.990E+02
      0.182E-02      0.201E-01      0.300E-01      0.100E+09     -0.990E+02     -0.990E+02
      0.191E-02      0.201E-01      0.300E-01      0.100E+09     -0.990E+02     -0.990E+02
      0.200E-02      0.201E-01      0.300E-01      0.100E+09     -0.990E+02     -0.990E+02
      0.209E-02      0.201E-01      0.300E-01      0.100E+09     -0.990E+02     -0.990E+02
      0.219E-02      0.201E-01      0.300E-01      0.100E+09     -0.990E+02     -0.990E+02
      0.229E-02      0.201E-01      0.300E-01      0.100E+09     -0.990E+02     -0.990E+02
      0.240E-02      0.201E-01      0.300E-01      0.100E+09     -0.990E+02     -0.990E+02
      0.251E-02      0.201E-01      0.300E-01      0.100E+09     -0.990E+02     -0.990E+02
      0.263E-02      0.201E-01      0.300E-01      0.100E+09     -0.990E+02     -0.990E+02
      0.275E-02      0.201E-01      0.300E-01      0.100E+09     -0.990E+02     -0.990E+02
      0.288E-02      0.201E-01      0.300E-01      0.100E+09     -0.990E+02     -0.990E+02
      0.302E-02      0.201E-01      0.300E-01      0.100E+09     -0.990E+02     -0.990E+02
      0.316E-02      0.201E-01      0.300E-01      0.100E+09     -0.990E+02     -0.990E+02
      0.331E-02      0.201E-01      0.300E-01      0.100E+09     -0.990E+02     -0.990E+02
      0.347E-02      0.201E-01      0.300E-01      0.100E+09     -0.990E+02     -0.990E+02
      0.363E-02      0.201E-01      0.300E-01      0.100E+09     -0.990E+02     -0.990E+02
      0.380E-02      0.201E-01      0.300E-01      0.100E+09     -0.990E+02     -0.990E+02
      0.398E-02      0.201E-01      0.300E-01      0.100E+09     -0.990E+02     -0.990E+02
      0.417E-02      0.201E-01      0.300E-01      0.100E+09     -0.990E+02     -0.990E+02
      0.437E-02      0.201E-01      0.300E-01      0.100E+09     -0.990E+02     -0.990E+02
      0.457E-02      0.201E-01      0.300E-01      0.100E+09     -0.990E+02     -0.990E+02
      0.479E-02      0.201E-01      0.300E-01      0.100E+09     -0.990E+02     -0.990E+02
      0.501E-02      0.201E-01      0.300E-01      0.100E+09     -0.990E+02     -0.990E+02
      0.525E-02      0.201E-01      0.300E-01      0.100E+09     -0.990E+02     -0.990E+02
      0.550E-02      0.201E-01      0.300E-01      0.100E+09     -0.990E+02     -0.990E+02
      0.575E-02      0.201E-01      0.300E-01      0.100E+09     -0.990E+02     -0.990E+02
      0.603E-02      0.201E-01      0.300E-01      0.100E+09     -0.990E+02     -0.990E+02
      0.631E-02      0.201E-01      0.300E-01      0.100E+09     -0.990E+02     -0.990E+02
      0.661E-02      0.201E-01      0.300E-01      0.100E+09     -0.990E+02     -0.990E+02
      0.692E-02      0.201E-01      0.300E-01      0.100E+09     -0.990E+02     -0.990E+02
      0.724E-02      0.201E-01      0.300E-01      0.100E+09     -0.990E+02     -0.990E+02
      0.759E-02      0.201E-01      0.300E-01      0.100E+09     -0.990E+02     -0.990E+02
      0.794E-02      0.201E-01      0.300E-01      0.100E+09     -0.990E+02     -0.990E+02
      0.832E-02      0.201E-01      0.300E-01      0.100E+09     -0.990E+02     -0.990E+02
      0.871E-02      0.201E-01      0.300E-01      0.100E+09     -0.990E+02     -0.990E+02
      0.912E-02      0.201E-01      0.300E-01      0.100E+09     -0.990E+02     -0.990E+02
      0.955E-02      0.201E-01      0.300E-01      0.100E+09     -0.990E+02     -0.990E+02
      0.100E-01      0.201E-01      0.300E-01      0.100E+09     -0.518E+00      0.768E+00
      0.105E-01      0.419E-01      0.357E-01      0.998E+08     -0.518E+00      0.768E+00
      0.110E-01      0.417E-01      0.355E-01      0.998E+08     -0.518E+00      0.767E+00
      0.115E-01      0.416E-01      0.354E-01      0.997E+08     -0.518E+00      0.766E+00
      0.120E-01      0.415E-01      0.354E-01      0.997E+08     -0.517E+00      0.766E+00
      0.126E-01      0.416E-01      0.354E-01      0.997E+08     -0.517E+00      0.765E+00
      0.132E-01      0.418E-01      0.356E-01      0.997E+08     -0.517E+00      0.764E+00
      0.138E-01      0.417E-01      0.355E-01      0.997E+08     -0.517E+00      0.763E+00
      0.144E-01      0.414E-01      0.352E-01      0.996E+08     -0.517E+00      0.762E+00
      0.151E-01      0.415E-01      0.352E-01      0.996E+08     -0.517E+00      0.761E+00
      0.159E-01      0.416E-01      0.353E-01      0.996E+08     -0.517E+00      0.761E+00
      0.166E-01      0.416E-01      0.353E-01      0.996E+08     -0.517E+00      0.760E+00
      0.174E-01      0.417E-01      0.353E-01      0.995E+08     -0.517E+00      0.759E+00
      0.182E-01      0.418E-01      0.354E-01      0.995E+08     -0.517E+00      0.758E+00
      0.191E-01      0.418E-01      0.354E-01      0.995E+08     -0.517E+00      0.757E+00
      0.200E-01      0.416E-01      0.352E-01      0.994E+08     -0.516E+00      0.756E+00
      0.209E-01      0.415E-01      0.351E-01      0.994E+08     -0.516E+00      0.754E+00
      0.219E-01      0.415E-01      0.351E-01      0.994E+08     -0.516E+00      0.753E+00
      0.229E-01      0.416E-01      0.351E-01      0.993E+08     -0.516E+00      0.752E+00
      0.240E-01      0.416E-01      0.351E-01      0.993E+08     -0.516E+00      0.751E+00
      0.251E-01      0.417E-01      0.351E-01      0.993E+08     -0.516E+00      0.749E+00
      0.263E-01      0.416E-01      0.351E-01      0.992E+08     -0.516E+00      0.748E+00
      0.275E-01      0.415E-01      0.349E-01      0.992E+08     -0.515E+00      0.747E+00
      0.290E-01      0.415E-01      0.349E-01      0.991E+08     -0.515E+00      0.745E+00
      0.300E-01      0.416E-01      0.349E-01      0.991E+08     -0.515E+00      0.744E+00
      0.310E-01      0.416E-01      0.349E-01      0.991E+08     -0.515E+00      0.742E+00
      0.320E-01      0.416E-01      0.348E-01      0.990E+08     -0.515E+00      0.741E+00
      0.330E-01      0.415E-01      0.348E-01      0.990E+08     -0.515E+00      0.740E+00
      0.340E-01      0.415E-01      0.348E-01      0.990E+08     -0.515E+00      0.739E+00
      0.350E-01      0.415E-01      0.348E-01      0.989E+08     -0.514E+00      0.738E+00
      0.360E-01      0.415E-01      0.347E-01      0.989E+08     -0.514E+00      0.737E+00
      0.370E-01      0.415E-01      0.347E-01      0.989E+08     -0.514E+00      0.736E+00
      0.380E-01      0.415E-01      0.347E-01      0.988E+08     -0.514E+00      0.734E+00
      0.390E-01      0.415E-01      0.347E-01      0.988E+08     -0.514E+00      0.733E+00
      0.400E-01      0.415E-01      0.346E-01      0.988E+08     -0.514E+00      0.732E+00
      0.425E-01      0.415E-01      0.346E-01      0.987E+08     -0.513E+00      0.729E+00
      0.450E-01      0.415E-01      0.345E-01      0.986E+08     -0.513E+00      0.726E+00
      0.475E-01      0.415E-01      0.344E-01      0.985E+08     -0.513E+00      0.724E+00
      0.500E-01      0.414E-01      0.343E-01      0.985E+08     -0.513E+00      0.721E+00
      0.525E-01      0.414E-01      0.342E-01      0.984E+08     -0.512E+00      0.719E+00
      0.550E-01      0.414E-01      0.342E-01      0.983E+08     -0.512E+00      0.716E+00
      0.571E-01      0.414E-01      0.341E-01      0.982E+08     -0.512E+00      0.714E+00
      0.640E-01      0.413E-01      0.340E-01      0.981E+08     -0.511E+00      0.708E+00
      0.719E-01      0.412E-01      0.338E-01      0.978E+08     -0.510E+00      0.702E+00
      0.806E-01      0.411E-01      0.336E-01      0.976E+08     -0.510E+00      0.696E+00
      0.905E-01      0.410E-01      0.334E-01      0.973E+08     -0.509E+00      0.692E+00
      0.102E+00      0.407E-01      0.332E-01      0.969E+08     -0.508E+00      0.687E+00
      0.114E+00      0.405E-01      0.330E-01      0.966E+08     -0.508E+00      0.683E+00
      0.128E+00      0.402E-01      0.329E-01      0.962E+08     -0.507E+00      0.681E+00
      0.143E+00      0.399E-01      0.328E-01      0.957E+08     -0.506E+00      0.682E+00
      0.161E+00      0.396E-01      0.329E-01      0.952E+08     -0.507E+00      0.686E+00
      0.181E+00      0.392E-01      0.328E-01      0.947E+08     -0.509E+00      0.695E+00
      0.203E+00      0.386E-01      0.323E-01      0.941E+08     -0.512E+00      0.702E+00
      0.227E+00      0.380E-01      0.319E-01      0.934E+08     -0.515E+00      0.713E+00
      0.255E+00      0.372E-01      0.312E-01      0.927E+08     -0.520E+00      0.720E+00
      0.286E+00      0.363E-01      0.305E-01      0.919E+08     -0.525E+00      0.729E+00
      0.321E+00      0.351E-01      0.295E-01      0.911E+08     -0.528E+00      0.737E+00
      0.360E+00      0.337E-01      0.282E-01      0.902E+08     -0.532E+00      0.752E+00
      0.404E+00      0.323E-01      0.270E-01      0.892E+08     -0.535E+00      0.773E+00
      0.453E+00      0.309E-01      0.259E-01      0.882E+08     -0.537E+00      0.807E+00
      0.509E+00      0.294E-01      0.245E-01      0.870E+08     -0.535E+00      0.812E+00
      0.571E+00      0.282E-01      0.228E-01      0.859E+08     -0.529E+00      0.757E+00
      0.641E+00      0.272E-01      0.218E-01      0.846E+08     -0.522E+00      0.714E+00
      0.719E+00      0.263E-01      0.211E-01      0.833E+08     -0.514E+00      0.686E+00
      0.806E+00      0.260E-01      0.205E-01      0.818E+08     -0.515E+00      0.665E+00
      0.905E+00      0.258E-01      0.205E-01      0.802E+08     -0.519E+00      0.672E+00
      0.102E+01      0.258E-01      0.204E-01      0.784E+08     -0.513E+00      0.655E+00
      0.114E+01      0.254E-01      0.194E-01      0.765E+08     -0.505E+00      0.615E+00
      0.128E+01      0.256E-01      0.193E-01      0.743E+08     -0.514E+00      0.617E+00
      0.143E+01      0.265E-01      0.212E-01      0.719E+08     -0.534E+00      0.718E+00
      0.161E+01      0.265E-01      0.210E-01      0.691E+08     -0.539E+00      0.713E+00
      0.168E+01      0.265E-01      0.206E-01      0.671E+08     -0.536E+00      0.683E+00
      0.170E+01      0.266E-01      0.208E-01      0.663E+08     -0.536E+00      0.681E+00
      0.180E+01      0.269E-01      0.207E-01      0.653E+08     -0.537E+00      0.660E+00
      0.190E+01      0.273E-01      0.208E-01      0.637E+08     -0.541E+00      0.659E+00
      0.200E+01      0.271E-01      0.208E-01      0.620E+08     -0.540E+00      0.659E+00
      0.210E+01      0.268E-01      0.209E-01      0.603E+08     -0.542E+00      0.678E+00
      0.220E+01      0.267E-01      0.213E-01      0.587E+08     -0.548E+00      0.715E+00
      0.230E+01      0.269E-01      0.215E-01      0.571E+08     -0.548E+00      0.711E+00
      0.240E+01      0.271E-01      0.214E-01      0.554E+08     -0.542E+00      0.678E+00
      0.250E+01      0.274E-01      0.209E-01      0.538E+08     -0.545E+00      0.659E+00
      0.260E+01      0.282E-01      0.208E-01      0.521E+08     -0.557E+00      0.643E+00
      0.275E+01      0.293E-01      0.222E-01      0.500E+08     -0.570E+00      0.682E+00
      0.300E+01      0.280E-01      0.211E-01      0.465E+08     -0.582E+00      0.705E+00
      0.325E+01      0.282E-01      0.215E-01      0.424E+08     -0.585E+00      0.724E+00
      0.350E+01      0.279E-01      0.204E-01      0.382E+08     -0.597E+00      0.690E+00
      0.375E+01      0.269E-01      0.189E-01      0.341E+08     -0.607E+00      0.662E+00
      0.400E+01      0.285E-01      0.207E-01      0.302E+08     -0.615E+00      0.696E+00
      0.425E+01      0.280E-01      0.197E-01      0.260E+08     -0.644E+00      0.707E+00
      0.450E+01      0.283E-01      0.197E-01      0.220E+08     -0.690E+00      0.732E+00
      0.475E+01      0.265E-01      0.190E-01      0.179E+08     -0.723E+00      0.799E+00
      0.500E+01      0.228E-01      0.170E-01      0.141E+08     -0.768E+00      0.849E+00
      0.525E+01      0.193E-01      0.154E-01      0.109E+08     -0.750E+00      0.869E+00
      0.550E+01      0.159E-01      0.129E-01      0.810E+07     -0.769E+00      0.893E+00
      0.575E+01      0.135E-01      0.120E-01      0.584E+07     -0.809E+00      0.105E+01
      0.600E+01      0.103E-01      0.107E-01      0.393E+07     -0.801E+00      0.119E+01
      0.625E+01      0.709E-02      0.812E-02      0.248E+07     -0.844E+00      0.136E+01
      0.650E+01      0.461E-02      0.650E-02      0.147E+07     -0.836E+00      0.162E+01
      0.675E+01      0.327E-02      0.527E-02      0.824E+06     -0.887E+00      0.197E+01
      0.700E+01      0.186E-02      0.341E-02      0.365E+06     -0.991E+00      0.243E+01
      0.725E+01      0.668E-03      0.160E-02      0.105E+06     -0.122E+01      0.392E+01
      0.750E+01      0.784E-04      0.335E-03      0.113E+05     -0.113E+01      0.621E+01
      0.775E+01      0.204E-05      0.314E-04      0.287E+03     -0.151E+01      0.305E+02
      0.800E+01      0.171E-07      0.164E-05      0.239E+01     -0.112E+01      0.146E+03
      0.825E+01      0.000E+00      0.000E+00      0.000E+00     -0.990E+02     -0.990E+02
      0.850E+01      0.000E+00      0.000E+00      0.000E+00     -0.990E+02     -0.990E+02
      0.875E+01      0.000E+00      0.000E+00      0.000E+00     -0.990E+02     -0.990E+02
      0.900E+01      0.000E+00      0.000E+00      0.000E+00     -0.990E+02     -0.990E+02
      0.925E+01      0.000E+00      0.000E+00      0.000E+00     -0.990E+02     -0.990E+02
      0.950E+01      0.000E+00      0.000E+00      0.000E+00     -0.990E+02     -0.990E+02
      0.975E+01      0.000E+00      0.000E+00      0.000E+00     -0.990E+02     -0.990E+02
      0.100E+02      0.000E+00      0.000E+00      0.000E+00     -0.990E+02     -0.990E+02
      0.102E+02      0.000E+00      0.000E+00      0.000E+00     -0.990E+02     -0.990E+02
      0.105E+02      0.000E+00      0.000E+00      0.000E+00     -0.990E+02     -0.990E+02
      0.108E+02      0.000E+00      0.000E+00      0.000E+00     -0.990E+02     -0.990E+02
      0.110E+02      0.000E+00      0.000E+00      0.000E+00     -0.990E+02     -0.990E+02
      0.112E+02      0.000E+00      0.000E+00      0.000E+00     -0.990E+02     -0.990E+02
      0.115E+02      0.000E+00      0.000E+00      0.000E+00     -0.990E+02     -0.990E+02
      0.118E+02      0.000E+00      0.000E+00      0.000E+00     -0.990E+02     -0.990E+02
      0.120E+02      0.000E+00      0.000E+00      0.000E+00     -0.990E+02     -0.990E+02
      0.122E+02      0.000E+00      0.000E+00      0.000E+00     -0.990E+02     -0.990E+02
      0.125E+02      0.000E+00      0.000E+00      0.000E+00     -0.990E+02     -0.990E+02
      0.128E+02      0.000E+00      0.000E+00      0.000E+00     -0.990E+02     -0.990E+02
      0.130E+02      0.000E+00      0.000E+00      0.000E+00     -0.990E+02     -0.990E+02
      0.132E+02      0.000E+00      0.000E+00      0.000E+00     -0.990E+02     -0.990E+02
      0.135E+02      0.000E+00      0.000E+00      0.000E+00     -0.990E+02     -0.990E+02
      0.138E+02      0.000E+00      0.000E+00      0.000E+00     -0.990E+02     -0.990E+02
      0.140E+02      0.000E+00      0.000E+00      0.000E+00     -0.990E+02     -0.990E+02
      0.142E+02      0.000E+00      0.000E+00      0.000E+00     -0.990E+02     -0.990E+02
      0.145E+02      0.000E+00      0.000E+00      0.000E+00     -0.990E+02     -0.990E+02
      0.148E+02      0.000E+00      0.000E+00      0.000E+00     -0.990E+02     -0.990E+02
      0.150E+02      0.000E+00      0.000E+00      0.000E+00     -0.990E+02     -0.990E+02
      0.152E+02      0.000E+00      0.000E+00      0.000E+00     -0.990E+02     -0.990E+02
      0.155E+02      0.000E+00      0.000E+00      0.000E+00     -0.990E+02     -0.990E+02
      0.158E+02      0.000E+00      0.000E+00      0.000E+00     -0.990E+02     -0.990E+02
      0.160E+02      0.000E+00      0.000E+00      0.000E+00     -0.990E+02     -0.990E+02
      0.162E+02      0.000E+00      0.000E+00      0.000E+00     -0.990E+02     -0.990E+02
      0.165E+02      0.000E+00      0.000E+00      0.000E+00     -0.990E+02     -0.990E+02
      0.168E+02      0.000E+00      0.000E+00      0.000E+00     -0.990E+02     -0.990E+02
      0.170E+02      0.000E+00      0.000E+00      0.000E+00     -0.990E+02     -0.990E+02
      0.172E+02      0.000E+00      0.000E+00      0.000E+00     -0.990E+02     -0.990E+02
      0.175E+02      0.000E+00      0.000E+00      0.000E+00     -0.990E+02     -0.990E+02
      0.178E+02      0.000E+00      0.000E+00      0.000E+00     -0.990E+02     -0.990E+02
      0.180E+02      0.000E+00      0.000E+00      0.000E+00     -0.990E+02     -0.990E+02
      0.182E+02      0.000E+00      0.000E+00      0.000E+00     -0.990E+02     -0.990E+02
      0.185E+02      0.000E+00      0.000E+00      0.000E+00     -0.990E+02     -0.990E+02
      0.188E+02      0.000E+00      0.000E+00      0.000E+00     -0.990E+02     -0.990E+02
      0.190E+02      0.000E+00      0.000E+00      0.000E+00     -0.990E+02     -0.990E+02
      0.192E+02      0.000E+00      0.000E+00      0.000E+00     -0.990E+02     -0.990E+02
      0.195E+02      0.000E+00      0.000E+00      0.000E+00     -0.990E+02     -0.990E+02
      0.198E+02      0.000E+00      0.000E+00      0.000E+00     -0.990E+02     -0.990E+02
      0.200E+02      0.000E+00      0.000E+00      0.000E+00     -0.990E+02     -0.990E+02
