      0.000E+00      0.377E+00      0.207E+00      0.192E+09     -0.990E+02     -0.990E+02
      0.100E-03      0.377E+00      0.207E+00      0.192E+09     -0.990E+02     -0.990E+02
      0.140E-03      0.377E+00      0.207E+00      0.192E+09     -0.990E+02     -0.990E+02
      0.160E-03      0.377E+00      0.207E+00      0.192E+09     -0.990E+02     -0.990E+02
      0.180E-03      0.377E+00      0.207E+00      0.192E+09     -0.990E+02     -0.990E+02
      0.200E-03      0.377E+00      0.207E+00      0.192E+09     -0.990E+02     -0.990E+02
      0.220E-03      0.377E+00      0.207E+00      0.192E+09     -0.990E+02     -0.990E+02
      0.250E-03      0.377E+00      0.207E+00      0.192E+09     -0.990E+02     -0.990E+02
      0.280E-03      0.377E+00      0.207E+00      0.192E+09     -0.990E+02     -0.990E+02
      0.320E-03      0.377E+00      0.207E+00      0.192E+09     -0.990E+02     -0.990E+02
      0.350E-03      0.377E+00      0.207E+00      0.192E+09     -0.990E+02     -0.990E+02
      0.400E-03      0.377E+00      0.207E+00      0.192E+09     -0.990E+02     -0.990E+02
      0.450E-03      0.377E+00      0.207E+00      0.192E+09     -0.990E+02     -0.990E+02
      0.500E-03      0.377E+00      0.207E+00      0.192E+09     -0.990E+02     -0.990E+02
      0.560E-03      0.377E+00      0.207E+00      0.192E+09     -0.990E+02     -0.990E+02
      0.630E-03      0.377E+00      0.207E+00      0.192E+09     -0.990E+02     -0.990E+02
      0.710E-03      0.377E+00      0.207E+00      0.192E+09     -0.990E+02     -0.990E+02
      0.790E-03      0.377E+00      0.207E+00      0.192E+09     -0.990E+02     -0.990E+02
      0.890E-03      0.377E+00      0.207E+00      0.192E+09     -0.990E+02     -0.990E+02
      0.100E-02      0.377E+00      0.207E+00      0.192E+09     -0.990E+02     -0.990E+02
      0.105E-02      0.377E+00      0.207E+00      0.192E+09     -0.990E+02     -0.990E+02
      0.110E-02      0.377E+00      0.207E+00      0.192E+09     -0.990E+02     -0.990E+02
      0.115E-02      0.377E+00      0.207E+00      0.192E+09     -0.990E+02     -0.990E+02
      0.120E-02      0.377E+00      0.207E+00      0.192E+09     -0.990E+02     -0.990E+02
      0.126E-02      0.377E+00      0.207E+00      0.192E+09     -0.990E+02     -0.990E+02
      0.132E-02      0.377E+00      0.207E+00      0.192E+09     -0.990E+02     -0.990E+02
      0.138E-02      0.377E+00      0.207E+00      0.192E+09     -0.990E+02     -0.990E+02
      0.145E-02      0.377E+00      0.207E+00      0.192E+09     -0.990E+02     -0.990E+02
      0.151E-02      0.377E+00      0.207E+00      0.192E+09     -0.990E+02     -0.990E+02
      0.158E-02      0.377E+00      0.207E+00      0.192E+09     -0.990E+02     -0.990E+02
      0.166E-02      0.377E+00      0.207E+00      0.192E+09     -0.990E+02     -0.990E+02
      0.174E-02      0.377E+00      0.207E+00      0.192E+09     -0.990E+02     -0.990E+02
      0.182E-02      0.377E+00      0.207E+00      0.192E+09     -0.990E+02     -0.990E+02
      0.191E-02      0.377E+00      0.207E+00      0.192E+09     -0.990E+02     -0.990E+02
      0.200E-02      0.377E+00      0.207E+00      0.192E+09     -0.990E+02     -0.990E+02
      0.209E-02      0.377E+00      0.207E+00      0.192E+09     -0.990E+02     -0.990E+02
      0.219E-02      0.377E+00      0.207E+00      0.192E+09     -0.990E+02     -0.990E+02
      0.229E-02      0.377E+00      0.207E+00      0.192E+09     -0.990E+02     -0.990E+02
      0.240E-02      0.377E+00      0.207E+00      0.192E+09     -0.990E+02     -0.990E+02
      0.251E-02      0.377E+00      0.207E+00      0.192E+09     -0.990E+02     -0.990E+02
      0.263E-02      0.377E+00      0.207E+00      0.192E+09     -0.990E+02     -0.990E+02
      0.275E-02      0.377E+00      0.207E+00      0.192E+09     -0.990E+02     -0.990E+02
      0.288E-02      0.377E+00      0.207E+00      0.192E+09     -0.990E+02     -0.990E+02
      0.302E-02      0.377E+00      0.207E+00      0.192E+09     -0.990E+02     -0.990E+02
      0.316E-02      0.377E+00      0.207E+00      0.192E+09     -0.990E+02     -0.990E+02
      0.331E-02      0.377E+00      0.207E+00      0.192E+09     -0.990E+02     -0.990E+02
      0.347E-02      0.377E+00      0.207E+00      0.192E+09     -0.990E+02     -0.990E+02
      0.363E-02      0.377E+00      0.207E+00      0.192E+09     -0.990E+02     -0.990E+02
      0.380E-02      0.377E+00      0.207E+00      0.192E+09     -0.990E+02     -0.990E+02
      0.398E-02      0.377E+00      0.207E+00      0.192E+09     -0.990E+02     -0.990E+02
      0.417E-02      0.377E+00      0.207E+00      0.192E+09     -0.990E+02     -0.990E+02
      0.437E-02      0.377E+00      0.207E+00      0.192E+09     -0.990E+02     -0.990E+02
      0.457E-02      0.377E+00      0.207E+00      0.192E+09     -0.990E+02     -0.990E+02
      0.479E-02      0.377E+00      0.207E+00      0.192E+09     -0.990E+02     -0.990E+02
      0.501E-02      0.377E+00      0.207E+00      0.192E+09     -0.990E+02     -0.990E+02
      0.525E-02      0.377E+00      0.207E+00      0.192E+09     -0.990E+02     -0.990E+02
      0.550E-02      0.377E+00      0.207E+00      0.192E+09     -0.990E+02     -0.990E+02
      0.575E-02      0.377E+00      0.207E+00      0.192E+09     -0.990E+02     -0.990E+02
      0.603E-02      0.377E+00      0.207E+00      0.192E+09     -0.990E+02     -0.990E+02
      0.631E-02      0.377E+00      0.207E+00      0.192E+09     -0.990E+02     -0.990E+02
      0.661E-02      0.377E+00      0.207E+00      0.192E+09     -0.990E+02     -0.990E+02
      0.692E-02      0.377E+00      0.207E+00      0.192E+09     -0.990E+02     -0.990E+02
      0.724E-02      0.377E+00      0.207E+00      0.192E+09     -0.990E+02     -0.990E+02
      0.759E-02      0.377E+00      0.207E+00      0.192E+09     -0.990E+02     -0.990E+02
      0.794E-02      0.377E+00      0.207E+00      0.192E+09     -0.990E+02     -0.990E+02
      0.832E-02      0.377E+00      0.207E+00      0.192E+09     -0.990E+02     -0.990E+02
      0.871E-02      0.377E+00      0.207E+00      0.192E+09     -0.990E+02     -0.990E+02
      0.912E-02      0.377E+00      0.207E+00      0.192E+09     -0.990E+02     -0.990E+02
      0.955E-02      0.377E+00      0.207E+00      0.192E+09     -0.990E+02     -0.990E+02
      0.100E-01      0.377E+00      0.207E+00      0.192E+09     -0.444E+00      0.716E+00
      0.105E-01      0.160E+00      0.135E+00      0.188E+09     -0.444E+00      0.716E+00
      0.110E-01      0.159E+00      0.134E+00      0.188E+09     -0.444E+00      0.716E+00
      0.115E-01      0.158E+00      0.134E+00      0.188E+09     -0.444E+00      0.715E+00
      0.120E-01      0.158E+00      0.134E+00      0.187E+09     -0.444E+00      0.716E+00
      0.126E-01      0.158E+00      0.134E+00      0.187E+09     -0.444E+00      0.715E+00
      0.132E-01      0.159E+00      0.134E+00      0.187E+09     -0.444E+00      0.715E+00
      0.138E-01      0.159E+00      0.134E+00      0.187E+09     -0.444E+00      0.715E+00
      0.144E-01      0.157E+00      0.133E+00      0.187E+09     -0.444E+00      0.714E+00
      0.151E-01      0.158E+00      0.133E+00      0.187E+09     -0.444E+00      0.715E+00
      0.159E-01      0.158E+00      0.133E+00      0.187E+09     -0.444E+00      0.715E+00
      0.166E-01      0.158E+00      0.133E+00      0.187E+09     -0.444E+00      0.714E+00
      0.174E-01      0.158E+00      0.133E+00      0.187E+09     -0.444E+00      0.713E+00
      0.182E-01      0.159E+00      0.134E+00      0.187E+09     -0.444E+00      0.713E+00
      0.191E-01      0.158E+00      0.133E+00      0.187E+09     -0.444E+00      0.713E+00
      0.200E-01      0.158E+00      0.133E+00      0.186E+09     -0.444E+00      0.713E+00
      0.209E-01      0.157E+00      0.132E+00      0.186E+09     -0.444E+00      0.713E+00
      0.219E-01      0.157E+00      0.132E+00      0.186E+09     -0.444E+00      0.712E+00
      0.229E-01      0.157E+00      0.132E+00      0.186E+09     -0.444E+00      0.712E+00
      0.240E-01      0.157E+00      0.132E+00      0.186E+09     -0.444E+00      0.711E+00
      0.251E-01      0.158E+00      0.132E+00      0.186E+09     -0.445E+00      0.711E+00
      0.263E-01      0.157E+00      0.132E+00      0.186E+09     -0.445E+00      0.710E+00
      0.275E-01      0.157E+00      0.131E+00      0.185E+09     -0.445E+00      0.710E+00
      0.290E-01      0.157E+00      0.131E+00      0.185E+09     -0.445E+00      0.709E+00
      0.300E-01      0.157E+00      0.131E+00      0.185E+09     -0.445E+00      0.709E+00
      0.310E-01      0.157E+00      0.131E+00      0.185E+09     -0.445E+00      0.708E+00
      0.320E-01      0.156E+00      0.131E+00      0.185E+09     -0.445E+00      0.708E+00
      0.330E-01      0.156E+00      0.131E+00      0.185E+09     -0.445E+00      0.708E+00
      0.340E-01      0.156E+00      0.130E+00      0.185E+09     -0.445E+00      0.708E+00
      0.350E-01      0.156E+00      0.130E+00      0.184E+09     -0.445E+00      0.707E+00
      0.360E-01      0.156E+00      0.130E+00      0.184E+09     -0.445E+00      0.707E+00
      0.370E-01      0.156E+00      0.130E+00      0.184E+09     -0.445E+00      0.707E+00
      0.380E-01      0.156E+00      0.130E+00      0.184E+09     -0.445E+00      0.706E+00
      0.390E-01      0.156E+00      0.130E+00      0.184E+09     -0.445E+00      0.706E+00
      0.400E-01      0.155E+00      0.130E+00      0.184E+09     -0.445E+00      0.706E+00
      0.425E-01      0.155E+00      0.129E+00      0.184E+09     -0.445E+00      0.705E+00
      0.450E-01      0.155E+00      0.129E+00      0.183E+09     -0.445E+00      0.704E+00
      0.475E-01      0.155E+00      0.128E+00      0.183E+09     -0.445E+00      0.704E+00
      0.500E-01      0.154E+00      0.128E+00      0.183E+09     -0.445E+00      0.703E+00
      0.525E-01      0.154E+00      0.128E+00      0.182E+09     -0.445E+00      0.702E+00
      0.550E-01      0.154E+00      0.127E+00      0.182E+09     -0.445E+00      0.701E+00
      0.571E-01      0.153E+00      0.127E+00      0.182E+09     -0.445E+00      0.701E+00
      0.640E-01      0.153E+00      0.126E+00      0.181E+09     -0.445E+00      0.699E+00
      0.719E-01      0.151E+00      0.125E+00      0.180E+09     -0.445E+00      0.698E+00
      0.806E-01      0.150E+00      0.123E+00      0.179E+09     -0.446E+00      0.697E+00
      0.905E-01      0.149E+00      0.122E+00      0.178E+09     -0.446E+00      0.696E+00
      0.102E+00      0.147E+00      0.120E+00      0.177E+09     -0.447E+00      0.695E+00
      0.114E+00      0.145E+00      0.118E+00      0.176E+09     -0.447E+00      0.692E+00
      0.128E+00      0.143E+00      0.116E+00      0.174E+09     -0.447E+00      0.689E+00
      0.143E+00      0.141E+00      0.113E+00      0.173E+09     -0.447E+00      0.688E+00
      0.161E+00      0.138E+00      0.111E+00      0.171E+09     -0.446E+00      0.687E+00
      0.181E+00      0.134E+00      0.108E+00      0.169E+09     -0.445E+00      0.687E+00
      0.203E+00      0.131E+00      0.106E+00      0.167E+09     -0.443E+00      0.689E+00
      0.227E+00      0.128E+00      0.103E+00      0.165E+09     -0.439E+00      0.684E+00
      0.255E+00      0.126E+00      0.100E+00      0.162E+09     -0.434E+00      0.676E+00
      0.286E+00      0.123E+00      0.962E-01      0.160E+09     -0.427E+00      0.660E+00
      0.321E+00      0.120E+00      0.924E-01      0.157E+09     -0.417E+00      0.636E+00
      0.360E+00      0.117E+00      0.889E-01      0.154E+09     -0.405E+00      0.608E+00
      0.404E+00      0.114E+00      0.850E-01      0.150E+09     -0.391E+00      0.579E+00
      0.453E+00      0.111E+00      0.819E-01      0.147E+09     -0.378E+00      0.555E+00
      0.509E+00      0.109E+00      0.787E-01      0.143E+09     -0.375E+00      0.541E+00
      0.571E+00      0.108E+00      0.772E-01      0.138E+09     -0.381E+00      0.544E+00
      0.641E+00      0.107E+00      0.782E-01      0.133E+09     -0.389E+00      0.562E+00
      0.719E+00      0.106E+00      0.786E-01      0.128E+09     -0.393E+00      0.578E+00
      0.806E+00      0.105E+00      0.744E-01      0.122E+09     -0.391E+00      0.545E+00
      0.905E+00      0.104E+00      0.741E-01      0.116E+09     -0.388E+00      0.526E+00
      0.102E+01      0.108E+00      0.750E-01      0.109E+09     -0.399E+00      0.533E+00
      0.114E+01      0.115E+00      0.792E-01      0.100E+09     -0.420E+00      0.568E+00
      0.128E+01      0.114E+00      0.816E-01      0.905E+08     -0.419E+00      0.577E+00
      0.143E+01      0.103E+00      0.744E-01      0.797E+08     -0.397E+00      0.532E+00
      0.161E+01      0.960E-01      0.695E-01      0.689E+08     -0.385E+00      0.490E+00
      0.168E+01      0.932E-01      0.670E-01      0.614E+08     -0.391E+00      0.484E+00
      0.170E+01      0.924E-01      0.664E-01      0.588E+08     -0.393E+00      0.487E+00
      0.180E+01      0.903E-01      0.633E-01      0.553E+08     -0.418E+00      0.510E+00
      0.190E+01      0.888E-01      0.599E-01      0.497E+08     -0.451E+00      0.530E+00
      0.200E+01      0.863E-01      0.575E-01      0.442E+08     -0.477E+00      0.553E+00
      0.210E+01      0.801E-01      0.552E-01      0.388E+08     -0.495E+00      0.594E+00
      0.220E+01      0.720E-01      0.520E-01      0.339E+08     -0.492E+00      0.595E+00
      0.230E+01      0.658E-01      0.496E-01      0.295E+08     -0.487E+00      0.595E+00
      0.240E+01      0.609E-01      0.495E-01      0.255E+08     -0.486E+00      0.626E+00
      0.250E+01      0.553E-01      0.469E-01      0.218E+08     -0.510E+00      0.699E+00
      0.260E+01      0.492E-01      0.441E-01      0.184E+08     -0.533E+00      0.789E+00
      0.275E+01      0.397E-01      0.404E-01      0.147E+08     -0.513E+00      0.798E+00
      0.300E+01      0.273E-01      0.366E-01      0.997E+07     -0.475E+00      0.874E+00
      0.325E+01      0.197E-01      0.302E-01      0.589E+07     -0.490E+00      0.103E+01
      0.350E+01      0.118E-01      0.198E-01      0.296E+07     -0.500E+00      0.120E+01
      0.375E+01      0.546E-02      0.935E-02      0.121E+07     -0.547E+00      0.145E+01
      0.400E+01      0.253E-02      0.592E-02      0.410E+06     -0.690E+00      0.243E+01
      0.425E+01      0.272E-03      0.173E-02      0.413E+05     -0.460E+00      0.354E+01
      0.450E+01      0.106E-04      0.112E-03      0.153E+04     -0.240E+01      0.350E+02
      0.475E+01      0.210E-08      0.146E-05      0.301E+00     -0.904E+00      0.846E+03
      0.500E+01      0.263E-36      0.523E-20      0.298E-28     -0.604E+00            NaN
      0.525E+01      0.000E+00      0.000E+00      0.000E+00     -0.990E+02     -0.990E+02
      0.550E+01      0.000E+00      0.000E+00      0.000E+00     -0.990E+02     -0.990E+02
      0.575E+01      0.000E+00      0.000E+00      0.000E+00     -0.990E+02     -0.990E+02
      0.600E+01      0.000E+00      0.000E+00      0.000E+00     -0.990E+02     -0.990E+02
      0.625E+01      0.000E+00      0.000E+00      0.000E+00     -0.990E+02     -0.990E+02
      0.650E+01      0.000E+00      0.000E+00      0.000E+00     -0.990E+02     -0.990E+02
      0.675E+01      0.000E+00      0.000E+00      0.000E+00     -0.990E+02     -0.990E+02
      0.700E+01      0.000E+00      0.000E+00      0.000E+00     -0.990E+02     -0.990E+02
      0.725E+01      0.000E+00      0.000E+00      0.000E+00     -0.990E+02     -0.990E+02
      0.750E+01      0.000E+00      0.000E+00      0.000E+00     -0.990E+02     -0.990E+02
      0.775E+01      0.000E+00      0.000E+00      0.000E+00     -0.990E+02     -0.990E+02
      0.800E+01      0.000E+00      0.000E+00      0.000E+00     -0.990E+02     -0.990E+02
      0.825E+01      0.000E+00      0.000E+00      0.000E+00     -0.990E+02     -0.990E+02
      0.850E+01      0.000E+00      0.000E+00      0.000E+00     -0.990E+02     -0.990E+02
      0.875E+01      0.000E+00      0.000E+00      0.000E+00     -0.990E+02     -0.990E+02
      0.900E+01      0.000E+00      0.000E+00      0.000E+00     -0.990E+02     -0.990E+02
      0.925E+01      0.000E+00      0.000E+00      0.000E+00     -0.990E+02     -0.990E+02
      0.950E+01      0.000E+00      0.000E+00      0.000E+00     -0.990E+02     -0.990E+02
      0.975E+01      0.000E+00      0.000E+00      0.000E+00     -0.990E+02     -0.990E+02
      0.100E+02      0.000E+00      0.000E+00      0.000E+00     -0.990E+02     -0.990E+02
      0.102E+02      0.000E+00      0.000E+00      0.000E+00     -0.990E+02     -0.990E+02
      0.105E+02      0.000E+00      0.000E+00      0.000E+00     -0.990E+02     -0.990E+02
      0.108E+02      0.000E+00      0.000E+00      0.000E+00     -0.990E+02     -0.990E+02
      0.110E+02      0.000E+00      0.000E+00      0.000E+00     -0.990E+02     -0.990E+02
      0.112E+02      0.000E+00      0.000E+00      0.000E+00     -0.990E+02     -0.990E+02
      0.115E+02      0.000E+00      0.000E+00      0.000E+00     -0.990E+02     -0.990E+02
      0.118E+02      0.000E+00      0.000E+00      0.000E+00     -0.990E+02     -0.990E+02
      0.120E+02      0.000E+00      0.000E+00      0.000E+00     -0.990E+02     -0.990E+02
      0.122E+02      0.000E+00      0.000E+00      0.000E+00     -0.990E+02     -0.990E+02
      0.125E+02      0.000E+00      0.000E+00      0.000E+00     -0.990E+02     -0.990E+02
      0.128E+02      0.000E+00      0.000E+00      0.000E+00     -0.990E+02     -0.990E+02
      0.130E+02      0.000E+00      0.000E+00      0.000E+00     -0.990E+02     -0.990E+02
      0.132E+02      0.000E+00      0.000E+00      0.000E+00     -0.990E+02     -0.990E+02
      0.135E+02      0.000E+00      0.000E+00      0.000E+00     -0.990E+02     -0.990E+02
      0.138E+02      0.000E+00      0.000E+00      0.000E+00     -0.990E+02     -0.990E+02
      0.140E+02      0.000E+00      0.000E+00      0.000E+00     -0.990E+02     -0.990E+02
      0.142E+02      0.000E+00      0.000E+00      0.000E+00     -0.990E+02     -0.990E+02
      0.145E+02      0.000E+00      0.000E+00      0.000E+00     -0.990E+02     -0.990E+02
      0.148E+02      0.000E+00      0.000E+00      0.000E+00     -0.990E+02     -0.990E+02
      0.150E+02      0.000E+00      0.000E+00      0.000E+00     -0.990E+02     -0.990E+02
      0.152E+02      0.000E+00      0.000E+00      0.000E+00     -0.990E+02     -0.990E+02
      0.155E+02      0.000E+00      0.000E+00      0.000E+00     -0.990E+02     -0.990E+02
      0.158E+02      0.000E+00      0.000E+00      0.000E+00     -0.990E+02     -0.990E+02
      0.160E+02      0.000E+00      0.000E+00      0.000E+00     -0.990E+02     -0.990E+02
      0.162E+02      0.000E+00      0.000E+00      0.000E+00     -0.990E+02     -0.990E+02
      0.165E+02      0.000E+00      0.000E+00      0.000E+00     -0.990E+02     -0.990E+02
      0.168E+02      0.000E+00      0.000E+00      0.000E+00     -0.990E+02     -0.990E+02
      0.170E+02      0.000E+00      0.000E+00      0.000E+00     -0.990E+02     -0.990E+02
      0.172E+02      0.000E+00      0.000E+00      0.000E+00     -0.990E+02     -0.990E+02
      0.175E+02      0.000E+00      0.000E+00      0.000E+00     -0.990E+02     -0.990E+02
      0.178E+02      0.000E+00      0.000E+00      0.000E+00     -0.990E+02     -0.990E+02
      0.180E+02      0.000E+00      0.000E+00      0.000E+00     -0.990E+02     -0.990E+02
      0.182E+02      0.000E+00      0.000E+00      0.000E+00     -0.990E+02     -0.990E+02
      0.185E+02      0.000E+00      0.000E+00      0.000E+00     -0.990E+02     -0.990E+02
      0.188E+02      0.000E+00      0.000E+00      0.000E+00     -0.990E+02     -0.990E+02
      0.190E+02      0.000E+00      0.000E+00      0.000E+00     -0.990E+02     -0.990E+02
      0.192E+02      0.000E+00      0.000E+00      0.000E+00     -0.990E+02     -0.990E+02
      0.195E+02      0.000E+00      0.000E+00      0.000E+00     -0.990E+02     -0.990E+02
      0.198E+02      0.000E+00      0.000E+00      0.000E+00     -0.990E+02     -0.990E+02
      0.200E+02      0.000E+00      0.000E+00      0.000E+00     -0.990E+02     -0.990E+02
