      0.000E+00      0.408E-01      0.272E-01      0.100E+09     -0.990E+02     -0.990E+02
      0.100E-03      0.408E-01      0.272E-01      0.100E+09     -0.990E+02     -0.990E+02
      0.140E-03      0.408E-01      0.272E-01      0.100E+09     -0.990E+02     -0.990E+02
      0.160E-03      0.408E-01      0.272E-01      0.100E+09     -0.990E+02     -0.990E+02
      0.180E-03      0.408E-01      0.272E-01      0.100E+09     -0.990E+02     -0.990E+02
      0.200E-03      0.408E-01      0.272E-01      0.100E+09     -0.990E+02     -0.990E+02
      0.220E-03      0.408E-01      0.272E-01      0.100E+09     -0.990E+02     -0.990E+02
      0.250E-03      0.408E-01      0.272E-01      0.100E+09     -0.990E+02     -0.990E+02
      0.280E-03      0.408E-01      0.272E-01      0.100E+09     -0.990E+02     -0.990E+02
      0.320E-03      0.408E-01      0.272E-01      0.100E+09     -0.990E+02     -0.990E+02
      0.350E-03      0.408E-01      0.272E-01      0.100E+09     -0.990E+02     -0.990E+02
      0.400E-03      0.408E-01      0.272E-01      0.100E+09     -0.990E+02     -0.990E+02
      0.450E-03      0.408E-01      0.272E-01      0.100E+09     -0.990E+02     -0.990E+02
      0.500E-03      0.408E-01      0.272E-01      0.100E+09     -0.990E+02     -0.990E+02
      0.560E-03      0.408E-01      0.272E-01      0.100E+09     -0.990E+02     -0.990E+02
      0.630E-03      0.408E-01      0.272E-01      0.100E+09     -0.990E+02     -0.990E+02
      0.710E-03      0.408E-01      0.272E-01      0.100E+09     -0.990E+02     -0.990E+02
      0.790E-03      0.408E-01      0.272E-01      0.100E+09     -0.990E+02     -0.990E+02
      0.890E-03      0.408E-01      0.272E-01      0.100E+09     -0.990E+02     -0.990E+02
      0.100E-02      0.408E-01      0.272E-01      0.100E+09     -0.990E+02     -0.990E+02
      0.105E-02      0.408E-01      0.272E-01      0.100E+09     -0.990E+02     -0.990E+02
      0.110E-02      0.408E-01      0.272E-01      0.100E+09     -0.990E+02     -0.990E+02
      0.115E-02      0.408E-01      0.272E-01      0.100E+09     -0.990E+02     -0.990E+02
      0.120E-02      0.408E-01      0.272E-01      0.100E+09     -0.990E+02     -0.990E+02
      0.126E-02      0.408E-01      0.272E-01      0.100E+09     -0.990E+02     -0.990E+02
      0.132E-02      0.408E-01      0.272E-01      0.100E+09     -0.990E+02     -0.990E+02
      0.138E-02      0.408E-01      0.272E-01      0.100E+09     -0.990E+02     -0.990E+02
      0.145E-02      0.408E-01      0.272E-01      0.100E+09     -0.990E+02     -0.990E+02
      0.151E-02      0.408E-01      0.272E-01      0.100E+09     -0.990E+02     -0.990E+02
      0.158E-02      0.408E-01      0.272E-01      0.100E+09     -0.990E+02     -0.990E+02
      0.166E-02      0.408E-01      0.272E-01      0.100E+09     -0.990E+02     -0.990E+02
      0.174E-02      0.408E-01      0.272E-01      0.100E+09     -0.990E+02     -0.990E+02
      0.182E-02      0.408E-01      0.272E-01      0.100E+09     -0.990E+02     -0.990E+02
      0.191E-02      0.408E-01      0.272E-01      0.100E+09     -0.990E+02     -0.990E+02
      0.200E-02      0.408E-01      0.272E-01      0.100E+09     -0.990E+02     -0.990E+02
      0.209E-02      0.408E-01      0.272E-01      0.100E+09     -0.990E+02     -0.990E+02
      0.219E-02      0.408E-01      0.272E-01      0.100E+09     -0.990E+02     -0.990E+02
      0.229E-02      0.408E-01      0.272E-01      0.100E+09     -0.990E+02     -0.990E+02
      0.240E-02      0.408E-01      0.272E-01      0.100E+09     -0.990E+02     -0.990E+02
      0.251E-02      0.408E-01      0.272E-01      0.100E+09     -0.990E+02     -0.990E+02
      0.263E-02      0.408E-01      0.272E-01      0.100E+09     -0.990E+02     -0.990E+02
      0.275E-02      0.408E-01      0.272E-01      0.100E+09     -0.990E+02     -0.990E+02
      0.288E-02      0.408E-01      0.272E-01      0.100E+09     -0.990E+02     -0.990E+02
      0.302E-02      0.408E-01      0.272E-01      0.100E+09     -0.990E+02     -0.990E+02
      0.316E-02      0.408E-01      0.272E-01      0.100E+09     -0.990E+02     -0.990E+02
      0.331E-02      0.408E-01      0.272E-01      0.100E+09     -0.990E+02     -0.990E+02
      0.347E-02      0.408E-01      0.272E-01      0.100E+09     -0.990E+02     -0.990E+02
      0.363E-02      0.408E-01      0.272E-01      0.100E+09     -0.990E+02     -0.990E+02
      0.380E-02      0.408E-01      0.272E-01      0.100E+09     -0.990E+02     -0.990E+02
      0.398E-02      0.408E-01      0.272E-01      0.100E+09     -0.990E+02     -0.990E+02
      0.417E-02      0.408E-01      0.272E-01      0.100E+09     -0.990E+02     -0.990E+02
      0.437E-02      0.408E-01      0.272E-01      0.100E+09     -0.990E+02     -0.990E+02
      0.457E-02      0.408E-01      0.272E-01      0.100E+09     -0.990E+02     -0.990E+02
      0.479E-02      0.408E-01      0.272E-01      0.100E+09     -0.990E+02     -0.990E+02
      0.501E-02      0.408E-01      0.272E-01      0.100E+09     -0.990E+02     -0.990E+02
      0.525E-02      0.408E-01      0.272E-01      0.100E+09     -0.990E+02     -0.990E+02
      0.550E-02      0.408E-01      0.272E-01      0.100E+09     -0.990E+02     -0.990E+02
      0.575E-02      0.408E-01      0.272E-01      0.100E+09     -0.990E+02     -0.990E+02
      0.603E-02      0.408E-01      0.272E-01      0.100E+09     -0.990E+02     -0.990E+02
      0.631E-02      0.408E-01      0.272E-01      0.100E+09     -0.990E+02     -0.990E+02
      0.661E-02      0.408E-01      0.272E-01      0.100E+09     -0.990E+02     -0.990E+02
      0.692E-02      0.408E-01      0.272E-01      0.100E+09     -0.990E+02     -0.990E+02
      0.724E-02      0.408E-01      0.272E-01      0.100E+09     -0.990E+02     -0.990E+02
      0.759E-02      0.408E-01      0.272E-01      0.100E+09     -0.990E+02     -0.990E+02
      0.794E-02      0.408E-01      0.272E-01      0.100E+09     -0.990E+02     -0.990E+02
      0.832E-02      0.408E-01      0.272E-01      0.100E+09     -0.990E+02     -0.990E+02
      0.871E-02      0.408E-01      0.272E-01      0.100E+09     -0.990E+02     -0.990E+02
      0.912E-02      0.408E-01      0.272E-01      0.100E+09     -0.990E+02     -0.990E+02
      0.955E-02      0.408E-01      0.272E-01      0.100E+09     -0.990E+02     -0.990E+02
      0.100E-01      0.408E-01      0.272E-01      0.100E+09     -0.422E+00      0.760E+00
      0.105E-01      0.268E-01      0.260E-01      0.996E+08     -0.422E+00      0.759E+00
      0.110E-01      0.266E-01      0.258E-01      0.996E+08     -0.422E+00      0.760E+00
      0.115E-01      0.266E-01      0.258E-01      0.996E+08     -0.422E+00      0.760E+00
      0.120E-01      0.265E-01      0.258E-01      0.995E+08     -0.422E+00      0.760E+00
      0.126E-01      0.266E-01      0.258E-01      0.995E+08     -0.422E+00      0.760E+00
      0.132E-01      0.267E-01      0.259E-01      0.995E+08     -0.422E+00      0.761E+00
      0.138E-01      0.267E-01      0.259E-01      0.995E+08     -0.422E+00      0.761E+00
      0.144E-01      0.265E-01      0.257E-01      0.995E+08     -0.422E+00      0.761E+00
      0.151E-01      0.265E-01      0.257E-01      0.995E+08     -0.423E+00      0.761E+00
      0.159E-01      0.266E-01      0.259E-01      0.995E+08     -0.423E+00      0.762E+00
      0.166E-01      0.266E-01      0.258E-01      0.994E+08     -0.423E+00      0.762E+00
      0.174E-01      0.266E-01      0.259E-01      0.994E+08     -0.423E+00      0.763E+00
      0.182E-01      0.267E-01      0.260E-01      0.994E+08     -0.423E+00      0.763E+00
      0.191E-01      0.267E-01      0.260E-01      0.994E+08     -0.423E+00      0.763E+00
      0.200E-01      0.266E-01      0.258E-01      0.994E+08     -0.424E+00      0.764E+00
      0.209E-01      0.266E-01      0.258E-01      0.993E+08     -0.424E+00      0.765E+00
      0.219E-01      0.266E-01      0.258E-01      0.993E+08     -0.424E+00      0.765E+00
      0.229E-01      0.266E-01      0.259E-01      0.993E+08     -0.424E+00      0.766E+00
      0.240E-01      0.266E-01      0.259E-01      0.993E+08     -0.424E+00      0.766E+00
      0.251E-01      0.267E-01      0.259E-01      0.993E+08     -0.424E+00      0.766E+00
      0.263E-01      0.266E-01      0.259E-01      0.992E+08     -0.425E+00      0.766E+00
      0.275E-01      0.266E-01      0.258E-01      0.992E+08     -0.425E+00      0.766E+00
      0.290E-01      0.266E-01      0.258E-01      0.992E+08     -0.425E+00      0.766E+00
      0.300E-01      0.266E-01      0.258E-01      0.991E+08     -0.425E+00      0.767E+00
      0.310E-01      0.266E-01      0.258E-01      0.991E+08     -0.425E+00      0.767E+00
      0.320E-01      0.266E-01      0.258E-01      0.991E+08     -0.425E+00      0.767E+00
      0.330E-01      0.266E-01      0.258E-01      0.991E+08     -0.425E+00      0.767E+00
      0.340E-01      0.266E-01      0.258E-01      0.991E+08     -0.425E+00      0.768E+00
      0.350E-01      0.266E-01      0.258E-01      0.990E+08     -0.425E+00      0.768E+00
      0.360E-01      0.266E-01      0.258E-01      0.990E+08     -0.426E+00      0.768E+00
      0.370E-01      0.266E-01      0.258E-01      0.990E+08     -0.426E+00      0.769E+00
      0.380E-01      0.266E-01      0.257E-01      0.990E+08     -0.426E+00      0.769E+00
      0.390E-01      0.266E-01      0.257E-01      0.989E+08     -0.426E+00      0.769E+00
      0.400E-01      0.266E-01      0.257E-01      0.989E+08     -0.426E+00      0.770E+00
      0.425E-01      0.265E-01      0.257E-01      0.989E+08     -0.426E+00      0.771E+00
      0.450E-01      0.265E-01      0.257E-01      0.988E+08     -0.427E+00      0.771E+00
      0.475E-01      0.265E-01      0.257E-01      0.988E+08     -0.427E+00      0.772E+00
      0.500E-01      0.265E-01      0.257E-01      0.987E+08     -0.427E+00      0.773E+00
      0.525E-01      0.265E-01      0.257E-01      0.987E+08     -0.427E+00      0.775E+00
      0.550E-01      0.265E-01      0.256E-01      0.986E+08     -0.428E+00      0.776E+00
      0.571E-01      0.265E-01      0.257E-01      0.986E+08     -0.428E+00      0.777E+00
      0.640E-01      0.264E-01      0.256E-01      0.985E+08     -0.429E+00      0.781E+00
      0.719E-01      0.263E-01      0.255E-01      0.983E+08     -0.430E+00      0.785E+00
      0.806E-01      0.263E-01      0.255E-01      0.982E+08     -0.431E+00      0.791E+00
      0.905E-01      0.261E-01      0.254E-01      0.980E+08     -0.432E+00      0.799E+00
      0.102E+00      0.260E-01      0.253E-01      0.978E+08     -0.434E+00      0.811E+00
      0.114E+00      0.258E-01      0.251E-01      0.975E+08     -0.438E+00      0.824E+00
      0.128E+00      0.256E-01      0.249E-01      0.973E+08     -0.442E+00      0.841E+00
      0.143E+00      0.252E-01      0.243E-01      0.970E+08     -0.442E+00      0.829E+00
      0.161E+00      0.246E-01      0.233E-01      0.967E+08     -0.441E+00      0.810E+00
      0.181E+00      0.239E-01      0.224E-01      0.963E+08     -0.439E+00      0.790E+00
      0.203E+00      0.232E-01      0.213E-01      0.960E+08     -0.438E+00      0.771E+00
      0.227E+00      0.223E-01      0.203E-01      0.956E+08     -0.434E+00      0.749E+00
      0.255E+00      0.215E-01      0.194E-01      0.952E+08     -0.430E+00      0.725E+00
      0.286E+00      0.207E-01      0.183E-01      0.947E+08     -0.423E+00      0.694E+00
      0.321E+00      0.198E-01      0.173E-01      0.942E+08     -0.415E+00      0.660E+00
      0.360E+00      0.191E-01      0.164E-01      0.937E+08     -0.402E+00      0.630E+00
      0.404E+00      0.187E-01      0.161E-01      0.931E+08     -0.390E+00      0.615E+00
      0.453E+00      0.187E-01      0.160E-01      0.925E+08     -0.385E+00      0.609E+00
      0.509E+00      0.186E-01      0.162E-01      0.919E+08     -0.377E+00      0.595E+00
      0.571E+00      0.186E-01      0.166E-01      0.911E+08     -0.370E+00      0.583E+00
      0.641E+00      0.183E-01      0.162E-01      0.903E+08     -0.368E+00      0.584E+00
      0.719E+00      0.180E-01      0.157E-01      0.894E+08     -0.362E+00      0.583E+00
      0.806E+00      0.176E-01      0.153E-01      0.884E+08     -0.354E+00      0.577E+00
      0.905E+00      0.174E-01      0.143E-01      0.873E+08     -0.343E+00      0.526E+00
      0.102E+01      0.173E-01      0.138E-01      0.861E+08     -0.333E+00      0.502E+00
      0.114E+01      0.176E-01      0.143E-01      0.848E+08     -0.328E+00      0.505E+00
      0.128E+01      0.186E-01      0.154E-01      0.833E+08     -0.324E+00      0.485E+00
      0.143E+01      0.209E-01      0.179E-01      0.815E+08     -0.346E+00      0.525E+00
      0.161E+01      0.226E-01      0.200E-01      0.793E+08     -0.380E+00      0.608E+00
      0.168E+01      0.219E-01      0.189E-01      0.776E+08     -0.385E+00      0.578E+00
      0.170E+01      0.217E-01      0.184E-01      0.769E+08     -0.387E+00      0.571E+00
      0.180E+01      0.206E-01      0.167E-01      0.761E+08     -0.393E+00      0.552E+00
      0.190E+01      0.203E-01      0.160E-01      0.748E+08     -0.404E+00      0.551E+00
      0.200E+01      0.212E-01      0.173E-01      0.736E+08     -0.417E+00      0.581E+00
      0.210E+01      0.227E-01      0.207E-01      0.723E+08     -0.430E+00      0.679E+00
      0.220E+01      0.221E-01      0.181E-01      0.709E+08     -0.416E+00      0.588E+00
      0.230E+01      0.216E-01      0.165E-01      0.695E+08     -0.404E+00      0.517E+00
      0.240E+01      0.222E-01      0.173E-01      0.682E+08     -0.410E+00      0.534E+00
      0.250E+01      0.234E-01      0.190E-01      0.669E+08     -0.431E+00      0.594E+00
      0.260E+01      0.234E-01      0.179E-01      0.655E+08     -0.436E+00      0.558E+00
      0.275E+01      0.237E-01      0.175E-01      0.637E+08     -0.442E+00      0.558E+00
      0.300E+01      0.240E-01      0.180E-01      0.609E+08     -0.459E+00      0.593E+00
      0.325E+01      0.226E-01      0.165E-01      0.573E+08     -0.419E+00      0.509E+00
      0.350E+01      0.225E-01      0.169E-01      0.540E+08     -0.409E+00      0.511E+00
      0.375E+01      0.247E-01      0.177E-01      0.506E+08     -0.460E+00      0.573E+00
      0.400E+01      0.260E-01      0.185E-01      0.470E+08     -0.470E+00      0.547E+00
      0.425E+01      0.260E-01      0.186E-01      0.432E+08     -0.492E+00      0.575E+00
      0.450E+01      0.262E-01      0.180E-01      0.394E+08     -0.522E+00      0.573E+00
      0.475E+01      0.272E-01      0.188E-01      0.357E+08     -0.547E+00      0.609E+00
      0.500E+01      0.263E-01      0.182E-01      0.317E+08     -0.572E+00      0.613E+00
      0.525E+01      0.263E-01      0.177E-01      0.280E+08     -0.584E+00      0.606E+00
      0.550E+01      0.255E-01      0.169E-01      0.242E+08     -0.590E+00      0.605E+00
      0.575E+01      0.252E-01      0.166E-01      0.206E+08     -0.645E+00      0.665E+00
      0.600E+01      0.246E-01      0.169E-01      0.170E+08     -0.661E+00      0.680E+00
      0.625E+01      0.238E-01      0.171E-01      0.135E+08     -0.671E+00      0.691E+00
      0.650E+01      0.209E-01      0.152E-01      0.101E+08     -0.710E+00      0.745E+00
      0.675E+01      0.170E-01      0.130E-01      0.719E+07     -0.761E+00      0.808E+00
      0.700E+01      0.125E-01      0.107E-01      0.480E+07     -0.810E+00      0.952E+00
      0.725E+01      0.932E-02      0.951E-02      0.305E+07     -0.858E+00      0.120E+01
      0.750E+01      0.583E-02      0.703E-02      0.174E+07     -0.895E+00      0.151E+01
      0.775E+01      0.354E-02      0.500E-02      0.925E+06     -0.982E+00      0.193E+01
      0.800E+01      0.204E-02      0.385E-02      0.430E+06     -0.965E+00      0.240E+01
      0.825E+01      0.812E-03      0.201E-02      0.145E+06     -0.102E+01      0.323E+01
      0.850E+01      0.212E-03      0.811E-03      0.319E+05     -0.117E+01      0.578E+01
      0.875E+01      0.159E-04      0.204E-03      0.226E+04     -0.443E+00      0.721E+01
      0.900E+01      0.153E-06      0.162E-04      0.213E+02     -0.458E+00      0.580E+02
      0.925E+01      0.000E+00      0.334E-22      0.177E-33     -0.138E+01            NaN
      0.950E+01      0.000E+00      0.000E+00      0.000E+00     -0.990E+02     -0.990E+02
      0.975E+01      0.000E+00      0.000E+00      0.000E+00     -0.990E+02     -0.990E+02
      0.100E+02      0.000E+00      0.000E+00      0.000E+00     -0.990E+02     -0.990E+02
      0.102E+02      0.000E+00      0.000E+00      0.000E+00     -0.990E+02     -0.990E+02
      0.105E+02      0.000E+00      0.000E+00      0.000E+00     -0.990E+02     -0.990E+02
      0.108E+02      0.000E+00      0.000E+00      0.000E+00     -0.990E+02     -0.990E+02
      0.110E+02      0.000E+00      0.000E+00      0.000E+00     -0.990E+02     -0.990E+02
      0.112E+02      0.000E+00      0.000E+00      0.000E+00     -0.990E+02     -0.990E+02
      0.115E+02      0.000E+00      0.000E+00      0.000E+00     -0.990E+02     -0.990E+02
      0.118E+02      0.000E+00      0.000E+00      0.000E+00     -0.990E+02     -0.990E+02
      0.120E+02      0.000E+00      0.000E+00      0.000E+00     -0.990E+02     -0.990E+02
      0.122E+02      0.000E+00      0.000E+00      0.000E+00     -0.990E+02     -0.990E+02
      0.125E+02      0.000E+00      0.000E+00      0.000E+00     -0.990E+02     -0.990E+02
      0.128E+02      0.000E+00      0.000E+00      0.000E+00     -0.990E+02     -0.990E+02
      0.130E+02      0.000E+00      0.000E+00      0.000E+00     -0.990E+02     -0.990E+02
      0.132E+02      0.000E+00      0.000E+00      0.000E+00     -0.990E+02     -0.990E+02
      0.135E+02      0.000E+00      0.000E+00      0.000E+00     -0.990E+02     -0.990E+02
      0.138E+02      0.000E+00      0.000E+00      0.000E+00     -0.990E+02     -0.990E+02
      0.140E+02      0.000E+00      0.000E+00      0.000E+00     -0.990E+02     -0.990E+02
      0.142E+02      0.000E+00      0.000E+00      0.000E+00     -0.990E+02     -0.990E+02
      0.145E+02      0.000E+00      0.000E+00      0.000E+00     -0.990E+02     -0.990E+02
      0.148E+02      0.000E+00      0.000E+00      0.000E+00     -0.990E+02     -0.990E+02
      0.150E+02      0.000E+00      0.000E+00      0.000E+00     -0.990E+02     -0.990E+02
      0.152E+02      0.000E+00      0.000E+00      0.000E+00     -0.990E+02     -0.990E+02
      0.155E+02      0.000E+00      0.000E+00      0.000E+00     -0.990E+02     -0.990E+02
      0.158E+02      0.000E+00      0.000E+00      0.000E+00     -0.990E+02     -0.990E+02
      0.160E+02      0.000E+00      0.000E+00      0.000E+00     -0.990E+02     -0.990E+02
      0.162E+02      0.000E+00      0.000E+00      0.000E+00     -0.990E+02     -0.990E+02
      0.165E+02      0.000E+00      0.000E+00      0.000E+00     -0.990E+02     -0.990E+02
      0.168E+02      0.000E+00      0.000E+00      0.000E+00     -0.990E+02     -0.990E+02
      0.170E+02      0.000E+00      0.000E+00      0.000E+00     -0.990E+02     -0.990E+02
      0.172E+02      0.000E+00      0.000E+00      0.000E+00     -0.990E+02     -0.990E+02
      0.175E+02      0.000E+00      0.000E+00      0.000E+00     -0.990E+02     -0.990E+02
      0.178E+02      0.000E+00      0.000E+00      0.000E+00     -0.990E+02     -0.990E+02
      0.180E+02      0.000E+00      0.000E+00      0.000E+00     -0.990E+02     -0.990E+02
      0.182E+02      0.000E+00      0.000E+00      0.000E+00     -0.990E+02     -0.990E+02
      0.185E+02      0.000E+00      0.000E+00      0.000E+00     -0.990E+02     -0.990E+02
      0.188E+02      0.000E+00      0.000E+00      0.000E+00     -0.990E+02     -0.990E+02
      0.190E+02      0.000E+00      0.000E+00      0.000E+00     -0.990E+02     -0.990E+02
      0.192E+02      0.000E+00      0.000E+00      0.000E+00     -0.990E+02     -0.990E+02
      0.195E+02      0.000E+00      0.000E+00      0.000E+00     -0.990E+02     -0.990E+02
      0.198E+02      0.000E+00      0.000E+00      0.000E+00     -0.990E+02     -0.990E+02
      0.200E+02      0.000E+00      0.000E+00      0.000E+00     -0.990E+02     -0.990E+02
